tree
version=v4
num_class=1
num_tree_per_iteration=1
label_index=0
max_feature_idx=74
objective=regression_l1
feature_names=language format_type alias_type alias_group row_index_in_wav row_ratio_in_wav is_head_row is_tail_row wav_duration_ms base_offset base_cons base_cutoff_abs base_pre base_ovl base_cons_gap base_cut_gap base_ovl_ratio curr_phone_start_ms curr_phone_end_ms curr_phone_len_ms curr_vowel_start_ms curr_vowel_end_ms curr_vowel_len_ms syllable_start_ms syllable_end_ms syllable_len_ms prev_phone_gap_ms next_phone_gap_ms expected_anchor_ms base_offset_to_expected_ms base_pre_to_expected_ms base_cutoff_to_next_anchor_ms energy_mean energy_min energy_max energy_slope_pre energy_slope_post valley_energy valley_dist_from_cutoff_ms db_mean db_min db_silence_ratio f0_voicing_mean f0_voicing_near_pre zcr_mean spectral_flux_mean onset_class voicing_class is_tense is_diphthong coda_type vowel_class mora_position bridge_type is_nasal_or_sonorant prev_alias_type next_alias_type prev_base_pre next_base_pre prev_base_offset next_base_offset prev_base_cutoff_abs next_base_cutoff_abs mapping_confidence used_alias_occurrence_mapping used_exact_vowel_fix used_nuclei_fallback used_alias_based_syllables words_vs_alias_score_margin jump_blocked_flag mapping_reason_code local_peak_db local_valley_db mel_window_energy_mean mel_window_silence_ratio
feature_infos=none none -1:1:0:2:3:4 -1:3:0:1:2:4:6:7 [0:25] [0:1] [0:1] [0:1] [0:8436.7346938775518] [919.89999999999998:6231.6400000000003] [141.46000000000001:378.12] [1151.3800000000001:6615.0700000000006] [37.149999999999999:255.53999999999999] [5.0800000000000001:210.34] [30.690000000000001:175.38999999999999] [12:220.00000000000003] [0.079976649153531795:0.94655138534093142] [0:6300] [1020:6880] [9.9999999999995435:3010] [980:6300] [1020:6880] [29.999999999999091:3010] [0:6290] [1020:6880] [30:3010] [0:1970] [0:2040] [980:6300] [-260:57.949999999999818] [-47.849999999999909:247.19999999999985] [-4524.5299999999997:1975.9300000000001] [0:1] [0:1] [0:1] [-0.54386348409758756:1] [-0.79249063494850347:0.70672061486523341] [0:1] [0:402.81641723356097] [-62.229505001708397:0] [-92.242301120719404:0] [0:0.67647058823529416] [0:1] [0:1] [0:0.43777134587554267] [0:0.0850263663864914] -1:1:3:0:2 -1:1:2:0 [0:1] [0:1] -1:2:3 -1:0:13:14:2:1:3:8:7:17:9:10:15:11:12:16:6:5 -1:1:0:2 -1:0:1:2:3 [0:1] -1:2:3:0:4:5:6 none [0:360] [0:360] [0:6676.6800000000003] [0:6231.6400000000003] [0:6924.75] [0:6615.0700000000006] [0.60108261667441332:1] [0:1] [0:1] none none [-23.135000000000041:1587.575] none none [-62.229505001708397:0] [-92.242301120719404:0] [0:1] [0:0.67647058823529416]
tree_sizes=2106 2260 2277 2176 2252 2066 2279 2363 2179 2066 2157 2379 2382 2256 2252 2052 2086 2180 2187 2180 2380 2266 2372 2275 2056 2271 2174 2268 2145 2258 2178 2374 2376 2290 2380

Tree=0
num_leaves=20
num_cat=1
split_feature=15 39 51 10 15 22 22 33 68 15 35 32 13 15 10 10 44 19 12
split_gain=97.4376 45.6181 34.7109 13.5258 12.6324 10.903 10.4629 10.3857 8.80971 6.42569 6.05142 3.88048 3.34597 2.82634 1.56945 1.10132 1.01482 0.323881 0.0295849
threshold=76.935000000000016 -21.647204297514445 0 239.27500000000001 36.664999999999999 394.99999999999983 375.00000000000006 0.71093313038544459 105.51400000000002 95.805000000000035 0.20798299149770308 0.90279430368051383 31.425000000000004 35.745000000000012 215.57000000000002 282.81500000000005 0.037000283527076801 500.00000000000017 113.94500000000001
decision_type=2 2 9 2 2 2 2 2 2 2 2 2 2 2 2 2 2 2 2
left_child=1 2 8 4 6 12 -4 16 10 -2 11 -1 -3 -10 17 18 -6 -7 -11
right_child=9 5 3 -5 7 14 -8 -9 13 15 -12 -13 -14 -15 -16 -17 -18 -19 -20
leaf_value=82.830051803588873 80.735101890563968 84.497101974487308 81.673052024841311 82.693801879882812 85.70395202636719 86.299051666259771 84.868452072143555 83.266952133178705 77.788751983642584 77.756301975250238 83.377452087402347 81.460451889038083 82.815002059936518 81.334152030944821 84.848451995849615 79.514051961898801 86.079701995849604 85.830651855468744 79.789501953124997
leaf_weight=23.499999791383743 39.400000005960464 25.099999725818634 31.499999731779099 30.600000321865082 28.899999648332596 25.299999684095383 29.399999588727951 28.199999570846558 30.800000190734863 51.399999558925629 40.399999797344208 27.099999666213989 21.000000089406967 28.599999755620956 30.899999856948853 19.000000238418579 41.299999475479126 43.499999284744263 16.400000244379044
leaf_count=40 79 41 54 72 46 40 45 42 68 88 74 43 45 49 57 46 65 63 41
internal_value=83.0243 83.0345 83.0245 83.0383 83.0449 83.0579 83.027 83.056 83.0071 82.9852 83.0158 83.0042 83.0378 82.991 83.0672 82.9776 83.0663 83.0714 82.9746
internal_weight=612.3 486.1 340.3 189.9 159.3 145.8 60.9 98.4 150.4 126.2 91 50.6 46.1 59.4 99.7 86.8 70.2 68.8 67.8
internal_count=1098 844 598 324 252 246 99 153 274 254 157 83 86 117 160 175 111 103 129
cat_boundaries=0 1
cat_threshold=42531
is_linear=0
shrinkage=1


Tree=1
num_leaves=21
num_cat=1
split_feature=15 39 51 10 15 22 14 10 14 15 4 40 22 15 5 39 30 61 31 33
split_gain=94.15 42.3672 41.4141 16.5905 16.3038 12.8493 8.92584 8.10724 11.2848 11.9172 7.87757 5.99832 5.15961 2.75968 2.03096 1.88806 1.85882 0.622304 0.183634 0.105104
threshold=76.935000000000016 -21.974529110063653 0 239.27500000000001 36.664999999999999 394.99999999999983 123.15000000000002 194.63000000000002 123.48 35.250000000000021 1.5000000000000002 -23.739155442253551 330.00000000000028 95.335000000000036 0.32071428571428579 -26.486200964798947 13.414999999999852 2634.7150000000006 -271.98499999999984 0.30681969211770371
decision_type=2 2 9 2 2 2 2 2 2 2 2 2 2 2 2 2 2 2 2 2
left_child=1 2 7 4 10 12 15 14 9 -9 -4 13 -3 -2 -1 19 17 -7 -15 -6
right_child=11 5 3 -5 6 16 -8 8 -10 -11 -12 -13 -14 18 -16 -17 -18 -19 -20 -21
leaf_value=-5.0643375587463382 -3.3895550823211673 1.3994449043273924 -0.92410250663757343 -0.46629028320312504 3.229314918518067 2.7769270706176759 0.86660255432128896 -2.1135375213623049 -1.5672225570678713 0.74657730102539055 2.269777774810791 -1.4657751464843749 -0.33027242660522449 -3.9961150932312011 -1.3526375961303714 2.2047023963928227 2.6161276626586911 2.6663172912597659 -4.9926151323318484 2.5459524536132814
leaf_weight=25.000000059604645 30.400000005960464 23.099999964237213 35.599999636411667 26.100000232458115 24.399999737739563 21.499999761581421 26.399999588727951 21.999999970197678 39.099999487400055 35.900000065565109 25.299999684095383 20.300000190734863 23.899999797344208 19.399999976158142 23.699999660253525 27.19999960064888 34.599999487400055 48.099999487400055 54.100000023841858 27.499999672174454
leaf_count=52 61 45 59 60 40 35 39 43 61 74 40 47 41 38 36 41 52 79 109 44
internal_value=0.00047262 0.0103392 0.000502661 0.0153827 0.0219952 0.0323413 0.0338863 -0.0189146 -0.0118557 0.00215889 0.00139573 -0.0384058 0.0106383 -0.0432628 -0.0368583 0.0422882 0.0421305 0.0468391 -0.0485034 0.0478805
internal_weight=613.6 489.4 338.2 192.5 166.4 151.2 105.5 145.7 97 57.9 60.9 124.2 47 103.9 48.7 79.1 104.2 69.6 73.5 51.9
internal_count=1096 841 589 323 263 252 164 266 178 117 99 255 86 208 88 125 166 114 147 84
cat_boundaries=0 1
cat_threshold=42531
is_linear=0
shrinkage=0.05


Tree=2
num_leaves=21
num_cat=1
split_feature=51 39 10 49 39 48 14 60 30 10 32 32 31 11 59 21 23 58 12 29
split_gain=92.322 31.538 26.4026 24.617 16.7622 14.5218 11.134 9.43959 7.62939 6.16725 6.09076 6.03078 5.2187 3.71539 1.63828 1.34182 1.22097 1.12246 0.116325 0.0234752
threshold=0 -21.212957378592979 239.91000000000005 1.0000000180025095e-35 -21.386262431743543 1.0000000180025095e-35 124.00500000000001 2781.2100000000005 13.910000000000197 197.36500000000004 0.87483471112965994 0.92338587163932229 -129.41499999999994 3187.4450000000006 2144.3750000000005 1535.0000000000002 2875.0000000000005 149.77500000000003 144.71000000000004 -84.494999999999763
decision_type=9 2 2 2 2 2 2 2 2 2 2 2 2 2 2 2 2 2 2 2
left_child=3 2 5 17 11 6 9 -7 14 10 -2 13 -4 -5 -3 -11 -13 18 -1 -16
right_child=1 8 12 4 -6 7 -8 -9 -10 15 -12 16 -14 -15 19 -17 -18 -19 -20 -21
leaf_value=-4.7429843757152552 1.3351991786956789 1.7644725065231321 -0.11267562866210952 0.33656847763061465 1.2148015060424813 -1.1957675118446354 -0.10589163017273009 1.3772884130477907 1.045020910263061 1.4620671157836918 0.34647962474823046 -1.738977245807648 -3.2482255554199222 -1.464691373825074 3.3106634206771854 2.8005045013427736 -2.332745651245117 -3.0984943578243254 -5.2320207395553595 2.8129017868042001
leaf_weight=54.199999958276749 33.499999582767487 30.499999672174454 20.600000262260437 25.099999994039536 33.499999850988388 25.599999755620956 29.499999523162842 26.199999630451202 33.799999564886093 21.399999737739563 30.499999493360519 26.299999922513962 29.600000083446503 37.799999713897705 18.400000184774399 31.899999916553497 24.599999696016312 17.800000131130219 16.800000250339508 38.199999451637268
leaf_count=107 53 50 50 50 62 43 43 40 53 34 44 50 62 66 43 61 39 40 42 58
internal_value=-0.00039617 0.0150777 0.00530547 -0.0242381 -0.0127291 0.0134945 0.0215259 -0.00926641 0.0364351 0.0284314 0.0179688 -0.0218805 -0.0270916 -0.0115262 0.0442595 0.0409944 -0.0346758 -0.0460586 -0.0488732 0.0492933
internal_weight=605.8 369.7 248.8 236.1 147.3 198.6 146.8 51.8 120.9 117.3 64 113.8 50.2 62.9 87.1 53.3 50.9 88.8 71 56.6
internal_count=1090 634 430 456 267 318 235 83 204 192 97 205 112 116 151 95 89 189 149 101
cat_boundaries=0 1
cat_threshold=38433
is_linear=0
shrinkage=0.05


Tree=3
num_leaves=20
num_cat=1
split_feature=15 44 51 31 15 60 15 42 15 5 15 30 22 14 38 21 40 68 16
split_gain=87.2955 36.5087 25.1508 15.8657 15.3703 11.5668 11.1383 10.2952 9.44608 7.54352 7.13277 6.35005 4.81809 5.15434 4.76557 1.74664 1.14015 0.254709 0.174761
threshold=76.935000000000016 0.016586333994896455 0 683.20500000000027 35.24000000000003 3393.3550000000005 36.664999999999999 0.89631112788511924 37.590000000000025 0.17424242424242423 95.805000000000035 13.910000000000197 555.00000000000034 118.78500000000001 170.60085034013596 2905.0000000000005 -25.596957615492268 92.632500000000007 0.58764004981907947
decision_type=2 2 9 2 2 2 2 2 2 2 2 2 2 2 2 2 2 2 2
left_child=1 11 5 4 9 6 -3 14 -8 -4 -2 15 13 -9 -6 -1 18 -17 -12
right_child=10 2 3 -5 7 -7 8 12 -10 -11 16 -13 -14 -15 -16 17 -18 -19 -20
leaf_value=1.6716847904682155 -2.0218058451652534 -1.1359091460943227 -2.7484591186285026 1.6539072497367862 -0.21642666091918983 3.6464240992069246 2.5706197054862985 -0.10390466346740795 0.56995819854736285 -0.41015525126457181 -4.2301851325154303 1.248507437419891 0.3037293997764593 -1.4444118317604067 1.1748418785095218 2.5498570917606354 -2.1306201379418375 3.0752565753936771 -7.6308626805782325
leaf_weight=23.399999767541885 36.500000029802322 35.999999731779099 37.699999958276749 30.099999487400055 22.200000017881393 29.199999630451202 24.199999690055847 29.399999767541885 42.399999737739563 22.899999916553497 46.399999797344208 23.699999749660492 26.399999588727951 41.499999612569809 32.499999791383743 35.699999749660492 20.400000125169754 21.89999994635582 19.500000089406967
leaf_count=39 74 63 74 43 45 46 38 51 76 43 86 39 39 70 58 63 45 42 42
internal_value=0.000315615 0.00995409 0.00265688 -0.00694499 -0.0120414 0.0193935 0.012963 -0.00355263 0.0250751 -0.0333333 -0.0372964 0.0360554 -0.0133094 -0.0200987 0.0138026 0.042716 -0.0451333 0.0473958 -0.0483308
internal_weight=602 479.2 374.5 242.7 212.6 131.8 102.6 152 66.6 60.6 122.8 104.7 97.3 70.9 54.7 81 86.3 57.6 65.9
internal_count=1076 829 646 423 380 223 177 263 114 117 247 183 160 121 103 144 173 105 128
cat_boundaries=0 1
cat_threshold=133324
is_linear=0
shrinkage=0.05


Tree=4
num_leaves=21
num_cat=3
split_feature=51 33 5 21 18 51 62 15 14 33 32 47 14 32 22 10 44 68 10 59
split_gain=84.5519 45.0979 19.1317 26.5257 9.984 8.67793 7.54738 7.0997 16.1372 7.63556 5.15786 4.96042 3.24734 2.5305 2.39226 1.49576 1.24786 1.04005 0.901237 0.0581761
threshold=0 0.44484608828223809 0.081939799331103666 2535.0000000000005 4125.0000000000009 1 4054.6650000000004 35.745000000000012 129.55000000000004 0.68320769417038429 0.89616643898809933 2 110.56000000000002 0.81625436816826824 185.00000000000003 219.29000000000005 0.033881485681882602 94.245500000000007 223.27000000000001 2441.0100000000007
decision_type=9 2 2 2 2 9 2 2 2 2 2 1 2 2 2 2 2 2 2 2
left_child=4 2 3 13 14 10 11 -7 9 -9 -3 -4 -13 -2 -1 19 -10 -16 -19 -8
right_child=1 5 6 -5 -6 7 15 8 16 -11 -12 12 -14 -15 17 -17 -18 18 -20 -21
leaf_value=-4.8479967084991937 1.4012445493113987 -0.60718969001770096 2.3279189789843571 -1.9914055308151248 -1.1533160297149423 -1.4790981923222546 2.8236179054832462 1.8429551659774774 -0.99859051072537852 -0.44296269729614296 1.0922996240949636 0.97816497736692376 -0.088315389292240101 0.23054052392959506 -4.2238878450083739 1.4174234879565242 -2.1141106174039841 -3.5964008583897353 -2.7734106586027147 3.0661648233985894
leaf_weight=17.700000196695328 28.799999803304672 27.199999690055847 35.699999660253525 23.099999874830246 29.199999898672104 32.29999965429306 21.999999701976776 29.699999749660492 21.99999988079071 29.399999678134918 38.699999570846558 24.299999892711639 21.399999916553497 31.499999731779099 45.799999833106995 26.10000005364418 23.899999886751175 29.199999988079071 18.100000113248825 41.399999588727951
leaf_count=42 51 44 60 42 55 53 34 51 40 48 63 45 40 54 86 54 44 58 40 69
internal_value=0.000410042 0.010877 0.0251475 0.00551559 -0.0322667 -0.00644685 0.0347279 -0.0130686 -0.00771429 0.00956007 0.00810277 0.0237101 0.0128009 0.0229685 -0.041426 0.0447486 -0.0299564 -0.0446294 -0.0394292 0.0488959
internal_weight=597.5 457.5 254.3 83.4 140 203.2 170.9 137.3 105 59.1 65.9 81.4 45.7 60.3 110.8 89.5 45.9 93.1 47.3 63.4
internal_count=1073 792 449 147 281 343 302 236 183 99 107 145 85 105 226 157 84 184 98 103
cat_boundaries=0 1 2 3
cat_threshold=545 215040 2
is_linear=0
shrinkage=0.05


Tree=5
num_leaves=19
num_cat=2
split_feature=15 39 51 38 22 11 61 47 14 19 35 19 15 38 22 30 14 57
split_gain=89.7555 42.165 28.4313 11.8755 11.2371 10.0767 9.97505 9.37168 10.1634 6.98198 6.33846 6.39862 6.29115 10.579 6.07658 2.38146 0.825714 0.29011
threshold=76.935000000000016 -21.058900898407163 0 103.14583900226741 394.99999999999983 3201.2950000000005 3140.9550000000004 1 128.98500000000004 515.00000000000011 0.06010140866212766 74.999999999999787 35.745000000000012 192.00085034013617 350.00000000000028 14.065000000000056 127.47500000000001 81.345000000000013
decision_type=2 2 9 2 2 2 2 1 2 2 2 2 2 2 2 2 2 2
left_child=1 2 6 -4 -3 12 7 8 -1 -7 11 -2 -5 -14 -9 17 -12 -6
right_child=10 4 3 5 15 9 -8 14 -10 -11 16 -13 13 -15 -16 -17 -18 -19
leaf_value=2.3499409619131102 -0.039766644170045856 0.66720648130619442 -3.9535974670296912 -0.63394153390622143 1.8808645372521582 -1.8918352542743684 3.2445786109161383 -1.5922588081651932 -0.16798932973957081 -0.10872637648677852 -3.9122314493069648 -3.574591804293155 1.6001788087215425 -0.14477240602529093 0.24755590249234416 1.7945115370976632 -2.961430825150043 2.5293412057347298
leaf_weight=40.499999642372131 20.900000065565109 39.799999922513962 33.60000005364418 35.399999678134918 27.299999624490738 30.99999988079071 33.399999648332596 28.099999815225601 24.199999779462814 24.499999582767487 54.199999958276749 31.600000023841858 26.49999988079071 33.199999690055847 41.299999564886093 26.199999630451202 20.300000011920929 42.899999588727951
leaf_count=69 44 77 69 60 42 58 55 50 41 35 107 64 49 56 68 40 41 72
internal_value=4.06569e-05 0.00978684 0.00063975 -0.0126159 0.0334068 -0.00730412 0.0150704 0.00988069 0.0235703 -0.0242342 -0.0374016 -0.0240952 0.00257624 0.0124791 -0.00288184 0.0426349 -0.0467785 0.0474359
internal_weight=614.9 487.9 351.7 184.2 136.2 150.6 167.5 134.1 64.7 55.5 127 52.5 95.1 59.7 69.4 96.4 74.5 70.2
internal_count=1097 841 610 327 231 258 283 228 110 93 256 108 165 105 118 154 148 114
cat_boundaries=0 1 2
cat_threshold=215244 2
is_linear=0
shrinkage=0.05


Tree=6
num_leaves=21
num_cat=1
split_feature=15 51 59 15 43 14 37 22 35 19 36 13 62 39 15 42 44 29 60 59
split_gain=85.4812 32.2475 23.6717 20.5428 18.4858 14.5891 10.7503 10.3326 8.08606 11.158 6.62134 5.95355 5.38458 2.83519 2.98482 2.45477 2.45057 1.12462 0.470653 0.359697
threshold=76.935000000000016 0 2379.3150000000005 35.250000000000021 0.97543025940000205 98.745000000000019 0.73493640755746192 544.99999999999989 0.06010140866212766 145.00000000000003 0.086291701452399214 33.345000000000006 3854.6300000000006 -26.846140124250311 37.580000000000005 0.0032010750821752504 0.031896796144031701 -131.97499999999988 4093.7900000000004 2437.9800000000005
decision_type=2 9 2 2 2 2 2 2 2 2 2 2 2 2 2 2 2 2 2 2
left_child=1 5 3 11 13 -1 7 10 9 -2 -7 -3 -4 14 -5 -15 -6 -10 19 -14
right_child=8 2 12 4 16 6 -8 -9 17 -11 -12 -13 18 15 -16 -17 -18 -19 -20 -21
leaf_value=-5.6633670577061483 0.50639980061446443 -0.28399550238991939 0.92018759479456025 0.72738315231052297 0.39590070461963478 0.31682575324593859 -1.1344228437888433 1.4677858351562265 -2.0650449523857817 -3.3019297286899802 -2.343848061055791 -1.7972434915606499 2.3095397207391883 1.5777014537667278 2.6719581570475586 0.81658533618809559 -0.46898263066436102 -3.9275656809113748 2.7882404429028287 2.7901891395375737
leaf_weight=23.900000333786011 20.300000101327896 28.199999660253525 28.29999977350235 24.799999833106995 28.499999821186066 42.79999965429306 40.899999469518661 24.999999612569809 20.400000303983688 29.300000011920929 23.600000083446503 22.799999982118607 21.799999743700027 32.299999564886093 36.399999737739563 25.599999666213989 25.399999707937241 55.599999576807022 32.599999636411667 23.999999910593033
leaf_count=59 44 45 49 44 51 74 64 37 51 59 50 45 35 50 64 40 41 97 53 45
internal_value=0.000710204 0.0101972 0.0187115 0.0100446 0.0182659 -0.00848375 -0.00253212 0.00700219 -0.0360669 -0.0203629 -0.00331325 -0.0178431 0.0386598 0.0292611 0.0367647 0.0213299 -0.00602968 -0.0463158 0.0454082 0.0421397
internal_weight=612.5 486.9 330.7 224 173 156.2 132.3 91.4 125.6 49.6 66.4 51 106.7 119.1 61.2 57.9 53.9 76 78.4 45.8
internal_count=1097 846 562 380 290 284 225 161 251 103 124 90 182 198 108 90 92 148 133 80
cat_boundaries=0 1
cat_threshold=34339
is_linear=0
shrinkage=0.05


Tree=7
num_leaves=22
num_cat=1
split_feature=15 44 31 15 14 51 14 33 5 22 18 40 63 16 49 30 19 23 12 44 12
split_gain=83.8183 37.8124 24.7305 27.3585 18.9047 9.41096 12.9967 8.81537 7.037 6.69921 6.41827 6.11383 4.51391 3.67052 3.37995 4.51757 3.37454 1.0577 0.401569 0.176587 0.029491
threshold=76.935000000000016 0.016302806918060603 647.09500000000014 35.250000000000021 128.22000000000003 0 115.30500000000002 0.51496678945297836 0.17424242424242423 215.00000000000003 2895.0000000000005 -23.739155442253551 0.90107806767575005 0.3966521474093056 1.0000000180025095e-35 -1.7950000000000725 85.000000000000014 2895.0000000000005 87.435000000000016 0.042818659587549303 121.03500000000001
decision_type=2 2 2 2 2 9 2 2 2 2 2 2 2 2 2 2 2 2 2 2 2
left_child=1 10 3 8 5 16 9 -4 13 -7 -1 14 -6 -3 20 -16 -5 -12 -19 -15 -2
right_child=11 2 7 4 12 6 -8 -9 -10 -11 17 -13 -14 19 15 -17 -18 18 -20 -21 -22
leaf_value=0.57605250234677641 -3.8880916103436549 -0.78930157496893405 2.334420245374905 2.1322358154582006 -0.20041913006199721 0.036506650298438359 1.8367157810137862 0.71453790814884721 -0.30218310165230877 -2.516747454484265 2.163659940274353 -0.77177614042507658 -1.4246667225198459 -2.9458388396108237 -0.9510212331196144 -4.1686430897752853 0.69101399469499691 2.0626010569907409 2.8210502885785917 -3.212191063006681 -2.4775155430394733
leaf_weight=34.999999672174454 44.899999707937241 20.499999791383743 35.399999409914017 33.599999785423279 28.999999940395355 25.699999868869781 38.699999660253525 30.199999511241913 32.299999833106995 22.399999886751175 24.79999965429306 20.800000220537186 32.899999439716339 21 22.10000017285347 22.699999779462814 30.599999785423279 33.999999523162842 17.000000208616257 17.700000107288361 16.000000238418579
leaf_count=59 80 34 51 60 56 47 66 44 59 41 38 49 47 42 50 38 54 52 41 39 40
internal_value=-0.000584555 0.00894343 0.00127027 -0.00473062 0.00509629 0.0146358 0.0018595 0.0291159 -0.0275956 -0.0152807 0.0345668 -0.0367984 -0.0181745 -0.0378378 -0.0416746 -0.03125 0.0273585 0.0427441 0.0468627 -0.0468992 -0.0493432
internal_weight=607.3 480.8 370 304.4 212.9 151 86.8 65.6 91.5 48.1 110.8 126.5 61.9 59.2 105.7 44.8 64.2 75.8 51 38.7 60.9
internal_count=1087 830 640 545 371 268 154 95 174 88 190 257 103 115 208 88 114 131 93 81 120
cat_boundaries=0 1
cat_threshold=155846
is_linear=0
shrinkage=0.05


Tree=8
num_leaves=20
num_cat=1
split_feature=51 33 10 49 25 31 63 15 32 31 57 30 58 25 14 58 38 10 10
split_gain=79.2374 43.3458 18.5547 15.1412 13.4405 11.7598 13.7907 10.4359 8.07371 8.03608 6.51971 6.49622 3.51039 3.0762 2.1222 1.52459 0.519285 0.155607 0.0294504
threshold=0 0.088152268339308518 239.91000000000005 1.0000000180025095e-35 415.00000000000006 641.97500000000014 0.90924207577861715 36.664999999999999 0.9280520484932836 -139.43000000000004 110.46500000000002 10.664999999999965 105.55500000000002 580.00000000000023 113.87500000000001 148.57500000000002 198.94751700680266 207.25500000000002 222.31000000000003
decision_type=9 2 2 2 2 2 2 2 2 2 2 2 2 2 2 2 2 2 2
left_child=3 4 5 15 -2 6 7 -3 -5 -4 13 -8 -9 14 -6 18 -11 -15 -1
right_child=1 2 9 8 10 -7 11 12 -10 16 -12 -13 -14 17 -16 -17 -18 -19 -20
leaf_value=-3.8274369916794999 -0.023150614359317957 -0.73665115046969665 -0.14961368318164006 0.054247344774054441 0.38484700028788482 1.5876568844905314 -0.27744549079612568 1.0019394400842387 -2.2586735933938145 -2.332705464195822 0.79119820904265059 -1.3469176963234739 2.1600862222695656 2.4626096414365453 2.3339090091825696 -2.3857021402377163 -3.0847277738547767 1.8148872876928572 -2.5360897742798336
leaf_weight=53.700000017881393 28.799999803304672 42.599999785423279 29.300000369548798 38.699999749660492 26.999999821186066 39.699999362230301 32.899999439716339 39.399999558925629 23.299999833106995 19.300000131130219 29.099999874830246 32.199999451637268 30.299999624490738 40.399999439716339 34.099999636411667 18.600000143051147 18.999999970197678 20.599999994039536 16.600000202655792
leaf_count=108 51 78 71 69 48 58 47 64 41 43 54 46 48 62 56 42 37 41 40
internal_value=-0.00048733 0.00980619 -0.00212504 -0.0307955 0.0292222 0.0049977 -0.000507328 0.0101069 -0.013871 -0.025 0.0351852 -0.0188172 0.022023 0.0402539 0.0323241 -0.046063 -0.0400783 0.0481967 -0.049431
internal_weight=615.6 464.7 284.7 150.9 180 217.1 177.4 112.3 62 67.6 151.2 65.1 69.7 122.1 61.1 88.9 38.3 61 70.3
internal_count=1104 804 492 300 312 341 283 190 110 151 261 93 112 207 104 190 80 103 148
cat_boundaries=0 1
cat_threshold=33281
is_linear=0
shrinkage=0.05


Tree=9
num_leaves=19
num_cat=1
split_feature=51 33 15 4 11 45 48 59 15 45 39 12 43 13 58 11 40 45
split_gain=78.8114 44.002 18.5636 12.5368 12.0153 15.5624 14.3573 11.6946 4.67848 4.48491 4.69903 4.343 5.46276 3.84101 2.83923 1.456 1.41275 0.24652
threshold=0 0.086614500908158962 95.335000000000036 1.5000000000000002 3981.3700000000003 0.017073568337080253 1.0000000180025095e-35 1786.6050000000002 35.745000000000012 0.0073331262009534515 -26.779483958399755 76.770000000000024 0.87386682259982951 26.930000000000003 91.990000000000023 3211.6900000000005 -26.536538698691093 0.037722106228010151
decision_type=9 2 2 2 2 2 2 2 2 2 2 2 2 2 2 2 2 2
left_child=16 3 4 7 5 9 11 8 -2 -3 13 -7 14 -11 -13 -5 17 -1
right_child=1 2 -4 15 -6 6 -8 -9 -10 10 -12 12 -14 -15 -16 -17 -18 -19
leaf_value=-3.3201867131377831 0.11714245899957305 -1.4216102135797408 -4.2768532691374457 1.8452098885114396 2.3709413608907384 1.1735197771676433 -1.1357983968562289 -0.94704280262388574 1.8788108878623804 -0.17414026690000314 0.33548923308130085 0.95184246808002659 -0.13757107174541616 -1.0749507409558803 1.5611192553792508 1.9245319392960276 -1.325036305853196 -4.7514367131377835
leaf_weight=55.299999952316284 33.39999982714653 38.999999552965164 30.599999964237213 50.099999338388443 41.499999701976776 19.699999690055847 35.699999749660492 22.499999821186066 42.799999564886093 23.099999606609344 31.299999684095383 21.599999964237213 39.499999672174454 37.999999761581421 19.5 32.300000101327896 17.900000154972076 17.700000196695328
leaf_count=109 61 63 60 78 73 29 63 39 71 33 52 42 68 68 39 68 41 42
internal_value=-0.000286182 0.00742556 -0.0030486 0.027471 0.000631272 -0.00325355 0.00860294 0.0154509 0.0248031 -0.0155251 -0.00952381 0.0182951 0.0131514 -0.0175941 0.0259124 0.0418689 -0.040783 -0.0483562
internal_weight=611.5 520.6 339.5 181.1 308.9 267.4 136 98.7 76.2 131.4 92.4 100.3 80.6 61.1 41.1 82.4 90.9 73
internal_count=1099 907 590 317 530 457 241 171 132 216 153 178 149 101 81 146 192 151
cat_boundaries=0 1
cat_threshold=1
is_linear=0
shrinkage=0.05


Tree=10
num_leaves=20
num_cat=1
split_feature=15 39 51 22 38 10 42 19 15 4 21 16 39 19 30 35 62 37 62
split_gain=77.8286 29.7239 24.1243 16.7932 11.5988 10.5669 9.8701 9.83096 12.7178 5.87292 7.2845 5.6808 5.52611 4.64387 3.05495 2.4196 1.12051 0.568004 0.454539
threshold=73.215000000000018 -21.83421139305165 0 405.00000000000006 103.14583900226741 239.91000000000005 0.89631112788511924 525.00000000000011 36.664999999999999 5.5000000000000009 3505.0000000000005 0.35316315999859876 -28.662737785327909 85.000000000000014 -1.7499999999998861 0.14739250295969608 4176.9450000000006 0.30681969211770371 3676.3300000000004
decision_type=2 2 9 2 2 2 2 2 2 2 2 2 2 2 2 2 2 2 2
left_child=1 2 4 11 -1 7 -6 8 12 10 14 -3 -4 -10 -2 -8 18 -11 -5
right_child=9 3 5 16 6 -7 15 -9 13 17 -12 -13 -14 -15 -16 -17 -18 -19 -20
leaf_value=-3.6050755577630094 -0.92295700035640138 0.52145886720319801 0.12684691962099068 2.3117888304990259 0.33574995210007619 -0.27033707431589565 -1.1515474765975646 2.3000383038812884 1.9183225562632793 -3.1852531104022903 -0.23889035633349495 -0.62428558165511283 -1.3653585365226946 0.53552856972533081 -4.0630106056805735 -0.40621205225921814 1.4145356857509264 -1.5862280049343731 2.2370814753425896
leaf_weight=34.800000160932541 17.900000154972076 29.399999678134918 21.399999916553497 22.999999672174454 33.400000005960464 28.400000244379044 38.499999523162842 33.59999942779541 45.099999576807022 42 20.700000017881393 20.600000083446503 28.69999960064888 37.399999439716339 21.599999874830246 37.899999648332596 43.599999397993088 19.300000041723251 26.999999821186066
leaf_count=75 41 48 40 35 67 65 61 48 76 84 42 44 44 56 39 64 67 40 48
internal_value=-7.44664e-05 0.00892709 0.000854953 0.0279944 -0.0141009 0.0120723 -0.00710383 0.017509 0.0113876 -0.0358436 -0.0247508 0.0046 -0.00848303 0.0234545 -0.0373418 -0.0170157 0.0404915 -0.0467374 0.0456
internal_weight=604.3 482.8 339.2 143.6 144.6 194.6 109.8 166.2 132.6 121.5 60.2 50 50.1 82.5 39.5 76.4 93.6 61.3 50
internal_count=1084 838 596 242 267 329 192 264 216 246 122 92 84 132 80 125 150 124 83
cat_boundaries=0 1
cat_threshold=42531
is_linear=0
shrinkage=0.05


Tree=11
num_leaves=22
num_cat=1
split_feature=15 33 31 15 59 47 42 23 65 5 42 31 36 43 15 21 16 71 27 31 10
split_gain=73.511 33.8801 17.0088 16.9705 10.4929 11.7516 9.32492 9.66014 8.01377 7.99924 7.50911 5.79819 5.35524 5.23757 3.50086 1.96904 1.63878 1.39847 1.01078 2.37458 7.10543e-15
threshold=73.215000000000018 0.032371715326752155 647.09500000000014 35.250000000000021 2379.3150000000005 0 0.94663184386727228 3405.0000000000005 1.0000000180025095e-35 0.17424242424242423 0.99702627856724613 -129.41499999999994 0.060972268698939909 0.99975037048126947 35.250000000000021 4295.0000000000009 0.32890324888081807 -26.885669227405511 355.00000000000006 -96.629999999999981 216.16500000000005
decision_type=2 2 2 2 2 1 2 2 2 2 2 2 2 2 2 2 2 2 2 2 2
left_child=1 4 3 9 5 -1 11 12 15 17 -10 -5 16 -4 -7 20 -8 -3 19 -6 -2
right_child=8 2 13 6 18 14 7 -9 10 -11 -12 -13 -14 -15 -16 -17 -18 -19 -20 -21 -22
leaf_value=2.1961993889740747 -3.3038431539702788 -2.6513563182959339 1.7212643641617165 1.2660913708676298 2.5992690846280087 -0.5316366105059217 -1.027586195022439 1.6092637769654545 -0.23258971637654968 -0.15135248360385634 -3.8136467600001698 0.060755340033868781 0.20867557864954095 0.34599365413156491 0.70763364394178874 -1.5068666321534749 -1.1330945566631982 -1.8284015994451943 1.8705763865078873 0.62207032506024407 -2.2642701224244814
leaf_weight=32.599999636411667 29.79999977350235 20.10000005364418 27.799999564886093 38.099999874830246 20.700000107288361 25.899999916553497 27.699999541044235 27.099999755620956 30.800000101327896 29.199999809265137 21.99999988079071 41.199999630451202 25.29999977350235 27.399999558925629 28.599999755620956 18.50000011920929 33.299999803304672 21.199999958276749 25.599999576807022 24.299999803304672 23.800000220537186
leaf_count=53 52 42 41 72 45 49 40 46 65 52 40 70 43 40 49 41 60 41 37 42 55
internal_value=-0.000166389 0.00879017 -0.000596734 -0.00588906 0.0277425 0.0161309 0.00179035 -0.00740741 -0.0343074 -0.0268794 -0.0195076 0.0149433 -0.0155852 0.0246377 0.00192661 -0.0451456 -0.0236066 -0.0410412 0.042068 0.0375556 -0.05
internal_weight=601 476.1 318.4 263.2 157.7 87.1 192.7 113.4 124.9 70.5 52.8 79.3 86.3 55.2 54.5 72.1 61 41.3 70.6 45 53.6
internal_count=1075 822 547 466 275 151 331 189 253 135 105 142 143 81 98 148 100 83 124 87 107
cat_boundaries=0 1
cat_threshold=2
is_linear=0
shrinkage=0.05


Tree=12
num_leaves=22
num_cat=1
split_feature=15 60 15 42 59 16 15 62 32 57 17 68 47 37 59 35 15 40 19 27 60
split_gain=76.1213 26.5833 23.8108 22.3918 19.4107 9.99644 8.0642 7.95162 5.74584 5.71598 4.55469 3.21063 3.12887 3.5702 2.62099 2.37901 2.33265 2.09656 1.52142 0.798017 0.440007
threshold=76.935000000000016 3754.0000000000005 35.250000000000021 0.92854735672414856 2379.3150000000005 0.44084971987259564 95.805000000000035 1689.2250000000001 0.91975103358585863 92.045000000000016 2935.0000000000005 80.620000000000019 0 0.035645821532129758 1512.0000000000002 0.036777314161613957 39.185000000000009 -26.536538698691093 95.000000000000014 304.99999999999994 2816.0000000000005
decision_type=2 2 2 2 2 2 2 2 2 2 2 2 1 2 2 2 2 2 2 2 2
left_child=1 2 5 10 -3 9 15 -5 11 -1 12 -9 13 -4 -10 -2 19 20 -14 -6 -8
right_child=6 4 3 7 16 -7 17 8 14 -11 -12 -13 18 -15 -16 -17 -18 -19 -20 -21 -22
leaf_value=-0.73429660390825269 -0.59614341171337493 -0.95835267458026507 2.2154576060632443 1.3064424725173041 2.1558067588137031 -2.9668712053485922 -3.4457752373179744 0.33968704625634633 -1.2627500819594708 0.40005029329696884 0.09829250625059488 -1.0228008237674282 0.78776486899151765 0.87443614918806534 -0.851146399732857 -2.1261083806192049 0.55118538987651111 -1.187995870720318 0.35229479682693637 2.2554052127525845 -2.6273945292588907
leaf_weight=28.699999690055847 20.300000011920929 23.499999970197678 24.999999701976776 19.299999862909317 37.799999803304672 33.200000315904617 28.099999994039536 25.799999624490738 22.399999886751175 23.599999815225601 24.499999850988388 25.199999749660492 21.999999970197678 34.69999960064888 27.999999612569809 19.300000041723251 24.199999690055847 21.600000143051147 35.199999630451202 33.699999451637268 39.499999850988388
leaf_count=47 41 46 40 34 69 77 56 39 41 41 44 42 43 56 43 40 38 48 58 49 74
internal_value=0.000100739 0.00949015 0.00250288 0.00997711 0.0298658 -0.0204094 -0.0339286 -0.00584093 -0.0114398 -0.00678776 0.0234795 0.000392157 0.0275877 0.0355946 -0.0234127 -0.0151515 0.0398642 -0.0422646 0.0192308 0.0444056 -0.0465976
internal_weight=595.6 466.8 347.6 262.1 119.2 85.5 128.8 120.7 101.4 52.3 141.4 51 116.9 59.7 50.4 39.6 95.7 89.2 57.2 71.5 67.6
internal_count=1066 807 605 440 202 165 259 199 165 88 241 81 197 96 84 81 156 178 101 118 130
cat_boundaries=0 1
cat_threshold=2
is_linear=0
shrinkage=0.05


Tree=13
num_leaves=21
num_cat=3
split_feature=46 33 10 45 22 39 47 14 30 17 59 11 23 59 59 63 47 22 68 35
split_gain=68.5445 43.8489 14.4831 10.6657 9.44692 14.0454 10.3995 9.33924 7.84686 6.9748 5.01019 4.15886 13.0379 3.15933 2.86076 2.68603 2.49481 4.40338 0.722786 0.0652482
threshold=0 0.032371715326752155 239.91000000000005 0.013231583282966652 555.00000000000034 -25.288628918135274 1 128.53500000000003 -1.6549999999999725 2895.0000000000005 1378.6650000000002 3211.6900000000005 3895.0000000000005 1912.7600000000002 1997.5500000000002 0.81836615931139722 2 480.00000000000017 103.4854999999999 0.26299098223996348
decision_type=1 2 2 2 2 2 1 2 2 2 2 2 2 2 2 2 1 2 2 2
left_child=3 11 4 -1 6 -6 7 15 13 10 -8 16 -13 -4 -11 -3 -2 -18 19 -5
right_child=1 2 8 18 5 -7 9 -9 -10 14 -12 12 -14 -15 -16 -17 17 -19 -20 -21
leaf_value=-0.63446542087308377 1.6844935778702563 1.8768050324283558 -0.89049246265384241 -2.2289678070329 -0.10637545606648154 2.1596427396064044 -0.77440556917430292 -0.96900726730341735 -2.3306934746796588 -1.5516658436555062 0.65082028667505298 -0.65473363924648431 2.0146987002206602 0.4749601552636179 -1.2243775896674791 0.48049021219673738 0.33468005698558945 2.2209832976482171 -2.9370397229776861 -3.0840688306434161
leaf_weight=38.699999928474426 44.499999433755875 19.600000113248825 20.400000303983688 19.599999934434891 30.199999511241913 29.399999499320984 35.799999594688416 31.899999469518661 38.800000041723251 22.599999845027924 24.69999971985817 18.500000029802322 21.400000005960464 17.200000256299973 22.999999850988388 48.299999177455902 33.39999982714653 29.699999660253525 29.300000369548798 36.799999833106995
leaf_count=75 70 43 51 37 44 42 58 46 79 40 40 38 43 43 41 69 61 48 71 68
internal_value=-0.00130336 0.00726872 -0.00241299 -0.0329613 0.00310734 0.0206376 -0.00196697 0.00961924 -0.0215969 -0.0128652 -0.00173554 0.0302034 0.016416 -0.00531915 -0.0276316 0.0201031 0.035316 0.0289223 -0.0454492 -0.0487589
internal_weight=613.8 489.4 341.9 124.4 265.5 59.6 205.9 99.8 76.4 106.1 60.5 147.5 39.9 37.6 45.6 67.9 107.6 63.1 85.7 56.4
internal_count=1107 856 596 251 423 86 337 158 173 179 98 260 81 94 81 112 179 109 176 105
cat_boundaries=0 1 2 3
cat_threshold=1 2 2
is_linear=0
shrinkage=0.05


Tree=14
num_leaves=21
num_cat=2
split_feature=15 51 33 59 15 61 20 35 19 15 11 23 61 47 18 58 10 29 31 31
split_gain=73.7898 25.6147 21.5815 14.1378 12.9233 9.17858 7.34171 7.07226 8.65716 7.03684 9.62682 6.55072 5.55605 8.79375 4.60284 2.93826 2.74371 2.51035 1.68445 2.27411
threshold=76.935000000000016 0 0.081712899862213417 3698.9700000000007 35.745000000000012 3140.9550000000004 3045.0000000000005 0.071904777708815565 185.00000000000003 35.250000000000021 1274.3050000000001 1955.0000000000002 2165.7300000000005 1 2795.0000000000005 93.600000000000009 192.75500000000002 -131.97499999999988 745.2600000000001 -122.69000000000003
decision_type=2 9 2 2 2 2 2 2 2 2 2 2 2 1 2 2 2 2 2 2
left_child=1 3 12 4 16 9 -6 8 -2 -4 -11 -12 13 -3 -15 -13 -1 -9 19 -14
right_child=7 2 5 -5 6 -7 -8 17 -10 10 11 15 18 14 -16 -17 -18 -19 -20 -21
leaf_value=-2.7697552418799329 0.036750285186571578 1.9052928634648632 -1.163158710184105 1.6350914844413851 0.34779117406684534 2.2204618044659861 -0.92182704939971893 -1.0168428104683156 -2.6296267253986696 1.3983755526831141 -0.74124209894630799 -0.069756327740681454 2.3307567315402928 0.33376187528927803 -0.34545931705757627 0.87643287761244937 -1.6792709669589407 -2.5293279045705948 2.1721121948329958 0.62648401179384339
leaf_weight=25.400000065565109 21.000000089406967 28.399999707937241 38.999999642372131 21.099999755620956 39.199999690055847 32.599999636411667 40.199999570846558 22.000000327825546 27 23.599999725818634 41.599999636411667 22.599999845027924 20.900000154972076 24.799999922513962 25.299999684095383 25.799999803304672 24.900000035762787 54.699999630451202 27.699999541044235 22.89999982714653
leaf_count=53 45 47 66 34 68 53 66 55 54 38 71 40 47 47 40 45 51 97 40 40
internal_value=-0.000532176 0.0082716 0.015701 -0.00870647 -0.0154588 0.00475162 -0.00289673 -0.0348436 -0.0197917 -0.000393185 0.00589789 -0.00155556 0.0302667 0.0210828 0.00848303 0.0109504 -0.0352883 -0.0442634 0.0403497 0.0342466
internal_weight=610.7 486 335.2 150.8 129.7 185.2 79.4 124.7 48 152.6 113.6 90 150 78.5 50.1 48.4 50.3 76.7 71.5 43.8
internal_count=1097 846 574 272 238 313 134 251 99 260 194 156 261 134 87 85 104 152 127 87
cat_boundaries=0 1 2
cat_threshold=34345 2
is_linear=0
shrinkage=0.05


Tree=15
num_leaves=19
num_cat=2
split_feature=51 14 2 15 49 42 24 19 16 37 36 22 39 10 39 35 45 63
split_gain=73.8103 21.9451 24.104 19.886 15.7203 12.1607 11.9788 9.5496 7.74716 7.45059 6.0296 5.34341 3.69978 2.18528 2.15776 1.77437 0.795592 0.197392
threshold=0 140.90000000000006 1 35.250000000000021 1.0000000180025095e-35 0.91130254905160191 2885.0000000000005 165.00000000000003 0.2888082062406126 0.69823493812540294 0.017962583589061103 535 -27.237762605103871 195.73500000000004 -25.395626512280185 0.16048012033979248 0.0031238183651295503 0.72319334142529301
decision_type=9 2 1 2 2 2 2 2 2 2 2 2 2 2 2 2 2 2
left_child=4 2 6 12 15 10 8 -7 -2 11 14 -6 -4 -8 -5 -1 -15 -17
right_child=1 -3 3 5 9 7 13 -9 -10 -11 -12 -13 -14 16 -16 17 -18 -19
leaf_value=-1.5180443175775189 1.0774948046714314 -1.1386518006204782 -0.33442805372243356 1.1444922304120249 -0.81104961802986719 0.43382258879709501 1.7961272171554528 -1.2482355947351835 -0.23321342173205936 -1.5220816939094826 0.48219875582644534 0.44974864256097152 -1.1678219080972327 1.40631487507181 1.1812660867042837 -2.5331878968382817 2.3947502207613134 -2.6596115207861564
leaf_weight=20.200000166893005 39.599999338388443 39.499999493360519 24.99999988079071 37.89999982714653 25.800000071525574 33.60000005364418 29.699999570846558 35.999999731779099 34.499999642372131 41.599999636411667 34.199999928474426 22.199999749660492 31.199999749660492 33.999999701976776 28.299999952316284 29.200000435113907 37.099999457597733 37.599999666213989
leaf_count=46 57 62 46 70 54 69 45 63 57 71 66 36 54 58 55 73 56 64
internal_value=-0.000583279 0.0103862 0.0141237 0.00254022 -0.0270096 0.0111765 0.0273932 -0.00488506 0.0136977 -0.0138393 0.0223108 -0.000416667 -0.0231317 0.0401786 0.0311178 -0.0436782 0.0449367 -0.0476048
internal_weight=617.2 440.6 401.1 226.2 176.6 170 174.9 69.6 74.1 89.6 100.4 48 56.2 100.8 66.2 87 71.1 66.8
internal_count=1102 758 696 423 344 323 273 132 114 161 191 90 100 159 125 183 114 137
cat_boundaries=0 1 2
cat_threshold=1569 1
is_linear=0
shrinkage=0.05


Tree=16
num_leaves=19
num_cat=1
split_feature=15 44 31 15 42 23 16 45 10 39 44 5 72 23 47 61 9 14
split_gain=69.0791 24.2165 18.1483 16.0754 10.7369 11.2157 9.14397 8.66313 7.22448 5.75872 5.39153 5.08581 5.07378 3.77994 4.30613 3.02049 2.96549 2.94508
threshold=76.935000000000016 0.016302806918060603 632.09500000000014 35.250000000000021 0.91906191551227701 3740.0000000000005 0.55256701762727556 0.022928751538238003 212.37000000000003 -26.965880444321716 0.029628579529345004 0.17424242424242423 -27.686457263162314 2915.0000000000005 0 2299.0000000000005 2895.7900000000004 114.13500000000001
decision_type=2 2 2 2 2 2 2 2 2 2 2 2 2 2 1 2 2 2
left_child=1 13 3 6 9 10 11 -4 -2 17 -6 -3 15 14 -1 -10 -12 -5
right_child=8 2 7 4 5 -7 -8 -9 12 -11 16 -13 -14 -15 -16 -17 -18 -19
leaf_value=1.1588377317340488 -2.5878191257213961 -0.75421521982462991 0.28745640130248873 0.29628856587199909 0.01145753472023401 1.8357922775425792 -2.7848750328261995 1.7561534800580483 -1.5292841013423299 0.0049326636844590158 -0.44414334363868946 0.099619849383014991 -0.27714932877804799 1.6910941616874859 0.3890537245746295 -1.9961198581205097 -1.4696172359115778 1.9278254837427404
leaf_weight=28.399999618530273 42.699999630451202 37.399999707937241 40.999999314546585 28.900000005960464 37.099999815225601 24.199999779462814 27.000000357627869 32.599999457597733 22.400000154972076 40.799999624490738 30.899999767541885 24.099999845027924 32.000000208616257 41.199999898672104 38.29999965429306 31.900000095367432 27.899999588727951 27.899999856948853
leaf_count=44 73 65 59 58 68 41 66 47 50 69 54 43 71 79 65 67 42 51
internal_value=-0.000640506 0.00796596 0.00202738 -0.00333116 0.00397336 -0.00603664 -0.0212994 0.0243207 -0.0331783 0.016291 -0.0137122 -0.0106504 -0.0248552 0.0288693 0.0215142 -0.0341621 -0.0231293 0.0265845
internal_weight=616.7 487.7 379.8 306.2 217.7 120.1 88.5 73.6 129 97.6 95.9 61.5 86.3 107.9 66.7 54.3 58.8 56.8
internal_count=1112 851 663 557 383 205 174 106 261 178 164 108 188 188 109 117 96 109
cat_boundaries=0 1
cat_threshold=2
is_linear=0
shrinkage=0.05


Tree=17
num_leaves=20
num_cat=1
split_feature=51 10 42 25 49 35 61 21 21 40 5 39 30 58 31 29 29 58 68
split_gain=61.9586 20.5668 12.3189 16.4633 10.6516 10.2638 9.50812 6.77941 6.65314 5.46122 5.18411 7.12727 6.22954 3.49899 3.36265 2.5141 4.39267 1.74944 0.318021
threshold=0 255.44000000000003 0.91801598140128349 480.00000000000028 1.0000000180025095e-35 0.11070807844604612 3280.1050000000005 3265.0000000000005 3195.0000000000005 -27.166210585465553 0.081939799331103666 -27.237762605103871 13.485000000000015 124.51500000000001 621.04000000000019 -67.144999999999968 -74.179999999999879 103.65500000000002 134.59700000000001
decision_type=9 2 2 2 2 2 2 2 2 2 2 2 2 2 2 2 2 2 2
left_child=4 2 10 8 9 -6 14 -3 -4 18 11 13 15 -2 -5 16 17 -12 -1
right_child=1 7 3 6 5 -7 -8 -9 -10 -11 12 -13 -14 -15 -16 -17 -18 -19 -20
leaf_value=-2.268657615521271 1.5749408344536542 -2.2720987090383247 -0.027800080577232933 -0.37023087661260945 -1.7776097067242524 0.094638856913864089 1.7440026636654502 -0.10823808465798948 -1.5612017006692931 -0.70803487858674075 1.3457917251783478 -0.42281999802686276 0.28014800279853919 0.24016185833057549 0.33992983476802507 1.2077557287436642 0.2896814723567282 2.0625591025560972 -2.528486599064641
leaf_weight=45.699999898672104 21.399999916553497 28.200000286102295 24.499999672174454 48.499999403953552 29.099999785423279 35.499999791383743 29.999999552965164 26.200000256299973 28.499999731779099 17.500000149011612 39.199999958276749 31.199999570846558 35.299999564886093 24.499999761581421 29.799999505281448 24.899999588727951 30.299999535083771 30.60000005364418 21.80000028014183
leaf_count=88 40 66 38 77 51 64 45 61 48 40 77 48 56 41 43 36 45 63 53
internal_value=-0.000854488 0.0084323 0.0125533 0.00189089 -0.0276942 -0.0142415 0.0130656 -0.0202206 -0.0209434 -0.0411765 0.0197978 0.00914397 0.024922 0.0216776 0.00389527 0.03016 0.0266234 0.0335244 -0.0476296
internal_weight=602.7 453.1 398.7 161.3 149.6 64.6 108.3 54.4 53 85 237.4 77.1 160.3 45.9 78.3 125 100.1 69.8 67.5
internal_count=1080 784 657 251 296 115 165 127 86 181 406 129 277 81 120 221 185 140 141
cat_boundaries=0 1
cat_threshold=33281
is_linear=0
shrinkage=0.05


Tree=18
num_leaves=20
num_cat=1
split_feature=51 30 49 59 16 14 33 18 14 60 12 25 16 12 45 33 63 68 61
split_gain=60.7199 19.2665 18.3059 15.0437 17.3595 10.3165 7.30782 6.88945 6.79367 6.38512 5.96435 5.52306 5.03445 4.91657 4.47882 3.84543 2.30567 1.16168 0.338573
threshold=0 18.324999999999935 1.0000000180025095e-35 2024.0000000000002 0.42956178229818182 119.31500000000001 0.57823105696383392 3015.0000000000005 130.25500000000002 3378.1300000000006 73.950000000000003 600.00000000000023 0.2716564900528412 147.65000000000003 0.019987684004735554 0.30985435130055478 0.86743238594961891 70.297000000000011 4423.3600000000015
decision_type=9 2 2 2 2 2 2 2 2 2 2 2 2 2 2 2 2 2 2
left_child=2 3 13 4 10 -3 11 14 9 -5 -2 -4 -12 18 -6 -14 -8 -11 -1
right_child=1 5 6 8 7 -7 16 -9 -10 17 12 -13 15 -15 -16 -17 -18 -19 -20
leaf_value=-2.4080344581644946 1.6513493143167446 0.22488599520737226 -0.8027842940961073 0.48356302183884808 -0.93079496078596413 -2.3086725606811838 -1.5289162692303635 -1.349014945810852 0.1074252705380495 1.8682951813443154 -0.058123500782562593 0.65550921040637677 0.95262110181169679 -0.67683825410857501 0.15022883675210005 0.22036691815297546 -0.81437589324840121 1.9112600108880011 -2.0270570962406231
leaf_weight=44.000000208616257 37.999999493360519 27.199999690055847 27.500000029802322 21.199999868869781 19.800000071525574 29.499999791383743 27.60000005364418 17.699999928474426 23.899999797344208 47.599999457597733 39.899999409914017 20.299999922513962 41.599999725818634 17.200000256299973 22.500000268220901 48.699999272823334 48.299999177455902 33.99999988079071 20.599999904632568
leaf_count=95 59 44 56 38 42 52 57 33 41 77 60 38 74 43 54 73 69 64 38
internal_value=-0.00020256 0.0108397 -0.0217865 0.0154269 0.00775635 -0.0159612 -0.0107114 -0.0153333 0.0292423 0.0348249 0.0159929 0.00460251 0.0109063 -0.041198 -0.00437352 0.0174419 -0.0203557 0.0411765 -0.0475232
internal_weight=617.1 411.6 205.5 354.9 228.2 56.7 123.7 60 126.7 102.8 168.2 47.8 130.2 81.8 42.3 90.3 75.9 81.6 64.6
internal_count=1107 711 396 615 395 96 220 129 220 179 266 94 207 176 96 147 126 141 133
cat_boundaries=0 1
cat_threshold=34337
is_linear=0
shrinkage=0.05


Tree=19
num_leaves=20
num_cat=1
split_feature=51 33 31 15 48 23 42 5 31 10 39 58 68 68 44 59 14 58 63
split_gain=55.0969 22.8049 18.9763 10.5775 11.0017 9.02077 10.8721 7.99434 6.37644 5.65274 5.6514 5.13184 6.56037 5.14715 3.09315 2.05752 1.91032 0.454827 0.0255223
threshold=0 0.032371715326752155 652.6049999999999 95.335000000000036 1.0000000180025095e-35 3740.0000000000005 0.90884156908118763 0.17424242424242423 -129.41499999999994 243.51000000000002 -25.288628918135274 78.945000000000007 40.007000000000012 110.4455 0.026938891793491203 1886.0250000000003 115.12500000000001 144.02500000000001 0.72035716195978783
decision_type=9 2 2 2 2 2 2 2 2 2 2 2 2 2 2 2 2 2 2
left_child=9 11 3 4 5 6 8 -6 -3 17 -4 -2 -13 16 -8 -16 -14 18 -1
right_child=1 2 10 -5 7 -7 14 -9 -10 -11 -12 12 13 -15 15 -17 -18 -19 -20
leaf_value=-2.2815528207808096 1.8449040794411502 0.83905986749043748 0.10150139859981451 -3.7728460763177702 -1.1753191073598188 1.9459025759031605 -0.021622680420629339 -0.087322520358636524 -0.0072415369752498295 -0.51696541541227248 2.0591367531815949 -0.0086684130804218999 0.77469503217503477 0.42885323274119291 -0.29843776667927457 -1.0494329315379134 1.045077641089327 -2.1964362585837414 -1.9742541796304964
leaf_weight=16.400000244379044 25.599999845027924 37.599999934434891 30.999999523162842 27.100000023841858 32.199999809265137 26.79999977350235 43.499999642372131 28.89999982714653 38.399999678134918 18.400000274181366 28.399999529123306 34.899999558925629 32.49999988079071 23.099999964237213 37.699999779462814 37.0999995470047 37.199999660253525 19.000000149011612 30.999999701976776
leaf_count=41 46 73 46 55 58 46 75 52 66 46 41 55 61 45 68 59 63 43 52
internal_value=-0.000444957 0.00582707 -0.000800109 -0.0057711 -0.00290574 0.00228403 -0.0014668 -0.0216858 0.0132895 -0.0355485 0.0250842 0.0221461 0.0180501 0.025 -0.0109467 -0.0171123 0.0317791 -0.0465361 -0.0491561
internal_weight=606.8 522 368.7 309.3 282.2 221.1 194.3 61.1 76 84.8 59.4 153.3 127.7 92.8 118.3 74.8 69.7 66.4 47.4
internal_count=1091 909 639 552 497 387 341 110 139 182 87 270 224 169 202 127 124 136 93
cat_boundaries=0 1
cat_threshold=1
is_linear=0
shrinkage=0.05


Tree=20
num_leaves=22
num_cat=1
split_feature=15 14 42 60 72 47 44 14 22 58 32 25 39 15 27 61 25 5 11 22 29
split_gain=51.877 22.8778 15.9802 14.7574 11.0972 10.6249 9.95801 5.75513 5.67181 4.9293 4.75781 4.33859 4.03826 4.02145 7.81716 5.69741 3.34243 3.0198 3.36825 2.17695 0.0940408
threshold=76.935000000000016 92.490000000000023 0.92432473658878134 4111.2650000000012 -27.768845371694372 0 0.048206437946247557 133.08500000000004 350.00000000000028 90.495000000000019 0.92063743496825923 570.00000000000023 -28.016939299227413 35.745000000000012 95.000000000000014 2634.7150000000006 540.00000000000023 0.081939799331103666 1290.3450000000003 394.99999999999983 -104.05499999999995
decision_type=2 2 2 2 2 1 2 2 2 2 2 2 2 2 2 2 2 2 2 2 2
left_child=1 -1 6 5 16 12 13 10 9 -8 -7 -6 -4 15 19 -3 20 18 -10 -15 -2
right_child=4 2 3 -5 11 7 8 -9 17 -11 -12 -13 -14 14 -16 -17 -18 -19 -20 -21 -22
leaf_value=-3.1533490967849347 -1.7897572773957025 -0.0082349924264008226 -0.67589005196426089 1.5267319411667004 -1.3290136248407425 1.2768692177355803 0.040455379208111 -0.79819821817779268 0.22876748345201464 -0.77494560626509645 -0.074014471680137459 0.1055921254651679 -1.1691742314684082 1.1879940335778549 0.25959185468207552 1.815938806446598 -1.5477756540038241 0.91344672762043477 -0.090954596695702605 1.6059120201861903 -2.1973710449438628
leaf_weight=22.400000333786011 17.500000238418579 28.099999725818634 29.399999678134918 40.19999948143959 20.10000005364418 34.299999684095383 21.699999898672104 43.499999552965164 23.099999785423279 28.899999916553497 27.599999696016312 19.500000089406967 27.69999971985817 33.499999761581421 29.499999523162842 24.599999874830246 35.300000011920929 23.099999785423279 21.199999958276749 36.099999666213989 31.499999642372131
leaf_count=56 43 47 48 63 42 58 40 72 39 55 45 42 46 59 43 45 71 39 41 61 51
internal_value=-0.000727214 0.00651647 0.00885714 -0.00175136 -0.029661 -0.00846154 0.0168273 0.000948767 0.0059322 -0.00671937 0.0107431 -0.00782828 -0.0258319 0.0252964 0.0312311 0.0141366 -0.039917 0.0154303 0.00778781 0.0403736 -0.0483673
internal_weight=618.8 494.9 472.5 202.7 123.9 162.5 269.8 105.4 118 50.6 61.9 39.6 57.1 151.8 99.1 52.7 84.3 67.4 44.3 69.6 49
internal_count=1106 857 801 332 249 269 469 175 214 95 103 84 94 255 163 92 165 119 80 120 94
cat_boundaries=0 1
cat_threshold=4
is_linear=0
shrinkage=0.05


Tree=21
num_leaves=21
num_cat=1
split_feature=15 44 68 25 10 51 23 22 14 22 58 43 19 63 13 12 45 72 15 44
split_gain=52.6745 20.8312 16.9865 9.58203 9.32479 7.65926 8.88228 8.9102 6.25665 8.13908 5.88214 4.87113 3.24683 3.11316 3.05778 2.7619 2.525 4.52257 2.36275 1.42553
threshold=76.935000000000016 0.016302806918060603 113.7 525.00000000000011 212.37000000000003 0 2965.0000000000005 455.00000000000006 130.45000000000005 515.00000000000011 136.51000000000002 0.75805281300994654 165.00000000000003 0.71659311330080844 28.375000000000004 93.585000000000008 0.027444347838426204 -29.826193056172905 37.580000000000005 0.046073149985823604
decision_type=2 2 2 2 2 9 2 2 2 2 2 2 2 2 2 2 2 2 2 2
left_child=1 12 5 19 -2 11 10 -8 9 13 16 -3 -1 -6 18 -5 17 -7 -14 -4
right_child=4 2 3 15 8 6 7 -9 -10 -11 -12 -13 14 -15 -16 -17 -18 -19 -20 -21
leaf_value=1.7945060140888693 -2.0030208553451518 0.98811459406755664 -2.1813154251478952 -0.8307343264542667 -0.55272045551769933 -0.030266179710577747 -1.5204184881222524 0.17469854605905014 -2.79400082276821 0.33288647323620713 -0.38672119743154171 0.29804828094942198 1.3087117489710167 -1.2777683830134958 0.19602243152506063 1.3683401631904311 0.90793991168286259 0.52797416283950516 0.82155406525283758 -1.8398426353818007
leaf_weight=28.300000220537186 41.099999606609344 41.19999971985817 20.100000143051147 23.899999618530273 19.600000292062759 30.79999965429306 25.89999982714653 25.099999636411667 34.600000023841858 18.800000190734863 40.199999570846558 40.599999487400055 28.399999529123306 16.300000041723251 22.399999886751175 21.000000089406967 33.599999696016312 37.199999570846558 29.399999499320984 22.400000154972076
leaf_count=64 69 73 45 35 49 50 46 38 70 44 66 64 41 34 41 45 57 60 42 50
internal_value=-0.00217174 0.00562168 -0.000138122 -0.0193364 -0.0302914 0.00597232 4.93097e-05 -0.0178431 -0.0212206 -0.0106947 0.00648801 0.017756 0.0248387 -0.0246518 0.0197007 -0.0032294 0.0128937 0.00735294 0.0257785 -0.0363529
internal_weight=600.9 470.5 362 87.4 130.4 274.6 192.8 51 89.3 54.7 141.8 81.8 108.5 35.9 80.2 44.9 101.6 68 57.8 42.5
internal_count=1083 817 629 175 266 454 317 84 197 127 233 137 188 83 124 80 167 110 83 95
cat_boundaries=0 1
cat_threshold=131780
is_linear=0
shrinkage=0.05


Tree=22
num_leaves=22
num_cat=2
split_feature=51 10 5 25 25 31 42 21 14 44 47 25 44 49 15 40 40 33 44 10 30
split_gain=49.5222 16.102 11.701 11.5026 15.5276 8.16191 7.01566 6.57438 6.32607 8.84876 6.09459 6.4241 5.67656 5.12727 5.03985 4.87827 4.9025 3.61328 0.885977 0.73712 0.0239248
threshold=0 239.91000000000005 0.45804195804195807 415.00000000000006 150.00000000000014 -139.43000000000004 0.80441712204007298 4155.0000000000009 140.90000000000006 0.026938891793491203 1 595.00000000000011 0.037000283527076801 1.0000000180025095e-35 58.485000000000035 -32.220079885337334 -40.454007528089903 0.57823105696383392 0.042103770910121859 211.64500000000004 -13.320000000000048
decision_type=9 2 2 2 2 2 2 2 2 2 1 2 2 2 2 2 2 2 2 2 2
left_child=2 3 13 4 -2 14 -6 17 9 10 -5 -12 -11 19 -3 16 -14 -4 -7 20 -1
right_child=1 5 7 8 6 18 -8 -9 -10 12 11 -13 15 -15 -16 -17 -18 -19 -20 -21 -22
leaf_value=-1.9012368099499675 0.985157779572301 1.3307122511678218 -0.59383919639811189 1.4849609037366669 -0.034279077269410152 -1.6787551388537054 -1.1466511418867551 0.12852293518006661 -0.032130877182057559 -0.26047909488972681 -0.10519869871184824 1.7381636536841967 0.17193211369527078 -0.76195342813624978 -0.61787920777898586 0.056125368390608804 1.0507316561684434 -1.4295173369877503 -1.6957418002147269 -1.2371804016537855 -2.1608718550351558
leaf_weight=17.100000232458115 28.699999690055847 18.300000250339508 22.10000017285347 49.099999368190765 25.799999892711639 21.60000005364418 31.199999570846558 21.199999958276749 29.399999499320984 35.69999948143959 26.599999725818634 30.799999743700027 47.799999505281448 37.299999862909317 19.70000022649765 36.699999451637268 24.599999785423279 24.899999767541885 16.600000113248825 19.300000131130219 30.299999713897705
leaf_count=42 47 45 50 77 48 45 48 41 42 54 44 53 79 70 47 55 42 42 37 43 51
internal_value=-0.00354587 0.00543526 -0.0254665 0.00990721 -0.00612602 -0.0153543 -0.0212281 -0.0108504 0.0148023 0.0173697 0.0283099 0.0172474 0.0093232 -0.0375 0.00105263 0.0149863 0.0225138 -0.0212766 -0.0316754 -0.0458021 -0.0491561
internal_weight=614.8 442.6 172.2 366.4 85.7 76.2 57 68.2 280.7 251.3 106.5 57.4 144.8 104 38 109.1 72.4 47 38.2 66.7 47.4
internal_count=1102 763 339 589 143 174 96 133 446 404 174 97 230 206 92 176 121 92 82 136 93
cat_boundaries=0 1 2
cat_threshold=33313 2
is_linear=0
shrinkage=0.05


Tree=23
num_leaves=21
num_cat=1
split_feature=51 15 68 5 62 33 22 13 31 45 25 21 15 15 16 13 15 19 15 12
split_gain=49.4768 18.5312 12.1757 11.6324 12.5498 10.955 9.81184 9.64034 7.90907 7.75328 7.40489 5.49587 4.68169 4.38179 2.81359 2.3231 2.16838 1.8803 1.60491 0.994042
threshold=0 78.215000000000018 122.57800000000002 0.081939799331103666 2287.6550000000002 0.73795055753850891 115.00000000000001 27.030000000000005 169.66000000000034 0.015934767739884254 525.00000000000011 3485.0000000000005 39.159999999999989 36.664999999999999 0.49466646410005516 42.190000000000005 39.170000000000009 525.00000000000011 37.580000000000005 141.73000000000002
decision_type=9 2 2 2 2 2 2 2 2 2 2 2 2 2 2 2 2 2 2 2
left_child=9 2 3 4 8 7 -4 12 18 -1 -8 -3 13 -5 15 17 -7 -9 -2 -11
right_child=1 11 6 5 -6 16 10 14 -10 19 -12 -13 -14 -15 -16 -17 -18 -19 -20 -21
leaf_value=-0.33517142054104743 0.48116872118664705 -2.0217409494571128 1.0589405036394588 0.44761215113106234 -1.0893185847924174 0.18288054189671643 -1.6109547102039905 0.88952198671975324 -0.039195019590530226 -1.7685512578883458 -0.069532710250999233 -0.021142309009942829 -0.16716490292843034 1.4107128585498339 1.7968603459743946 0.60545222306519619 -0.55694909745264032 0.8545983719558401 2.176805782207945 -1.9316896309696951
leaf_weight=20.800000131130219 22.099999904632568 39.999999970197678 27.299999982118607 29.5999995470047 31.799999803304672 27.19999960064888 24.300000160932541 32.499999791383743 42.299999445676804 46.89999982714653 41.099999606609344 24.299999982118607 29.399999499320984 29.399999499320984 25.299999862909317 23.200000077486038 27.499999582767487 26.099999606609344 21.199999958276749 21.600000321865082
leaf_count=46 41 79 54 44 57 41 54 58 66 88 69 48 42 42 46 49 41 39 41 54
internal_value=-0.00162079 0.00445193 0.0080491 0.0121328 -0.000851789 0.0182254 -0.00814455 0.0237596 0.00911215 -0.0339879 -0.0186544 -0.0206065 0.0115385 0.019661 0.0338469 0.0293399 -0.00155393 0.0346416 0.0241339 -0.0459124
internal_weight=613.9 524.6 460.3 367.6 117.4 250.2 92.7 195.5 85.6 89.3 65.4 64.3 88.4 59 107.1 81.8 54.7 58.6 43.3 68.5
internal_count=1099 911 784 607 205 402 177 320 148 188 123 127 128 86 192 146 82 97 82 142
cat_boundaries=0 1
cat_threshold=1
is_linear=0
shrinkage=0.05


Tree=24
num_leaves=19
num_cat=1
split_feature=51 33 15 15 22 8 19 68 45 17 38 14 14 15 10 22 11 68
split_gain=44.8836 23.2421 10.5328 11.0138 16.4867 12.7015 10.3043 9.29179 8.89419 5.87669 4.67446 5.8843 4.46773 5.59232 5.37419 1.7001 1.53103 0.740723
threshold=0 0.017609862462008203 112.45500000000003 36.664999999999999 480.00000000000017 5530.7482993197291 145.00000000000003 79.53900000000003 0.015934767739884254 2875.0000000000005 183.43358276643997 128.53500000000003 123.80000000000003 35.745000000000012 193.74000000000004 535 2656.1500000000005 103.4854999999999
decision_type=9 2 2 2 2 2 2 2 2 2 2 2 2 2 2 2 2 2
left_child=8 12 3 4 9 6 10 -8 -1 -3 -5 -12 13 14 -2 -7 -15 -10
right_child=1 2 -4 5 -6 15 7 -9 17 -11 11 -13 -14 16 -16 -17 -18 -19
leaf_value=-0.31841284951399518 -0.0065681213644921861 -0.23131977220249456 -3.7954968050612843 1.12815344793854 0.31667225725386389 0.85134047210296238 0.088445248933077647 -1.0093157566810462 -1.7442507054924965 -1.3517197006956232 -0.23884647227296549 1.0059934784574858 0.15517971757344712 1.612807573660527 1.202358846376872 1.8108580551259266 1.0186949395722991 -1.8351051494212105
leaf_weight=21.900000125169754 26.299999743700027 40.899999737739563 23.899999976158142 29.499999791383743 36.399999469518661 25.799999892711639 52.199999213218689 44.299999564886093 39.699999898672104 38.399999856948853 33.699999898672104 19.300000041723251 38.799999684095383 21.299999803304672 29.599999904632568 22.599999666213989 32.399999767541885 25.700000315904617
leaf_count=48 44 73 47 52 55 48 78 74 76 72 64 40 67 36 56 34 57 62
internal_value=-0.00158454 0.00424439 -0.00242507 -0.000189449 -0.0127485 0.00620053 5.5866e-05 -0.0110363 -0.0327338 -0.0255359 0.0130303 0.00415094 0.0210243 0.0261861 0.0151163 0.0289256 0.0377095 -0.0457187
internal_weight=602.7 515.4 367 343.1 115.7 227.4 179 96.5 87.3 79.3 82.5 53 148.4 109.6 55.9 48.4 53.7 65.4
internal_count=1083 897 637 590 200 390 308 152 186 145 156 104 260 193 100 82 93 138
cat_boundaries=0 1
cat_threshold=1
is_linear=0
shrinkage=0.05


Tree=25
num_leaves=21
num_cat=2
split_feature=46 33 45 22 14 15 51 39 22 40 14 60 33 15 45 57 12 28 68 63
split_gain=43.5905 23.7333 13.9651 11.0871 12.5413 11.5592 8.70112 7.46433 5.70957 6.55326 5.35428 5.86543 4.50172 3.86182 3.62978 3.60905 2.8329 2.33464 1.26117 0.587256
threshold=0 0.00058487350022065013 0.015934767739884254 555.00000000000034 130.63500000000002 35.250000000000021 1 -27.969600762495293 185.00000000000003 -32.220079885337334 123.80000000000003 2938.4400000000005 0.17859128989188458 37.585000000000001 0.023288073529535804 90.980000000000004 102.47000000000001 2065.0000000000005 103.4854999999999 0.82346035839625398
decision_type=1 2 2 2 2 2 9 2 2 2 2 2 2 2 2 2 2 2 2 2
left_child=2 10 16 5 13 7 14 -3 -8 12 11 -2 -10 -5 -7 17 -1 -11 -4 -13
right_child=1 3 18 4 -6 6 8 -9 9 15 -12 19 -14 -15 -16 -17 -18 -19 -20 -21
leaf_value=-0.54652774157432871 0.52334106302315819 -0.097699764230038968 -1.6146628392765778 0.28907757103370102 -0.8434868045920112 0.4484461033129577 0.43704243488879374 -0.83726834908238179 -0.45249742833334 -0.84045705343177701 0.30307706914759863 1.4779715400303104 0.40859982179617732 1.7031289633448012 1.0794331438300453 -1.4458976582817145 0.1102144318248687 -0.37596602449201488 -1.74334989195015 1.3821100121437937
leaf_weight=25.599999666213989 33.999999791383743 21.199999868869781 45.39999982714653 29.099999517202377 33.099999666213989 33.899999678134918 36.199999779462814 43.499999642372131 23.799999862909317 24.099999934434891 31.499999821186066 22.10000017285347 25.300000041723251 27.79999965429306 29.099999785423279 25.499999731779099 17.500000238418579 25.799999713897705 26.100000321865082 30.099999487400055
leaf_count=40 61 38 85 42 55 57 65 75 43 46 57 50 52 44 51 42 43 42 63 43
internal_value=-0.00246439 0.0041395 -0.0288925 -0.00187632 0.0134444 -0.00665742 -0.00127403 -0.0252705 -0.00735208 -0.0128916 0.0238318 0.0302784 0.00132383 0.0276801 0.0132877 -0.0221485 -0.00893271 -0.0143287 -0.044965 0.0408046
internal_weight=610.7 496.1 114.6 378.4 90 288.4 223.7 64.7 160.7 124.5 117.7 86.2 49.1 56.9 63 75.4 43.1 49.9 71.5 52.2
internal_count=1094 863 231 652 141 511 398 113 290 225 211 154 95 86 108 130 83 88 148 93
cat_boundaries=0 1 2
cat_threshold=1 147780
is_linear=0
shrinkage=0.05


Tree=26
num_leaves=20
num_cat=1
split_feature=46 33 45 10 22 21 16 44 14 22 22 31 14 59 63 32 62 39 12
split_gain=49.5505 16.1036 12.9831 9.26836 9.74847 10.5176 9.16957 6.76374 6.76371 5.20585 9.49041 5.06126 4.07282 5.79688 4.19783 3.36196 2.41001 2.25709 0.953884
threshold=0 0.03417753326004621 0.015934767739884254 276.82000000000011 535 3985.0000000000005 0.50166093643596266 0.06166713921179471 123.80000000000003 115.00000000000001 350.00000000000028 -127.72499999999989 115.33500000000002 2579.6850000000009 0.82543432871360056 0.92063743496825923 3914.7600000000007 -26.965880444321716 134.14500000000001
decision_type=1 2 2 2 2 2 2 2 2 2 2 2 2 2 2 2 2 2 2
left_child=2 8 16 4 5 7 17 9 12 -3 -11 -9 13 14 -2 -12 -1 -6 -4
right_child=1 3 18 -5 6 -7 -8 11 -10 10 15 -13 -14 -15 -16 -17 -18 -19 -20
leaf_value=-0.80608448714117031 0.98065000953889125 0.45821872467931257 -1.533929697312749 -2.0613463908152183 -0.019073099913072156 -1.1382489727505831 1.5560133944324066 1.3130055650913548 -0.015348863904281985 -1.6874445716202269 0.29262761814201571 -0.20503113874888187 1.2537822381815353 1.3130045115366045 -0.14815801841574228 -0.3266759282198024 0.10470371023362511 0.97839304053454301 -1.7908627864640192
leaf_weight=25.499999821186066 22.700000137090683 38.099999606609344 44.499999791383743 25.300000309944153 32.499999523162842 32.899999797344208 29.499999701976776 27.299999982118607 28.599999845027924 30.899999767541885 39.299999624490738 21.99999988079071 38.999999552965164 26.099999874830246 26.5999995470047 37.999999582767487 18.60000005364418 27.399999558925629 26.80000039935112
leaf_count=45 50 63 82 61 49 59 49 54 52 54 66 40 63 48 38 62 39 40 67
internal_value=-0.0017121 0.00544135 -0.0297448 -0.000320513 0.00199748 -0.00347921 0.0159955 0.000920245 0.0196503 -0.0044771 -0.0100739 0.0169371 0.0250874 0.0183024 0.00821501 -0.000711514 -0.0109977 0.00475793 -0.0455119
internal_weight=601.6 486.2 115.4 343.2 317.9 228.5 89.4 195.6 143 146.3 108.2 49.3 114.4 75.4 49.3 77.3 44.1 59.9 71.3
internal_count=1081 848 233 597 536 398 138 339 251 245 182 94 199 136 88 128 84 89 149
cat_boundaries=0 1
cat_threshold=1
is_linear=0
shrinkage=0.05


Tree=27
num_leaves=21
num_cat=2
split_feature=51 40 51 10 45 38 22 58 63 14 12 60 11 14 22 30 40 27 58 12
split_gain=40.8698 13.088 9.91827 10.3056 9.23916 7.08875 4.4541 7.13485 7.13081 7.02218 8.01526 6.18487 4.47302 4.41725 7.09652 3.96544 3.30622 2.70787 1.64565 1.17339
threshold=0 -22.918422961152469 1 227.03500000000003 0.015934767739884254 74.458401360544386 555.00000000000034 78.350000000000009 0.91112479416593761 115.30500000000002 106.61000000000001 3506.3000000000006 3553.9450000000002 130.25500000000002 405.00000000000006 -6.160000000000081 -31.932075610988655 29.99999999999989 101.38500000000002 119.7
decision_type=9 2 9 2 2 2 2 2 2 2 2 2 2 2 2 2 2 2 2 2
left_child=4 2 3 17 -1 -4 7 16 9 12 -11 -8 -9 14 -3 -12 -7 -2 -16 -6
right_child=1 13 5 -5 19 6 11 8 -10 10 15 -13 -14 -15 18 -17 -18 -19 -20 -21
leaf_value=-0.15780622895479884 1.7273730002476051 0.44060833583884362 -1.3703824278420393 -0.38826201190869725 -1.4354815328898374 -0.0070238350221409011 -0.080074514122884466 -0.033540566418241012 -0.63248689972513794 0.74686684250832025 0.065935242923908885 0.8607085832001844 -1.0795889593207129 -0.014581420709068028 1.3985724576291447 -0.71870782124833399 0.41761951815940679 0.65829338815555194 1.3908942883175202 -1.7013196471408183
leaf_weight=21.50000011920929 31.199999749660492 40.099999904632568 30.399999737739563 22.899999916553497 39.199999779462814 24.199999779462814 36.099999576807022 31.699999868869781 44.099999248981476 40.599999397993088 19.200000286102295 32.699999570846558 22.899999916553497 25.599999755620956 31.299999594688416 18.100000113248825 25.199999928474426 26.299999564886093 25.499999821186066 26.400000393390656
leaf_count=47 54 77 52 43 71 41 58 59 63 61 48 51 43 43 49 40 48 38 45 66
internal_value=-0.00175553 0.00368891 -0.000567061 0.0141593 -0.0315654 -0.00450477 -0.00227273 -0.00566372 -0.0103624 -0.00456604 0.0050706 0.00886628 -0.018315 0.0180816 0.0229618 -0.0116622 0.0111336 0.0272174 0.034331 -0.0445122
internal_weight=615.2 528.1 405.6 80.4 87.1 325.2 294.8 226 176.6 132.5 77.9 68.8 54.6 122.5 96.9 37.3 49.4 57.5 56.8 65.6
internal_count=1097 913 699 135 184 564 512 403 314 251 149 109 102 214 171 88 89 92 94 137
cat_boundaries=0 1 2
cat_threshold=1 196676
is_linear=0
shrinkage=0.05


Tree=28
num_leaves=20
num_cat=2
split_feature=51 40 31 17 45 30 15 39 14 51 38 30 14 22 19 58 18 29 10
split_gain=41.2366 17.639 12.6596 11.1631 10.3505 8.74953 8.84101 6.05812 5.63053 6.34515 5.50828 4.57457 4.29086 4.48081 4.14562 3.48702 3.0967 2.84371 0.724479
threshold=0 -23.143786470214369 655.7750000000002 1065.0000000000002 0.017466273529178452 18.44499999999994 32.170000000000009 -25.137349274514595 143.63500000000002 1 168.77696145124722 5.1100000000001282 123.48 405.00000000000006 35.000000000000007 141.965 3565.0000000000005 -94.024999999999963 211.64500000000004
decision_type=9 2 2 2 2 2 2 2 2 9 2 2 2 2 2 2 2 2 2
left_child=4 2 3 -2 -1 6 -5 -4 9 10 -8 14 13 -3 -12 17 -14 -11 -6
right_child=1 12 7 5 18 -7 8 -9 -10 15 11 -13 16 -15 -16 -17 -18 -19 -20
leaf_value=-0.2046663621575979 0.79279434559648088 0.67547224452391819 0.029819878231872113 -0.55035465248793047 -1.466013036865536 -1.3900835614243534 -0.58992139880886185 1.272679882159389 -1.3225574835027807 -0.13679270940074348 -0.33586371311209862 -0.34768547393422866 -0.022681254883467974 1.3193243544538769 0.37370404251364209 1.2435967194863062 0.88178521522604503 1.1526318521997241 -0.93278617015955734
leaf_weight=23.700000107288361 23.599999904632568 33.099999934434891 32.099999517202377 29.799999684095383 41.599999994039536 38.699999660253525 22.399999976158142 33.59999942779541 21.599999964237213 30.100000202655792 23.599999994039536 48.599999338388443 24.299999713897705 43.599999576807022 33 27.799999743700027 28.899999737739563 25.599999576807022 21.100000202655792
leaf_count=51 44 64 48 49 83 66 44 48 42 67 47 75 39 73 66 47 49 37 49
internal_value=-0.00181279 0.00371418 -0.00152369 -0.00557266 -0.0318465 -0.00816733 -0.00489524 0.0184932 -0.00161152 0.000876362 -0.00603198 -0.00171103 0.019746 0.0273142 0.00795053 0.0108556 0.00883459 0.00493716 -0.0461722
internal_weight=606.8 520.4 390.5 324.8 86.4 301.2 262.5 65.7 232.7 211.1 127.6 105.2 129.9 76.7 56.6 83.5 53.2 55.7 62.7
internal_count=1088 905 680 584 183 540 474 96 425 383 232 188 225 137 113 151 88 104 132
cat_boundaries=0 1 2
cat_threshold=1 43690
is_linear=0
shrinkage=0.05


Tree=29
num_leaves=21
num_cat=3
split_feature=51 33 10 51 10 38 22 22 55 14 61 23 22 19 13 43 19 45 68 12
split_gain=36.7111 13.883 10.9984 8.76619 10.5108 7.64008 6.00923 7.40387 5.92761 5.82997 6.80463 5.24757 5.49909 7.62362 4.31467 3.32097 2.2773 1.34162 0.613628 0.230795
threshold=0 0.00058487350022065013 251.43000000000004 1 227.27000000000001 179.96002267573684 115.00000000000001 345.00000000000006 2 123.48 2020.1250000000002 3305.0000000000005 555.00000000000034 394.99999999999983 41.445000000000007 0.95690262883927091 275.00000000000006 0.022232563058461201 72.643500000000003 141.03500000000003
decision_type=9 2 2 9 2 2 2 2 9 2 2 2 2 2 2 2 2 2 2 2
left_child=2 9 17 4 5 16 -5 15 14 10 -2 12 13 -10 -9 -8 -3 -1 -12 -19
right_child=1 3 -4 6 -6 -7 7 8 11 -11 18 -13 -14 -15 -16 -17 -18 19 -20 -21
leaf_value=-0.60057976600021867 0.43525477781422173 0.69083829825722209 0.035827053185609525 0.17367402342816832 -0.61326825211469937 1.2327462517577132 -0.52786838646830325 -0.0712947859823828 -0.045454451224733822 0.028032161079912046 1.0551982856683075 -1.3365037558042769 0.28746317794320292 -0.36802769480723097 1.1448461963571661 -2.3939952229651502 -0.075900069602590756 -1.2904068044020687 1.0657820601541503 -1.9402837822167094
leaf_weight=21.499999940395355 32.199999809265137 24.599999785423279 16.000000238418579 39.299999803304672 34.699999958276749 45.199999332427979 21.299999982118607 32.599999457597733 37.299999952316284 38.999999731779099 26.399999767541885 37.799999624490738 24.499999850988388 21.69999971985817 25.499999910593033 22.399999886751175 28.699999511241913 34.599999934434891 24.99999988079071 16.800000250339508
leaf_count=41 58 42 40 72 68 68 42 47 73 69 45 63 44 34 48 41 41 67 46 42
internal_value=-0.00361555 0.00174176 -0.0314965 -0.00278059 0.00740223 0.0162944 -0.00792952 -0.0114074 -0.00691193 0.0164763 0.0239234 -0.0126047 -0.00664671 -0.0149153 0.00609398 -0.0298627 0.00347092 -0.0432785 0.035214 -0.0476654
internal_weight=607.1 518.2 88.9 395.6 133.2 98.5 262.4 223.1 179.4 122.6 83.6 121.3 83.5 59 58.1 43.7 53.3 72.9 51.4 51.4
internal_count=1091 901 190 683 219 151 464 392 309 218 149 214 151 107 95 83 83 150 91 109
cat_boundaries=0 1 2 3
cat_threshold=1 197060 4
is_linear=0
shrinkage=0.05


Tree=30
num_leaves=20
num_cat=2
split_feature=51 42 10 38 51 10 24 11 32 42 12 44 58 68 57 68 68 45 45
split_gain=41.2533 18.0125 11.0737 9.56905 9.11836 7.50723 6.71565 7.62779 6.99447 6.03073 5.1776 6.15146 4.69327 3.91152 2.60559 2.53427 3.27342 1.76956 0.23221
threshold=0 0.91605410367240492 251.43000000000004 74.458401360544386 1 227.03500000000003 4295.0000000000009 3667.5700000000002 0.91975103358585863 0.99760694669232519 78.370000000000019 0.06166713921179471 100.86500000000002 67.51100000000001 81.040000000000006 90.440000000000012 42.592000000000006 0.021083570468048953 0.036158210799686001
decision_type=9 2 2 2 9 2 2 2 2 2 2 2 2 2 2 2 2 2 2
left_child=2 4 17 -3 10 15 7 8 9 -5 -2 12 -12 -10 -15 16 -6 -1 -19
right_child=1 3 -4 6 5 -7 -8 -9 13 -11 11 -13 -14 14 -16 -17 -18 18 -20
leaf_value=-0.65495504462419152 0.63353171616054604 -1.9589489834074127 0.034035700526329031 0.67080036971545176 1.0980457081606119 0.0056384058071834893 1.0377579497718785 -1.3800510464231466 -0.6957328252880508 -0.43254245430763949 -0.013687269767643784 0.19640557201206904 -0.20182032761577631 0.088273130670405209 -0.81222397007701019 0.49304959848223295 1.0299999671163491 -1.1869196928600805 -1.843269593105874
leaf_weight=21.599999964237213 36.399999380111694 27.999999701976776 16.000000238418579 40.799999535083771 37.299999505281448 32.700000196695328 36.899999678134918 23.399999767541885 23.399999678134918 44.5999995470047 30.69999971985817 38.599999994039536 26.999999821186066 25.300000041723251 28.599999666213989 28.29999977350235 41.999999821186066 38.899999976158142 17.200000166893005
leaf_count=42 52 46 40 66 58 72 63 39 36 74 52 77 48 52 46 49 78 77 40
internal_value=-0.00318116 0.00252809 -0.0319672 -0.00709163 0.0114652 0.0197272 -0.00363229 -0.00749597 -0.00365704 0.00620609 0.00115627 -0.00482866 -0.0151646 -0.0145537 -0.00714286 0.0275093 0.0320933 -0.0431789 -0.047861
internal_weight=617.7 524 93.7 251 273 140.3 223 186.1 162.7 85.4 132.7 96.3 57.7 77.3 53.9 107.6 79.3 77.7 56.1
internal_count=1107 908 199 422 486 257 376 313 274 140 229 177 100 134 98 185 136 159 117
cat_boundaries=0 1 2
cat_threshold=1 42378
is_linear=0
shrinkage=0.05


Tree=31
num_leaves=22
num_cat=2
split_feature=51 51 15 22 15 15 58 61 31 40 44 58 39 42 68 42 15 42 35 16 13
split_gain=39.883 13.4381 9.55547 9.80357 9.16025 7.69223 5.75332 6.36006 5.60421 4.89469 5.88261 4.48628 4.23575 4.13654 3.74362 3.04965 3.02532 1.90731 1.20357 0.9294 0.024914
threshold=0 1 39.99000000000003 399.99999999999983 35.745000000000012 157.43000000000004 77.045000000000016 4288.9500000000016 532.66500000000008 -29.13557235912754 0.019138077686419005 85.760000000000005 -28.973485774281801 0.93563072719781692 72.138000000000019 0.99804311175383476 36.664999999999999 0.99877794713776724 0.29707711375399953 0.34454690401470883 54.380000000000003
decision_type=9 9 2 2 2 2 2 2 2 2 2 2 2 2 2 2 2 2 2 2 2
left_child=5 2 3 4 -2 18 13 9 19 11 -11 -8 -13 -3 -10 16 -14 -12 -1 -5 -20
right_child=1 6 -4 8 -6 -7 7 -9 14 10 17 12 15 -15 -16 -17 -18 -19 20 -21 -22
leaf_value=-1.0801418963050116 -0.47346054301155505 0.60185513035251859 -0.48626655396215812 0.93027789075092437 0.66953823770007981 -0.30032385835704628 -0.5885908824092887 0.68615733938039591 0.9764281516057971 -0.102196723318648 -0.24147912448938805 -0.55441993735484874 -0.4179293425919326 -0.26735478929380391 0.24364694081522842 0.23785456089028045 0.37690600719551526 -1.4098331873384642 -1.1636675777755661 1.6992856741724311 -2.1941528781382167
leaf_weight=19.700000047683716 34.799999892711639 31.099999725818634 31.599999934434891 23.099999696016312 44.499999612569809 24.50000011920929 20.39999994635582 33.099999576807022 34.499999463558197 30.299999803304672 25.199999839067459 34.599999755620956 25.999999761581421 24.699999898672104 31.899999469518661 27.79999965429306 25.499999821186066 24.499999761581421 28.299999952316284 25.300000041723251 16.300000220537186
leaf_count=41 66 53 61 36 76 53 39 52 51 54 45 61 44 46 46 44 45 41 55 52 40
internal_value=-0.00274405 0.00269994 0.0116886 0.0163575 0.00283733 -0.0318826 -0.0041507 -0.00755861 0.0256969 -0.0107093 -0.0205 -0.00487714 -0.00100966 0.0102151 0.0162651 0.00535939 -0.00184466 -0.0310865 -0.0445568 0.0386364 -0.0491031
internal_weight=617.7 528.9 225.7 194.1 79.3 88.8 303.2 247.4 114.8 214.3 80 134.3 113.9 55.8 66.4 79.3 51.5 49.7 64.3 48.4 44.6
internal_count=1101 912 388 327 142 189 524 425 185 373 140 233 194 99 97 133 89 86 136 88 95
cat_boundaries=0 1 2
cat_threshold=1 217412
is_linear=0
shrinkage=0.05


Tree=32
num_leaves=22
num_cat=1
split_feature=46 10 45 15 14 19 71 57 32 43 31 19 10 13 62 71 45 35 63 10 59
split_gain=39.2354 12.3517 11.4817 10.5879 14.8227 10.6692 8.98728 10.9907 8.19679 6.93213 6.60856 5.88168 3.96104 3.69398 3.32313 2.6684 2.39706 2.32116 2.1639 1.89795 0.172066
threshold=0 276.82000000000011 0.015934767739884254 35.745000000000012 126.60500000000003 415.00000000000006 -23.106851794427261 80.090000000000018 0.85530819263683033 0.87750266803436971 208.535 305.00000000000006 205.23500000000004 26.930000000000003 3743.8700000000003 -25.957347132855908 0.025451032908939904 0.3039401875301741 0.84633659841810138 216.86500000000004 1402.6300000000003
decision_type=1 2 2 2 2 2 2 2 2 2 2 2 2 2 2 2 2 2 2 2 2
left_child=2 3 14 5 6 9 7 13 -7 10 17 -6 -9 -5 -1 -13 -15 -2 -8 20 -4
right_child=1 -3 19 4 11 8 18 12 -10 -11 -12 15 -14 16 -16 -17 -18 -19 -20 -21 -22
leaf_value=-0.41242442744910124 0.72053941791698584 -1.4826320534351716 -1.7912159978786517 1.9490966588043961 0.50688190344569795 1.0439792611957814 0.89533955676488264 -0.47523809972756653 -0.038717189966533283 -1.0438232296619603 -0.73745721630274597 -0.90289982335366514 0.10795015309794281 0.22596183284576626 0.12911520950981911 0.05145767992990713 1.2776459628911205 -0.025366443393405547 1.2311376633509412 -0.66599931097413434 -1.2106626812703736
leaf_weight=25.099999815225601 33.000000089406967 29.400000393390656 18.400000184774399 25.999999672174454 26.500000059604645 28.69999960064888 22.300000041723251 24.299999624490738 30.099999487400055 30.799999743700027 22.799999713897705 47.899999260902405 26.600000083446503 24.099999845027924 18.60000005364418 38.799999415874481 21.89999994635582 24.299999892711639 41.299999296665192 16.900000184774399 34.799999713897705
leaf_count=44 69 72 43 41 55 44 46 36 43 53 36 71 56 43 39 58 42 45 59 40 60
internal_value=-0.00310153 0.00314465 -0.0282714 0.00517682 0.0108275 -0.00480259 0.0194906 0.0115948 0.012415 -0.0139315 -0.00617978 -0.00344523 -0.0061886 0.0241667 -0.0106407 -0.00974625 0.0156522 0.00287958 0.0347484 -0.0432953 -0.0479323
internal_weight=612.6 498.8 113.8 469.4 299.7 169.7 186.5 122.9 58.8 110.9 80.1 113.2 50.9 72 43.7 86.7 46 57.3 63.6 70.1 53.2
internal_count=1095 869 226 797 507 290 323 218 87 203 150 184 92 126 83 129 85 114 105 143 103
cat_boundaries=0 1
cat_threshold=1
is_linear=0
shrinkage=0.05


Tree=33
num_leaves=21
num_cat=1
split_feature=46 24 16 10 18 15 14 22 68 30 19 45 37 12 25 38 68 39 57 22
split_gain=37.1411 12.1971 13.1316 11.7063 10.2256 8.85639 11.4521 10.9047 7.32338 6.86211 6.44069 5.25792 3.46266 3.42148 3.3865 3.09189 2.79895 2.5488 1.52769 0.74134
threshold=0 4325.0000000000009 0.59951884522854859 247.43500000000003 5035.0000000000009 35.745000000000012 126.60500000000003 480.00000000000017 78.751000000000019 8.3750000000000018 425.00000000000006 0.016245452054601105 0.037659671649574906 79.120000000000019 479.99999999999983 208.03887755102008 50.809500000000007 -27.198497131221721 91.475000000000009 225.00000000000003
decision_type=1 2 2 2 2 2 2 2 2 2 2 2 2 2 2 2 2 2 2 2
left_child=3 2 5 11 18 7 8 9 13 12 14 -1 -2 -7 -8 -12 -15 -10 -3 -13
right_child=1 4 -4 -5 -6 6 10 -9 17 -11 15 19 -14 16 -16 -17 -18 -19 -20 -21
leaf_value=-0.36979249772471584 0.0085937957282183671 1.0919741875336939 -2.8741584051201614 0.027177668683872371 -0.061771693276840269 1.1125094180901429 -0.049277028178544673 0.30374434900370562 -0.037269927466434892 -0.84845735036536718 -0.68439429002246044 -1.1780988760026181 -0.14534213878949523 0.45853539028252333 0.68246513339385195 -0.4960474689947727 1.2318689580772919 0.30697454727689932 1.4886306613311135 -1.1119509770852321
leaf_weight=32.599999725818634 27.699999898672104 21.899999856948853 35.100000143051147 21.400000274181366 25.599999755620956 41.299999386072159 23.599999725818634 47.199999362230301 22.999999940395355 36.599999606609344 29.899999529123306 19.300000220537186 40.099999815225601 30.299999535083771 26.000000029802322 27.699999541044235 28.099999815225601 23.499999791383743 18.200000137090683 40.299999862909317
leaf_count=56 52 39 75 52 43 62 38 73 44 60 44 46 74 45 53 40 50 40 41 76
internal_value=-0.00263158 0.00335401 0.000420359 -0.0271845 0.023516 0.00296296 0.00868193 -0.00659631 0.0177839 -0.015613 -0.00373134 -0.0373102 -0.00619469 0.0254263 0.00947581 -0.0151042 0.017637 0.00139785 0.0392768 -0.0461409
internal_weight=619.4 505.8 440.1 113.6 65.7 405 253.4 151.6 146.2 104.4 107.2 92.2 67.8 99.7 49.6 57.6 58.4 46.5 40.1 59.6
internal_count=1103 873 750 230 123 675 416 259 241 186 175 178 126 157 91 84 95 84 80 122
cat_boundaries=0 1
cat_threshold=1
is_linear=0
shrinkage=0.05


Tree=34
num_leaves=22
num_cat=2
split_feature=51 15 51 10 15 25 14 21 43 30 44 22 15 22 32 21 10 29 31 15 36
split_gain=40.2788 14.0872 13.6579 11.1185 8.21377 11.3576 7.97171 6.49379 6.00816 4.65198 4.50472 4.297 5.16464 3.96649 3.55752 3.14463 4.40305 2.28625 1.88626 1.29571 0.311522
threshold=0 76.935000000000016 1 243.51000000000002 35.745000000000012 630.00000000000023 126.60500000000003 3485.0000000000005 0.88398066482023674 -0.55999999999994532 0.048057839523674456 399.99999999999983 37.585000000000001 405.00000000000006 0.90869768665381001 3565.0000000000005 207.57000000000002 -80.230000000000004 -127.72499999999989 127.01000000000003 0.027922499770045701
decision_type=9 2 9 2 2 2 2 2 2 2 2 2 2 2 2 2 2 2 2 2 2
left_child=3 2 11 19 5 8 10 9 17 -3 13 12 -2 -6 -8 16 -13 18 -4 20 -1
right_child=1 7 4 -5 6 -7 14 -9 -10 -11 -12 15 -14 -15 -16 -17 -18 -19 -20 -21 -22
leaf_value=-1.259583166818081 -0.20970068558031799 -0.45568682052958531 -0.076320152549541484 0.0040863916411186807 0.31001967875002379 0.11848256623225312 0.12728536047041458 0.12625159905738245 -1.023746596193752 -2.8619443085637659 0.14475765585054107 0.99131916872394754 1.0938915591746607 1.1702755101734277 -0.82310855097203417 1.2484596431064461 0.025633332030393776 -0.70757055564172411 0.13112871838566917 -0.51590344083971351 -0.95743593048404552
leaf_weight=19.000000059604645 33.999999791383743 18.300000160932541 18.999999970197678 17.200000256299973 34.199999749660492 26.399999678134918 39.499999493360519 24.800000011920929 28.499999731779099 23.599999815225601 39.999999791383743 27.099999576807022 33.299999892711639 42.499999403953552 33.299999624490738 23.999999821186066 24.599999785423279 24.299999624490738 22.600000023841858 19.099999994039536 36.500000029802322
leaf_count=40 61 42 37 43 60 42 62 50 48 41 73 40 63 65 54 42 42 36 46 38 74
internal_value=-0.0028931 0.00273585 0.00594529 -0.0316306 -0.000234155 -0.0104305 0.0062533 -0.0186657 -0.0185381 -0.0306683 0.014353 0.0181046 0.0101783 0.0214472 -0.00673077 0.0275429 0.0205996 -0.0102428 -0.003125 -0.0434316 -0.0472973
internal_weight=611.8 520 453.3 91.8 310.3 120.8 189.5 66.7 94.4 41.9 116.7 143 67.3 76.7 72.8 75.7 51.7 65.9 41.6 74.6 55.5
internal_count=1099 904 771 195 523 209 314 133 167 83 198 248 124 125 116 124 82 119 83 152 114
cat_boundaries=0 1 2
cat_threshold=1 202820
is_linear=0
shrinkage=0.05


end of trees

feature_importances:
base_cut_gap=66
base_cons=37
curr_vowel_len_ms=37
base_cons_gap=36
vowel_class=34
base_cutoff_to_next_anchor_ms=22
db_mean=22
spectral_flux_mean=21
words_vs_alias_score_margin=21
energy_min=20
curr_phone_len_ms=19
zcr_mean=19
f0_voicing_mean=17
next_base_pre=17
base_pre=16
base_pre_to_expected_ms=16
prev_base_offset=16
base_ovl_ratio=13
syllable_len_ms=13
db_min=13
curr_vowel_end_ms=12
energy_mean=12
row_ratio_in_wav=11
energy_slope_pre=11
valley_dist_from_cutoff_ms=11
mapping_confidence=11
base_cutoff_abs=10
syllable_start_ms=10
voicing_class=10
prev_base_cutoff_abs=10
base_ovl=9
next_base_offset=9
base_offset_to_expected_ms=8
next_base_cutoff_abs=8
f0_voicing_near_pre=7
is_diphthong=7
prev_base_pre=7
curr_phone_end_ms=6
valley_energy=5
onset_class=5
curr_phone_start_ms=4
next_phone_gap_ms=4
energy_slope_post=4
row_index_in_wav=3
syllable_end_ms=3
is_tense=3
local_peak_db=3
local_valley_db=3
alias_type=1
wav_duration_ms=1
base_offset=1
curr_vowel_start_ms=1
expected_anchor_ms=1
prev_alias_type=1
used_exact_vowel_fix=1

parameters:
[boosting: gbdt]
[objective: regression_l1]
[metric: l1]
[tree_learner: serial]
[device_type: cpu]
[data_sample_strategy: bagging]
[data: ]
[valid: ]
[num_iterations: 500]
[learning_rate: 0.05]
[num_leaves: 31]
[num_threads: 0]
[seed: 0]
[deterministic: 0]
[force_col_wise: 0]
[force_row_wise: 0]
[histogram_pool_size: -1]
[max_depth: -1]
[min_data_in_leaf: 40]
[min_sum_hessian_in_leaf: 0.001]
[bagging_fraction: 0.85]
[pos_bagging_fraction: 1]
[neg_bagging_fraction: 1]
[bagging_freq: 1]
[bagging_seed: 3]
[bagging_by_query: 0]
[feature_fraction: 0.85]
[feature_fraction_bynode: 1]
[feature_fraction_seed: 2]
[extra_trees: 0]
[extra_seed: 6]
[early_stopping_round: 0]
[early_stopping_min_delta: 0]
[first_metric_only: 0]
[max_delta_step: 0]
[lambda_l1: 0]
[lambda_l2: 0]
[linear_lambda: 0]
[min_gain_to_split: 0]
[drop_rate: 0.1]
[max_drop: 50]
[skip_drop: 0.5]
[xgboost_dart_mode: 0]
[uniform_drop: 0]
[drop_seed: 4]
[top_rate: 0.2]
[other_rate: 0.1]
[min_data_per_group: 100]
[max_cat_threshold: 32]
[cat_l2: 10]
[cat_smooth: 10]
[max_cat_to_onehot: 4]
[top_k: 20]
[monotone_constraints: ]
[monotone_constraints_method: basic]
[monotone_penalty: 0]
[feature_contri: ]
[forcedsplits_filename: ]
[refit_decay_rate: 0.9]
[cegb_tradeoff: 1]
[cegb_penalty_split: 0]
[cegb_penalty_feature_lazy: ]
[cegb_penalty_feature_coupled: ]
[path_smooth: 0]
[interaction_constraints: ]
[verbosity: -1]
[saved_feature_importance_type: 0]
[use_quantized_grad: 0]
[num_grad_quant_bins: 4]
[quant_train_renew_leaf: 0]
[stochastic_rounding: 1]
[linear_tree: 0]
[max_bin: 255]
[max_bin_by_feature: ]
[min_data_in_bin: 3]
[bin_construct_sample_cnt: 200000]
[data_random_seed: 1]
[is_enable_sparse: 1]
[enable_bundle: 1]
[use_missing: 1]
[zero_as_missing: 0]
[feature_pre_filter: 1]
[pre_partition: 0]
[two_round: 0]
[header: 0]
[label_column: ]
[weight_column: ]
[group_column: ]
[ignore_column: ]
[categorical_feature: 0,1,2,3,46,47,50,51,52,53,55,56,70]
[forcedbins_filename: ]
[precise_float_parser: 0]
[parser_config_file: ]
[objective_seed: 5]
[num_class: 1]
[is_unbalance: 0]
[scale_pos_weight: 1]
[sigmoid: 1]
[boost_from_average: 1]
[reg_sqrt: 0]
[alpha: 0.9]
[fair_c: 1]
[poisson_max_delta_step: 0.7]
[tweedie_variance_power: 1.5]
[lambdarank_truncation_level: 30]
[lambdarank_norm: 1]
[label_gain: ]
[lambdarank_position_bias_regularization: 0]
[eval_at: ]
[multi_error_top_k: 1]
[auc_mu_weights: ]
[num_machines: 1]
[local_listen_port: 12400]
[time_out: 120]
[machine_list_filename: ]
[machines: ]
[gpu_platform_id: -1]
[gpu_device_id: -1]
[gpu_use_dp: 0]
[num_gpu: 1]

end of parameters

pandas_categorical:[["korean"], ["cvvc"], ["cv", "cv_head", "vc", "vcv", "vv"], ["cv", "cv_glide", "cv_head", "cv_head_glide", "vc_other", "vc_sonorant", "vcv", "vv"], ["other", "plosive", "sibilant", "sonorant"], ["unknown", "voiced", "voiceless"], ["liquid", "nasal", "none", "other"], ["", "a", "e", "eo", "eu", "eui", "i", "o", "u", "wa", "we", "weo", "wi", "ya", "ye", "yeo", "yo", "yu"], ["head", "mid", "tail"], ["", "vc", "vcv", "vv"], ["", "br", "cv", "cv_head", "vc", "vcv", "vv"], [""], ["unknown"]]
