tree
version=v4
num_class=1
num_tree_per_iteration=1
label_index=0
max_feature_idx=74
objective=regression_l1
feature_names=language format_type alias_type alias_group row_index_in_wav row_ratio_in_wav is_head_row is_tail_row wav_duration_ms base_offset base_cons base_cutoff_abs base_pre base_ovl base_cons_gap base_cut_gap base_ovl_ratio curr_phone_start_ms curr_phone_end_ms curr_phone_len_ms curr_vowel_start_ms curr_vowel_end_ms curr_vowel_len_ms syllable_start_ms syllable_end_ms syllable_len_ms prev_phone_gap_ms next_phone_gap_ms expected_anchor_ms base_offset_to_expected_ms base_pre_to_expected_ms base_cutoff_to_next_anchor_ms energy_mean energy_min energy_max energy_slope_pre energy_slope_post valley_energy valley_dist_from_cutoff_ms db_mean db_min db_silence_ratio f0_voicing_mean f0_voicing_near_pre zcr_mean spectral_flux_mean onset_class voicing_class is_tense is_diphthong coda_type vowel_class mora_position bridge_type is_nasal_or_sonorant prev_alias_type next_alias_type prev_base_pre next_base_pre prev_base_offset next_base_offset prev_base_cutoff_abs next_base_cutoff_abs mapping_confidence used_alias_occurrence_mapping used_exact_vowel_fix used_nuclei_fallback used_alias_based_syllables words_vs_alias_score_margin jump_blocked_flag mapping_reason_code local_peak_db local_valley_db mel_window_energy_mean mel_window_silence_ratio
feature_infos=none none -1:0:1 -1:1:4:2:3:0 [0:15] [0:1] [0:1] [0:1] [4246.3492063492067:5999.4557823129253] [437.62:5055.7399999999998] [72.219999999999999:348.10000000000002] [659.04999999999995:5194.2600000000002] [44.810000000000002:259.43000000000001] [30.82:243.63999999999999] [5.8899999999999864:144.82999999999998] [0.0099999999999908998:87.190000000000026] [0.64979970482816785:0.99848366870210237] [510:5080] [540:5610] [26.670000000000076:3560] [510:5080] [540:5610] [26.670000000000076:3560] [510:5060] [540:5610] [26.670000000000076:3560] [0:1500] [0:2480] [510:5080] [-254.15999999999983:32.980000000000018] [-15.210000000000036:238.58999999999992] [-3956.1100000000006:3465.5999999999999] [0:1] [0:1] [0:1] [-0.95990983777865624:1] [-0.94436101442980125:0.94564252751621181] [0:1] [-32.843287981859248:269.56034013605449] [-57.01215422669997:0] [-84.736912362756186:0] none [0:1] [0:1] [0:0.52457757296466978] [0:0.17405711413325689] -1:1:3:2:0 -1:0:1:2 none none none -1:0:4:2:1:3:5:6 -1:1:2:0 -1:0:1 [0:1] -1:3:4:1:0:2 none [0:325.13] [0:325.13] [0:5020] [0:5047.9200000000001] [0:5209.0100000000002] [0:5382.9700000000003] [0.76018922866250027:1] none [0:1] none none [-25.415999999999983:2356.614] none none [-57.01215422669997:0] [-84.736912362756186:0] [0:1] none
tree_sizes=2689 2704 2736 2718 2732 2734 2719 2718 2732 2736 2689 2708 2744 2683 2715 2705 2738 2725 2719 2730 2728 2736 2725 2740 2705 2696 2745 2720

Tree=0
num_leaves=31
num_cat=1
split_feature=62 25 16 11 30 34 10 5 31 9 11 30 25 21 8 18 5 5 17 14 4 34 5 11 25 18 9 31 40 2
split_gain=259.279 149.038 174.797 105.135 66.1823 59.3633 86.377 52.6941 46.9432 42.6244 28.9783 19.664 16.9564 15.4822 15.2879 23.7062 11.6999 10.781 43.6971 9.996 17.7202 8.71111 5.90997 15.4581 4.11624 3.55368 1.56125 1.40488 1.13071 0.940206
threshold=1633.3050000000001 890.00000000000034 0.85638305456878128 4340.5000000000009 45.960000000000043 0.94816321163152117 95.750000000000014 0.095454545454545472 336.33499999999987 3032.5700000000002 2365.1600000000003 70.260000000000005 84.999999999999787 1965.0000000000002 4664.6031746031758 2595.0000000000005 0.78888888888888908 0.4494949494949495 2555.0000000000005 7.4199999999999955 6.5000000000000009 0.7612783104792652 0.4494949494949495 1408.2750000000003 575.00000000000011 4145.0000000000009 2882.7800000000002 18.794999999999849 -29.829240352940904 0
decision_type=2 2 2 2 2 2 2 2 2 2 2 2 2 2 2 2 2 2 2 2 2 2 2 2 2 2 2 2 2 1
left_child=3 2 4 7 -2 6 21 -1 14 22 -10 -6 -9 -7 -8 -16 29 24 -19 -20 26 -4 23 -3 28 27 -21 -14 -15 -17
right_child=1 9 5 -5 11 13 8 12 10 -11 -12 -13 25 17 15 16 -18 18 19 20 -22 -23 -24 -25 -26 -27 -28 -29 -30 -31
leaf_value=-35.79597625732422 -40.715750885009768 -16.540251159667967 -22.098751068115234 -39.467751312255857 -20.481501007080077 -34.09325122833252 -38.83125114440918 -17.100951385498046 -20.592401123046876 -34.524826049804688 -38.630251312255858 -18.31187629699707 -16.540251159667967 -37.917751312255859 -24.16470127105713 -42.540251159667967 -40.430851364135741 -20.019701385498045 -42.540251159667967 -38.142951202392581 -33.942826271057129 -22.239250946044919 -16.540251159667967 -21.814676284790039 -41.864350891113283 -16.540251159667967 -36.854801177978516 -16.540251159667967 -42.150350952148436 -39.469300842285158
leaf_weight=54 61 46 45 42 123 44 90 55 77 78 45 50 40 41 58 57 42 40 111 45 46 45 85 40 41 42 61 288 180 40
leaf_count=54 61 46 45 42 123 44 90 55 77 78 45 50 40 41 58 57 42 40 111 45 46 45 85 40 41 42 61 288 180 40
internal_value=-31.095 -31.105 -31.1116 -31.0644 -31.0724 -31.1199 -31.1071 -31.0577 -31.1169 -31.0695 -31.0909 -31.0566 -31.0518 -31.1304 -31.1279 -31.1201 -31.1313 -31.1326 -31.1262 -31.1336 -31.1253 -31.0628 -31.0555 -31.0648 -31.14 -31.048 -31.1365 -31.0462 -31.1427 -31.1409
internal_weight=2112 1591 1342 521 234 1108 499 479 409 249 122 173 425 609 287 197 139 565 303 263 152 90 171 86 262 370 106 328 221 97
internal_count=2112 1591 1342 521 234 1108 499 479 409 249 122 173 425 609 287 197 139 565 303 263 152 90 171 86 262 370 106 328 221 97
cat_boundaries=0 1
cat_threshold=1
is_linear=0
shrinkage=1


Tree=1
num_leaves=31
num_cat=2
split_feature=60 13 31 11 68 47 25 29 4 61 9 57 8 11 19 4 57 4 10 19 63 30 47 21 9 57 16 57 34 59
split_gain=269.436 154.651 133.996 111.933 83.2306 42.3894 45.1836 31.5646 32.6054 76.8 31.2484 23.3133 35.1543 65.4818 16.6273 16.5833 16.0191 15.5281 15.4636 12.1814 10.4108 7.16555 4.77374 4.19117 4.08637 3.77773 2.77966 2.63377 2.51263 1.69501
threshold=1252.9250000000002 78.135000000000005 529.21000000000038 4323.6150000000007 68.109000000000023 0 745.00000000000011 -12.265000000000098 8.5000000000000018 3271.1200000000003 2925.3800000000006 100.70500000000003 4320.0453514739238 2311.4450000000002 404.99999999999983 3.5000000000000004 47.980000000000011 3.5000000000000004 121.99500000000002 535.00000000000011 0.89904109022878342 64.529999999999873 1 2015.0000000000002 3110.3400000000006 108.48 0.89651115183542984 91.465000000000018 0.99682817302958526 1624.5600000000002
decision_type=2 2 2 2 2 1 2 2 2 2 2 2 2 2 2 2 2 2 2 2 2 2 1 2 2 2 2 2 2 2
left_child=3 4 7 17 5 6 14 8 11 -10 16 22 25 -14 15 -2 -4 18 -1 28 -11 -7 -3 -24 -6 -13 -18 -16 -15 -25
right_child=1 2 10 -5 24 21 -8 -9 9 20 -12 12 13 19 27 -17 26 -19 -20 -21 -22 -23 23 29 -26 -27 -28 -29 -30 -31
leaf_value=8.8392055511474616 -9.0919873714447021 -10.892482452392578 5.6130938339233403 -7.7758624649047849 9.1220063781738272 7.6970753860473637 13.827012557983398 8.4043161392211925 11.259612693786622 -10.872987442016601 -10.872987442016601 -7.4069876480102543 13.827012557983398 -9.5604850006103526 -10.872987442016601 6.1394738006591796 13.827012557983398 13.827012557983398 13.827012557983398 -1.0315624237060548 -10.872987442016601 11.692850227355958 -7.3532012176513675 -10.73480854034424 11.08172504425049 -7.1976587390899658 13.827012557983398 -7.0866336059570321 -7.7633328247070317 -10.872987442016601
leaf_weight=66 61 40 46 43 110 41 77 40 45 41 45 41 40 41 40 60 41 275 63 41 49 42 73 126 46 88 59 44 43 220
leaf_count=66 61 40 46 43 110 41 77 40 45 41 45 41 40 41 40 60 41 275 63 41 49 42 73 126 46 88 59 44 43 220
internal_value=-0.000742693 -0.010122 -0.0205987 0.0336689 0.01238 -0.000684932 -0.00992908 -0.0284483 -0.0304054 -0.00777778 0.0175393 -0.0344622 -0.0234694 -0.00818182 -0.0221951 -0.0103306 0.0287671 0.0418317 0.0275194 -0.026 -0.0344444 0.0307229 -0.0415033 -0.0430788 0.0429487 -0.0430233 0.04 -0.0392857 -0.0369048 -0.0453757
internal_weight=2087 1640 1119 447 521 365 282 928 888 135 191 753 294 165 205 121 146 404 129 125 90 83 459 419 156 129 100 84 84 346
internal_count=2087 1640 1119 447 521 365 282 928 888 135 191 753 294 165 205 121 146 404 129 125 90 83 459 419 156 129 100 84 84 346
cat_boundaries=0 1 2
cat_threshold=1 4
is_linear=0
shrinkage=0.05


Tree=2
num_leaves=31
num_cat=1
split_feature=60 13 25 11 68 19 9 29 47 4 61 24 18 68 14 4 57 10 29 10 54 62 37 19 31 58 29 30 22 57
split_gain=259.52 160.92 152.416 112.171 79.1055 42.2101 38.9085 35.0042 34.8673 27.5002 84.6801 27.447 18.4696 17.3831 34.9058 14.6805 14.261 11.5848 9.22899 8.45 7.93428 5.6235 5.17562 3.10398 2.58592 1.95679 1.91041 1.25 1.23198 0.916372
threshold=1252.9250000000002 78.135000000000005 745.00000000000011 4340.5000000000009 56.479500000000016 905.00000000000011 3483.0600000000004 -12.265000000000098 0 8.5000000000000018 3271.1200000000003 1735.0000000000002 2585.0000000000005 21.839000000000002 9.0499999999999972 4.5000000000000009 45.815000000000005 121.99500000000002 -20.009999999999987 95.100000000000009 1.0000000180025095e-35 3693.8100000000004 0.50879037422689499 1175.0000000000002 187.77499999999989 50.380000000000003 -34.219999999999906 41.860000000000021 275.00000000000006 89.780000000000015
decision_type=2 2 2 2 2 2 2 2 1 2 2 2 2 2 2 2 2 2 2 2 2 2 2 2 2 2 2 2 2 2
left_child=3 4 7 15 5 8 16 9 12 11 -11 -3 19 14 -13 17 -4 -1 24 -2 22 -14 -16 -18 -6 27 -17 -15 -24 -27
right_child=1 2 6 -5 18 -7 -8 -9 -10 10 -12 13 21 25 20 26 23 -19 -20 -21 -22 -23 28 -25 -26 29 -28 -29 -30 -31
leaf_value=9.2335523414611824 4.2734004020690923 -0.81450921916961672 8.4003626880645754 -7.743569585800171 7.8455874938964847 13.135661930084229 -7.8106336650848398 7.2903193283081054 9.7839332332611093 10.564997051239013 -10.329338069915773 8.0486066188812266 -10.329338069915773 -9.2374632129669205 -4.9558500506877898 13.135661930084229 11.670612186431885 13.135661930084229 9.9157183189392093 -3.6001194460392001 -6.9160741615295409 -6.9219632663726802 -10.355742025375367 13.135661930084229 9.2455884685516363 -10.329338069915773 13.135661930084229 -10.347858329772951 -6.079901734352112 -7.630329732418061
leaf_weight=69 40 58 43 41 40 73 76 48 46 42 64 60 75 40 60 44 71 62 52 40 57 48 41 44 102 191 232 40 132 69
leaf_count=69 40 58 43 41 40 73 76 48 46 42 64 60 75 40 60 44 71 62 52 40 57 48 41 44 102 191 232 40 132 69
internal_value=-4.7619e-05 -0.00920097 -0.0197183 0.0337054 0.0139535 -0.00124224 0.0162393 -0.0290466 -0.0110442 -0.0313817 -0.00754717 -0.0347594 -0.0199507 -0.0375362 -0.0297143 0.0416462 0.0303797 0.0278626 0.0391753 -0.00125 -0.0368966 -0.0321138 -0.0409871 0.0395652 0.0457746 -0.0455882 0.0481884 -0.03875 -0.0453757 -0.0476923
internal_weight=2100 1652 1136 448 516 322 234 902 249 854 106 748 203 690 350 407 158 131 194 80 290 123 233 115 142 340 276 80 173 260
internal_count=2100 1652 1136 448 516 322 234 902 249 854 106 748 203 690 350 407 158 131 194 80 290 123 233 115 142 340 276 80 173 260
cat_boundaries=0 1
cat_threshold=1
is_linear=0
shrinkage=0.05


Tree=3
num_leaves=31
num_cat=0
split_feature=60 16 31 11 5 11 14 9 29 5 59 4 57 21 61 4 16 14 58 59 29 60 12 40 30 29 22 35 44 10
split_gain=250.069 147.586 185.208 114.074 59.4969 149.229 66.5909 49.3603 47.5811 35.7788 53.3482 58.2073 22.9576 20.8458 19.127 16.4638 15.5421 12.0055 6.7894 9.87465 4.37589 4.90147 3.00583 2.50976 2.2655 1.6811 1.46279 1.37786 0.670701 0.658888
threshold=1252.9250000000002 0.85638305456878128 529.21000000000038 4340.5000000000009 0.38750000000000007 2385.5050000000006 50.535000000000018 2925.3800000000006 -37.254999999999875 0.80909090909090919 3558.4050000000007 7.5000000000000009 47.980000000000011 1745.0000000000002 3174.5200000000004 4.5000000000000009 0.88247195138488099 8.8500000000000032 110.38000000000001 2331.9800000000005 -37.075000000000266 2172.4500000000003 105.59000000000002 -14.069160166590105 13.790000000000079 -34.219999999999906 485.00000000000006 -0.010582905829285049 0.02841928147685065 159.62000000000003
decision_type=2 2 2 2 2 2 2 2 2 2 2 2 2 2 2 2 2 2 2 2 2 2 2 2 2 2 2 2 2 2
left_child=3 8 4 15 13 6 -6 12 -2 17 11 -11 -4 -3 27 16 -1 28 19 -19 29 -22 -18 -12 -14 -17 -20 -10 -7 -15
right_child=1 2 7 -5 5 9 -8 -9 14 10 23 -13 24 20 -16 25 22 18 26 -21 21 -23 -24 -25 -26 -27 -28 -29 -30 -31
leaf_value=5.9323791997909545 -7.6827628561973569 -4.5188154821872715 2.4659421546459201 -7.6617160424232482 8.3569258424282094 -9.812871166419983 -2.9698342676162723 -9.8119451534271249 9.8726095822334301 -4.7080344457626344 -9.812871166419983 11.105212386798859 12.478878833580019 -7.7854979580879222 10.202377137660982 12.478878833580019 12.478878833580019 -5.6837510989665994 -6.6312401968956003 -2.0533903922557832 -7.7677737855911264 -9.8358206493377693 12.478878833580019 -9.812871166419983 12.478878833580019 12.478878833580019 -5.0821699966490277 8.6422225955009448 -9.812871166419983 -6.9285234139919289
leaf_weight=41 69 69 44 42 112 40 53 57 67 41 40 69 63 172 42 49 52 42 42 41 57 66 41 42 96 229 52 94 117 60
leaf_count=41 69 69 44 42 112 40 53 57 67 41 40 69 63 172 42 49 52 42 42 41 57 66 41 42 96 229 52 94 117 60
internal_value=0.000404569 -0.00865209 -0.0153091 0.0332599 -0.0241704 -0.015123 0.0263636 0.0226923 0.025 -0.0281369 -0.0109375 0.0118182 0.0342365 -0.0389151 0.0371921 0.0412621 0.0268657 -0.038024 -0.029096 -0.0186747 -0.0438028 -0.0361789 0.038172 -0.0414634 0.0430818 0.0482014 -0.0382979 0.0450311 -0.0480892 -0.0478448
internal_weight=2101 1647 1375 454 1115 691 165 260 272 526 192 110 203 424 203 412 134 334 177 83 355 123 93 82 159 278 94 161 157 232
internal_count=2101 1647 1375 454 1115 691 165 260 272 526 192 110 203 424 203 412 134 334 177 83 355 123 93 82 159 278 94 161 157 232
is_linear=0
shrinkage=0.05


Tree=4
num_leaves=31
num_cat=1
split_feature=62 13 31 9 68 5 19 47 9 5 18 5 25 21 5 4 18 58 61 10 58 31 9 59 62 4 4 29 59 62
split_gain=234.999 139.617 135.344 102.432 86.499 61.4125 44.9306 44.5448 42.7174 36.1376 94.1907 29.8601 17.8407 17.381 15.591 14.7832 42.3208 11.1352 10.0015 6.90183 6.8088 10.9476 5.07335 4.24286 3.10113 1.76683 0.929934 0.556828 0.26087 0.259649
threshold=1624.2300000000002 78.310000000000016 564.04500000000019 4003.1100000000001 68.109000000000023 0.095454545454545472 855.00000000000011 0 2925.3800000000006 0.4494949494949495 2605.0000000000005 0.86190476190476206 115.00000000000001 1965.0000000000002 0.26969696969696971 3.5000000000000004 3350.0000000000005 56.710000000000008 2732.1850000000009 196.94500000000002 90.52500000000002 269.99000000000007 3110.3400000000006 1743.3600000000004 2396.6200000000003 2.5000000000000004 5.5000000000000009 -26.345000000000024 3101.3950000000004 2689.3000000000006
decision_type=2 2 2 2 2 2 2 1 2 2 2 2 2 2 2 2 2 2 2 2 2 2 2 2 2 2 2 2 2 2
left_child=3 4 9 5 6 -1 7 15 14 13 -11 17 -7 -3 -4 23 -17 -12 -8 27 28 26 29 -2 -16 -14 -22 -15 -19 -6
right_child=1 2 8 -5 22 12 18 -9 -10 10 11 -13 25 19 24 16 -18 20 -20 -21 21 -23 -24 -25 -26 -27 -28 -29 -30 -31
leaf_value=-4.2928747080779077 -6.6221194312500957 -5.2412335197353359 7.5175422884583476 -6.4512048557806017 8.5118979431045059 11.602637690362933 11.854934891901017 7.1687274935579302 -8.4936833745384206 8.8744576107907296 -7.8888019632959363 0.86894473086357138 11.854934891901017 -7.649792454698086 11.854934891901017 7.6084477495121963 -9.3222276080989843 -9.3222276080989843 11.440325564537048 -4.3162413967394828 -6.9804054492306706 -2.9193496032997963 9.1228711904668813 -7.7593985734963411 11.854934891901017 11.854934891901017 -4.5877837314677237 -9.3617840924644469 -9.3222276080989843 7.7686478729617594
leaf_weight=57 40 78 43 48 40 56 46 68 46 71 77 75 66 198 42 42 79 40 42 73 47 57 47 44 64 281 40 45 75 74
leaf_count=57 40 78 43 48 40 56 46 68 46 71 77 75 66 198 42 42 79 40 42 73 47 57 47 44 64 281 40 45 75 74
internal_value=0.000309376 -0.00913371 -0.0194678 0.0299213 0.012069 0.0371739 -0.00152355 -0.0115385 0.0182051 -0.0278539 -0.0186722 -0.0278589 0.0440447 -0.0390863 0.0312081 -0.0231707 -0.0119835 -0.0342262 0.0295455 -0.0443038 -0.0391892 -0.0319444 0.0425466 -0.0392857 0.0415094 0.0482709 -0.0431034 -0.0483539 -0.0482609 0.0482456
internal_weight=2101 1593 1071 508 522 460 361 273 195 876 482 411 403 394 149 205 121 336 88 316 259 144 161 84 106 347 87 243 115 114
internal_count=2101 1593 1071 508 522 460 361 273 195 876 482 411 403 394 149 205 121 336 88 316 259 144 161 84 106 347 87 243 115 114
cat_boundaries=0 1
cat_threshold=1
is_linear=0
shrinkage=0.05


Tree=5
num_leaves=31
num_cat=0
split_feature=60 16 31 11 5 11 14 11 29 5 63 21 4 30 16 57 58 23 19 62 29 61 17 62 17 35 18 44 63 34
split_gain=264.583 151.11 188.397 96.9523 48.2512 141.272 64.7404 47.7166 40.6264 30.7701 44.4621 27.3866 22.1101 20.0666 18.6295 18.4067 16.5629 21.0503 8.6331 8.52491 6.92798 5.92648 5.05572 2.62703 2.09604 1.92239 1.33032 1.52459 0.776712 0.566667
threshold=1252.9250000000002 0.85638305456878128 598.75000000000011 4311.0800000000008 0.38750000000000007 2385.5050000000006 50.535000000000018 3156.2100000000005 -37.254999999999875 0.87083333333333346 0.89414996183143236 1745.0000000000002 3.5000000000000004 70.260000000000005 0.88405843617454283 47.980000000000011 53.425000000000004 3085.0000000000005 715.00000000000011 3766.8200000000002 -37.075000000000266 1550.0450000000003 2565.0000000000005 2633.5650000000005 1825.0000000000002 -0.037470538198578242 3515.0000000000005 0.039131125311018554 0.8678106471983128 0.81154570150988226
decision_type=2 2 2 2 2 2 2 2 2 2 2 2 2 2 2 2 2 2 2 2 2 2 2 2 2 2 2 2 2 2
left_child=3 8 4 12 11 6 29 15 -2 16 -11 -3 14 23 -1 -4 17 -7 19 22 25 -22 -18 -10 -17 -13 27 -24 -14 -6
right_child=1 2 7 -5 5 9 -8 -9 13 10 -12 20 28 -15 -16 24 18 -19 -20 -21 21 -23 26 -25 -26 -27 -28 -29 -30 -31
leaf_value=-0.55181434831154341 -6.792311846820593 -3.8949151784613734 4.6650826809425352 -6.9560699975130564 7.2922122267238798 7.8354406469233044 -2.4617343406680821 -7.9324114790897369 8.82122987492615 10.930268804189684 -9.3656748446421627 -8.2313713265239006 11.262188147305967 10.778427973068984 11.262188147305967 11.262188147305967 -4.6080556811805371 -8.9268614969413278 -5.8336376730089485 -4.7161607715112721 -8.8793948847894679 -8.095222610185326 -5.6842370031003959 7.8912819224196085 10.848429807186843 -7.1463606226025824 -8.8561162276940344 -8.8543457238769836 11.262188147305967 9.9121850306610764
leaf_weight=47 71 66 40 40 68 45 61 57 40 50 41 40 40 60 74 79 41 44 42 55 57 66 51 108 78 201 147 40 252 40
leaf_count=47 71 66 40 40 68 45 61 57 40 50 41 40 40 60 74 79 41 44 42 55 57 66 51 108 78 201 147 40 252 40
internal_value=0.000397011 -0.00870853 -0.0153655 0.0343267 -0.0239394 -0.016069 0.0239645 0.023622 0.0249104 -0.0282374 -0.00164835 -0.0372093 0.0415254 0.0360577 0.0235537 0.0352792 -0.0334409 -0.0140449 -0.0380319 -0.0407186 -0.0425824 -0.0329268 -0.0442652 0.0459459 0.0429936 -0.0475104 -0.0470588 -0.0423077 0.0489726 0.0472222
internal_weight=2141 1688 1409 453 1155 725 169 254 279 556 91 430 413 208 121 197 465 89 376 334 364 123 279 148 157 241 238 91 292 108
internal_count=2141 1688 1409 453 1155 725 169 254 279 556 91 430 413 208 121 197 465 89 376 334 364 123 279 148 157 241 238 91 292 108
is_linear=0
shrinkage=0.05


Tree=6
num_leaves=31
num_cat=0
split_feature=60 16 25 11 20 30 18 62 4 61 24 59 16 30 59 32 57 4 9 11 59 59 58 22 58 10 29 8 71 35
split_gain=247.804 137.133 165.015 114.715 73.8759 49.0212 37.5712 115.653 41.2489 105.785 36.7503 45.7251 34.6127 23.29 18.6104 19.3782 17.7458 15.7367 12.371 11.3881 6.53913 6.03651 4.72166 5.65219 4.4492 2.44907 1.86508 1.84481 1.27939 0.60461
threshold=1252.9250000000002 0.85638305456878128 729.99999999999989 4340.5000000000009 3105.0000000000005 39.819999999999943 2585.0000000000005 2576.2450000000003 8.5000000000000018 3356.4700000000007 1745.0000000000002 806.50000000000011 0.88894122017482224 70.260000000000005 1416.4800000000002 0.65385560145793697 44.270000000000003 4.5000000000000009 3932.7800000000002 2264.4050000000007 806.50000000000011 1716.1250000000002 81.445000000000007 385.00000000000006 103.21000000000002 226.60500000000005 -34.219999999999906 5868.7981859410438 -15.560282683940505 0.023125244493756802
decision_type=2 2 2 2 2 2 2 2 2 2 2 2 2 2 2 2 2 2 2 2 2 2 2 2 2 2 2 2 2 2
left_child=3 5 6 17 16 -2 7 10 21 -10 11 -3 -9 -7 24 -16 -4 19 -6 20 -1 -8 23 -23 -12 29 -19 -18 -29 -24
right_child=1 2 4 -5 18 13 8 12 9 -11 14 -13 -14 -15 15 -17 27 26 -20 -21 -22 22 25 -25 -26 -27 -28 28 -30 -31
leaf_value=9.8215995235960563 -6.6680967421164867 -6.7377351679745763 8.1573218390147932 -6.1246914396540051 -1.3896255624562266 7.9341545283026722 -8.7101925701101486 6.8629146438888684 10.297961020306015 -8.6203081891184716 -6.6484389785726741 13.561128520860752 -1.0665660453399433 9.7254162001669986 -5.563455192776507 0.83854770505548437 9.6835289804558897 10.699078739940667 -8.6438018930226335 10.699078739940667 10.699078739940667 -8.5129289078980594 -8.4133104163093329 -8.2553739231894383 -4.4820535639396519 -2.6930500943391635 10.699078739940667 10.699078739940667 10.699078739940667 -5.6756080598839738
leaf_weight=45 77 40 40 42 67 138 55 73 51 77 143 44 50 59 45 55 41 45 44 40 47 53 175 46 44 72 235 65 59 41
leaf_count=45 77 40 40 42 67 138 55 73 51 77 143 44 50 59 45 55 41 45 44 40 47 53 175 46 44 72 235 65 59 41
internal_value=0.000759013 -0.00822249 -0.0146377 0.0334802 0.0170886 0.0240876 -0.0240602 -0.0139676 -0.032807 -0.0078125 -0.0278976 0.00119048 0.0280488 0.0373096 -0.0364111 -0.019 0.034878 0.0415049 -0.0157658 0.0272727 0.0369565 -0.0400452 -0.0422481 -0.0328283 -0.0457219 -0.0454861 0.0482143 0.0421212 0.0451613 -0.0481481
internal_weight=2108 1654 1380 454 316 274 1064 494 570 128 371 84 123 197 287 100 205 412 111 132 92 442 387 99 187 288 280 165 124 216
internal_count=2108 1654 1380 454 316 274 1064 494 570 128 371 84 123 197 287 100 205 412 111 132 92 442 387 99 187 288 280 165 124 216
is_linear=0
shrinkage=0.05


Tree=7
num_leaves=31
num_cat=1
split_feature=60 16 25 11 11 30 12 14 5 11 4 61 20 5 4 10 19 30 11 5 17 58 10 59 21 4 19 35 10 2
split_gain=240.912 144.496 181.278 124.287 63.6961 50.1616 46.9077 78.037 31.2905 111.545 39.2717 107.114 29.2441 27.6991 17.4361 14.693 14.3403 13.7918 11.0184 28.72 11.2959 7.01511 4.80613 4.33133 14.2113 0.785185 0.77234 0.738773 0.211765 0.0791667
threshold=1252.9250000000002 0.85638305456878128 745.00000000000011 4323.6150000000007 3778.1600000000003 42.225000000000144 87.330000000000013 7.8100000000000032 0.48333333333333339 2332.5600000000004 8.5000000000000018 3340.9650000000006 1605.0000000000002 0.15476190476190474 3.5000000000000004 121.99500000000002 385.00000000000006 72.345000000000041 1655.365 0.4494949494949495 2865.0000000000005 53.425000000000004 183.55500000000004 1453.0350000000001 2505.0000000000005 7.5000000000000009 345.00000000000006 1.0000000180025095e-35 154.32000000000002 0
decision_type=2 2 2 2 2 2 2 2 2 2 2 2 2 2 2 2 2 2 2 2 2 2 2 2 2 2 2 2 2 1
left_child=3 5 6 14 18 -2 7 -3 12 -10 21 -12 13 -8 15 -1 -9 -7 -4 -20 28 -11 25 29 -25 -23 -16 -26 -21 -14
right_child=1 2 4 -5 -6 17 8 16 9 10 11 -13 23 -15 26 -17 -18 -19 19 20 -22 22 -24 24 27 -27 -28 -29 -30 -31
leaf_value=7.1021711453101037 -5.8091650508055315 5.9527989279258442 10.164124802943634 -6.8313566479447418 -6.7031851536321412 7.3924117944345742 -6.3135982722467467 -3.179575176734132 8.5254766693196231 -7.8188565834301986 9.4434718060087359 -8.3024389070933697 -7.7398063952932619 10.921138369529267 10.164124802943634 10.164124802943634 -4.9753071011900616 10.474017517742869 -9.6965738093412011 10.258065207132207 12.144932431428247 -8.006711114889745 -2.6364509327853973 -4.1310687305101643 -6.3186956602473323 -8.0981148852704781 10.164124802943634 -7.501782524690416 10.164124802943634 -7.6567029166890652
leaf_weight=65 79 64 67 45 70 132 51 59 59 40 53 67 152 44 40 64 49 51 48 45 45 106 72 40 51 54 242 73 40 40
leaf_count=65 79 64 67 45 70 132 51 59 59 40 53 67 152 44 40 64 49 51 48 45 45 106 72 40 51 54 242 73 40 40
internal_value=0.00116279 -0.00772259 -0.0141469 0.0333333 0.0192063 0.0263359 -0.0239292 0 -0.0284922 -0.0191796 -0.0288265 -0.005 -0.0378049 -0.0131579 0.0419708 0.0267442 -0.0259259 0.0407104 0.0312245 0.0247191 0.0369231 -0.0393382 -0.0426724 -0.044382 -0.0384146 -0.0475 0.0489362 -0.0467742 0.0476471 -0.0494792
internal_weight=2107 1651 1389 456 315 262 1074 172 902 451 392 120 451 95 411 129 108 183 245 178 130 272 232 356 164 160 282 124 85 192
internal_count=2107 1651 1389 456 315 262 1074 172 902 451 392 120 451 95 411 129 108 183 245 178 130 272 232 356 164 160 282 124 85 192
cat_boundaries=0 1
cat_threshold=1
is_linear=0
shrinkage=0.05


Tree=8
num_leaves=31
num_cat=1
split_feature=60 13 25 11 68 47 25 9 5 11 4 61 24 19 4 25 5 61 62 4 30 68 45 30 11 40 34 30 5 30
split_gain=239.804 139.402 150.32 119.904 74.897 39.8811 52.7828 37.8859 33.2373 127.576 40.0272 89.2391 36.8908 25.8273 19.8413 19.3575 16.164 10.3765 7.80966 7.52622 7.2 5.03649 7.13296 4.48076 4.25968 3.51169 3.4823 2.39822 2.33586 1.61699
threshold=1252.9250000000002 78.135000000000005 724.99999999999989 4340.5000000000009 68.109000000000023 0 745.00000000000011 3032.5700000000002 0.48333333333333339 2332.5600000000004 8.5000000000000018 3340.9650000000006 1745.0000000000002 394.99999999999994 3.5000000000000004 84.999999999999787 0.19090909090909094 2732.1850000000009 4242.6950000000006 2.5000000000000004 64.529999999999873 20.187500000000004 0.018208347054460602 69.89500000000011 2834.7600000000007 -23.479342334590388 0.87464828143207451 65.139999999999887 0.78888888888888908 14.445000000000052
decision_type=2 2 2 2 2 1 2 2 2 2 2 2 2 2 2 2 2 2 2 2 2 2 2 2 2 2 2 2 2 2
left_child=3 4 8 15 5 6 13 16 12 -10 24 -12 -3 14 -2 -1 -4 -8 -9 -17 -7 22 27 -6 -11 -18 -15 -14 29 -26
right_child=1 2 7 -5 23 20 17 18 9 10 11 -13 21 26 -16 19 25 -19 -20 -21 -22 -23 -24 -25 28 -27 -28 -29 -30 -31
leaf_value=8.223802945143353 -7.8320494837855179 -0.39208648592579004 4.1673003602958163 -5.9604640932574666 6.6982591587137055 5.1433349163008408 9.6559185627964528 2.0501925293188039 8.0992028358536423 -4.2892246560997558 8.8088393606797304 -8.0512537475994623 -7.5643529701951229 -7.5923093397493808 5.0076289195217658 9.6559185627964528 7.1262090738463861 9.2904175360057302 -5.7738654292211171 9.6559185627964528 8.8311039877852586 -7.0175106614479805 -3.1729421744355935 8.6106737873938162 -5.3647495121868207 9.6559185627964528 -5.7474392947372284 -5.1695383054587118 -3.9629336865282641 -7.5923093397493808
leaf_weight=46 63 62 46 44 113 40 40 41 67 59 47 58 68 40 63 74 40 45 46 288 40 231 41 41 40 70 59 42 49 117
leaf_count=46 63 62 46 44 113 40 40 41 67 59 47 58 68 40 63 74 40 45 46 288 40 231 41 41 40 70 59 42 49 117
internal_value=0.000660377 -0.00809353 -0.0181495 0.0329646 0.0126838 0.00102564 -0.00709677 0.0166667 -0.0277526 -0.0179634 -0.0294595 -0.00333333 -0.0373874 -0.0197778 -0.0047619 0.0414216 0.0314103 0.0264706 -0.00977011 0.0453039 0.0325 -0.0431937 -0.0360927 0.0422078 -0.0398113 0.0418182 -0.0388889 -0.0427273 -0.0432039 -0.0461783
internal_weight=2120 1668 1124 452 544 390 310 243 881 437 370 105 444 225 126 408 156 85 87 362 80 382 151 154 265 110 99 110 206 157
internal_count=2120 1668 1124 452 544 390 310 243 881 437 370 105 444 225 126 408 156 85 87 362 80 382 151 154 265 110 99 110 206 157
cat_boundaries=0 1
cat_threshold=1
is_linear=0
shrinkage=0.05


Tree=9
num_leaves=31
num_cat=1
split_feature=60 16 31 9 9 5 18 14 30 21 5 59 15 30 59 4 57 57 10 47 30 68 60 38 30 9 31 60 5 42
split_gain=243.395 125.228 170.543 96.3243 44.2986 42.8784 149.07 54.5964 42.1866 38.1911 37.9117 41.7826 27.7725 23.9495 19.496 18.4002 17.5836 16.658 16.0918 11.8455 6.19433 5.30989 3.44583 3.4337 3.09662 1.93304 1.61504 1.04974 1.02767 0.768132
threshold=1252.9250000000002 0.85638305456878128 598.75000000000011 4003.1100000000001 2925.3800000000006 0.38750000000000007 2605.0000000000005 66.52500000000002 39.819999999999943 2025.0000000000002 0.87083333333333346 3567.4650000000006 1.1050000000000113 70.260000000000005 806.50000000000011 3.5000000000000004 43.460000000000008 55.750000000000007 121.99500000000002 0 54.694999999999943 -1.2260000000000104 2549.7750000000001 45.673197278911637 13.790000000000079 2882.7800000000002 172.70000000000007 2582.3100000000004 0.80909090909090919 0.98750247757421272
decision_type=2 2 2 2 2 2 2 2 2 2 2 2 2 2 2 2 2 2 2 1 2 2 2 2 2 2 2 2 2 2
left_child=3 8 5 15 16 9 7 26 12 14 17 -12 -2 27 -3 18 -4 -8 -1 -19 23 22 -11 -21 -18 -25 -7 -10 -22 -17
right_child=1 2 4 -5 -6 6 10 -9 13 21 11 -13 -14 -15 -16 29 24 19 -20 20 28 -23 -24 25 -26 -27 -28 -29 -30 -31
leaf_value=5.7305919372735419 -6.6616865237164795 -6.5578146141721039 3.957980560553739 -5.1788658306111941 -6.4745616323307615 4.4152665309309338 -3.7981191653959456 -1.0608310241539507 7.2789271071072967 -4.9838365116112051 9.3803968478127437 -7.6486910602194884 13.590251290315003 8.3487240017575868 1.3540492894006175 9.1731226346566288 9.1731226346566288 -3.8557041184235832 9.1731226346566288 -7.5928048148387779 -7.3069804302564823 -7.0123189533969565 -7.6436992807897672 -2.3673555795948156 9.1731226346566288 -3.7225162161239624 6.3246696901411461 7.1763271260995998 -7.1646103741187677 9.1731226346566288
leaf_weight=61 42 73 40 48 54 40 63 69 42 45 46 46 40 58 63 40 60 44 62 43 130 197 43 46 94 76 73 93 46 233
leaf_count=61 42 73 40 48 54 40 63 69 42 45 46 46 40 58 63 40 60 44 62 43 130 197 43 46 94 76 73 93 46 233
internal_value=0.000663507 -0.00810324 -0.0141984 0.0335586 0.0233871 -0.0223535 -0.0149584 0.0241758 0.0227273 -0.0350356 -0.0281481 0.00108696 -0.00731707 0.0354922 -0.0132353 0.0416667 0.0345361 -0.0341518 0.0256098 -0.0380519 -0.0412023 -0.0454386 -0.0352273 -0.0342424 0.0422078 -0.0385246 0.0455752 0.047037 -0.0477273 0.0489011
internal_weight=2110 1666 1391 444 248 1143 722 182 275 421 540 92 82 193 136 396 194 448 123 385 341 285 88 165 154 122 113 135 176 273
internal_count=2110 1666 1391 444 248 1143 722 182 275 421 540 92 82 193 136 396 194 448 123 385 341 285 88 165 154 122 113 135 176 273
cat_boundaries=0 1
cat_threshold=2
is_linear=0
shrinkage=0.05


Tree=10
num_leaves=31
num_cat=0
split_feature=60 13 31 11 68 19 16 29 4 61 68 9 11 8 5 4 31 19 4 21 30 30 10 34 29 60 19 58 68 31
split_gain=231.715 137.072 139.411 109.393 73.3106 46.3178 36.9112 34.1342 33.1937 87.0237 36.2607 29.7768 28.2007 46.0006 26.1084 19.3212 17.9162 15.9897 32.9598 13.0495 12.5658 11.5706 11.3315 5.02943 5 4.13451 4.0111 5.23376 3.92645 2.56403
threshold=1252.9250000000002 78.135000000000005 564.04500000000019 4340.5000000000009 56.479500000000016 915.00000000000011 0.86828048692240778 -12.265000000000098 8.5000000000000018 3321.3700000000003 19.869999999999997 2792.4100000000003 2332.5600000000004 5868.7981859410438 0.19090909090909094 4.5000000000000009 -112.235 364.99999999999994 3.5000000000000004 1965.0000000000002 69.89500000000011 39.819999999999943 121.99500000000002 0.94225711823042857 -16.419999999999842 2097.9500000000003 404.99999999999983 117.23 22.800000000000015 192.10000000000016
decision_type=2 2 2 2 2 2 2 2 2 2 2 2 2 2 2 2 2 2 2 2 2 2 2 2 2 2 2 2 2 2
left_child=3 4 7 15 5 6 21 8 10 -10 12 14 13 -3 -4 22 -14 18 -8 -12 29 -2 -1 -19 -11 -16 -18 -28 -21 -6
right_child=1 2 11 -5 20 -7 17 -9 9 24 19 -13 16 -15 25 -17 26 23 -20 28 -22 -23 -24 -25 -26 -27 27 -29 -30 -31
leaf_value=6.3952015264912792 -7.0552940919296141 -5.0619191409972073 -0.58207420490625028 -4.7416724170103226 5.7404566759175317 8.7144665029237967 -7.1561669421435115 5.087895264093965 7.8993775502551067 -7.2662565072085146 -4.7733438526918706 -6.1508335507142249 -0.27905672953578886 8.2415225368495282 8.8037098869029418 8.7144665029237967 -7.5138036965210659 -5.4369305214208916 5.0535136075688936 -6.3130407838728466 5.229397894830857 6.3225568094569287 8.7144665029237967 -4.3670969261678074 -7.2662565072085146 8.5877095206920053 -2.6224059701152314 -3.290789315927706 -6.8473448512490869 6.0045298444730406
leaf_weight=69 40 64 41 41 40 72 42 43 51 40 42 48 49 75 40 273 70 42 45 46 51 52 62 47 40 73 54 53 296 99
leaf_count=69 40 64 41 41 40 72 42 43 51 40 42 48 49 75 40 273 70 42 45 46 51 52 62 47 40 73 54 53 296 99
internal_value=0.000666667 -0.00794562 -0.0178222 0.0326966 0.0130189 -0.000882353 -0.0104478 -0.0260563 -0.0281818 -0.00496183 -0.032243 0.019802 -0.0209589 -0.00323741 0.0305195 0.0405941 -0.0318584 -0.0238636 -0.00862069 -0.0429688 0.0378947 0.0152174 0.0248092 -0.038764 -0.0375 0.0429204 -0.0392655 -0.0331776 -0.0461988 0.0456835
internal_weight=2100 1655 1125 445 530 340 268 923 880 131 749 202 365 139 154 404 226 176 87 384 190 92 131 89 80 113 177 107 342 139
internal_count=2100 1655 1125 445 530 340 268 923 880 131 749 202 365 139 154 404 226 176 87 384 190 92 131 89 80 113 177 107 342 139
is_linear=0
shrinkage=0.05


Tree=11
num_leaves=31
num_cat=0
split_feature=60 16 31 11 11 13 14 68 11 8 5 61 29 30 4 57 57 21 5 31 39 68 63 11 60 14 17 58 12 13
split_gain=243.671 136.941 149.607 102.303 47.2954 44.6319 58.5763 36.6057 49.2935 59.2757 41.9822 84.6562 35.051 23.5402 18.6297 18.4004 14.4034 12.987 11.5945 7.84296 9.53471 4.72692 4.42776 5.48651 3.56667 3.38261 3.2019 1.0952 0.281929 0.2
threshold=1252.9250000000002 0.85638305456878128 598.75000000000011 4323.6150000000007 3305.2150000000006 77.140000000000015 7.8100000000000032 -0.77149999999999175 2338.2300000000005 4664.6031746031758 0.80909090909090919 3321.3700000000003 -37.254999999999875 72.110000000000369 1.5000000000000002 43.460000000000008 104.31500000000001 1965.0000000000002 0.4494949494949495 -112.235 -15.620274946387772 22.800000000000015 0.86189953900901439 2721.2350000000006 2549.7750000000001 92.265000000000029 1825.0000000000002 50.955000000000005 119.96000000000002 91.815000000000012
decision_type=2 2 2 2 2 2 2 2 2 2 2 2 2 2 2 2 2 2 2 2 2 2 2 2 2 2 2 2 2 2
left_child=3 12 5 14 15 6 -3 8 9 -7 17 -12 -2 24 -1 -4 -8 -9 -11 -10 25 -19 23 -16 -14 -21 29 -23 -29 -17
right_child=1 2 4 -5 -6 7 16 10 19 18 11 -13 13 -15 22 26 -18 21 -20 20 -22 27 -24 -25 -26 -27 -28 28 -30 -31
leaf_value=6.739161091199005 -4.4923796964445764 4.7532453498258134 3.5599406496314083 -6.2052136435719154 -6.9772234017285415 -4.6637242667917826 -1.1784771772001885 -4.3621383302374914 -0.91311852135899729 1.3562955254184574 7.8064428950817462 -6.7935567185323125 6.8102701891062472 7.8445731069977711 8.2787431777776082 8.2787431777776082 -3.2797200870428203 -6.7166633186722668 6.8888656913952477 -6.8858241319242257 -2.982858890493981 -6.7746304787464684 8.2787431777776082 8.2787431777776082 6.1534373065657064 -3.2325230223000951 7.2190050052568502 -6.5690664689751221 -4.734567934694792 8.3104697708763169
leaf_weight=58 69 59 40 44 48 52 58 55 55 43 43 74 40 56 49 40 60 63 51 59 65 57 250 41 107 67 70 225 40 40
leaf_count=58 69 59 40 44 48 52 58 55 55 43 43 74 40 56 49 40 60 63 51 59 65 57 250 41 107 67 70 225 40 40
internal_value=0.000769971 -0.00812958 -0.0145894 0.0337104 0.0214286 -0.0222025 0.000847458 -0.0265016 -0.0147959 0.00821918 -0.0347397 -0.00811966 0.0242647 0.0347291 0.0417085 0.0326316 -0.0194915 -0.0418182 0.0319149 -0.0284553 -0.0332461 -0.0450649 0.0461765 0.0366667 0.0452381 -0.0412698 0.0406667 -0.0475155 -0.0488679 0.0475
internal_weight=2078 1636 1364 442 238 1126 177 949 392 146 557 117 272 203 398 190 118 440 94 246 191 385 340 90 147 126 150 322 265 80
internal_count=2078 1636 1364 442 238 1126 177 949 392 146 557 117 272 203 398 190 118 440 94 246 191 385 340 90 147 126 150 322 265 80
is_linear=0
shrinkage=0.05


Tree=12
num_leaves=31
num_cat=1
split_feature=60 16 31 11 5 18 29 2 23 5 59 4 21 57 4 30 10 10 63 68 40 8 18 40 61 60 17 29 16 59
split_gain=229.015 131.427 166.296 107.018 44.9821 133.831 43.2851 41.3759 33.3815 32.3123 52.9152 50.1281 30.2381 25.0249 20.2617 19.9229 17.5436 14.3359 12.1346 8.27057 7.29675 7.22371 17.7511 3.35238 2.97249 2.44227 2.28506 1.57343 0.953535 0.674659
threshold=1252.9250000000002 0.85638305456878128 598.75000000000011 4340.5000000000009 0.38750000000000007 2605.0000000000005 -37.254999999999875 0 3115.0000000000005 0.80909090909090919 3567.4650000000006 7.5000000000000009 1745.0000000000002 44.705000000000005 3.5000000000000004 70.260000000000005 122.89000000000001 111.35000000000001 0.8175414416324448 22.693000000000001 -22.572456435326789 5868.7981859410438 2535.0000000000005 -14.172431155364718 2641.2150000000006 2576.7300000000005 1825.0000000000002 -34.219999999999906 0.8802668366337848 1604.7200000000003
decision_type=2 2 2 2 2 2 2 1 2 2 2 2 2 2 2 2 2 2 2 2 2 2 2 2 2 2 2 2 2 2
left_child=3 6 4 14 12 7 -2 28 13 17 11 -11 -3 -4 16 25 -1 -7 24 21 -20 -14 -23 -12 -19 -8 -15 -16 -6 -21
right_child=1 2 8 -5 5 9 15 -9 -10 10 23 -13 19 26 27 -17 -18 18 20 29 -22 22 -24 -25 -26 -27 -28 -29 -30 -31
leaf_value=4.3796187856722097 -4.7284172146706229 -2.3200693702524902 -4.5294851536450329 -4.8561532940349217 5.2440213152309498 -6.4308145001204977 5.4018492817307067 -0.77582010520959699 -5.6900321520555845 -2.1063477316082655 -6.1117074681765011 7.8605646945321075 -6.8413726741330123 7.869557538345382 7.8648060188887259 7.2998990053235593 7.8648060188887259 -3.5088538963040388 -4.0771452738642919 -5.3557998919764875 0.63793434135168781 -1.5895178889873969 -6.3877315082230073 -6.5632658459214746 -5.2608138420211752 5.893198586149575 7.2810291619272052 7.8648060188887259 4.6574257257113869 -6.2824982268134768
leaf_weight=63 66 71 40 42 59 139 42 65 49 43 40 74 45 82 52 60 60 45 41 136 45 53 71 44 63 104 76 234 40 41
leaf_count=63 66 71 40 42 59 139 42 65 49 43 40 74 45 82 52 60 60 45 41 136 45 53 71 44 63 104 76 234 40 41
internal_value=0.00160671 -0.00709914 -0.0134361 0.0331486 -0.0216592 -0.0138968 0.0246324 0.0256098 0.0236842 -0.02603 -0.010199 0.0115385 -0.0346523 0.0328283 0.0409535 0.0359223 0.0239837 -0.0355856 -0.0268041 -0.0407514 -0.0127907 -0.0328402 -0.0266129 -0.0404762 -0.037963 0.0458904 0.0417722 0.0482517 0.0459596 -0.0483051
internal_weight=2085 1634 1362 451 1115 698 272 164 247 534 201 117 417 198 409 206 123 333 194 346 86 169 124 84 108 146 158 286 99 177
internal_count=2085 1634 1362 451 1115 698 272 164 247 534 201 117 417 198 409 206 123 333 194 346 86 169 124 84 108 146 158 286 99 177
cat_boundaries=0 1
cat_threshold=1
is_linear=0
shrinkage=0.05


Tree=13
num_leaves=31
num_cat=0
split_feature=60 22 16 11 9 5 11 4 5 30 9 5 18 30 4 11 58 20 14 58 10 31 4 5 18 59 34 25 18 13
split_gain=245.801 127.713 161.612 106.111 53.4 145.418 54.5456 52.0508 45.9212 36.7887 36.1755 25.3429 53.9175 21.408 18.225 16.1666 13.5348 20.4861 13.0628 12.0876 11.9018 9.0477 5.41262 5.16595 4.21191 3.62225 4.1928 0.77234 0.495506 0.216092
threshold=1252.9250000000002 855.00000000000011 0.85457202410498234 4323.6150000000007 2471.9800000000005 0.4494949494949495 1595.4250000000002 3.5000000000000004 0.19090909090909094 42.225000000000144 3032.5700000000002 0.80909090909090919 3595.0000000000005 70.260000000000005 3.5000000000000004 2332.5600000000004 105.91000000000001 1815.0000000000002 8.8350000000000026 91.485000000000014 121.99500000000002 311.0900000000002 4.5000000000000009 0.4494949494949495 4855.0000000000009 1475.845 0.90119972823082029 405.00000000000006 2525.0000000000005 92.435000000000016
decision_type=2 2 2 2 2 2 2 2 2 2 2 2 2 2 2 2 2 2 2 2 2 2 2 2 2 2 2 2 2 2
left_child=3 2 9 14 5 6 8 16 -4 -2 23 18 -13 -11 20 28 25 -18 -6 -14 -1 22 -20 -3 -12 -8 -27 -16 -7 -25
right_child=1 10 4 -5 11 15 7 -9 -10 13 24 12 19 -15 27 -17 17 -19 21 -21 -22 -23 -24 29 -26 26 -28 -29 -30 -31
leaf_value=5.5340731150393916 -5.1235399435376596 7.4713281419714583 -4.0238371255086989 -3.620320040343918 -6.1373521441504808 9.1905095478271139 -5.6436220275287301 2.6701465827126167 9.1728675275796068 5.6112315571073683 -5.4379177379930201 5.8694912792576703 -6.2351025536254001 7.1838628364216994 7.4715657179442907 0.97829766507995408 0.68941171328241646 -5.9728231509275425 -4.2208537095924532 -2.6506824476267905 7.4715657179442907 -1.9179693145667969 -3.7893579968409483 7.5744293864243621 2.4602383157684589 -5.3105479014846653 -6.7259893592614022 7.4715657179442907 5.8837955494940033 7.4706796522728398
leaf_weight=64 60 74 56 43 185 40 168 53 41 116 40 65 79 50 40 52 41 56 66 40 61 43 64 47 47 42 40 242 49 40
leaf_count=64 60 74 56 43 185 40 168 53 41 116 40 65 79 50 40 52 41 56 66 40 61 43 64 47 47 42 40 242 49 40
internal_value=0.00123574 -0.00767836 -0.0135135 0.034 -0.0209322 -0.0111285 -0.0238431 -0.032 0.00979381 0.0252212 0.0254032 -0.0324723 -0.0173913 0.0373494 0.0418919 0.0336879 -0.039049 -0.0231959 -0.0402235 -0.037395 0.026 -0.0303468 -0.0369231 0.039441 -0.000574713 -0.0452 -0.0365854 0.0489362 0.0466292 0.0477011
internal_weight=2104 1654 1406 450 1180 638 497 400 97 226 248 542 184 166 407 141 347 97 358 119 125 173 130 161 87 250 82 282 89 87
internal_count=2104 1654 1406 450 1180 638 497 400 97 226 248 542 184 166 407 141 347 97 358 119 125 173 130 161 87 250 82 282 89 87
is_linear=0
shrinkage=0.05


Tree=14
num_leaves=31
num_cat=0
split_feature=60 25 16 11 30 17 24 4 68 8 57 4 61 30 30 4 10 57 11 18 60 59 14 32 35 14 44 25 68 60
split_gain=251.972 131.74 157.2 104.723 72.6397 54.3934 30.8787 69.5535 32.9695 40.8586 29.5108 28.5455 112.517 23.9117 27.3506 19.5715 17.4942 16.7788 11.4721 11.0479 10.8611 10.6706 9.47166 8.79477 5.83943 5.44917 3.54638 4.18332 2.451 2.11038
threshold=1252.9250000000002 745.00000000000011 0.8607384600294129 4323.6150000000007 39.819999999999943 3105.0000000000005 2605.0000000000005 3.5000000000000004 31.248000000000001 5868.7981859410438 95.810000000000016 8.5000000000000018 3340.9650000000006 70.260000000000005 74.440000000000182 3.5000000000000004 121.99500000000002 41.650000000000013 1497.3300000000002 2015.0000000000002 4083.9800000000005 2036.0900000000004 8.6599999999999984 0.64421207820811788 -0.013150321843304098 127.07500000000002 0.03465900330498136 465.00000000000006 -4.2860000000000005 2592.9900000000002
decision_type=2 2 2 2 2 2 2 2 2 2 2 2 2 2 2 2 2 2 2 2 2 2 2 2 2 2 2 2 2 2
left_child=3 2 4 15 23 17 7 8 9 18 19 22 -13 29 -15 16 -1 -3 -4 -11 25 -9 -8 -2 -24 -7 -26 -28 -19 -6
right_child=1 5 6 -5 13 20 11 21 -10 10 -12 12 -14 14 -16 -17 -18 28 -20 -21 -22 -23 24 -25 26 -27 27 -29 -30 -31
leaf_value=4.8969401180036591 -5.1501897059930331 7.5196568422951096 -3.8226452692332646 -5.5955831509094116 3.8905453877743614 12.364446739277634 -5.8304845369429579 3.3367099677597056 -5.1463408904840175 0.45128362887261847 7.9178431185333977 7.0991554066974576 -5.9165661349079945 -14.350168034018743 6.711576965876624 7.0979874320470762 7.0979874320470762 7.0977617348728845 -4.2882951416084403 -6.0981024200787362 -6.3597469160832691 4.3197832247909558 -2.376422348349339 -4.1709490056033536 -4.0285296864033695 -1.8006345887266209 -5.2636527817596646 -1.4699821645399156 7.1356730533866486 5.6296921510225166
leaf_weight=65 40 43 44 45 50 40 184 40 104 41 58 49 83 43 40 289 64 40 93 45 40 44 61 45 93 43 43 45 123 88
leaf_count=65 40 43 44 45 50 40 184 40 104 41 58 49 83 43 40 289 64 40 93 45 40 44 61 45 93 43 43 45 123 88
internal_value=0.000964706 -0.00812274 -0.0151163 0.0335853 0.0163399 0.0202128 -0.0244888 -0.015032 -0.024026 -0.0151246 0.00347222 -0.0324373 -0.0121212 0.031448 0.010241 0.0413876 0.0251938 0.0359223 -0.0346715 -0.0151163 -0.00609756 0.0261905 -0.0387324 -0.0229412 -0.0322314 0.00421687 -0.0367403 -0.0295455 0.0432515 0.0442029
internal_weight=2125 1662 1333 463 306 329 1027 469 385 281 144 558 132 221 83 418 129 206 137 86 123 84 426 85 242 83 181 88 163 138
internal_count=2125 1662 1333 463 306 329 1027 469 385 281 144 558 132 221 83 418 129 206 137 86 123 84 426 85 242 83 181 88 163 138
is_linear=0
shrinkage=0.05


Tree=15
num_leaves=31
num_cat=0
split_feature=60 25 16 9 17 5 29 9 4 5 25 59 9 30 25 5 14 61 9 59 13 5 17 4 33 18 5 12 68 15
split_gain=236.77 125.53 161.031 86.7842 47.7039 160.794 39.3201 34.9929 42.2666 29.0002 54.6721 27.3274 26.8391 23.8934 18.2335 16.14 14.8118 9.68196 14.264 8.79121 11.1774 7.1537 16.5951 6.92225 6.35294 5.50414 4.342 3.61739 1.1845 0.940206
threshold=1252.9250000000002 915.00000000000011 0.85638305456878128 4003.1100000000001 2565.0000000000005 0.4494949494949495 -36.369999999999997 1490.5000000000002 3.5000000000000004 0.80909090909090919 525.00000000000011 806.50000000000011 3075.4100000000003 72.110000000000369 84.999999999999787 0.52272727272727282 8.8350000000000026 1519.6550000000002 1932.7950000000003 2486.8000000000006 106.75000000000001 0.4494949494949495 1225.0000000000002 2.5000000000000004 0.93567973644576063 2505.0000000000005 0.48333333333333339 98.805000000000021 20.187500000000004 49.949999999999982
decision_type=2 2 2 2 2 2 2 2 2 2 2 2 2 2 2 2 2 2 2 2 2 2 2 2 2 2 2 2 2 2
left_child=3 2 6 14 5 7 -2 11 17 16 -11 -4 21 25 -1 29 -6 28 -19 26 -21 22 -3 -16 -12 -8 -18 -20 -9 -7
right_child=1 12 4 -5 9 15 13 8 -10 10 24 -13 -14 -15 23 -17 19 18 27 20 -22 -23 -24 -25 -26 -27 -28 -29 -30 -31
leaf_value=5.167273073372372 -4.4993612443648106 6.7443016248947236 -3.7963216672684803 -4.5698752988720726 -5.596351888472519 6.2572054456441339 2.9465574828989531 -6.5062484818865123 2.1090794948553864 5.4416254401650734 -2.6548712606607534 7.2626681729498959 -0.22858613464336985 7.1023256574584899 6.7430880604447232 2.0719490637594418 -5.1678441972789564 -1.3969174330405978 -5.4526650496460922 0.20394991742740487 -4.4920445580362056 6.8504496002529764 2.3588601404387379 6.7430880604447232 -5.6275191191987304 5.3463586048776826 -2.7974601739393479 -5.5373981275124553 -5.3826577665340167 4.3318948682913065
leaf_weight=45 65 42 49 44 177 57 40 41 45 75 48 66 62 59 74 59 50 47 52 41 50 84 40 278 54 112 41 40 129 40
leaf_count=45 65 42 49 44 177 57 40 41 45 75 48 66 62 59 74 59 50 47 52 41 50 84 40 278 54 112 41 40 129 40
internal_value=0.00223172 -0.0063964 -0.011865 0.0348073 -0.0200258 -0.01064 0.0224638 -0.0252665 -0.0330508 -0.0309701 -0.0144068 -0.00130435 0.0280702 0.0329384 0.0421914 0.0333333 -0.0391365 -0.039644 -0.0298561 -0.0291209 -0.0181319 0.0385542 0.0280488 0.0460227 -0.0382353 0.0434211 -0.0401099 -0.0413043 -0.0476471 0.0458763
internal_weight=2106 1665 1437 441 1161 625 276 469 354 536 177 115 228 211 397 156 359 309 139 182 91 166 82 352 102 152 91 92 170 97
internal_count=2106 1665 1437 441 1161 625 276 469 354 536 177 115 228 211 397 156 359 309 139 182 91 166 82 352 102 152 91 92 170 97
is_linear=0
shrinkage=0.05


Tree=16
num_leaves=31
num_cat=1
split_feature=62 25 16 11 9 29 24 59 32 10 58 11 25 28 47 32 15 40 57 63 13 16 24 62 24 18 44 39 18 8
split_gain=211.906 139.603 152.073 113.243 50.1108 46.2436 41.8463 49.7458 39.1344 54.3364 25.9002 33.1522 18.4379 16.6092 16.3739 11.2982 10.9224 11.243 10.8599 10.7109 9.42915 6.5277 5.92982 9.02256 5.88691 4.92475 4.31678 4.22704 2.91082 2.89403
threshold=1359.2350000000004 735.00000000000011 0.85457202410498234 4340.5000000000009 3100.2000000000003 -36.369999999999997 1735.0000000000002 806.50000000000011 0.83306350306987198 95.750000000000014 111.72000000000001 2294.5750000000003 84.999999999999787 4075.0000000000009 0 0.70256910101995185 24.93000000000001 -14.70216227471702 41.190000000000005 0.88562226873533645 91.990000000000023 0.87629259824490446 3525.0000000000005 2619.4750000000008 2545.0000000000005 4835.0000000000009 0.038147144744657357 -28.191020213815843 3145.0000000000005 5890.0907029478467
decision_type=2 2 2 2 2 2 2 2 2 2 2 2 2 2 1 2 2 2 2 2 2 2 2 2 2 2 2 2 2 2
left_child=3 2 5 12 18 -2 7 -4 9 15 19 -12 -1 25 -7 -8 21 24 -3 22 -14 -10 23 27 -18 -6 28 -11 -26 -20
right_child=1 4 6 -5 13 14 8 -9 16 10 11 -13 20 -15 -16 -17 17 -19 29 -21 -22 -23 -24 -25 26 -27 -28 -29 -30 -31
leaf_value=6.1627540701644499 -4.5078102711234198 6.4829127617514164 -4.9060058585632591 -4.9628563721853043 -4.8867164236591414 2.779996917476883 3.9311989914916787 10.022430159694355 -5.3796507949289882 -3.9153930064854578 4.2773334112428882 -2.9976452777131017 6.4059336574224863 -5.4353516916659359 5.5122780023866742 0.85235927340629414 -3.0967854116644582 -0.57027630475243718 6.4057961121534959 -1.5226009439817974 6.4059336574224863 -4.9722039432345175 -5.15020592224956 -2.543282673396003 -4.9438217885012357 10.395113717780792 -5.3693811520093995 -2.5402921956332052 -1.861427280003257 6.4070865436499878
leaf_weight=43 51 51 50 42 43 40 44 55 64 57 54 71 289 41 133 42 41 47 92 53 47 199 72 63 44 41 65 51 40 84
leaf_count=43 51 51 50 42 43 40 44 55 64 57 54 71 289 41 133 42 41 47 92 53 47 199 72 63 44 41 65 51 40 84
internal_value=0.000924609 -0.00699052 -0.0143713 0.0326603 0.0210227 0.0232143 -0.0219424 0.00809524 -0.0250745 -0.015286 -0.0226841 -0.0036 0.0412929 -0.0044 0.0355491 0.0209302 -0.035 -0.0272152 0.035022 -0.0307432 0.0452381 -0.0420152 -0.0351852 -0.030117 -0.0326316 0.00833333 -0.0372483 -0.0388889 -0.0297619 0.0409091
internal_weight=2109 1688 1336 421 352 224 1112 105 1007 507 421 125 379 125 173 86 500 237 227 296 336 263 243 171 190 84 149 108 84 176
internal_count=2109 1688 1336 421 352 224 1112 105 1007 507 421 125 379 125 173 86 500 237 227 296 336 263 243 171 190 84 149 108 84 176
cat_boundaries=0 1
cat_threshold=1
is_linear=0
shrinkage=0.05


Tree=17
num_leaves=31
num_cat=0
split_feature=60 19 16 11 29 17 57 10 15 63 30 31 62 32 68 12 20 68 19 9 27 68 57 31 22 31 8 60 35 35
split_gain=229.507 133.675 133.536 110.163 57.635 54.4717 34.6943 62.063 27.3226 18.3485 16.9787 15.6272 23.0127 46.7682 15.4255 14.7339 14.5784 12.5592 12.2606 11.7347 11.5806 12.3566 10.0409 6.00191 5.91952 4.92273 4.07401 3.16768 5.93939 1.728
threshold=1252.9250000000002 675.00000000000011 0.85638305456878128 4323.6150000000007 -36.369999999999997 2920.0000000000005 90.075000000000017 95.350000000000009 0.61999999999999045 0.8610127995400495 70.260000000000005 386.65500000000003 3364.6150000000007 0.9049562575916632 8.4485000000000152 87.600000000000009 1775.0000000000002 20.187500000000004 285.00000000000006 3971.5800000000004 1.0000000180025095e-35 -7.6624999999999934 48.645000000000003 641.25500000000045 314.99999999999994 139.84500000000006 5868.7981859410438 2923.9800000000005 0.0061258465201546502 0.023125244493756802
decision_type=2 2 2 2 2 2 2 2 2 2 2 2 2 2 2 2 2 2 2 2 2 2 2 2 2 2 2 2 2 2
left_child=3 2 4 9 -2 22 11 -8 -9 14 18 12 15 -14 -1 -4 -10 25 -6 23 21 -18 -3 -7 -19 -17 -24 28 -23 -28
right_child=1 5 6 -5 10 19 7 8 16 -11 -12 -13 13 -15 -16 17 20 24 -20 -21 -22 27 26 -25 -26 -27 29 -29 -30 -31
leaf_value=6.0856369745513623 -4.4633434053948911 6.5077655567484456 -1.4464708967827073 -3.3705889503045543 2.0292784325981184 5.7039507184293221 3.4504593004624384 3.5672765454530477 -0.27034865203660063 6.0856369745513623 6.5855214324683891 -4.7235937460727913 5.1797890650266627 -4.7235937460727913 5.8546163666562272 -5.725926640000786 -0.99070239755020717 -5.0680219407199036 4.4869936944318027 -3.5863235192157052 -1.8548081675442802 -2.2440208213569157 6.1337272284990547 -5.5720682118588805 -5.0904412685428921 -1.7375547557568312 6.0881601932329721 -5.1578546415044544 -3.412274169328795 6.0853687612768299
leaf_weight=60 52 44 55 47 41 55 50 50 61 263 52 137 45 43 71 48 51 58 105 43 79 50 51 40 154 40 75 88 60 50
leaf_count=60 52 44 55 47 41 55 50 50 61 263 52 137 45 43 71 48 51 58 105 43 79 50 51 40 154 40 75 88 60 50
internal_value=0.000897073 -0.00754323 -0.0148976 0.0329932 0.018 0.0195531 -0.0225912 -0.0127812 -0.0187927 0.0416244 0.030303 -0.0308621 -0.026298 -0.00340909 0.0263359 -0.0319718 -0.0232648 -0.0363333 0.0390411 -0.00507246 -0.027439 -0.0327309 0.035 0.00473684 -0.0429245 -0.0204545 0.0403409 -0.0383838 -0.0327273 0.0452
internal_weight=2118 1677 1319 441 250 358 1069 489 439 394 198 580 443 88 131 355 389 300 146 138 328 249 220 95 212 88 176 198 110 125
internal_count=2118 1677 1319 441 250 358 1069 489 439 394 198 580 443 88 131 355 389 300 146 138 328 249 220 95 212 88 176 198 110 125
is_linear=0
shrinkage=0.05


Tree=18
num_leaves=31
num_cat=0
split_feature=60 25 16 11 9 5 24 5 21 30 5 61 68 4 14 30 5 17 21 16 15 8 32 44 31 11 31 23 4 5
split_gain=221.649 115.444 137.48 106.063 51.0379 41.1211 97.4896 54.9952 41.3966 35.8016 26.8544 71.189 25.5623 24.1495 22.5426 15.278 14.6019 14.4093 13.2015 11.946 10.884 10.1388 8.7387 16.6023 10.0188 8.18182 7.45158 4.23051 3.96808 2.66641
threshold=1252.9250000000002 724.99999999999989 0.85457202410498234 4340.5000000000009 3075.4100000000003 0.21111111111111114 2595.0000000000005 0.4494949494949495 1775.0000000000002 42.225000000000144 0.80909090909090919 3340.9650000000006 38.002500000000019 4.5000000000000009 8.8350000000000026 70.260000000000005 0.19090909090909094 4050.0000000000005 2005.0000000000002 0.88247195138488099 49.999999999999993 5868.7981859410438 0.94760867094515444 0.026410753258912952 206.93000000000009 2332.5600000000004 529.21000000000038 2185.0000000000005 1.5000000000000002 0.4494949494949495
decision_type=2 2 2 2 2 2 2 2 2 2 2 2 2 2 2 2 2 2 2 2 2 2 2 2 2 2 2 2 2 2
left_child=3 2 9 13 16 18 7 8 -7 -2 14 12 -12 19 -8 27 -3 26 21 -1 -10 -4 23 -16 -25 -9 -6 -11 -21 -18
right_child=1 4 5 -5 17 6 10 25 20 15 11 -13 -14 -15 22 -17 29 -19 -20 28 -22 -23 -24 24 -26 -27 -28 -29 -30 -31
leaf_value=-0.025806529104231049 -4.0592525872975047 5.7800504936638282 -5.0597022584394313 -2.6799590541809284 8.0597030396988689 9.6629552438500426 -4.8146208436839082 6.5916593010553175 -2.9877793720758961 1.9625335197050289 -1.219518955324433 -4.8613532787734286 6.0981931286258408 5.7813551258237936 -3.1184330714817023 6.6505423191787747 5.7838219693702264 -5.3416147419505329 -4.8475109973729333 4.1035060629914666 -0.49199161460957513 -1.846127770760964 -4.3859473842414145 -2.1682815320247992 0.47325823655681776 1.4832308149293316 -4.3460531603213521 5.1219891119960721 5.7929061562185513 5.8718435407496443
leaf_weight=40 49 64 44 42 42 43 177 71 75 40 40 87 44 277 59 54 46 46 163 43 63 50 55 40 49 40 41 78 45 103
leaf_count=40 49 64 44 42 42 43 177 71 75 40 40 87 44 277 59 54 46 46 163 43 63 50 55 40 49 40 41 78 45 103
internal_value=0.00151659 -0.00688515 -0.0135882 0.032774 0.0190058 -0.0208182 -0.0154804 0.00787671 -0.00911602 0.0223982 -0.0278584 -0.0114035 0.0214286 0.0406173 -0.0352632 0.0331395 0.0340376 -0.00581395 -0.0383268 0.0226563 -0.0224638 -0.0234043 -0.0238916 -0.0175676 -0.00393258 0.0355856 0.00662651 0.0432203 0.0329545 0.0426174
internal_weight=2110 1663 1321 447 342 1100 843 292 181 221 551 171 84 405 380 172 213 129 257 128 138 94 203 148 89 111 83 118 88 149
internal_count=2110 1663 1321 447 342 1100 843 292 181 221 551 171 84 405 380 172 213 129 257 128 138 94 203 148 89 111 83 118 88 149
is_linear=0
shrinkage=0.05


Tree=19
num_leaves=31
num_cat=1
split_feature=60 13 19 17 3 68 5 61 15 17 4 17 17 4 5 45 17 15 10 31 21 62 62 33 10 40 40 29 68 57
split_gain=204.382 117.023 123.361 85.1236 51.8029 38.776 45.4588 99.3878 39.693 37.2081 43.1938 63.936 26.5813 23.7105 20.146 17.3163 15.766 23.9824 15.3248 15.0644 13.6114 12.0881 8.59726 7.0576 6.33773 5.47836 4.74541 4.19581 3.96558 2.89006
threshold=1252.9250000000002 78.135000000000005 665.00000000000011 4135.0000000000009 0 20.187500000000004 0.80909090909090919 3340.9650000000006 0.88500000000001233 2995.0000000000005 3.5000000000000004 1695.0000000000002 2920.0000000000005 4.5000000000000009 0.25833333333333336 0.0026404700916389007 2565.0000000000005 49.949999999999982 121.99500000000002 216.25000000000003 1985.0000000000002 4242.6950000000006 3426.3200000000002 0.65596499228958682 213.96000000000004 -21.585171080895407 -24.937689585173086 -34.219999999999906 22.800000000000015 44.270000000000003
decision_type=2 2 2 2 1 2 2 2 2 2 2 2 2 2 2 2 2 2 2 2 2 2 2 2 2 2 2 2 2 2
left_child=3 4 5 13 9 8 20 -8 -3 10 11 -2 14 18 -4 -10 17 26 -1 -6 -7 -14 -11 -12 -18 -16 -17 -15 -22 -21
right_child=1 2 12 -5 19 6 7 -9 15 22 23 -13 21 27 25 16 24 -19 -20 29 28 -23 -24 -25 -26 -27 -28 -29 -30 -31
leaf_value=3.0337833277942523 5.4902022326041084 3.8511529488005198 -1.0737934838828829 -3.3733864859933664 1.0517994700887656 -2.8317042963741561 5.6642972155037974 -4.6182856148347566 -5.0257327282925592 -5.7751514216184905 4.4639014948259552 -4.2267231867660326 6.1262604314425086 5.4922873695326047 3.063250772801672 -2.8474430634458123 -3.6456338443275706 1.4880259542524685 5.5032608484076242 5.3996864366640764 -4.1973886051692473 -4.7171871940243264 -3.4000229806160736 3.6620369072208336 -0.97203914062210017 5.5252954599193007 -2.5312233231997405 5.4922873695326047 -4.3615721917123329 3.5251284969285552
leaf_weight=62 57 40 40 40 44 42 51 57 52 41 69 60 41 50 51 52 41 65 61 68 47 59 79 49 72 64 41 227 309 78
leaf_count=62 57 40 40 40 44 42 51 57 52 41 69 60 41 50 51 52 41 65 61 68 47 59 79 49 72 64 41 227 309 78
internal_value=0.00173068 -0.00626123 -0.0154804 0.0320455 0.0127523 -0.0244534 -0.0333992 -0.00462963 -0.0119835 0.000958904 0.0125532 -0.00897436 0.015098 0.039 0.0280645 -0.0178019 -0.0127306 -0.00253165 0.0207317 0.033 -0.041206 -0.005 -0.0216667 0.0338983 -0.0269912 0.0386957 -0.0188172 0.0471119 -0.044382 0.0424658
internal_weight=2109 1669 1124 440 545 869 506 108 363 355 235 117 255 400 155 323 271 158 123 190 398 100 120 118 113 115 93 277 356 146
internal_count=2109 1669 1124 440 545 869 506 108 363 355 235 117 255 400 155 323 271 158 123 190 398 100 120 118 113 115 93 277 356 146
cat_boundaries=0 1
cat_threshold=18
is_linear=0
shrinkage=0.05


Tree=20
num_leaves=31
num_cat=0
split_feature=60 25 16 11 20 29 5 11 5 21 4 4 61 14 29 33 10 20 30 57 21 68 35 38 35 29 20 22 25 40
split_gain=208.727 119.173 131.846 106.969 54.0447 37.6061 37.0903 56.472 86.0951 46.263 28.7006 26.7117 95.6191 29.7742 20.1656 16.5961 16.1947 14.9813 14.7344 13.8658 9.82857 9.40343 5.80679 3.72314 3.52174 2.80048 2.17812 1.64018 3.3185 1.33464
threshold=1252.9250000000002 729.99999999999989 0.85457202410498234 4323.6150000000007 3115.0000000000005 -36.369999999999997 0.12771739130434781 2385.5050000000006 0.4494949494949495 1755.0000000000002 3.5000000000000004 8.5000000000000018 3356.4700000000007 116.64500000000001 -35.020000000000202 0.64672783649366061 121.99500000000002 4050.0000000000005 70.260000000000005 47.980000000000011 2535.0000000000005 20.545000000000005 -1.0000000180025095e-35 95.219024943310629 -0.00027142857955149993 -86.759999999999977 1835.0000000000002 385.00000000000006 354.99999999999994 -15.815156733925852
decision_type=2 2 2 2 2 2 2 2 2 2 2 2 2 2 2 2 2 2 2 2 2 2 2 2 2 2 2 2 2 2
left_child=3 2 5 10 19 -2 21 8 9 -8 16 13 -13 23 22 -15 -1 -6 20 -3 -7 -4 -11 27 -10 -21 -24 28 -9 -27
right_child=1 4 6 -5 17 18 7 11 24 14 -12 12 -14 15 -16 -17 -18 -19 -20 25 -22 -23 26 -25 -26 29 -28 -29 -30 -31
leaf_value=2.3281918557545418 -3.6526411796487133 5.5880411053720271 -4.2651536772036449 -2.8993922257806122 3.0499106271199428 1.5659294309548948 7.5917438681211173 -5.0584604512929623 4.2646144663762371 -2.0607166421076601 5.2176730010559744 5.8176876061793568 -4.3873713340930198 0.23533633529481612 0.085483465418968771 -2.0394232329647295 5.2280978059872432 -4.5721476068298141 5.6537339230528261 4.699847720624688 4.5637978961702119 -4.3246158548836036 -1.9027061990830241 -4.3014158036216168 3.5812751278764234 5.345906970721293 -3.4279920597322788 -4.0771218846524793 -4.5223066981976947 5.2182963121068475
leaf_weight=63 44 49 42 43 75 40 53 62 46 43 268 51 73 68 46 60 61 50 54 40 86 135 58 68 46 84 57 135 42 41
leaf_count=63 44 49 42 43 75 40 53 62 46 43 268 51 73 68 46 60 61 50 54 40 86 135 58 68 46 84 57 135 42 41
internal_value=0.00103217 -0.00709951 -0.0139419 0.0318391 0.0193215 0.0209821 -0.0211521 -0.0170705 -0.0012894 -0.0161479 0.040051 -0.0269231 -0.00645161 -0.0327586 -0.0269608 -0.0125 0.0201613 -0.0068 0.0311111 0.0345794 0.0404762 -0.0420904 -0.035443 -0.0412052 0.0402174 0.0415152 -0.0413043 -0.0441423 -0.0394231 0.0452
internal_weight=2083 1648 1309 435 339 224 1085 908 349 257 392 559 124 435 204 128 124 125 180 214 126 177 158 307 92 165 115 239 104 125
internal_count=2083 1648 1309 435 339 224 1085 908 349 257 392 559 124 435 204 128 124 125 180 214 126 177 158 307 92 165 115 239 104 125
is_linear=0
shrinkage=0.05


Tree=21
num_leaves=31
num_cat=0
split_feature=60 11 19 13 68 68 15 17 4 18 4 9 31 45 15 61 4 19 31 10 30 18 59 37 14 31 14 44 68 44
split_gain=202.64 109.528 94.2128 100.32 69.242 50.2873 39.4665 28.7484 26.1998 23.3937 18.9387 89.1835 21.6622 17.7816 18.9725 33.5052 16.8883 16.8407 15.0442 14.1206 12.7372 9.82456 9.38312 9.14577 8.82353 6.66759 5.32132 4.45905 4.1309 3.60987
threshold=1234.4100000000001 4340.5000000000009 855.00000000000011 78.135000000000005 56.479500000000016 19.869999999999997 0.71499999999999642 3105.0000000000005 4.5000000000000009 2575.0000000000005 8.5000000000000018 3537.6350000000007 467.05500000000023 0.0061101572180547008 49.949999999999982 1997.5550000000003 8.5000000000000018 275.00000000000006 282.03999999999979 121.99500000000002 70.089999999999932 1965.0000000000002 1822.0050000000003 0.47731187135887881 8.8350000000000026 -11.120000000000116 67.690000000000012 0.03294573868077761 23.141500000000011 0.022260834529475405
decision_type=2 2 2 2 2 2 2 2 2 2 2 2 2 2 2 2 2 2 2 2 2 2 2 2 2 2 2 2 2 2
left_child=1 8 3 4 9 6 -5 26 19 22 12 -12 21 18 25 -16 24 -6 -8 -1 -19 -7 -2 -17 -11 -15 -4 -27 -23 -30
right_child=2 -3 7 5 17 10 13 -9 -10 16 11 -13 -14 14 15 23 -18 20 -20 -21 -22 28 -24 -25 -26 27 -28 -29 29 -31
leaf_value=2.7656845686168126 -0.21068416176136609 -3.1031392747225035 4.6785752516179429 3.62225893589265 0.97404437217901574 -2.2448531739889228 -4.4678095037481169 -0.11171726282147604 4.9567893510031755 -4.3963355298246212 4.644953168050777 -4.1680027673883684 -0.03729746847533022 -6.0112332451400698 9.0021044630765257 0.96991100296059263 4.3221189806013935 3.7281358920578898 -1.1264293869210609 4.9666929156878812 6.0376542742312527 -3.9906670934971902 1.9384051888546425 -1.0933615159270289 -2.0478572680376468 -2.746951818464245 4.9575210680993109 -0.43554864608683419 -3.3430613942857286 -3.9914689250640087
leaf_weight=60 70 44 73 42 46 42 73 79 273 51 40 76 41 40 43 44 40 106 40 58 40 62 40 70 51 40 82 46 54 222
leaf_count=60 70 44 73 42 46 42 73 79 273 51 40 76 41 40 43 44 40 106 40 58 40 62 40 70 51 40 82 46 54 222
internal_value=0.00124521 0.0316092 -0.00674531 -0.0115927 0.00810811 -0.0205641 -0.00799087 0.0226496 0.0400256 -0.00912698 -0.0308194 -0.012931 -0.0357482 -0.0128788 -0.00618375 0.00541401 -0.0225352 0.0307292 -0.029646 0.020339 0.0390411 -0.0394737 0.00818182 -0.00877193 -0.0333333 -0.0206349 0.0351613 -0.0127907 -0.0423077 -0.0449275
internal_weight=2088 435 1653 1419 444 975 438 234 391 252 537 116 421 396 283 157 142 192 113 118 146 380 110 114 102 126 155 86 338 276
internal_count=2088 435 1653 1419 444 975 438 234 391 252 537 116 421 396 283 157 142 192 113 118 146 380 110 114 102 126 155 86 338 276
is_linear=0
shrinkage=0.05


Tree=22
num_leaves=31
num_cat=2
split_feature=60 25 16 11 57 9 29 8 17 55 29 4 31 11 35 14 30 47 27 33 16 12 4 22 4 59 18 30 57 10
split_gain=202.906 107.658 119.399 102.603 43.4218 49.493 46.5597 42.1821 31.0146 29.6032 27.6217 21.505 21.3494 19.2732 16.8992 16.3834 15.6011 27.4286 15.382 12.2691 9.43765 8.79076 7.35951 6.80823 6.24812 9.95359 5.4 5.02 4.7619 4.74194
threshold=1234.4100000000001 915.00000000000011 0.85638305456878128 4340.5000000000009 90.075000000000017 2522.7750000000005 -31.004999999999992 5868.7981859410438 3105.0000000000005 0 -36.369999999999997 3.5000000000000004 324.12000000000006 2261.1050000000005 -1.0000000180025095e-35 9.2900000000000151 67.335000000000164 1 1.0000000180025095e-35 0.71186509651362528 0.88405843617454283 88.835000000000022 8.5000000000000018 435.00000000000006 5.5000000000000009 3523.1400000000008 2535.0000000000005 15.790000000000079 51.175000000000004 165.23500000000004
decision_type=2 2 2 2 2 2 2 2 2 1 2 2 2 2 2 2 2 1 2 2 2 2 2 2 2 2 2 2 2 2
left_child=3 2 10 11 9 6 7 12 29 14 -2 20 27 -9 19 21 26 -18 24 -4 -1 -11 -23 28 -7 -26 -12 -6 -16 -3
right_child=1 8 4 -5 5 18 -8 13 -10 15 16 -13 -14 -15 23 -17 17 -19 -20 -21 -22 22 -24 -25 25 -27 -28 -29 -30 -31
leaf_value=5.3435888987849172 -2.4897481520549172 4.7784013790250555 -2.2151101753865263 -2.6860490993911288 -1.0270376476535135 -4.4173351456125243 3.2897384097867262 9.2052647121749427 -1.0494055906672646 -3.8898138431055305 1.960082139576375 4.7089498834530161 2.6770896166705564 -0.82226481559710796 -3.9898077750642109 -0.55956201250980087 4.6360370864654632 -15.134036280866139 0.032571303348132123 2.7310374817410104 4.7183582699034874 -3.8682543208613156 -3.9596026290189501 -0.50410816923661061 -0.62188963840247524 -3.9773778379915714 4.2812288163176051 -3.6277166875344231 -2.4190136797633692 4.8105340280110855
leaf_weight=47 62 75 44 43 63 104 82 44 68 40 40 278 40 40 42 41 42 42 50 48 70 236 68 41 44 43 80 51 42 80
leaf_count=47 62 75 44 43 63 104 82 44 68 40 40 278 40 40 42 41 42 42 50 48 70 236 68 41 44 43 80 51 42 80
internal_value=0.00239234 -0.00562954 -0.0106718 0.0326484 -0.0175838 -0.00757576 0.0053125 -0.00588235 0.0266816 -0.0269103 0.0195489 0.0406329 -0.0214286 0.022619 -0.0103524 -0.0350633 0.0284314 0.0119048 -0.0246888 0.00543478 0.0226496 -0.0395349 -0.0424342 -0.0228 -0.0311518 -0.0212644 0.04 -0.0324561 -0.0309524 0.0390323
internal_weight=2090 1652 1429 438 1163 561 320 238 223 602 266 395 154 84 217 385 204 84 241 92 117 344 304 125 191 87 120 114 84 155
internal_count=2090 1652 1429 438 1163 561 320 238 223 602 266 395 154 84 217 385 204 84 241 92 117 344 304 125 191 87 120 114 84 155
cat_boundaries=0 1 2
cat_threshold=18 2
is_linear=0
shrinkage=0.05


Tree=23
num_leaves=31
num_cat=1
split_feature=62 19 16 11 5 9 5 11 4 23 17 30 2 45 30 45 4 58 5 10 30 17 5 30 57 5 9 19 24 5
split_gain=190.908 95.3042 103.779 82.1607 51.0613 47.761 78.5014 73.2766 86.5778 40.5045 35.7767 33.8624 32.6586 23.3747 18.361 18.0021 15.9068 12.3457 11.9688 11.8318 11.3832 8.46211 10.646 7.69929 7.83008 7.35179 25.9566 5.7734 5.28261 3.65841
threshold=1574.2700000000002 800.00000000000034 0.85457202410498234 4323.6150000000007 0.095454545454545472 3537.6350000000007 0.38750000000000007 2385.5050000000006 8.5000000000000018 1395.0000000000002 3105.0000000000005 45.960000000000043 0 0.011170901797088852 70.260000000000005 0.052291040737783907 3.5000000000000004 93.460000000000022 0.78888888888888908 167.33500000000001 42.864999999999789 1805.0000000000002 0.15476190476190474 68.635000000000005 103.72500000000001 0.4494949494949495 1176.7550000000003 295.00000000000006 2555.0000000000005 0.31666666666666671
decision_type=2 2 2 2 2 2 2 2 2 2 2 2 1 2 2 2 2 2 2 2 2 2 2 2 2 2 2 2 2 2
left_child=3 2 11 4 -1 6 9 12 13 -4 25 -2 27 23 28 21 20 -7 -12 -15 -6 22 -11 24 -9 26 -3 -8 -13 -23
right_child=1 10 5 -5 16 17 7 8 -10 15 18 14 -14 19 -16 -17 -18 -19 -20 -21 -22 29 -24 -25 -26 -27 -28 -29 -30 -31
leaf_value=-1.8494158073018827 -3.1524299408975063 4.4689787416959845 1.866982115849342 -3.7428965467653215 4.6322807906924641 -3.7637204864053659 3.6204595226864047 -2.4048127434131708 4.6719110732377613 -3.3221797060617613 -5.1793893765538037 1.1716921773188449 -0.32993347675257567 -3.3734503971932726 4.7234367008631919 -0.78160042789074857 4.4735023892803651 -4.315692972375067 8.9200979367834154 0.37454156701098285 3.5321211438043791 -3.8553587074368849 -1.5682213310728876 -3.6914584478338583 -4.0397909146292612 4.5663304946047942 -1.5343850496984388 3.3531173892384505 4.0175859831240492 -2.868632177700424
leaf_weight=54 48 48 56 43 67 131 41 52 51 94 70 40 61 55 53 41 281 40 40 53 44 135 40 80 41 84 43 79 75 61
leaf_count=54 48 48 56 43 67 131 41 52 51 94 70 40 61 55 53 41 281 40 40 53 44 135 40 80 41 84 43 79 75 61
internal_value=0.002594 -0.0057072 -0.0113414 0.0299591 0.0363229 -0.0175068 -0.0130851 9.74659e-05 -0.0138554 -0.0289227 0.0205263 0.0203704 0.0256906 -0.0247331 0.0309524 -0.0349057 0.042602 -0.0418129 -0.00181818 -0.00648148 0.0265766 -0.0387879 -0.0291045 -0.0361272 -0.0263441 0.0345714 0.0247253 0.0408333 0.0421739 -0.0454082
internal_weight=2101 1612 1327 489 446 1111 940 513 332 427 285 216 181 281 168 371 392 171 110 108 111 330 134 173 93 175 91 120 115 196
internal_count=2101 1612 1327 489 446 1111 940 513 332 427 285 216 181 281 168 371 392 171 110 108 111 330 134 173 93 175 91 120 115 196
cat_boundaries=0 1
cat_threshold=1
is_linear=0
shrinkage=0.05


Tree=24
num_leaves=31
num_cat=0
split_feature=62 25 16 11 5 9 5 9 5 9 5 16 11 45 10 14 57 25 10 15 18 15 29 13 18 13 13 9 9 5
split_gain=214.704 92.3597 96.8399 81.077 50.9091 37.0362 35.5558 33.1006 62.7107 72.4897 69.8605 32.2098 27.3441 24.3458 22.019 16.4859 15.7982 13.6206 11.8886 9.86947 7.93379 7.82834 7.56229 6.592 6.47903 4.9746 4.57205 4.10531 3.57673 5.32646
threshold=1574.2700000000002 745.00000000000011 0.85457202410498234 4340.5000000000009 0.095454545454545472 3032.5700000000002 0.72077922077922085 3537.6350000000007 0.38750000000000007 2471.9800000000005 0.80909090909090919 0.95338984370062041 1519.49 0.0073577164398349005 98.875000000000014 8.8350000000000026 41.650000000000013 84.999999999999787 173.11500000000004 24.93000000000001 2065.0000000000005 57.925000000000018 -21.904999999999969 104.94500000000001 2505.0000000000005 98.035000000000011 85.120000000000019 1585.0500000000004 1176.7550000000003 0.48333333333333339
decision_type=2 2 2 2 2 2 2 2 2 2 2 2 2 2 2 2 2 2 2 2 2 2 2 2 2 2 2 2 2 2
left_child=3 2 6 4 -1 16 14 8 12 11 15 24 -4 -13 -2 -11 -3 -6 20 -9 27 -7 -8 -17 -10 -20 -19 -14 -18 -30
right_child=1 5 7 -5 17 21 22 19 9 10 -12 13 18 -15 -16 23 28 26 25 -21 -22 -23 -24 -25 -26 -27 -28 -29 29 -31
leaf_value=-2.3838661943615906 1.2356458677685145 4.4205402115372801 1.2526756302152358 -2.3212100927654697 4.4530326507839275 -4.5208140057511983 4.1069563177569099 -3.5734364732477348 4.0826643730394059 -3.7551567572528981 3.6338401504246209 -3.27809058250633 -2.9478424440603868 1.4641696038444707 -3.8291102418305138 -0.70739415765680036 4.2456693762089914 4.2498272698163477 -2.2290049631941273 -2.564160186149218 -3.4227813274459948 1.4318808553068352 5.2677978711532578 -1.7153357470985129 3.0024099279198886 -1.7050959716827692 4.2508263168736891 -3.6229184399728354 3.2354745103678884 4.3163097446828047
leaf_weight=52 56 43 41 42 46 43 71 108 40 112 75 40 42 45 40 51 43 264 48 40 186 75 40 55 77 51 89 41 47 65
leaf_count=52 56 43 41 42 46 43 71 108 40 112 75 40 42 45 40 51 43 264 48 40 186 75 40 55 77 51 89 41 47 65
internal_value=0.00193424 -0.00707937 -0.0131454 0.0307302 0.036918 0.0170886 0.0181159 -0.0192966 -0.015708 -0.00373737 -0.0196246 0.0193069 -0.0301956 -0.00411765 -0.00416667 -0.033945 0.030303 0.0429825 -0.0345109 -0.0412162 -0.0399628 -0.00508475 0.0373874 -0.0198113 0.0363248 -0.019697 0.0463173 -0.0271084 0.0377419 0.0330357
internal_weight=2068 1575 1259 493 451 316 207 1052 904 495 293 202 409 85 96 218 198 399 368 148 269 118 111 106 117 99 353 83 155 112
internal_count=2068 1575 1259 493 451 316 207 1052 904 495 293 202 409 85 96 218 198 399 368 148 269 118 111 106 117 99 353 83 155 112
is_linear=0
shrinkage=0.05


Tree=25
num_leaves=31
num_cat=0
split_feature=62 25 16 11 9 9 5 5 61 30 21 59 4 14 30 61 14 8 22 59 57 35 15 59 20 34 18 40 9 4
split_gain=196.167 111.89 98.9593 77.0961 48.3506 36.3744 111.328 39.309 65.0637 33.0458 27.8428 32.5356 27.5 25.2515 18.9149 18.3198 16.6533 15.7242 14.2247 13.0724 11.4632 11.0626 10.5814 8.22263 10.68 8.15464 6.07553 5.34884 2.925 4.29258
threshold=1359.2350000000004 745.00000000000011 0.85457202410498234 4340.5000000000009 3075.4100000000003 2522.7750000000005 0.38750000000000007 0.80909090909090919 3340.9650000000006 42.225000000000144 1745.0000000000002 686.70000000000016 3.5000000000000004 9.0499999999999972 70.260000000000005 3130.6350000000007 8.8350000000000026 4664.6031746031758 295.00000000000006 2523.1800000000007 41.190000000000005 0.022226301816805006 54.045000000000023 1076.0000000000002 1775.0000000000002 0.97598472096656386 2545.0000000000005 -14.467752362081074 1176.7550000000003 4.5000000000000009
decision_type=2 2 2 2 2 2 2 2 2 2 2 2 2 2 2 2 2 2 2 2 2 2 2 2 2 2 2 2 2 2
left_child=3 2 9 12 20 6 10 16 15 -2 11 -4 21 18 26 -9 -7 -15 -8 -18 -3 -1 -6 -12 -25 -26 -11 -10 -22 -30
right_child=1 4 5 -5 22 7 13 8 27 14 23 -13 -14 17 -16 -17 19 -19 -20 -21 28 -23 -24 24 25 -27 -28 -29 29 -31
leaf_value=2.8111962655107661 -2.7791454617851197 4.1919236626847507 -2.9553731917287234 -3.393882573892367 -4.9535017266271417 -3.3899145578110224 2.9877676833860267 -0.078704153531621662 -3.2617204390382035 1.2539092994265921 -3.4524772743764127 6.5706148648140363 4.0373359063255307 -0.84533909138423169 4.1320962063659623 5.0715233277120522 -3.2416179480200316 3.6878591781245564 3.0353410233805338 -0.81958238515708504 4.0358388928459981 4.1784979895494798 2.3624150879315273 -0.9259663218853853 -2.376662454659686 -1.8339316725833272 3.5376485537992148 -3.3947646495853476 3.7403189968042767 4.1880446577907522
leaf_weight=55 56 48 50 42 41 176 43 40 40 42 136 40 286 62 54 41 74 52 79 62 52 44 79 50 81 40 74 46 65 63
leaf_count=55 56 48 50 42 41 176 43 40 40 42 136 40 286 62 54 41 74 52 79 62 52 44 79 50 81 40 74 46 65 63
internal_value=0.00309986 -0.00456702 -0.011136 0.0333724 0.0206897 -0.0172662 -0.00939968 -0.0276618 -0.00808383 0.0190265 -0.0255668 -0.00111111 0.0403896 0.0177966 0.03 0.0240741 -0.038141 0.000877193 0.0336066 -0.025 0.0342105 0.0176768 -0.005 -0.0327362 -0.0254386 -0.0334711 0.0413793 -0.0383721 0.04 0.0359375
internal_weight=2113 1686 1338 427 348 1112 633 479 167 226 397 90 385 236 170 81 312 114 122 136 228 99 120 307 171 121 116 86 180 128
internal_count=2113 1686 1338 427 348 1112 633 479 167 226 397 90 385 236 170 81 312 114 122 136 228 99 120 307 171 121 116 86 180 128
is_linear=0
shrinkage=0.05


Tree=26
num_leaves=31
num_cat=1
split_feature=60 16 31 11 5 20 23 5 9 13 5 38 24 16 4 2 45 45 19 57 29 13 24 57 29 17 19 14 29 44
split_gain=219.523 101.646 128.727 62.7111 38.3741 121.471 34.1737 26.5331 55.7666 32.768 26.4207 34.6417 25.6837 24.5438 23.8046 20.8132 13.6473 13.534 13.0664 11.3328 11.2393 8.30703 7.50416 7.38663 7.11169 3.93522 4.11856 3.89874 3.00057 2.94081
threshold=1234.4100000000001 0.85457202410498234 598.75000000000011 4340.5000000000009 0.38750000000000007 2555.0000000000005 3075.0000000000005 0.80909090909090919 3565.8200000000006 88.170000000000016 0.80909090909090919 -13.910476190476173 1745.0000000000002 0.89929664684717203 4.5000000000000009 0 0.0073577164398349005 0.052291040737783907 295.00000000000006 44.705000000000005 -33.980000000000011 98.325000000000003 2165.0000000000005 94.890000000000015 -37.075000000000266 1225.0000000000002 955.00000000000011 96.245000000000019 -77.259999999999977 0.033233530256578707
decision_type=2 2 2 2 2 2 2 2 2 2 2 2 2 2 2 1 2 2 2 2 2 2 2 2 2 2 2 2 2 2
left_child=3 10 4 14 12 15 19 13 -9 -10 11 -2 -3 -7 21 18 -17 22 -6 -4 -13 -1 24 -15 -14 -21 -27 -24 -25 -12
right_child=1 2 6 -5 5 7 -8 8 9 -11 29 20 17 23 -16 16 -18 -19 -20 25 -22 -23 27 28 -26 26 -28 -29 -30 -31
leaf_value=2.6521819813241843 -5.3236758131949085 -0.28727540572809718 3.5533030469640625 -2.340780395345663 2.8866848350092797 -3.2230087118145452 -3.7852465759687721 3.5734292709560438 -3.225026417106081 1.6046268656672291 3.986245423515729 3.1655642924921077 -1.8958475333164373 -0.086704146415191377 3.8354691110092549 -1.416022938751615 1.6607680153885469 -0.64137070444366917 2.8394074348463025 3.831593962756243 2.0110338663020815 3.8843680838969363 -3.3499448310144491 -0.70251721137156697 -3.2385397416917132 3.8859470652198853 3.9049981155794087 -1.9703315789530707 -3.9254742109165606 4.7978031672772969
leaf_weight=68 44 79 41 40 47 165 56 78 80 45 59 40 99 42 278 43 46 43 76 48 63 43 133 45 55 53 51 45 41 48
leaf_count=68 44 79 41 40 47 165 56 78 80 45 59 40 99 42 278 43 46 43 76 48 63 43 133 45 55 53 51 45 41 48
internal_value=0.00272206 -0.0054955 -0.0107371 0.0346154 -0.0177281 -0.010452 0.0218876 -0.0239919 -0.0100985 -0.0308 0.023622 0.00986395 -0.0290749 -0.0336177 0.0407455 0.0212264 0.00280899 -0.0345333 0.0345528 0.0318653 0.0257282 0.0211712 -0.0379518 -0.0171875 -0.0298701 0.0381579 0.0326923 -0.0449438 -0.0255814 0.0425234
internal_weight=2094 1665 1411 429 1162 708 249 496 203 125 254 147 454 293 389 212 89 375 123 193 103 111 332 128 154 152 104 178 86 107
internal_count=2094 1665 1411 429 1162 708 249 496 203 125 254 147 454 293 389 212 89 375 123 193 103 111 332 128 154 152 104 178 86 107
cat_boundaries=0 1
cat_threshold=1
is_linear=0
shrinkage=0.05


Tree=27
num_leaves=31
num_cat=0
split_feature=60 25 16 9 9 9 4 10 68 15 5 38 17 4 15 32 29 32 15 5 9 14 8 19 21 10 13 60 33 23
split_gain=234.523 101.961 114.325 50.0572 41.0877 36.0422 68.5989 40.5048 38.681 40.7481 32.7193 31.4797 21.5091 20.4631 18.2078 17.6042 12.2137 11.25 11.0071 9.65013 28.3858 9.47467 13.4179 16.307 9.90949 9.20304 7.02439 4.86211 4.25675 3.68881
threshold=1234.4100000000001 745.00000000000011 0.85457202410498234 4073.9800000000005 3032.5700000000002 3537.6350000000007 8.5000000000000018 95.225000000000009 20.187500000000004 1.1050000000000113 0.72077922077922085 18.737755102040868 1635.0000000000002 4.5000000000000009 54.045000000000023 0.99290675507136961 -104.93000000000005 0.70256910101995185 30.77000000000001 0.4494949494949495 1176.7550000000003 133.33000000000001 5868.7981859410438 324.99999999999994 2585.0000000000005 121.99500000000002 76.610000000000014 2110.2300000000005 0.62319774722822785 3065.0000000000005
decision_type=2 2 2 2 2 2 2 2 2 2 2 2 2 2 2 2 2 2 2 2 2 2 2 2 2 2 2 2 2 2
left_child=3 2 10 13 19 6 7 17 9 -9 11 -2 -10 25 -6 21 -14 -4 -7 20 -3 22 23 -11 -24 -1 -13 -18 -16 -12
right_child=1 4 5 -5 14 18 -8 8 12 15 29 26 16 -15 28 -17 27 -19 -20 -21 -22 -23 24 -25 -26 -27 -28 -29 -30 -31
leaf_value=3.0030148338802856 -5.6267598295016787 3.640014264618431 2.3895460784334999 -3.1071494254304657 -4.3883658472462379 -3.0637750962507768 4.2083952563515235 2.570170758754609 -0.47476225434409258 -5.3255940087358695 3.6503111890476418 2.5531619542033512 -1.2012635168808743 3.6436956554587923 8.6651408847463731 -3.8299990401028041 -2.5781365926084265 -0.48235442521620797 -2.1506632335931828 3.7728207464479087 -1.6039369455402381 -1.1257985513246234 2.9464826739651699 -0.33372053900993992 -1.5657887052286172 3.6678280867828637 0.32303441812020073 -3.0738117758645376 -0.2559256283065281 3.7738557040308276
leaf_weight=60 41 50 40 40 44 111 45 40 56 47 63 41 55 279 42 61 61 40 42 104 61 70 79 71 55 58 41 223 41 44
leaf_count=60 41 50 40 40 44 111 45 40 56 47 63 41 55 279 42 61 61 40 42 104 61 70 79 71 55 58 41 223 41 44
internal_value=0.00320665 -0.00533573 -0.0116139 0.0358124 0.0190058 -0.0183394 -0.0146872 -0.017706 -0.0210269 -0.0105201 0.0204348 0.00284553 -0.0322785 0.0411839 -0.00354331 -0.0155352 -0.0370206 0.01625 -0.0408497 0.0323256 0.0220721 -0.0108696 -0.00634921 -0.0186441 0.00447761 0.0237288 0.0207317 -0.0411972 0.010241 0.0406542
internal_weight=2105 1668 1326 437 342 1096 943 898 818 423 230 123 395 397 127 383 339 80 153 215 111 322 252 118 134 118 82 284 83 107
internal_count=2105 1668 1326 437 342 1096 943 898 818 423 230 123 395 397 127 383 339 80 153 215 111 322 252 118 134 118 82 284 83 107
is_linear=0
shrinkage=0.05


end of trees

feature_importances:
row_ratio_in_wav=62
row_index_in_wav=54
base_cutoff_abs=48
base_offset=41
base_pre_to_expected_ms=41
base_ovl_ratio=32
next_base_offset=32
base_offset_to_expected_ms=30
base_cons=28
base_cutoff_to_next_anchor_ms=28
prev_base_pre=28
syllable_len_ms=27
words_vs_alias_score_margin=27
prev_base_offset=24
base_cons_gap=23
curr_phone_end_ms=23
curr_phone_start_ms=22
curr_phone_len_ms=22
prev_base_cutoff_abs=20
base_ovl=18
curr_vowel_end_ms=17
next_base_cutoff_abs=17
base_cut_gap=15
next_base_pre=14
wav_duration_ms=13
syllable_end_ms=11
energy_slope_pre=11
db_min=10
curr_vowel_start_ms=9
curr_vowel_len_ms=8
energy_mean=8
energy_max=8
zcr_mean=8
spectral_flux_mean=8
voicing_class=8
mapping_confidence=7
base_pre=6
syllable_start_ms=6
alias_type=5
energy_min=5
valley_dist_from_cutoff_ms=4
next_phone_gap_ms=2
valley_energy=2
db_mean=2
alias_group=1
expected_anchor_ms=1
f0_voicing_mean=1
is_nasal_or_sonorant=1
prev_alias_type=1
local_peak_db=1

parameters:
[boosting: gbdt]
[objective: regression_l1]
[metric: l1]
[tree_learner: serial]
[device_type: cpu]
[data_sample_strategy: bagging]
[data: ]
[valid: ]
[num_iterations: 500]
[learning_rate: 0.05]
[num_leaves: 31]
[num_threads: 0]
[seed: 0]
[deterministic: 0]
[force_col_wise: 0]
[force_row_wise: 0]
[histogram_pool_size: -1]
[max_depth: -1]
[min_data_in_leaf: 40]
[min_sum_hessian_in_leaf: 0.001]
[bagging_fraction: 0.85]
[pos_bagging_fraction: 1]
[neg_bagging_fraction: 1]
[bagging_freq: 1]
[bagging_seed: 3]
[bagging_by_query: 0]
[feature_fraction: 0.85]
[feature_fraction_bynode: 1]
[feature_fraction_seed: 2]
[extra_trees: 0]
[extra_seed: 6]
[early_stopping_round: 0]
[early_stopping_min_delta: 0]
[first_metric_only: 0]
[max_delta_step: 0]
[lambda_l1: 0]
[lambda_l2: 0]
[linear_lambda: 0]
[min_gain_to_split: 0]
[drop_rate: 0.1]
[max_drop: 50]
[skip_drop: 0.5]
[xgboost_dart_mode: 0]
[uniform_drop: 0]
[drop_seed: 4]
[top_rate: 0.2]
[other_rate: 0.1]
[min_data_per_group: 100]
[max_cat_threshold: 32]
[cat_l2: 10]
[cat_smooth: 10]
[max_cat_to_onehot: 4]
[top_k: 20]
[monotone_constraints: ]
[monotone_constraints_method: basic]
[monotone_penalty: 0]
[feature_contri: ]
[forcedsplits_filename: ]
[refit_decay_rate: 0.9]
[cegb_tradeoff: 1]
[cegb_penalty_split: 0]
[cegb_penalty_feature_lazy: ]
[cegb_penalty_feature_coupled: ]
[path_smooth: 0]
[interaction_constraints: ]
[verbosity: -1]
[saved_feature_importance_type: 0]
[use_quantized_grad: 0]
[num_grad_quant_bins: 4]
[quant_train_renew_leaf: 0]
[stochastic_rounding: 1]
[linear_tree: 0]
[max_bin: 255]
[max_bin_by_feature: ]
[min_data_in_bin: 3]
[bin_construct_sample_cnt: 200000]
[data_random_seed: 1]
[is_enable_sparse: 1]
[enable_bundle: 1]
[use_missing: 1]
[zero_as_missing: 0]
[feature_pre_filter: 1]
[pre_partition: 0]
[two_round: 0]
[header: 0]
[label_column: ]
[weight_column: ]
[group_column: ]
[ignore_column: ]
[categorical_feature: 0,1,2,3,46,47,50,51,52,53,55,56,70]
[forcedbins_filename: ]
[precise_float_parser: 0]
[parser_config_file: ]
[objective_seed: 5]
[num_class: 1]
[is_unbalance: 0]
[scale_pos_weight: 1]
[sigmoid: 1]
[boost_from_average: 1]
[reg_sqrt: 0]
[alpha: 0.9]
[fair_c: 1]
[poisson_max_delta_step: 0.7]
[tweedie_variance_power: 1.5]
[lambdarank_truncation_level: 30]
[lambdarank_norm: 1]
[label_gain: ]
[lambdarank_position_bias_regularization: 0]
[eval_at: ]
[multi_error_top_k: 1]
[auc_mu_weights: ]
[num_machines: 1]
[local_listen_port: 12400]
[time_out: 120]
[machine_list_filename: ]
[machines: ]
[gpu_platform_id: -1]
[gpu_device_id: -1]
[gpu_use_dp: 0]
[num_gpu: 1]

end of parameters

pandas_categorical:[["japanese"], ["cvvc"], ["vc", "vv"], ["vc_fricative", "vc_other", "vc_plosive", "vc_sonorant", "vv"], ["fricative", "other", "plosive", "sonorant"], ["unknown", "voiced", "voiceless"], ["none"], ["", "a", "e", "i", "n", "o", "u"], ["head", "mid", "tail"], ["vc", "vv"], ["", "cv", "cv_head", "vc", "vv"], [""], ["unknown"]]
