tree
version=v4
num_class=1
num_tree_per_iteration=1
label_index=0
max_feature_idx=49
objective=regression
feature_names=language format_type alias_type alias_group candidate_mode candidate_index mapping_confidence jump_blocked_flag used_alias_based_syllables used_nuclei_fallback words_vs_alias_score_margin wav_duration_ms expected_anchor_ms base_offset_to_expected_ms base_pre_to_expected_ms base_cutoff_to_next_anchor_ms prev_phone_gap_ms next_phone_gap_ms energy_mean db_silence_ratio local_peak_db local_valley_db mel_window_energy_mean mel_window_silence_ratio coda_type vowel_class bridge_type mora_position onset_class voicing_class mapping_reason_code prev_alias_type next_alias_type cand_offset cand_cons cand_cutoff_abs cand_pre cand_ovl cand_pre_abs cand_cons_gap cand_cut_gap cand_ovl_ratio cand_offset_to_expected_ms cand_pre_to_expected_ms cand_cutoff_to_next_anchor_ms cand_delta_from_base_total cand_delta_from_base_anchor cand_overlap_margin cand_pre_cons_margin cand_leak_risk
feature_infos=none none -1:0:1 -1:1:4:2:3:0 -1:0:1:2:3:4:5 [0:5] [0.76018922866250027:1] none none none [-25.415999999999983:2356.614] [4246.3492063492067:5999.4557823129253] [510:5080] [-254.15999999999983:32.980000000000018] [-15.210000000000036:238.58999999999992] [-3956.1100000000006:3465.5999999999999] [0:1500] [0:2480] [0:1] [0:0.45454545454545447] [-57.01215422669997:0] [-84.736912362756186:0] [0:1] [0:0.45454545454545447] none -1:0:4:2:1:3:5:6 -1:0:1 -1:1:2:0 -1:1:3:2:0 -1:0:1:2 none -1:3:4:1:0:2 none [437.62:5055.7399999999998] [72.219999999999999:348.10000000000002] [676.67000000000007:8865.5200000000004] [39.954500000000017:259.43000000000001] [29.954500000000017:249.43000000000001] [517.58450000000005:5151.6099999999997] [9.9999999999999858:151.03549999999996] [503.45999999999998:8764.8696] [0.64979970482816785:0.97131265112085563] [-254.15999999999983:32.980000000000018] [-17.072599999999966:238.58999999999992] [-7707.9399999999996:3465.5999999999999] [0:3777.3000000000002] [0:9.9000000000005457] [7:31.069999999999997] [9.9999999999999858:151.03549999999996] [0:7707.9399999999996]
tree_sizes=2843 2848 2831 2828 2814 2796 2822 2776 2842 2861 2824 2852 2812 2841 2845 2822 2797

Tree=0
num_leaves=31
num_cat=5
split_feature=40 27 44 13 25 11 15 44 21 11 18 33 15 10 14 16 6 27 35 27 10 11 33 34 21 34 34 44 15 29
split_gain=6.87587e+08 5.9571e+08 4.20843e+08 4.22024e+08 1.98936e+08 1.63907e+08 1.38166e+08 1.52866e+08 1.15984e+08 1.09876e+08 1.08774e+08 9.65795e+07 8.26439e+07 7.78745e+07 6.56371e+07 6.05249e+07 6.02734e+07 7.24075e+07 1.04429e+08 5.84367e+07 5.439e+07 5.14931e+07 7.34799e+07 5.25607e+07 4.81914e+07 4.78951e+07 4.92609e+07 4.31923e+07 4.29904e+07 3.99522e+07
threshold=3544.9900000000007 0 1796.7900000000002 -23.849999999999905 1 5868.7981859410438 -11.120000000000116 594.75000000000011 -14.347693892378244 5807.3129251700693 0.60268162791928115 2050.7500000000005 2909.7300000000005 876.09400000000016 17.410000000000085 29.99999999999989 0.88562226873533645 2 4348.8050000000012 3 88.732000000000028 4320.0453514739238 1325.9750000000001 177.18000000000004 -28.679846495017213 183.93000000000004 187.33000000000001 230.38500000000025 -8.5599999999999437 4
decision_type=2 1 2 2 1 2 2 2 2 2 2 2 2 2 2 2 2 1 2 1 2 2 2 2 2 2 2 2 2 1
left_child=1 5 3 6 24 -1 9 13 11 -3 -5 -7 -4 21 -6 19 17 18 29 -11 28 -8 23 -23 -2 -9 -27 -22 -12 -16
right_child=4 2 12 10 14 8 7 25 -10 15 20 -13 -14 -15 16 -17 -18 -19 -20 -21 27 22 -24 -25 -26 26 -28 -29 -30 -31
leaf_value=-1298.5247674590469 -1325.6069153125234 -1281.591217928586 -1337.8028108027861 -1278.9495564640938 -1343.5163147904968 -1417.2276760962873 -1266.5675554664272 -1286.7216814431938 -1419.3802451011552 -1303.7917930016233 -1339.5880177768724 -1336.4580495747812 -1404.7209861587223 -1333.5780207923322 -1346.3600157208655 -1369.3678649029944 -1327.8923132773339 -1280.8834724507544 -1367.353131580003 -1363.4269789445302 -1278.0921775296792 -1288.0660414012498 -1275.5990919556455 -1343.0055152525554 -1280.6231438867758 -1348.4486673513286 -1300.5183517926489 -1306.421462224469 -1312.4972397935212 -1297.2298183240307
leaf_weight=130 72 445 159 323 446 44 1619 798 75 384 166 233 65 55 50 48 1344 168 90 46 189 121 2740 68 344 62 396 467 1243 240
leaf_count=130 72 445 159 323 446 44 1619 798 75 384 166 233 65 55 50 48 1344 168 90 46 189 121 2740 68 344 62 396 467 1243 240
internal_value=-1298.45 -1292.29 -1289.51 -1287.86 -1320.54 -1346.5 -1281.49 -1278.66 -1364.22 -1299.47 -1305.93 -1349.29 -1357.22 -1274.44 -1326.14 -1316.12 -1322.19 -1308.22 -1320.3 -1310.17 -1310.15 -1273.72 -1277.68 -1307.83 -1288.65 -1294.12 -1307.01 -1298.26 -1315.69 -1305.7
internal_weight=12630 9876 9394 9170 2754 482 6782 5859 352 923 2388 277 224 4603 2338 478 1892 548 380 430 2065 4548 2929 189 416 1256 458 656 1409 290
internal_count=12630 9876 9394 9170 2754 482 6782 5859 352 923 2388 277 224 4603 2338 478 1892 548 380 430 2065 4548 2929 189 416 1256 458 656 1409 290
cat_boundaries=0 1 2 3 4 5
cat_threshold=4 44 2 2 4
is_linear=0
shrinkage=1


Tree=1
num_leaves=31
num_cat=4
split_feature=38 27 15 13 15 11 15 11 25 21 22 31 12 21 15 13 13 10 11 31 15 45 11 33 34 34 34 13 15 12
split_gain=6.08357e+08 5.98786e+08 3.96554e+08 3.50422e+08 1.75725e+08 1.56448e+08 1.45504e+08 1.32256e+08 1.29194e+08 1.0128e+08 1.01073e+08 1.09992e+08 9.41326e+07 7.86481e+07 7.18286e+07 7.08255e+07 7.04535e+07 5.94827e+07 5.86317e+07 5.32259e+07 6.22785e+07 5.12124e+07 4.46927e+07 6.34506e+07 4.49678e+07 4.44977e+07 6.71628e+07 4.28296e+07 4.13606e+07 3.67254e+07
threshold=3646.7550000000006 0 1819.2200000000003 -23.849999999999905 -11.120000000000116 5868.7981859410438 564.04500000000019 5807.3129251700693 1 -14.347693892378244 0.60268162791928115 2 2055.0000000000005 -35.127801909247502 2909.7300000000005 -72.874999999999986 -24.089999999999915 876.09400000000016 5868.7981859410438 3 -213.44499999999988 23.048750000000037 4320.0453514739238 1325.9750000000001 177.18000000000004 183.93000000000004 185.55000000000004 -20.009999999999987 318.30000000000001 2985.0000000000005
decision_type=2 1 2 2 2 2 2 2 1 2 2 1 2 2 2 2 2 2 2 1 2 2 2 2 2 2 2 2 2 2
left_child=1 5 3 4 7 -1 17 -3 -2 12 -5 -12 -7 16 -4 -9 -10 22 27 20 -15 -17 29 24 -24 -8 -27 -13 -20 -6
right_child=8 2 14 10 6 9 25 15 13 -11 11 18 -14 19 -16 21 -18 -19 28 -21 -22 -23 23 -25 -26 26 -28 -29 -30 -31
leaf_value=0.20042981591843467 10.256587272224756 15.865085488544176 -39.15211574847882 19.582928627290023 32.236540106756784 -113.57481477698502 11.690277903694614 3.4102104970571157 -76.770642729323043 -113.52499381922469 15.213364646014046 22.082346836866535 -37.978388351664066 -56.519690156594301 -101.26676839192709 -14.019385120022683 -2.8686106482217482 -28.306732204982211 -33.1423934755191 -30.097220421150855 -9.8323203172323854 -53.177530259190348 8.8359407032689745 21.793390569251674 -43.600205680972238 -68.286596902986858 -1.7450308385697924 -11.078642956421458 -10.59838913637757 0.6402089410898637
leaf_weight=131 280 437 143 312 1494 49 818 185 129 79 330 113 258 78 69 155 43 56 568 1207 848 181 124 2761 61 41 505 704 317 98
leaf_count=131 280 437 143 312 1494 49 818 185 129 79 330 113 258 78 69 155 43 56 568 1207 848 181 124 2761 61 41 505 704 317 98
internal_value=-0.209257 5.38551 8.24553 9.7935 15.456 -47.0132 18.6519 -4.41984 -21.8286 -63.0364 -6.91391 -10.9823 -50.0443 -25.6594 -59.3687 -21.4343 -58.2951 22.9096 -16.0564 -23.148 -13.6179 -35.1135 23.5416 19.894 -8.45382 4.31206 -6.74174 -6.49212 -25.0673 30.2915
internal_weight=12574 9989 9472 9260 6916 517 5958 958 2585 386 2344 2032 307 2305 212 521 172 4594 1702 2133 926 336 4538 2946 185 1364 546 817 885 1592
internal_count=12574 9989 9472 9260 6916 517 5958 958 2585 386 2344 2032 307 2305 212 521 172 4594 1702 2133 926 336 4538 2946 185 1364 546 817 885 1592
cat_boundaries=0 1 2 3 4
cat_threshold=4 12 2 18
is_linear=0
shrinkage=0.05


Tree=2
num_leaves=31
num_cat=5
split_feature=33 27 44 13 25 11 15 15 21 18 31 12 11 21 15 15 14 18 14 10 31 13 21 15 21 12 48 31 12 44
split_gain=5.76591e+08 5.00654e+08 3.72805e+08 3.03944e+08 1.46855e+08 1.31154e+08 1.14802e+08 1.13395e+08 1.00439e+08 9.23359e+07 1.0265e+08 8.04588e+07 8.0115e+07 7.05441e+07 6.51701e+07 5.72929e+07 5.54622e+07 5.48654e+07 5.10673e+07 5.0923e+07 4.76914e+07 7.43315e+07 4.56419e+07 4.43197e+07 4.30599e+07 4.13918e+07 3.77974e+07 3.72575e+07 1.40098e+08 4.3169e+07
threshold=3483.0600000000004 0 1796.7900000000002 -23.849999999999905 1 5868.7981859410438 -11.120000000000116 486.17500000000013 -14.347693892378244 0.60268162791928115 2 2055.0000000000005 5807.3129251700693 -35.127801909247502 2909.7300000000005 -162.32999999999996 64.654999999999987 0.22657235260857481 37.634999999999998 88.732000000000028 3 -15.184999999999944 -28.679846495017213 634.54500000000019 -26.843013787899817 2105.0000000000005 139.42549999999991 4 2585.0000000000005 131.48999999999992
decision_type=2 1 2 2 1 2 2 2 2 2 1 2 2 2 2 2 2 2 2 2 1 2 2 2 2 2 2 1 2 2
left_child=1 5 3 6 22 -1 12 17 11 -5 -11 -7 -3 16 -4 -14 -6 -8 -17 27 21 23 -2 -15 -19 -21 -22 29 -29 -12
right_child=4 2 14 9 13 8 7 -9 -10 10 19 -13 15 20 -16 18 -18 24 -20 25 26 -23 -24 -25 -26 -27 -28 28 -30 -31
leaf_value=0.66040113854595994 -28.60164141935461 13.908245435066789 -37.25793543158111 19.415069572925571 -67.940476876535726 -106.07990342881945 -26.216968135510463 5.3495220584147347 -107.82442565917968 14.606413941254488 -40.054613871544412 -33.38676916877268 -70.740114859647534 19.354262316281392 -95.337120653235402 -1.5739175276322799 -9.8840970175606877 28.343777889403921 -45.096938796270464 31.04835928457755 -25.187237346632543 -29.043220970701068 16.517162968073517 -30.140961068136654 18.242663695066483 -7.7325261699765342 -69.766103970274628 -16.724512764259622 -114.70063159179688 -11.593228512436804
leaf_weight=127 68 444 161 320 155 45 59 1398 80 360 159 247 43 219 69 341 56 1770 84 81 1606 237 319 57 2612 457 49 135 50 822
leaf_count=127 68 444 161 320 155 45 59 1398 80 360 159 247 43 219 69 341 56 1770 84 81 1606 237 319 57 2612 457 49 135 50 822
internal_value=-0.0685055 5.5887 8.18891 9.77186 -20.243 -43.2108 15.1916 17.7685 -58.1884 -5.57584 -9.4504 -44.5895 -1.30637 -24.8289 -54.6817 -15.7408 -52.5321 21.6779 -10.1761 -14.5333 -22.2472 -8.34167 8.37296 9.13242 22.3228 -1.89377 -26.3479 -20.4898 -40.9889 -16.0427
internal_weight=12630 9864 9365 9135 2766 499 6751 5839 372 2384 2064 292 912 2379 230 468 211 4441 425 1704 2168 513 387 276 4382 538 1655 1166 185 981
internal_count=12630 9864 9365 9135 2766 499 6751 5839 372 2384 2064 292 912 2379 230 468 211 4441 425 1704 2168 513 387 276 4382 538 1655 1166 185 981
cat_boundaries=0 1 2 3 4 5
cat_threshold=4 44 2 2 8
is_linear=0
shrinkage=0.05


Tree=3
num_leaves=31
num_cat=5
split_feature=33 27 44 13 25 13 11 11 15 12 31 21 18 31 12 15 21 11 21 45 31 13 13 45 13 15 44 10 15 44
split_gain=4.85085e+08 4.34879e+08 3.51904e+08 2.83002e+08 1.25702e+08 1.13609e+08 1.1453e+08 1.09799e+08 1.0933e+08 1.10351e+08 1.44157e+08 8.32332e+07 7.96484e+07 8.50419e+07 7.39991e+07 5.62164e+07 5.40689e+07 5.17299e+07 4.65881e+07 4.65802e+07 4.5315e+07 6.74504e+07 4.4899e+07 4.38058e+07 4.35169e+07 4.22624e+07 3.82676e+07 3.79533e+07 3.7257e+07 3.29012e+07
threshold=3483.0600000000004 0 1796.7900000000002 -23.849999999999905 1 -85.569999999999922 5248.8208616780057 5868.7981859410438 -8.5599999999999437 1535.0000000000002 2 -14.347693892378244 0.58358020735920768 3 2055.0000000000005 2909.7300000000005 -35.127801909247502 5868.7981859410438 -28.679846495017213 51.204999999999472 4 -15.184999999999944 -37.075000000000266 25.334999999999813 -20.009999999999987 634.54500000000019 -198.02500000000006 147.33850000000004 318.30000000000001 354.31999999999999
decision_type=2 1 2 2 1 2 2 2 2 2 1 2 2 1 2 2 2 2 2 2 1 2 2 2 2 2 2 2 2 2
left_child=1 7 3 5 18 -3 -7 -1 23 10 -10 14 -5 -14 -9 -4 19 24 -2 22 21 25 -6 -8 -15 -18 -20 29 -19 -11
right_child=4 2 15 12 16 6 8 11 9 27 -12 -13 13 17 -16 -17 20 28 26 -21 -22 -23 -24 -25 -26 -27 -28 -29 -30 -31
leaf_value=0.23303485586623515 -29.292448102924187 24.086740479714265 -37.090382066949623 19.312282310929938 -51.015315896111566 20.072093752149197 -8.4592879914968027 -101.48871012369793 5.3687895228591147 18.301984054825862 -53.10643735524291 -102.08430291253168 12.601621818044478 22.694501581499654 -31.66380221232895 -90.868208377462054 19.178998705945208 -29.538766456478175 -28.762859481988951 -76.377008176137167 -24.623139682495186 -26.722495988577851 13.228452602652617 -47.032464084928002 -9.4015348620757901 -28.731862377298292 21.748270346076822 -20.213888266990924 -8.302765506246816 4.9643194206544665
leaf_weight=121 71 2112 154 284 74 1774 177 45 306 1289 151 74 373 124 242 71 223 576 43 83 1632 242 43 126 712 58 293 87 322 721
leaf_count=121 71 2112 154 284 74 1774 177 45 306 1289 151 74 373 124 242 71 223 576 43 83 1632 242 43 126 712 58 293 87 322 721
internal_value=0.131779 5.32856 7.71386 9.23555 -18.3843 14.4764 10.0935 -40.9869 3.89742 7.26638 -14.9969 -54.803 -5.54433 -8.89472 -42.612 -54.0603 -22.7624 -13.5135 7.32776 -47.728 -20.5511 -7.23523 -27.4044 -24.4996 -4.64088 9.28992 15.284 12.1182 -21.9241 13.5177
internal_weight=12603 9841 9359 9134 2762 6743 4631 482 2857 2554 457 361 2391 2107 287 225 2355 1734 407 200 2155 523 117 303 836 281 336 2097 898 2010
internal_count=12603 9841 9359 9134 2762 6743 4631 482 2857 2554 457 361 2391 2107 287 225 2355 1734 407 200 2155 523 117 303 836 281 336 2097 898 2010
cat_boundaries=0 1 2 3 4 5
cat_threshold=4 44 5 2 2
is_linear=0
shrinkage=0.05


Tree=4
num_leaves=31
num_cat=6
split_feature=33 27 44 42 25 11 42 11 15 33 31 18 31 21 33 21 42 15 21 39 31 15 17 10 27 6 37 39 33 34
split_gain=4.78063e+08 4.056e+08 2.87533e+08 2.61049e+08 1.18295e+08 1.02581e+08 1.01947e+08 1.00761e+08 9.58481e+07 9.55047e+07 1.63858e+08 7.75207e+07 9.50115e+07 6.96614e+07 6.99417e+07 5.33378e+07 5.34573e+07 4.8017e+07 4.2256e+07 4.21673e+07 5.17051e+07 4.05801e+07 4.04576e+07 4.00585e+07 3.87641e+07 3.7033e+07 3.45893e+07 3.45258e+07 3.35941e+07 3.1169e+07
threshold=3483.0600000000004 0 1796.7900000000002 -23.849999999999905 1 5868.7981859410438 -85.569999999999922 5248.8208616780057 -8.5599999999999437 1557.6650000000002 2 0.64421207820811788 3 -14.347693892378244 2050.7500000000005 -35.127801909247502 -24.089999999999915 2909.7300000000005 -28.679846495017213 139.42549999999991 4 -162.32999999999996 29.999999999999776 88.732000000000028 5 0.8175414416324448 78.985000000000014 56.649999999999999 2091.4500000000003 183.57000000000002
decision_type=2 1 2 2 1 2 2 2 2 2 1 2 1 2 2 2 2 2 2 2 1 2 2 2 1 2 2 2 2 2
left_child=1 5 3 6 18 -1 26 -8 21 10 -10 -5 -13 14 -7 16 27 29 -2 20 22 -9 -17 -14 -23 -12 -3 -6 -25 -4
right_child=4 2 17 11 15 13 7 8 9 -11 25 12 23 -15 -16 19 -18 -19 -20 -21 -22 24 -24 28 -26 -27 -28 -29 -30 -31
leaf_value=0.25476736787889825 -28.552728227256001 -4.3463755104758528 -14.330841873352789 14.474954928409907 -81.705000978105531 -97.55042049326795 19.050373909891956 -69.065081176757815 7.677671862132847 12.043622156545158 -14.910817696327388 14.010859950204916 -19.85999751551369 -96.400915192904549 -30.895781324274282 -7.2133954020032354 -0.047213280719259509 -87.455721145379755 14.460845136777232 -66.692049225171417 -25.963175542877941 -6.9971824171205448 -53.083406396005671 29.673795749830163 -57.687241583930124 -68.931461195512256 24.446967116615326 -33.77022295731765 -8.0358591064011176 -59.989842291439281
leaf_weight=122 69 110 83 405 89 47 1783 40 350 2019 43 346 1129 73 242 837 46 61 331 48 1220 233 51 69 45 121 2014 65 410 68
leaf_count=122 69 110 83 405 89 47 1783 40 350 2019 43 346 1129 73 242 837 46 61 331 48 1220 233 51 69 45 121 2014 65 410 68
internal_value=0.0644841 5.23223 7.54762 8.88618 -18.3358 -39.3964 13.8849 9.72726 3.89663 7.14495 -12.0971 -5.43405 -9.56053 -52.7594 -41.7358 -22.5485 -47.3449 -50.0168 6.86927 -20.3529 -19.2977 -21.9776 -9.73816 -14.6286 -15.2024 -51.62 22.9558 -61.4728 -2.60378 -34.8925
internal_weight=12569 9813 9329 9117 2756 484 6758 4634 2851 2533 514 2359 1954 362 289 2356 200 212 400 2156 2108 318 888 1608 278 164 2124 154 479 151
internal_count=12569 9813 9329 9117 2756 484 6758 4634 2851 2533 514 2359 1954 362 289 2356 200 212 400 2156 2108 318 888 1608 278 164 2124 154 479 151
cat_boundaries=0 1 2 3 4 5 6
cat_threshold=4 44 5 2 18 2
is_linear=0
shrinkage=0.05


Tree=5
num_leaves=31
num_cat=6
split_feature=40 27 44 13 25 15 44 11 11 31 12 44 21 12 6 15 10 14 6 29 27 12 45 13 12 15 12 31 34 22
split_gain=4.1622e+08 3.52921e+08 2.7553e+08 2.38811e+08 1.13999e+08 1.06804e+08 1.05502e+08 9.52253e+07 7.50282e+07 7.00824e+07 1.75576e+08 7.06162e+07 6.88533e+07 6.33613e+07 6.19409e+07 5.34116e+07 5.27899e+07 4.50483e+07 5.11734e+07 6.77102e+07 5.03015e+07 8.77559e+07 4.11755e+07 3.92771e+07 4.73274e+07 4.13301e+07 3.71015e+07 5.20074e+07 4.9391e+07 3.70092e+07
threshold=3544.9900000000007 0 1796.7900000000002 -23.849999999999905 1 -11.120000000000116 594.75000000000011 5868.7981859410438 5807.3129251700693 2 2345.0000000000005 -57.904499999999864 -14.347693892378244 2055.0000000000005 0.86674611912895339 2909.7300000000005 876.09400000000016 17.410000000000085 0.87425725715974811 3 4 4245.0000000000009 21.276 -17.115000000000006 2585.0000000000005 271.71000000000009 1395.0000000000002 5 183.93000000000004 0.22657235260857481
decision_type=2 1 2 2 1 2 2 2 2 1 2 2 2 2 2 2 2 2 2 1 1 2 2 2 2 2 2 1 2 2
left_child=1 7 3 5 -2 8 16 -1 -3 10 -5 -11 13 -9 -13 -4 29 -6 19 -19 21 -21 -10 25 -25 -16 27 -8 -29 -7
right_child=4 2 15 9 17 6 26 12 22 11 -12 14 -14 -15 23 -17 -18 18 -20 20 -22 -23 -24 24 -26 -27 -28 28 -30 -31
leaf_value=0.44029937438964845 6.8361266468351234 12.285864685833184 -31.420882249358517 -4.9184874020887346 -36.152252040348408 -23.621780956034758 4.1938038857960604 -92.323747717815905 0.35896637616334143 -35.981249714550906 -97.694234068964576 20.61288624488806 -92.145570115919242 -28.087292504079382 19.155425558794263 -84.116796960965019 -29.248535292489187 -61.929785243501058 -23.144627789858372 5.2795423354780624 25.122801414695946 -54.730278461735423 -28.696252501777241 -40.736891509346343 -6.4167642133061777 -4.8199823981089311 8.4742705750662246 -9.6679713421557327 -68.653168216828377 20.068785886987147
leaf_weight=125 421 442 149 181 429 49 251 46 216 146 71 309 77 232 298 71 56 47 1416 237 148 82 280 115 794 453 863 83 62 4482
leaf_count=125 421 442 149 181 429 49 251 46 216 146 71 309 77 232 298 71 56 47 1416 237 148 82 280 115 794 453 863 83 62 4482
internal_value=-0.0960042 4.72564 6.86753 8.19687 -17.1816 12.968 15.481 -37.0902 -2.6941 -5.47748 -29.8723 -2.4182 -50.3052 -38.7163 0.0581987 -48.4273 19 -21.4062 -18.2394 -4.72599 1.03114 -10.1462 -16.0432 -3.76794 -10.7587 4.69356 2.66 -10.011 -32.6383 19.5963
internal_weight=12631 9851 9371 9151 2780 6784 5846 480 938 2367 252 2115 355 278 1969 220 4587 2359 1930 514 467 319 496 1660 909 751 1259 396 145 4531
internal_count=12631 9851 9371 9151 2780 6784 5846 480 938 2367 252 2115 355 278 1969 220 4587 2359 1930 514 467 319 496 1660 909 751 1259 396 145 4531
cat_boundaries=0 1 2 3 4 5 6
cat_threshold=4 44 5 4 2 5
is_linear=0
shrinkage=0.05


Tree=6
num_leaves=31
num_cat=6
split_feature=40 15 13 11 31 12 25 34 3 31 12 12 15 36 21 13 12 39 20 39 31 38 10 20 18 12 18 12 26 49
split_gain=3.81259e+08 2.37638e+08 2.60012e+08 1.21603e+08 1.39632e+08 2.50992e+08 1.05041e+08 8.60795e+07 5.94984e+07 6.55981e+07 1.31395e+08 7.99706e+07 5.93851e+07 5.3599e+07 5.35978e+07 5.45228e+07 4.15252e+07 3.89625e+07 3.88964e+07 3.47873e+07 3.49365e+07 3.44851e+07 3.7335e+07 3.43434e+07 3.90929e+07 3.29538e+07 3.70682e+07 3.17998e+07 4.31655e+07 3.02783e+07
threshold=3544.9900000000007 1819.2200000000003 -23.849999999999905 4680.2267573696154 0 1835.0000000000002 1 198.17500000000004 2 3 2555.0000000000005 1665.0000000000002 -11.120000000000116 96.112750000000034 -35.127801909247502 -24.089999999999915 2435.0000000000005 56.649999999999999 -27.953644746595831 134.33010000000002 4 1241.6700000000003 147.33850000000004 -28.608160917332878 0.86254441137698756 2105.0000000000005 0.87916630151070108 2185.0000000000005 5 132.22500000000016
decision_type=2 2 2 2 1 2 1 2 1 1 2 2 2 2 2 2 2 2 2 2 1 2 2 2 2 2 2 2 1 2
left_child=1 2 3 -1 12 -6 -2 27 9 11 -11 -4 16 -3 15 17 -5 -8 -16 20 -20 -14 25 24 -13 -23 -27 -7 -29 -30
right_child=6 13 8 4 5 7 14 -9 -10 10 -12 23 21 -15 18 -17 -18 -19 19 -21 -22 22 -24 -25 -26 26 -28 28 29 -31
leaf_value=19.08383819945071 6.3538244716052361 -6.3233885765075684 -58.118008084840419 9.2412981100670706 -52.224220062750071 10.68953164846786 -79.951799392700195 17.135083677011952 5.1848656401029594 -14.224388911507347 -98.998878455528853 24.180184746309685 -3.0755431985318662 -63.445406148340794 20.279729840112111 4.6788719709529429 -42.040865742718736 -30.039811930936924 -10.320866317376142 -62.125441003353039 -24.076463919927107 24.583891624339859 -15.253934619132053 -10.377615568652024 -9.2426700634976573 18.739681844612985 0.38328717549641933 -28.098565928650494 2.3746712694264422 -33.970053601620805
leaf_weight=2612 425 56 79 77 247 193 92 586 641 154 65 173 250 154 63 43 81 68 834 47 1204 981 89 1293 177 776 426 268 396 67
leaf_count=2612 425 56 79 77 247 193 92 586 641 154 65 173 250 154 63 43 81 68 834 47 1204 981 89 1293 177 776 426 268 396 67
internal_value=-0.211193 4.40509 5.5524 10.5246 5.48584 -5.46756 -16.576 2.1445 -8.02188 -12.3464 -37.6659 -8.92746 12.6401 -48.2129 -20.6603 -45.3058 -17.0489 -58.7392 -18.4273 -19.5969 -18.6161 14.5502 16.4896 -6.61658 7.27777 17.7838 12.234 -7.36251 -12.1286 -2.88472
internal_weight=12617 9841 9631 7049 4437 1757 2776 1510 2582 1941 219 1722 2680 210 2351 203 158 160 2148 2085 2038 2522 2272 1643 350 2183 1202 924 731 463
internal_count=12617 9841 9631 7049 4437 1757 2776 1510 2582 1941 219 1722 2680 210 2351 203 158 160 2148 2085 2038 2522 2272 1643 350 2183 1202 924 731 463
cat_boundaries=0 1 2 3 4 5 6
cat_threshold=7 44 3 10 18 1
is_linear=0
shrinkage=0.05


Tree=7
num_leaves=31
num_cat=9
split_feature=40 27 44 13 25 11 3 13 11 44 12 31 21 49 12 22 31 25 36 31 21 14 22 12 12 31 14 20 33 27
split_gain=3.40382e+08 3.16862e+08 2.25505e+08 1.93712e+08 1.06232e+08 9.9633e+07 1.07579e+08 8.73927e+07 8.13064e+07 7.30069e+07 6.39924e+07 1.05888e+08 6.22862e+07 5.30819e+07 5.20572e+07 4.79343e+07 5.16916e+07 4.48502e+07 4.09714e+07 4.0753e+07 6.02089e+07 4.85716e+07 3.77805e+07 3.72269e+07 3.40681e+07 9.58148e+07 3.38523e+07 3.25931e+07 2.91047e+07 2.8697e+07
threshold=3544.9900000000007 0 1796.7900000000002 -20.009999999999987 1 4680.2267573696154 2 -72.874999999999986 5868.7981859410438 -2.8950000000000951 1535.0000000000002 3 -14.347693892378244 1534.48 2055.0000000000005 0.60268162791928115 4 5 96.112750000000034 6 -23.115482376718941 17.410000000000085 0.9049562575916632 3035.0000000000005 1355.0000000000002 7 76.385000000000005 -20.878833555932875 3668.2600000000007 8
decision_type=2 1 2 2 1 2 1 2 2 2 2 1 2 2 2 2 1 1 2 1 2 2 2 2 2 1 2 2 2 1
left_child=1 8 3 5 -2 23 -7 -8 -1 27 11 -11 14 19 -10 -5 -17 29 -4 21 -21 -6 -23 24 25 -3 28 -9 -24 -12
right_child=4 2 18 15 13 6 7 9 12 10 17 -13 -14 -15 -16 16 -18 -19 -20 20 -22 22 26 -25 -26 -27 -28 -29 -30 -31
leaf_value=-0.48801054916982578 7.947012213659737 24.326368488107903 -9.645871535081131 15.302382765028213 -26.744982631067316 17.019414562429908 14.204660923927513 -39.985988090230137 -84.952765655517581 2.4686864801051907 10.69280825798328 -55.798902996826179 -87.222967047440378 -75.266383434477305 -26.849261615456655 9.655463892201908 -13.178291985166064 -3.877025516763954 -56.763063140485272 -64.232791341145841 -21.790563678088255 9.5982907919619684 24.210585252628771 -12.48777335030692 22.858706126236388 -19.300890264511111 -24.766852811925553 -11.463069817979457 -19.931464062315044 41.872630274573041
leaf_weight=127 414 335 65 225 334 1645 873 174 46 213 520 115 76 42 238 295 1411 658 159 90 1168 307 86 91 2122 190 255 236 66 86
leaf_count=127 414 335 65 225 334 1645 873 174 46 213 520 115 76 42 238 295 1411 658 159 90 1168 307 86 91 2122 190 255 236 66 86
internal_value=0.111802 4.44189 6.47653 7.68483 -15.4088 11.4294 6.86993 0.999976 -34.8848 -4.75312 0.0924043 -19.5864 -47.0192 -19.4778 -36.2604 -6.38964 -9.25055 5.19893 -43.0907 -18.5461 -24.6312 -10.9027 -3.64459 18.9562 20.0372 8.63318 -13.6337 -23.5679 5.04364 14.8723
internal_weight=12662 9900 9413 9189 2762 7258 4520 2875 487 2002 1592 328 360 2348 284 1931 1706 1264 224 2306 1258 1048 714 2738 2647 525 407 410 152 606
internal_count=12662 9900 9413 9189 2762 7258 4520 2875 487 2002 1592 328 360 2348 284 1931 1706 1264 224 2306 1258 1048 714 2738 2647 525 407 410 152 606
cat_boundaries=0 1 2 3 4 5 6 7 8 9
cat_threshold=4 44 13 5 2 46 18 5 2
is_linear=0
shrinkage=0.05


Tree=8
num_leaves=31
num_cat=5
split_feature=11 31 33 2 13 13 12 49 20 12 44 27 34 44 33 12 12 12 15 12 17 40 12 27 36 49 12 15 27 13
split_gain=2.95848e+08 2.7373e+08 3.41696e+08 1.69611e+08 1.47248e+08 1.24543e+08 1.00888e+08 9.10735e+07 8.81893e+07 8.74268e+07 7.57043e+07 7.18576e+07 6.32004e+07 5.29917e+07 6.45373e+07 5.18213e+07 4.11663e+07 4.47752e+07 3.84783e+07 3.33378e+07 3.18761e+07 3.02722e+07 4.60197e+07 1.32554e+08 2.96248e+07 2.91587e+07 2.90924e+07 2.78823e+07 2.55096e+07 2.53286e+07
threshold=5248.8208616780057 0 1803.9150000000002 1 -16.16499999999996 -20.009999999999987 2555.0000000000005 191.78000000000023 -13.907805884313168 3585.0000000000005 1796.7900000000002 2 178.39000000000001 -46.3173999999999 4682.1950000000006 4245.0000000000009 3035.0000000000005 800.00000000000011 -30.409999999999624 3545.0000000000005 39.99999999999978 1221.8800000000003 2105.0000000000005 3 77.855300000000014 238.06499999999963 4050.0000000000005 660.71000000000015 4 -25.150000000000031
decision_type=2 1 2 1 2 2 2 2 2 2 2 1 2 2 2 2 2 2 2 2 2 2 2 1 2 2 2 2 1 2
left_child=5 4 -3 6 15 16 -4 10 11 -10 12 -6 26 -8 24 18 17 -1 28 -9 -19 -20 -23 29 -15 -21 -5 -7 -2 -24
right_child=1 2 3 7 8 27 13 19 9 -11 -12 -13 -14 14 -16 -17 -18 20 21 25 -22 22 23 -25 -26 -27 -28 -29 -30 -31
leaf_value=-7.112860245814268 -0.38030606536865236 -55.537744733886193 8.4646532295787402 -3.7519348926425722 18.797458544442819 -3.5191757417211726 -40.55915277106422 -61.723171149359814 -102.74748189674233 -21.800422600640193 -47.410579193615526 -21.666416709493884 13.602425922481906 -49.550778604482673 27.205764398819362 -35.986340528918852 -9.6591675868650686 20.276159370990815 -4.1204770694683042 -0.69492839331765788 -5.1955964790758244 21.152961556722751 15.210414221025495 -43.92890001379925 -17.954711023218938 -46.625273752212529 -43.603733277320863 -39.819966891564825 -42.340541375852098 -0.60906426869678798
leaf_weight=174 125 428 354 161 172 735 280 54 53 90 61 303 1307 77 78 62 147 2566 280 103 129 1077 1168 115 2031 52 64 57 51 323
leaf_count=174 125 428 354 161 172 735 280 54 53 90 61 303 1307 77 78 62 147 2566 280 103 129 1077 1168 115 2031 52 64 57 51 323
internal_value=-0.143161 -5.1482 -12.7722 -8.83967 4.95371 11.5138 -16.4963 3.14233 -17.3777 -51.8018 7.21383 -7.01423 9.38882 -20.0795 -17.4563 9.28059 16.1475 17.4698 10.1747 -27.8906 19.0569 11.5239 13.1565 7.79403 -19.1088 -16.1038 -15.0876 -6.13173 -12.5392 11.7834
internal_weight=12677 8869 5050 4622 3819 3808 2820 1802 618 143 1593 475 1532 2466 2186 3201 3016 2869 3139 209 2695 2963 2683 1606 2108 155 225 792 176 1491
internal_count=12677 8869 5050 4622 3819 3808 2820 1802 618 143 1593 475 1532 2466 2186 3201 3016 2869 3139 209 2695 2963 2683 1606 2108 155 225 792 176 1491
cat_boundaries=0 1 2 3 4 5
cat_threshold=7 1 2 2 2
is_linear=0
shrinkage=0.05


Tree=9
num_leaves=31
num_cat=4
split_feature=40 27 44 13 15 13 15 11 11 31 49 21 12 6 10 12 31 33 21 15 38 15 6 20 11 3 12 20 11 10
split_gain=2.85627e+08 2.62213e+08 1.76006e+08 1.50238e+08 8.07622e+07 8.67662e+07 7.72742e+07 6.98577e+07 6.68633e+07 5.60931e+07 6.06619e+07 5.15571e+07 5.11533e+07 4.5324e+07 4.28116e+07 4.35439e+07 9.32199e+07 4.39579e+07 4.27852e+07 3.68416e+07 3.4854e+07 2.94827e+07 2.62725e+07 2.52919e+07 2.52701e+07 2.64202e+07 2.49225e+07 3.01054e+07 2.52299e+07 2.43762e+07
threshold=3544.9900000000007 0 1796.7900000000002 -78.509999999999863 -8.5599999999999437 -17.115000000000006 406.28500000000037 5807.3129251700693 5868.7981859410438 1 782.67999999999995 -14.347693892378244 2055.0000000000005 0.8678106471983128 876.09400000000016 2465.0000000000005 2 1325.9750000000001 -23.115482376718941 2909.7300000000005 3581.2619000000004 2341.3300000000004 0.84172627861921179 -20.412263234398392 5921.3378684807258 3 2585.0000000000005 -14.298712453608898 5868.7981859410438 21.992499999999996
decision_type=2 1 2 2 2 2 2 2 2 1 2 2 2 2 2 2 1 2 2 2 2 2 2 2 2 1 2 2 2 2
left_child=1 8 3 22 7 6 14 -5 -1 10 20 12 -10 -7 15 17 -17 -6 -11 21 -2 -4 -3 -9 25 -8 -15 28 -28 -22
right_child=9 2 19 4 5 13 24 23 11 18 -12 -13 -14 26 -16 16 -18 -19 -20 -21 29 -23 -24 -25 -26 -27 27 -29 -30 -31
leaf_value=-0.84322976320981979 -36.702674653389877 19.732588700426874 -47.218617035506611 5.4650933875796497 -6.4576672511344615 14.691663096837951 7.1350559068610542 -33.348804051300036 -81.081161693816497 -53.365104156494141 -65.923688258681182 -80.767807600233297 -24.000106700478483 -25.829909947770759 -29.798513145446776 14.968504550659311 -12.525218392139378 19.680453375292821 -19.314552639353487 -71.078196788969493 0.65450679111480714 -3.0228634653864681 3.3379140244494274 -10.220842710974182 -14.141084313742226 -12.329410935495687 -5.7481391191085187 -17.265166101756915 20.766417628526689 -14.111602197512234
leaf_weight=128 85 2074 77 356 176 207 637 283 47 100 43 72 238 221 60 921 453 1869 1191 63 950 74 277 203 341 229 300 372 128 396
leaf_count=128 85 2074 77 356 176 207 637 283 47 100 43 72 238 221 60 921 453 1869 1191 63 950 74 277 203 341 229 300 372 128 396
internal_value=-0.00599428 3.99609 5.86114 6.91437 3.12599 5.18873 8.28902 -11.3622 -31.8475 -14.1993 -7.35907 -42.9639 -33.4135 -6.64187 12.0709 12.8057 5.92176 17.4309 -21.7834 -38.9601 -5.65069 -25.5598 17.8009 -23.6884 -2.61181 1.928 -10.9671 -6.86123 2.18145 -3.68976
internal_weight=12571 9806 9321 9107 6756 5914 4686 842 485 2765 1474 357 285 1228 3479 3419 1374 2045 1291 214 1431 151 2351 486 1207 866 1021 800 428 1346
internal_count=12571 9806 9321 9107 6756 5914 4686 842 485 2765 1474 357 285 1228 3479 3419 1374 2045 1291 214 1431 151 2351 486 1207 866 1021 800 428 1346
cat_boundaries=0 1 2 3 4
cat_threshold=4 18 18 24
is_linear=0
shrinkage=0.05


Tree=10
num_leaves=31
num_cat=4
split_feature=11 31 33 2 13 13 12 12 15 49 20 12 22 49 33 10 13 15 15 33 13 10 34 13 12 22 3 38 31 17
split_gain=2.54512e+08 2.13648e+08 2.89302e+08 1.32688e+08 1.0405e+08 1.02282e+08 8.59893e+07 8.10058e+07 6.58373e+07 7.41464e+07 5.6117e+07 6.40019e+07 4.96783e+07 4.42445e+07 5.48e+07 4.1319e+07 4.66451e+07 4.02861e+07 3.87564e+07 3.2761e+07 3.1484e+07 3.09872e+07 2.86943e+07 2.7895e+07 3.37209e+07 2.63172e+07 2.49642e+07 4.84726e+07 1.40277e+08 5.73539e+07
threshold=5248.8208616780057 0 1803.9150000000002 1 -16.089999999999915 -20.009999999999987 2555.0000000000005 4165.0000000000009 1676.385 191.78000000000023 -13.907805884313168 3585.0000000000005 0.34492108774376612 46.079099999999933 4682.1950000000006 -9.4819999999999922 -94.539999999999949 1048.1900000000003 87.380000000000123 3943.9800000000005 -35.020000000000202 452.37750000000005 210.09000000000003 -15.184999999999944 2125.0000000000005 0.6360722759005667 2 2306.3350000000005 3 29.999999999999776
decision_type=2 1 2 1 2 2 2 2 2 2 2 2 2 2 2 2 2 2 2 2 2 2 2 2 2 2 1 2 1 2
left_child=5 4 -3 6 12 17 -4 8 9 22 23 -12 -2 14 -8 -14 -17 18 20 -11 -1 26 -5 -6 -25 -7 -18 -28 29 -29
right_child=1 2 3 7 10 25 13 -9 -10 19 11 -13 15 -15 -16 16 21 -19 -20 -21 -22 -23 -24 24 -26 -27 27 28 -30 -31
leaf_value=13.063125483666543 -42.087095673230237 -52.586534216939185 8.2672919609693185 3.9567824876275957 10.181704162969822 29.504621258903953 -17.152255862718757 -52.861970931764631 -43.35356685414034 -37.358893382164744 -93.266216047420073 -20.096932485152266 -36.003059312409043 -37.261713709561334 25.527773617475461 21.606041152355001 13.182147471134542 -12.032403749319224 20.437772762014252 2.8015393833781399 -8.8116600232703668 -31.858340934606701 18.060370785224926 15.219227167963982 -25.002353226871236 -7.659698554836317 10.314340946667613 10.759897502764915 -58.569725145612452 -37.897339211047537
leaf_weight=711 49 392 358 734 164 51 2102 63 68 124 43 98 51 265 78 624 1003 130 1942 86 214 52 709 68 223 722 885 412 102 71
leaf_count=711 49 392 358 734 164 51 2102 63 68 124 43 98 51 265 78 624 1003 130 1942 86 214 52 709 68 223 722 885 412 102 71
internal_value=0.134261 -4.51175 -11.3354 -7.83483 4.34257 11.0086 -14.6192 2.82464 4.86314 6.84665 -14.8503 -42.411 7.87669 -17.9702 -15.6252 8.64176 9.36481 15.1912 16.4257 -20.9122 8.00236 6.33966 10.8864 -6.30949 -15.6035 -5.20772 7.14285 2.91267 -8.23494 3.53421
internal_weight=12594 8824 4979 4587 3845 3770 2803 1784 1721 1653 596 141 3249 2445 2180 3200 3149 2997 2867 210 925 2525 1443 455 291 773 2473 1470 585 483
internal_count=12594 8824 4979 4587 3845 3770 2803 1784 1721 1653 596 141 3249 2445 2180 3200 3149 2997 2867 210 925 2525 1443 455 291 773 2473 1470 585 483
cat_boundaries=0 1 2 3 4
cat_threshold=7 1 12 2
is_linear=0
shrinkage=0.05


Tree=11
num_leaves=31
num_cat=4
split_feature=40 27 44 13 25 13 15 44 11 11 20 14 14 12 10 33 12 31 31 15 6 12 37 20 6 18 37 36 15 10
split_gain=2.36944e+08 2.1584e+08 1.63463e+08 1.26092e+08 7.4025e+07 6.62071e+07 7.18565e+07 6.34069e+07 5.45357e+07 4.59468e+07 4.53171e+07 4.09656e+07 4.87691e+07 4.12046e+07 3.72063e+07 3.64526e+07 4.73551e+07 8.16791e+07 3.72054e+07 3.56024e+07 3.52766e+07 3.25337e+07 3.08977e+07 2.91342e+07 2.78512e+07 2.65137e+07 2.59692e+07 2.55177e+07 3.16699e+07 3.54582e+07
threshold=3544.9900000000007 0 1796.7900000000002 -78.509999999999863 1 -17.115000000000006 -8.5599999999999437 594.75000000000011 5868.7981859410438 5807.3129251700693 -13.907805884313168 20.489999999999899 29.485000000000131 4480.0000000000009 876.09400000000016 1325.9750000000001 2465.0000000000005 2 3 2909.7300000000005 0.84392987989907764 2055.0000000000005 99.69250000000001 -20.878833555932875 0.80074715159431042 0.88198170130981401 78.985000000000014 112.63500000000002 476.09500000000008 -2.4179999999999953
decision_type=2 1 2 2 1 2 2 2 2 2 2 2 2 2 2 2 2 1 1 2 2 2 2 2 2 2 2 2 2 2
left_child=1 8 3 26 -2 6 9 14 -1 -5 21 13 -13 25 15 18 22 -18 -8 -4 -7 -10 -17 -11 -24 -6 -3 28 29 -14
right_child=4 2 19 5 11 20 7 -9 10 23 -12 12 27 -15 -16 16 17 -19 -20 -21 -22 -23 24 -25 -26 -27 -28 -29 -30 -31
leaf_value=-1.5623823564444015 6.1653813056768785 -3.1672687945158589 -23.483137822778602 4.0673978000011468 -34.335465182156838 11.926653323032587 9.8559367049151447 -4.0824153365867 -69.070508628667795 -34.753008876554667 -71.084539576939179 26.966249529520674 -43.847480088693125 -63.180047137920681 -27.745872945634147 19.048014920323538 13.434896576415959 -11.441345870243925 -28.270816707611086 -66.368703944246533 -10.717622075140888 -21.719965720825414 9.7187624842621574 -7.8659214271689368 -40.359925944630696 -7.4628674042530552 17.643063457306777 -53.994292803508486 7.4886551887758319 -14.177861294330368
leaf_weight=134 421 161 152 352 223 203 135 951 43 192 84 72 108 78 63 1846 1037 474 107 71 1126 232 86 212 41 156 2177 41 155 1490
leaf_count=134 421 161 152 352 223 203 135 951 43 192 84 72 108 78 63 1846 1037 474 107 71 1126 232 86 212 41 156 2177 41 155 1490
internal_value=-0.144798 3.46553 5.15934 6.18871 -13.1428 2.75577 5.17741 7.46065 -28.782 -9.13813 -38.942 -16.5971 -13.3826 -30.0855 10.3578 11.0021 12.3055 5.64442 -7.76271 -37.1373 -7.25879 -29.1239 17.4068 -20.6439 -6.44837 -23.2744 16.21 -15.002 -14.09 -16.1831
internal_weight=12623 9879 9386 9163 2744 6825 5496 4740 493 756 359 2323 1866 457 3789 3726 3484 1511 242 223 1329 275 1973 404 127 379 2338 1794 1753 1598
internal_count=12623 9879 9386 9163 2744 6825 5496 4740 493 756 359 2323 1866 457 3789 3726 3484 1511 242 223 1329 275 1973 404 127 379 2338 1794 1753 1598
cat_boundaries=0 1 2 3 4
cat_threshold=4 44 18 5
is_linear=0
shrinkage=0.05


Tree=12
num_leaves=31
num_cat=6
split_feature=11 31 33 2 13 13 12 20 12 44 44 27 38 18 10 13 44 12 15 44 13 31 2 3 13 13 33 15 44 18
split_gain=2.04282e+08 1.83316e+08 2.40001e+08 1.09487e+08 8.9543e+07 8.73702e+07 6.7699e+07 6.67355e+07 7.20991e+07 6.64147e+07 5.83634e+07 5.82296e+07 5.79737e+07 4.36843e+07 4.24288e+07 3.85309e+07 3.71808e+07 5.16154e+07 3.54628e+07 3.28001e+07 2.80333e+07 3.90535e+07 1.01942e+08 3.23562e+07 3.83119e+07 2.6993e+07 2.6289e+07 2.44959e+07 2.28991e+07 2.25146e+07
threshold=5248.8208616780057 0 1803.9150000000002 1 -16.16499999999996 -20.009999999999987 2555.0000000000005 -13.907805884313168 3585.0000000000005 -192.34999999999988 1796.7900000000002 2 4137.6385500000006 0.34492108774376612 -9.4819999999999922 -94.539999999999949 -46.3173999999999 4815.0000000000009 1048.1900000000003 96.59000000000006 -51.019999999999975 3 4 5 -79.180000000000049 -35.020000000000202 3943.9800000000005 660.71000000000015 -195.73000000000022 0.9956143149748552
decision_type=2 1 2 1 2 2 2 2 2 2 2 1 2 2 2 2 2 2 2 2 2 1 1 1 2 2 2 2 2 2
left_child=5 4 -3 6 13 18 -4 11 -9 26 12 -6 -11 -2 -15 -16 -8 -18 19 25 23 -22 -23 29 -25 -1 28 -7 -5 -17
right_child=1 2 3 9 7 27 16 8 -10 10 -12 -13 -14 14 15 20 17 -19 -20 -21 21 22 -24 24 -26 -27 -28 -29 -30 -31
leaf_value=11.738475856699957 -40.449222678326549 -47.138018405844527 7.6144675263286352 -14.201542530889098 18.210304133636129 -2.4428699738255912 -33.905153638079653 -93.384990183512372 -18.067699318743767 10.413467177635027 -41.092994689941406 -18.206276428018889 -32.581319381530029 -40.647465649518104 19.792348064437629 10.135344498973353 -15.504143872904937 28.134505113874162 -10.797996024185039 18.585460833823742 14.038944553498855 -81.69492523193361 9.4207079547824275 7.209069953895197 -20.931583348654087 -8.7940996907183528 -5.1387973246475065 -35.913348892987784 -60.604285676138744 -28.60305973052979
leaf_weight=706 47 410 338 46 177 744 266 48 94 1416 63 289 83 44 635 602 2118 70 141 1930 1182 40 132 205 295 207 96 59 63 40
leaf_count=706 47 410 338 46 177 744 266 48 94 1416 63 289 83 44 635 602 2118 70 141 1930 1182 40 132 205 295 207 96 59 63 40
internal_value=0.0282498 -4.15075 -10.4745 -7.20021 4.07028 9.73806 -13.3644 -13.5185 -43.5271 2.53973 6.05145 -4.37423 8.03284 7.40195 8.1103 8.7955 -16.2539 -14.108 13.6778 14.8916 5.99782 10.8642 -11.1223 0.228019 -9.20972 7.08323 -24.2179 -4.9021 -41.0215 7.60331
internal_weight=12586 8799 4969 4559 3830 3787 2792 608 142 1767 1562 466 1499 3222 3175 3131 2454 2188 2984 2843 2496 1354 172 1142 500 913 205 803 109 642
internal_count=12586 8799 4969 4559 3830 3787 2792 608 142 1767 1562 466 1499 3222 3175 3131 2454 2188 2984 2843 2496 1354 172 1142 500 913 205 803 109 642
cat_boundaries=0 1 2 3 4 5 6
cat_threshold=7 1 2 3 1 28
is_linear=0
shrinkage=0.05


Tree=13
num_leaves=31
num_cat=5
split_feature=33 27 44 13 25 18 31 20 14 14 11 21 33 20 13 36 38 13 33 31 33 39 20 18 36 39 44 6 27 38
split_gain=1.93535e+08 1.87002e+08 1.29132e+08 1.10862e+08 7.89085e+07 5.21673e+07 5.93582e+07 4.66225e+07 4.23135e+07 4.07467e+07 3.80277e+07 3.90155e+07 3.16375e+07 2.98887e+07 3.31042e+07 2.98216e+07 2.89679e+07 2.87868e+07 2.8309e+07 2.82814e+07 8.7155e+07 2.69126e+07 2.66355e+07 2.59555e+07 2.51483e+07 2.40468e+07 2.25436e+07 2.23328e+07 5.27224e+07 4.58478e+07
threshold=3165.1450000000004 0 1796.7900000000002 -78.509999999999863 1 0.66593384527061839 2 -22.225757712705843 20.489999999999899 29.485000000000131 5868.7981859410438 -14.347693892378244 2050.7500000000005 -20.619629232601522 -20.329999999999924 96.112750000000034 4378.8504000000003 -17.115000000000006 1635.1600000000001 3 3083.6550000000002 84.001800000000017 -49.62490496729562 0.88198170130981401 112.63500000000002 134.33010000000002 -198.02500000000006 0.87121302329945627 4 4278.4713000000002
decision_type=2 1 2 2 1 2 1 2 2 2 2 2 2 2 2 2 2 2 2 1 2 2 2 2 2 2 2 2 1 2
left_child=1 10 3 -3 26 22 18 17 16 -10 -1 12 -12 25 -15 -4 23 -8 -7 -16 -21 24 -5 -6 27 -9 -2 28 29 -11
right_child=4 2 15 5 8 6 7 13 9 21 11 -13 -14 14 19 -17 -18 -19 -20 20 -22 -23 -24 -25 -26 -27 -28 -29 -30 -31
leaf_value=-2.4735424635840246 -28.072625609142023 15.518904320149653 -3.8745216296269342 -29.234871431676353 -33.195538260114247 -25.911710720436247 8.1003433337129618 -16.636801700549082 23.74217179696771 -2.2835345054159357 -64.248303894374686 -66.332689835189228 -18.99766398930451 -0.36241727514477606 -7.9102943324106363 -44.109393593631211 -54.883317069547722 -7.896168437998563 12.226515748885806 -11.679028301078732 -95.457194010416671 24.085621563593548 11.580098586471104 -7.0439632768984204 -52.557948712604798 -58.752373528480533 10.648145061230238 -15.902925582008073 22.639703285607112 -47.200549106597904
leaf_weight=122 41 2327 65 41 229 51 1134 222 79 196 46 77 241 1313 582 158 83 374 1059 119 42 48 1595 162 41 40 452 1443 137 80
leaf_count=122 41 2327 65 41 229 51 1134 222 79 196 46 77 241 1313 582 158 83 374 1059 119 42 48 1595 162 41 40 452 1443 137 80
internal_value=0.130825 3.58842 5.19851 6.14023 -10.976 2.81945 0.254819 -2.70297 -14.5499 -11.459 -26.6322 -34.7293 -26.2504 -7.16187 -5.13509 -32.3817 -28.0553 4.13304 10.3807 -13.5692 -31.5731 -12.8888 10.5572 -22.3604 -13.8243 -23.0667 7.28029 -12.9687 -2.71665 -15.303
internal_weight=12599 9608 9122 8899 2991 6572 4936 3826 2498 2024 486 364 287 2318 2056 223 474 1508 1110 743 161 1945 1636 391 1897 262 493 1856 413 276
internal_count=12599 9608 9122 8899 2991 6572 4936 3826 2498 2024 486 364 287 2318 2056 223 474 1508 1110 743 161 1945 1636 391 1897 262 493 1856 413 276
cat_boundaries=0 1 2 3 4 5
cat_threshold=4 44 2 8 2
is_linear=0
shrinkage=0.05


Tree=14
num_leaves=31
num_cat=5
split_feature=33 44 13 25 15 31 12 11 14 18 25 31 6 18 6 15 6 14 25 11 12 18 10 44 12 13 15 15 14 21
split_gain=1.77257e+08 9.84011e+07 1.2427e+08 6.87054e+07 6.78492e+07 4.99313e+07 5.46763e+07 4.37115e+07 4.1475e+07 4.14648e+07 5.00524e+07 7.26087e+07 3.79656e+07 3.33633e+07 3.31329e+07 6.51529e+07 3.30547e+07 3.91427e+07 3.27322e+07 3.26125e+07 3.17572e+07 2.93561e+07 3.56215e+07 3.09527e+07 2.76601e+07 2.51459e+07 4.04322e+07 3.28848e+07 2.4448e+07 2.58034e+07
threshold=3165.1450000000004 964.8950000000001 -23.849999999999905 0 -11.120000000000116 1 1655.0000000000002 5807.3129251700693 17.410000000000085 0.87538357643008446 2 3 0.87121302329945627 0.22657235260857481 0.80906767613703046 48.400000000000098 0.82581720309801943 31.934999999999949 4 5868.7981859410438 1805.0000000000002 0.58358020735920768 67.573999999999771 230.38500000000025 4480.0000000000009 -49.660000000000075 -1.0000000180025095e-35 1.0000000180025095e-35 72.800000000000082 -19.770298750862654
decision_type=2 2 2 1 2 1 2 2 2 2 1 1 2 2 2 2 2 2 1 2 2 2 2 2 2 2 2 2 2 2
left_child=1 2 4 -2 7 -3 19 -1 24 13 11 14 16 -6 -11 -16 17 -10 -9 -7 -13 -4 28 -24 -5 27 -27 -19 -23 -30
right_child=3 5 21 8 9 6 -8 18 12 10 -12 20 -14 -15 15 -17 -18 25 -20 -21 -22 22 23 -25 -26 26 -28 -29 29 -31
leaf_value=6.8011541494874139 6.4508671819686896 12.905744926503727 10.41867405050076 -21.936862872079278 -22.341796228962561 -13.656279983275978 -8.5323542652941171 1.5642857722747021 16.098520924220576 18.109632152122789 15.600199495432674 -45.447615060140919 -15.261582210616908 14.684045450379202 -52.891996199996385 4.5850237793392612 15.12876639626243 -4.0600027123276075 -25.831577470813478 -53.338734401356092 -11.234950959273959 -9.1456440815215263 12.971144226424222 -5.3928345456394498 -54.332888059978245 -40.686259094238288 15.855425590692565 -56.59123081408049 -17.153014918545772 -52.597817265469999
leaf_weight=446 490 130 286 397 62 78 341 185 107 395 732 86 1453 3256 54 567 220 49 270 154 321 704 297 1009 79 50 86 76 179 72
leaf_count=446 490 130 286 397 62 78 341 185 107 395 732 86 1453 3256 54 567 220 49 270 154 321 704 297 1009 79 50 86 76 179 72
internal_value=-0.0688012 3.24206 4.66133 -10.6653 8.39172 -14.7683 -20.9072 -4.32241 -13.9676 10.4848 5.08458 -0.431311 -10.9235 13.9922 6.72207 -0.412978 -0.203656 -9.36978 -15.2259 -39.9972 -18.0214 -4.67419 -6.58333 -1.21665 -27.3135 -19.8108 -4.93196 -35.999 -13.9225 -27.3204
internal_weight=12631 9624 8921 3007 6374 703 573 901 2517 5473 2155 1423 2041 3318 1016 621 588 368 455 232 407 2547 2261 1306 476 261 136 125 955 251
internal_count=12631 9624 8921 3007 6374 703 573 901 2517 5473 2155 1423 2041 3318 1016 621 588 368 455 232 407 2547 2261 1306 476 261 136 125 955 251
cat_boundaries=0 1 2 3 4 5
cat_threshold=44 5 81 7 112
is_linear=0
shrinkage=0.05


Tree=15
num_leaves=31
num_cat=6
split_feature=11 31 33 33 31 13 34 13 35 44 44 2 12 35 12 44 6 29 25 12 17 10 44 37 12 27 37 10 35 12
split_gain=1.66934e+08 1.27556e+08 2.06875e+08 8.48451e+07 2.16797e+08 7.54889e+07 7.31363e+07 6.58787e+07 5.25846e+07 5.21452e+07 6.00923e+07 5.03496e+07 4.53163e+07 3.82598e+07 3.57459e+07 3.34074e+07 4.04926e+07 3.28999e+07 3.19468e+07 3.10382e+07 3.05253e+07 2.82415e+07 2.67186e+07 2.54358e+07 2.65747e+07 2.44662e+07 2.43148e+07 2.41773e+07 2.26248e+07 2.05172e+07
threshold=5248.8208616780057 0 1803.9150000000002 2095.5800000000004 1 -15.184999999999944 178.39000000000001 -17.115000000000006 2608.3550000000005 1796.7900000000002 -190.25999999999976 2 2665.0000000000005 1408.2750000000003 4245.0000000000009 -46.3173999999999 0.88579959993308843 3 4 3975.0000000000005 615.00000000000011 5.2235000000000023 -195.73000000000022 74.575000000000003 3035.0000000000005 5 93.035000000000011 352.09800000000001 4708.1917000000012 2585.0000000000005
decision_type=2 1 2 2 1 2 2 2 2 2 2 1 2 2 2 2 2 1 1 2 2 2 2 2 2 1 2 2 2 2
left_child=7 3 -3 13 5 14 8 20 -4 10 18 -12 -6 -2 -5 19 17 -17 22 -10 23 25 -8 -1 -25 -18 -21 -15 -19 -9
right_child=1 2 6 4 12 -7 9 29 15 -11 11 -13 -14 27 -16 16 21 28 -20 26 -22 -23 -24 24 -26 -27 -28 -29 -30 -31
leaf_value=4.8080608700476004 -3.9935130460793715 -43.112266280013941 6.7254241556167607 8.9049205157409634 -34.440681203206381 -20.700940055714256 -13.090519308782461 -31.273483058384489 -17.539926675700006 -43.101225580934624 -22.484636810397316 11.294966705414275 -82.215286301832933 16.044059462436191 -28.720652447324813 -33.24542462517234 -69.387530036594555 -3.5482531641210828 -1.272643341770062 -31.43733704345567 -19.197417848110202 -14.906193482069781 -60.160262453556065 15.694893551527628 -14.546804931640626 -20.369525262347441 -80.909331828791935 -20.420954109252769 21.594644421870168 -3.9076917988431421
leaf_weight=882 332 406 375 1449 210 287 57 84 210 61 121 1249 65 1384 66 85 46 784 163 63 80 1124 64 2312 75 57 41 47 101 371
leaf_count=882 332 406 375 1449 210 287 57 84 210 61 121 1249 65 1384 66 85 46 784 163 63 80 1124 64 2312 75 57 41 47 101 371
internal_value=0.132578 -3.63361 -8.88097 3.2232 -3.61581 2.79608 -5.87965 8.89163 -10.7392 2.29797 3.9723 8.31151 -44.1282 11.2986 7.26579 -13.3474 -11.1671 -3.53261 -16.9598 -28.6026 11.317 -17.2025 -35.0871 12.0637 14.7447 -42.2611 -50.9407 14.8464 -0.678838 -8.95984
internal_weight=12651 8847 5007 3840 2077 1802 4601 3804 2886 1715 1654 1370 275 1763 1515 2511 2197 970 284 314 3349 1227 121 3269 2387 103 104 1431 885 455
internal_count=12651 8847 5007 3840 2077 1802 4601 3804 2886 1715 1654 1370 275 1763 1515 2511 2197 970 284 314 3349 1227 121 3269 2387 103 104 1431 885 455
cat_boundaries=0 1 2 3 4 5 6
cat_threshold=7 2 1 4 35 2
is_linear=0
shrinkage=0.05


Tree=16
num_leaves=31
num_cat=7
split_feature=33 27 44 13 25 20 31 21 3 33 31 21 44 12 20 13 45 14 39 6 6 6 18 31 33 29 35 44 40 33
split_gain=1.33298e+08 1.51083e+08 1.02911e+08 8.36292e+07 5.53109e+07 4.5592e+07 6.37459e+07 3.24704e+07 3.20499e+07 4.5222e+07 6.93284e+07 4.3194e+07 3.25568e+07 3.12705e+07 3.03346e+07 3.52458e+07 2.89258e+07 2.70318e+07 2.4742e+07 2.54604e+07 3.07425e+07 2.27723e+07 2.17535e+07 2.16964e+07 8.1975e+07 2.4148e+07 2.00787e+07 1.99937e+07 1.845e+07 1.81843e+07
threshold=3165.1450000000004 0 1796.7900000000002 -78.509999999999863 1 -25.861739317789382 2 -35.127801909247502 3 2041.3500000000001 4 -14.124144541321625 -162.1399999999999 1695.0000000000002 -49.62490496729562 -17.05500000000006 51.204999999999472 72.800000000000082 139.42549999999991 0.87121302329945627 0.81256496879991713 0.78954354657886039 0.88198170130981401 5 1355.3600000000004 6 1593.1250000000002 980.56500000000028 3993.0600000000004 1133.9800000000002
decision_type=2 1 2 2 1 2 1 2 1 2 1 2 2 2 2 2 2 2 2 2 2 2 2 1 2 1 2 2 2 2
left_child=1 17 3 27 -2 14 13 16 9 -8 -11 -12 -10 -7 -5 26 28 -1 19 20 21 22 -9 -14 25 -25 -16 -3 -6 -4
right_child=4 2 29 5 7 6 8 18 12 10 11 -13 23 -15 15 -17 -18 -19 -20 -21 -22 -23 -24 24 -26 -27 -28 -29 -30 -31
leaf_value=-17.619304307740109 5.9684456909133594 14.082011781478933 -3.6683321208638304 -32.86935412384743 -36.247074916906527 -23.763478401212982 9.3061981782381107 -16.453365046803544 -34.642679436527082 -6.8382830175291618 -28.30160676567116 -79.82431024289599 9.7805161582448203 11.654230287377864 -1.1908249235831165 -3.2523952941194638 -53.346248999307321 -45.050306529998778 -46.40640788788491 -13.37960060075997 8.5972925387216783 -23.691538181231948 20.193746204376222 -51.587222322504573 1.7243952184202294 -14.45972275152439 15.428085737820348 -16.704327011108401 2.725059567964994 -37.828342881636182
leaf_weight=357 502 2255 51 43 57 66 233 82 67 713 201 51 501 1118 211 419 86 120 47 1530 351 196 80 94 1546 82 1311 54 65 165
leaf_count=357 502 2255 51 43 57 66 233 82 67 713 201 51 501 1118 211 419 86 120 47 1530 351 196 80 94 1546 82 1311 54 65 165
internal_value=0.057526 2.91575 4.34118 5.16287 -9.15632 2.31855 -0.378115 -12.1758 -3.78147 -10.377 -15.237 -37.2506 -0.300955 9.59886 8.66876 9.58898 -31.1381 -24.5202 -10.5037 -9.75005 -1.91759 -12.2269 1.64397 0.732732 -1.94514 -34.2892 13.1242 13.362 -15.4832 -29.7628
internal_weight=12654 9658 9181 8965 2996 6656 4672 2494 3488 1198 965 252 2290 1184 1984 1941 208 477 2286 2239 709 358 162 2223 1722 176 1522 2309 122 216
internal_count=12654 9658 9181 8965 2996 6656 4672 2494 3488 1198 965 252 2290 1184 1984 1941 208 477 2286 2239 709 358 162 2223 1722 176 1522 2309 122 216
cat_boundaries=0 1 2 3 4 5 6 7
cat_threshold=4 44 2 2 8 5 1
is_linear=0
shrinkage=0.05


end of trees

feature_importances:
expected_anchor_ms=52
base_offset_to_expected_ms=45
base_cutoff_to_next_anchor_ms=44
prev_alias_type=38
cand_cutoff_to_next_anchor_ms=35
wav_duration_ms=32
cand_offset=30
local_valley_db=24
mora_position=22
words_vs_alias_score_margin=18
mapping_confidence=16
energy_mean=16
vowel_class=16
local_peak_db=15
base_pre_to_expected_ms=14
cand_cons=12
cand_cut_gap=8
cand_pre_abs=7
cand_cons_gap=7
cand_leak_risk=7
alias_group=6
mel_window_energy_mean=6
cand_pre=6
alias_type=5
cand_cutoff_abs=5
cand_ovl=5
cand_delta_from_base_total=5
next_phone_gap_ms=4
voicing_class=4
cand_offset_to_expected_ms=3
prev_phone_gap_ms=1
bridge_type=1
cand_pre_cons_margin=1

parameters:
[boosting: gbdt]
[objective: regression]
[metric: l2]
[tree_learner: serial]
[device_type: cpu]
[data_sample_strategy: bagging]
[data: ]
[valid: ]
[num_iterations: 400]
[learning_rate: 0.05]
[num_leaves: 31]
[num_threads: 0]
[seed: 0]
[deterministic: 0]
[force_col_wise: 0]
[force_row_wise: 0]
[histogram_pool_size: -1]
[max_depth: -1]
[min_data_in_leaf: 40]
[min_sum_hessian_in_leaf: 0.001]
[bagging_fraction: 0.85]
[pos_bagging_fraction: 1]
[neg_bagging_fraction: 1]
[bagging_freq: 1]
[bagging_seed: 3]
[bagging_by_query: 0]
[feature_fraction: 0.85]
[feature_fraction_bynode: 1]
[feature_fraction_seed: 2]
[extra_trees: 0]
[extra_seed: 6]
[early_stopping_round: 0]
[early_stopping_min_delta: 0]
[first_metric_only: 0]
[max_delta_step: 0]
[lambda_l1: 0]
[lambda_l2: 0]
[linear_lambda: 0]
[min_gain_to_split: 0]
[drop_rate: 0.1]
[max_drop: 50]
[skip_drop: 0.5]
[xgboost_dart_mode: 0]
[uniform_drop: 0]
[drop_seed: 4]
[top_rate: 0.2]
[other_rate: 0.1]
[min_data_per_group: 100]
[max_cat_threshold: 32]
[cat_l2: 10]
[cat_smooth: 10]
[max_cat_to_onehot: 4]
[top_k: 20]
[monotone_constraints: ]
[monotone_constraints_method: basic]
[monotone_penalty: 0]
[feature_contri: ]
[forcedsplits_filename: ]
[refit_decay_rate: 0.9]
[cegb_tradeoff: 1]
[cegb_penalty_split: 0]
[cegb_penalty_feature_lazy: ]
[cegb_penalty_feature_coupled: ]
[path_smooth: 0]
[interaction_constraints: ]
[verbosity: -1]
[saved_feature_importance_type: 0]
[use_quantized_grad: 0]
[num_grad_quant_bins: 4]
[quant_train_renew_leaf: 0]
[stochastic_rounding: 1]
[linear_tree: 0]
[max_bin: 255]
[max_bin_by_feature: ]
[min_data_in_bin: 3]
[bin_construct_sample_cnt: 200000]
[data_random_seed: 1]
[is_enable_sparse: 1]
[enable_bundle: 1]
[use_missing: 1]
[zero_as_missing: 0]
[feature_pre_filter: 1]
[pre_partition: 0]
[two_round: 0]
[header: 0]
[label_column: ]
[weight_column: ]
[group_column: ]
[ignore_column: ]
[categorical_feature: 0,1,2,3,4,24,25,26,27,28,29,30,31,32]
[forcedbins_filename: ]
[precise_float_parser: 0]
[parser_config_file: ]
[objective_seed: 5]
[num_class: 1]
[is_unbalance: 0]
[scale_pos_weight: 1]
[sigmoid: 1]
[boost_from_average: 1]
[reg_sqrt: 0]
[alpha: 0.9]
[fair_c: 1]
[poisson_max_delta_step: 0.7]
[tweedie_variance_power: 1.5]
[lambdarank_truncation_level: 30]
[lambdarank_norm: 1]
[label_gain: ]
[lambdarank_position_bias_regularization: 0]
[eval_at: ]
[multi_error_top_k: 1]
[auc_mu_weights: ]
[num_machines: 1]
[local_listen_port: 12400]
[time_out: 120]
[machine_list_filename: ]
[machines: ]
[gpu_platform_id: -1]
[gpu_device_id: -1]
[gpu_use_dp: 0]
[num_gpu: 1]

end of parameters

pandas_categorical:[["japanese"], ["cvvc"], ["vc", "vv"], ["vc_fricative", "vc_other", "vc_plosive", "vc_sonorant", "vv"], ["anchor_soft", "anchor_tight", "base", "bridge_tight", "ja_cvvc_bridge_hold", "next_safe"], ["none"], ["", "a", "e", "i", "n", "o", "u"], ["vc", "vv"], ["head", "mid", "tail"], ["fricative", "other", "plosive", "sonorant"], ["unknown", "voiced", "voiceless"], ["unknown"], ["", "cv", "cv_head", "vc", "vv"], [""]]
