tree
version=v4
num_class=1
num_tree_per_iteration=1
label_index=0
max_feature_idx=74
objective=regression_l1
feature_names=language format_type alias_type alias_group row_index_in_wav row_ratio_in_wav is_head_row is_tail_row wav_duration_ms base_offset base_cons base_cutoff_abs base_pre base_ovl base_cons_gap base_cut_gap base_ovl_ratio curr_phone_start_ms curr_phone_end_ms curr_phone_len_ms curr_vowel_start_ms curr_vowel_end_ms curr_vowel_len_ms syllable_start_ms syllable_end_ms syllable_len_ms prev_phone_gap_ms next_phone_gap_ms expected_anchor_ms base_offset_to_expected_ms base_pre_to_expected_ms base_cutoff_to_next_anchor_ms energy_mean energy_min energy_max energy_slope_pre energy_slope_post valley_energy valley_dist_from_cutoff_ms db_mean db_min db_silence_ratio f0_voicing_mean f0_voicing_near_pre zcr_mean spectral_flux_mean onset_class voicing_class is_tense is_diphthong coda_type vowel_class mora_position bridge_type is_nasal_or_sonorant prev_alias_type next_alias_type prev_base_pre next_base_pre prev_base_offset next_base_offset prev_base_cutoff_abs next_base_cutoff_abs mapping_confidence used_alias_occurrence_mapping used_exact_vowel_fix used_nuclei_fallback used_alias_based_syllables words_vs_alias_score_margin jump_blocked_flag mapping_reason_code local_peak_db local_valley_db mel_window_energy_mean mel_window_silence_ratio
feature_infos=none none -1:1:2:0 -1:1:6:4:5:2:3:0 [0:4] [0:1] [0:1] [0:1] [776.64399092970518:5706.3265306122448] [0:3330.9400000000001] [31.719999999999999:610.47000000000003] [202.41999999999999:3518.6800000000003] [0:251.97] [0:220.16999999999999] [15.709999999999994:551.47000000000003] [2.4499999999999886:732.44999999999993] [0:0.90155291016188155] [0:3360] [0:3430] [0:1130] [0:3430] [0:3460] [0:1280] [0:3340] [0:3460] [0:1350] [0:710] none [0:3430] [-243.93000000000009:1582] [-47.659999999999968:1617.1600000000001] [-584:776.04999999999995] [0.051651011975596101:0.99824494375701478] [0:0.97973644174623475] [0.098360714358981305:1] [-0.64956335833452072:1] [-0.79221716717832513:0.96246577879384598] [0:0.97973644174623475] [-2.4308390022674762:854.02267573696145] [-55.570103965017871:-12.895910947413425] [-71.31744897481417:-14.431596628540062] [0:1] [0.010433312327343699:1] [0:1] [0.0048199603062092002:0.1262759924385633] [0.00098390024640549996:0.081891538375441802] -1:0:1:3:2 -1:0:1:2 none none none -1:1:5:6:3:2:0 -1:0:1:2 none [0:1] -1:0:1:2 none [0:232.34] [0:242.77000000000001] [0:2800] [0:2942.6500000000001] [0:3013.9400000000001] [0:3259.1400000000003] [0.4025560065422738:1] none none none none [-145.66:799.54200000000003] none none [-55.570103965017871:-12.895910947413425] [-71.31744897481417:-14.431596628540062] [0.051651011975596101:0.99824494375701478] [0:1]
tree_sizes=969 894 899 961 955 979 890 899 913 984 987 976 962 813 992 902 897 1062 992 914 912 887 899 896 1077 903 896 995 913 899 968 898 975 965 1063 881 972 901 974 896 995 1071 818 990 1053 917 1002 816 1059 984 894 989 1067 1004 991 976 999 985 900 991 973 1001 902 916 996 925 903 918 903 811 1009 991 915 935 980 927 983 920 994

Tree=0
num_leaves=10
num_cat=1
split_feature=31 5 15 17 60 40 57 2 25
split_gain=80.9325 66.6511 23.1727 19.9036 16.0634 24.2578 8.25904 4.29293 0.828916
threshold=-260.64499999999981 0.58333333333333337 73.77000000000001 195.00000000000003 1407.9350000000002 -19.677829005357669 94.485000000000014 0 535.00000000000011
decision_type=2 2 2 2 2 2 2 9 2
left_child=8 2 7 -4 5 -5 -3 -2 -1
right_child=1 6 3 4 -6 -7 -8 -9 -10
leaf_value=-24.595999145507811 -15.429249191284178 -23.066499137878417 -12.687729263305663 -24.512999153137208 -21.569249130785465 -22.115999126434325 -24.169999217987062 -17.352999114990233 -29.221998977661134
leaf_weight=40 48 41 67 49 48 58 54 51 43
leaf_count=40 48 41 67 49 48 58 54 51 43
internal_value=-22.7101 -22.7011 -22.6902 -22.6992 -22.709 -22.7198 -22.7379 -22.6701 -22.7552
internal_weight=499 416 321 222 155 107 95 99 83
internal_count=499 416 321 222 155 107 95 99 83
cat_boundaries=0 1
cat_threshold=2
is_linear=0
shrinkage=1


Tree=1
num_leaves=9
num_cat=0
split_feature=31 18 62 32 10 33 14 32
split_gain=83.2546 66.6412 24.8054 24.4016 23.0063 10.8318 18.2089 0.828916
threshold=-260.64499999999981 1505.0000000000002 1708.1700000000003 0.85353451440539574 219.04500000000004 0.76801246459189487 128.05000000000001 0.90431905327033035
decision_type=2 2 2 2 2 2 2 2
left_child=7 2 3 -2 -3 -5 -7 -1
right_child=1 4 -4 5 -6 6 -8 -9
leaf_value=-5.721399745941163 7.5870079231262215 0.089212474264204478 3.1956500244140624 -0.73253753662109389 -1.3107500505447387 10.009462184906006 -0.31235005378723141 -2.1098000240325931
leaf_weight=43 60 42 69 61 74 41 65 40
leaf_count=43 60 42 69 61 74 41 65 40
internal_value=0.000505051 0.00970874 0.0222973 0.0143172 -0.0224138 0.00449102 0.0141509 -0.0451807
internal_weight=495 412 296 227 116 167 106 83
internal_count=495 412 296 227 116 167 106 83
is_linear=0
shrinkage=0.05


Tree=2
num_leaves=9
num_cat=1
split_feature=31 18 62 39 57 47 15 25
split_gain=75.9679 47.6857 20.903 29.0427 19.0915 11.7188 10.6987 0.45
threshold=-212.34999999999999 1515.0000000000002 1708.1700000000003 -30.563545753825334 89.405000000000015 0 81.090000000000018 535.00000000000011
decision_type=2 2 2 2 2 1 2 2
left_child=5 2 3 -2 -3 -1 -5 -7
right_child=1 4 -4 6 -6 7 -8 -9
leaf_value=-1.4410528457164766 8.817586668491364 0.49386245942115786 3.732867454528809 2.4599174342155461 -0.99849996463954449 -2.0527101483345032 -0.80065277695655834 -5.3270800943374637
leaf_weight=48 79 40 60 44 59 40 76 40
leaf_count=48 79 40 60 44 59 40 76 40
internal_value=0.00102881 0.0128492 0.0241313 0.0163317 -0.0166667 -0.0320313 0.000833333 -0.04375
internal_weight=486 358 259 199 99 128 120 80
internal_count=486 358 259 199 99 128 120 80
cat_boundaries=0 1
cat_threshold=2
is_linear=0
shrinkage=0.05


Tree=3
num_leaves=10
num_cat=3
split_feature=18 19 2 13 55 47 15 33 18
split_gain=72.621 46.0015 27.0312 36.0749 17.0802 15.01 8.97801 6.17138 0.202469
threshold=1095.0000000000002 95.000000000000014 0 159.45000000000002 1 2 95.92000000000003 0.5187921274919024 1525.0000000000002
decision_type=2 2 9 2 1 1 2 2 2
left_child=2 -2 3 5 -3 -1 -7 8 -6
right_child=1 4 -4 -5 7 6 -8 -9 -10
leaf_value=-1.1978128244161608 2.4407325976043941 -0.32253755360022168 5.4847241046905522 9.0448146925687798 -2.0934660776793956 1.1091219713836908 -0.43254990786314029 -1.5536904732584953 -8.9085372331656512
leaf_weight=44 49 79 56 51 40 41 48 59 41
leaf_count=44 49 79 56 51 40 41 48 59 41
internal_value=-0.000393701 -0.0182836 0.0195833 0.0103261 -0.0280822 -0.00338346 0.00842697 -0.0385714 -0.0475309
internal_weight=508 268 240 184 219 133 89 140 81
internal_count=508 268 240 184 219 133 89 140 81
cat_boundaries=0 1 2 3
cat_threshold=2 2 4
is_linear=0
shrinkage=0.05


Tree=4
num_leaves=10
num_cat=0
split_feature=31 11 62 29 39 17 57 15 22
split_gain=61.4387 51.8607 28.9874 25.9174 22.8869 18.1034 15.9036 8.36542 0.799323
threshold=-255.405 1743.1700000000003 1708.1700000000003 -11.139999999999985 -16.603444954882505 195.00000000000003 92.50500000000001 83.089999999999989 535.00000000000011
decision_type=2 2 2 2 2 2 2 2 2
left_child=8 2 3 4 7 -5 -3 -2 -1
right_child=1 6 -4 5 -6 -7 -8 -9 -10
leaf_value=-1.9421041023913024 -0.22681597906589529 -0.12670377442579728 2.2534296949246708 8.5970026703861357 1.4789095059302448 -0.17605601825900383 -0.9986794319149479 -1.5167682455529272 -4.8828029688420891
leaf_weight=41 49 41 74 58 40 42 56 40 42
leaf_count=41 49 41 74 58 40 42 56 40 42
internal_value=-0.00362319 0.0045 0.0146865 0.0058952 -0.00891473 0.025 -0.0273196 -0.0230337 -0.0427711
internal_weight=483 400 303 229 129 100 97 89 83
internal_count=483 400 303 229 129 100 97 89 83
is_linear=0
shrinkage=0.05


Tree=5
num_leaves=10
num_cat=0
split_feature=18 62 63 22 29 14 68 42 25
split_gain=54.1441 40.1264 38.9904 18.6329 10.5351 10.4673 9.97605 5.97426 1.30004
threshold=1485.0000000000002 1708.1700000000003 0.71572117355073994 265.00000000000006 7.125000000000008 114.17000000000002 -0.89800000000000113 0.88069145882802002 525.00000000000011
decision_type=2 2 2 2 2 2 2 2 2
left_child=1 2 4 -2 -1 -4 -7 -8 -5
right_child=3 -3 5 8 -6 6 7 -9 -10
leaf_value=0.51107957490490363 -0.33050254601588303 2.8216704717320491 0.23054931728690128 -0.72101414001999231 8.3546561211739636 -2.2742903312899023 -0.48220493438559764 0.089203829552523844 -4.376662545741782
leaf_weight=40 66 52 44 43 44 44 43 60 49
leaf_count=40 66 52 44 43 44 44 43 60 49
internal_value=-0.00381443 0.00779817 0.000181818 -0.0278481 0.0285714 -0.0123037 -0.0187075 -0.0101942 -0.0423913
internal_weight=485 327 275 158 84 191 147 103 92
internal_count=485 327 275 158 84 191 147 103 92
is_linear=0
shrinkage=0.05


Tree=6
num_leaves=9
num_cat=0
split_feature=18 25 33 39 31 11 18 11
split_gain=53.9051 44.1268 32.4535 15.2567 10.2468 16.2041 11.8311 2.59412
threshold=1095.0000000000002 345.00000000000006 0.42181896729079293 -19.737767798100624 -371.50999999999993 1743.1700000000003 1395.0000000000002 608.00000000000011
decision_type=2 2 2 2 2 2 2 2
left_child=2 -2 -1 7 -3 6 -6 -4
right_child=1 4 3 -5 5 -7 -8 -9
leaf_value=-0.10176066354810541 1.2532449096519178 -4.2628229984258796 7.7425910412329362 0.55602625415633755 -1.1183178734481927 -1.0423847526591208 0.62451710223065493 7.8402204403008717
leaf_weight=71 42 54 40 77 40 72 51 45
leaf_count=71 42 54 40 77 40 72 51 45
internal_value=-0.00264228 -0.0183398 0.0148069 0.0271605 -0.0274194 -0.0211656 -0.00714286 0.0417647
internal_weight=492 259 233 162 217 163 91 85
internal_count=492 259 233 162 217 163 91 85
is_linear=0
shrinkage=0.05


Tree=7
num_leaves=9
num_cat=2
split_feature=18 8 24 2 19 39 31 47
split_gain=55.4807 29.7991 34.9346 27.8017 38.2851 10.4055 5.83097 5.38814
threshold=1175.7700000000002 5603.6394557823141 2270.0000000000005 0 665.00000000000011 -16.677975919563512 -371.50999999999993 1
decision_type=2 2 2 9 2 2 2 1
left_child=3 6 -3 -1 5 7 -2 -5
right_child=1 2 -4 4 -6 -7 -8 -9
leaf_value=5.0601528479819962 -4.493306635115367 0.74147919565790199 -0.73330391310761722 -0.096672630370700133 7.552356298085269 0.62538204534396413 -1.2265109686571085 -1.3443597858665584
leaf_weight=44 55 66 48 40 56 43 78 59
leaf_count=44 55 66 48 40 56 43 78 59
internal_value=-0.00296524 -0.0196356 -0.000877193 0.0140496 0.00606061 -0.00774648 -0.0357143 -0.0166667
internal_weight=489 247 114 242 198 142 133 99
internal_count=489 247 114 242 198 142 133 99
cat_boundaries=0 1 2
cat_threshold=4 1
is_linear=0
shrinkage=0.05


Tree=8
num_leaves=9
num_cat=1
split_feature=18 22 2 29 37 71 31 57
split_gain=53.6153 26.3083 26.0561 32.7248 18.5494 12.1615 9.15172 8.78621
threshold=1095.0000000000002 265.00000000000006 0 -11.139999999999985 0.062112428952122108 -22.709658169924918 -403.50999999999993 69.920000000000016
decision_type=2 2 9 2 2 2 2 2
left_child=2 4 -1 5 -2 -4 -3 -8
right_child=1 6 3 -5 -6 -7 7 -9
leaf_value=4.6704505936754419 -0.83238872508163098 -4.2686413033595993 -0.43060859568310672 7.1063250264050772 0.66937823097755444 0.098280289981001634 -0.44282084815633099 -0.63071951029980389
leaf_weight=48 40 47 46 72 44 63 72 58
leaf_count=48 40 47 46 72 44 63 72 58
internal_value=-0.000408163 -0.0159004 0.0172489 0.00856354 0.00714286 -0.0087156 -0.0268362 -0.02
internal_weight=490 261 229 181 84 109 177 130
internal_count=490 261 229 181 84 109 177 130
cat_boundaries=0 1
cat_threshold=4
is_linear=0
shrinkage=0.05


Tree=9
num_leaves=10
num_cat=1
split_feature=18 62 63 55 57 15 17 29 42
split_gain=51.696 36.2523 34.6918 15.2609 19.7776 11.3198 9.27398 6.5095 4.25518
threshold=1495.0000000000002 1708.1700000000003 0.70932480415683197 0 97.590000000000018 70.575000000000003 385.00000000000006 1.0000000180025095e-35 0.93699011249390829
decision_type=2 2 2 1 2 2 2 2 2
left_child=1 2 7 4 -2 -4 -7 -1 -8
right_child=3 -3 5 -5 -6 6 8 -9 -10
leaf_value=1.092619566816089 0.30223289645337825 2.2739868580416598 4.097887418038753 -4.8313375732347517 -0.54336058104139262 1.0577902365831007 -0.66394105985974472 7.0162362713905608 -1.7331227341568125
leaf_weight=40 43 60 44 64 49 44 75 43 41
leaf_count=40 43 60 44 64 49 44 75 43 41
internal_value=-0.00109344 0.00965418 0.00226481 -0.025 -0.0119565 -0.00882353 -0.015 0.0295181 -0.0224138
internal_weight=503 347 287 156 92 204 160 83 116
internal_count=503 347 287 156 92 204 160 83 116
cat_boundaries=0 1
cat_threshold=2
is_linear=0
shrinkage=0.05


Tree=10
num_leaves=10
num_cat=1
split_feature=18 19 18 42 15 55 17 38 14
split_gain=53.4083 24.3617 22.5441 17.1559 17.791 12.1749 17.305 6.82438 4.12617
threshold=1175.7700000000002 85.000000000000014 800.12500000000011 0.94815115298129149 81.985000000000014 0 1775.0000000000002 28.819784580498808 126.82000000000004
decision_type=2 2 2 2 2 1 2 2 2
left_child=2 -2 -1 4 -4 6 -3 -7 -5
right_child=1 5 3 8 -6 7 -8 -9 -10
leaf_value=-0.27520293996994744 2.1148595338684424 0.43369282096259776 2.0386033478722441 7.0768791203738477 -0.38013448897389757 -5.0495206793142247 -0.60704691070082939 -0.88127040465602136 2.253242239682272
leaf_weight=50 41 40 48 52 43 62 42 73 44
leaf_count=50 41 40 48 52 43 62 42 73 44
internal_value=-0.00131313 -0.0170543 0.0158228 0.0237968 0.00824176 -0.0237327 -0.00853659 -0.032963 0.0385417
internal_weight=495 258 237 187 91 217 82 135 96
internal_count=495 258 237 187 91 217 82 135 96
cat_boundaries=0 1
cat_threshold=2
is_linear=0
shrinkage=0.05


Tree=11
num_leaves=10
num_cat=0
split_feature=38 33 15 15 22 60 25 18 33
split_gain=49.7643 51.457 22.6627 19.0897 10.0504 7.08338 10.6819 4.58503 4.44444
threshold=10.778730158730127 0.39432214866692133 102.19000000000004 69.39500000000001 265.00000000000006 919.49000000000012 715.00000000000011 1495.0000000000002 0.60372938815140509
decision_type=2 2 2 2 2 2 2 2 2
left_child=8 3 5 -2 -5 6 -3 -6 -1
right_child=1 2 -4 4 7 -7 -8 -9 -10
leaf_value=-4.2345363038208115 3.5288475306142537 0.22450624263398941 -0.19628552546522793 0.074688914114019775 -0.58668048663395644 3.8790620875474491 5.8086970903497059 -0.67019019205927732 -0.77555358553433784
leaf_weight=45 46 43 55 40 69 59 44 50 45
leaf_count=45 46 43 55 40 69 59 44 50 45
internal_value=-0.000806452 0.00665025 0.0246269 -0.0109756 -0.0191824 0.0349315 0.0258621 -0.0264706 -0.0344444
internal_weight=496 406 201 205 159 146 87 119 90
internal_count=496 406 201 205 159 146 87 119 90
is_linear=0
shrinkage=0.05


Tree=12
num_leaves=10
num_cat=0
split_feature=33 38 15 31 9 20 33 15 62
split_gain=45.6807 40.0398 22.8196 19.7723 15.3612 18.6053 7.63225 5 1.2896
threshold=0.39432214866692133 22.471666666666582 102.19000000000004 -217.80500000000004 1402.9450000000004 995.00000000000011 0.85152943643707257 72.550000000000011 957.00000000000011
decision_type=2 2 2 2 2 2 2 2 2
left_child=3 -2 6 -1 5 -5 8 -6 -3
right_child=1 2 -4 4 7 -7 -8 -9 -10
leaf_value=-2.8464040660271062 -0.55982828513849126 5.6161793968200744 -0.1864712491919665 -0.10629725020891601 -0.23730547793463189 0.78619697032141544 1.519108998428865 -0.58836060179998073 3.3293590899815997
leaf_weight=71 70 41 55 52 40 43 45 40 46
leaf_count=71 70 41 55 52 40 43 45 40 46
internal_value=-0.00248509 0.0122568 0.0243316 -0.0178862 -0.00885714 0.00473684 0.0356061 -0.025 0.0442529
internal_weight=503 257 187 246 175 95 132 80 87
internal_count=503 257 187 246 175 95 132 80 87
is_linear=0
shrinkage=0.05


Tree=13
num_leaves=8
num_cat=0
split_feature=31 57 17 29 24 44 15
split_gain=44.0301 42.8438 36.259 26.4022 22.0054 20.8918 8.08812
threshold=-315.50999999999993 66.430000000000021 855.00000000000011 -2.3450000000000055 1825.0000000000002 0.021690839717158954 75.825000000000003
decision_type=2 2 2 2 2 2 2
left_child=-1 2 3 5 -3 -2 -4
right_child=1 4 6 -5 -6 -7 -8
leaf_value=-2.761520993947475 0.14950864398535199 0.43234662673229374 5.1656533959195317 4.7111906547487372 -0.70469525489408769 -1.0074561606801073 0.47138538105117328
leaf_weight=70 62 40 79 77 77 47 42
leaf_count=70 62 40 79 77 77 47 42
internal_value=-0.000404858 0.00566038 0.0154723 0.0016129 -0.0200855 -0.0142202 0.0367769
internal_weight=494 424 307 186 117 109 121
internal_count=494 424 307 186 117 109 121
is_linear=0
shrinkage=0.05


Tree=14
num_leaves=10
num_cat=1
split_feature=18 15 63 14 25 52 21 40 5
split_gain=62.2343 33.4297 32.4408 13.8955 13.5773 11.4728 8.83188 4.52189 2.48868
threshold=1505.0000000000002 70.575000000000003 0.76286426972781374 128.05000000000001 395.00000000000006 0 1345.0000000000002 -27.472161797173346 0.70833333333333337
decision_type=2 2 2 2 2 1 2 2 2
left_child=1 7 3 -3 -2 -4 -7 -1 -6
right_child=4 2 5 -5 8 6 -8 -9 -10
leaf_value=3.5898187711595444 -0.043641035740756534 4.2791424760841972 0.49489254629377122 0.11184383660764841 -3.1830549237364658 -0.39724530491792187 -1.6106985590571197 4.5341666925820681 -0.99143562210336
leaf_weight=40 52 57 42 60 46 77 40 47 49
leaf_count=40 52 57 42 60 46 77 40 47 49
internal_value=-0.000784314 0.0103306 0.00181159 0.0217949 -0.0282313 -0.0128931 -0.0209402 0.0373563 -0.0394737
internal_weight=510 363 276 117 147 159 117 87 95
internal_count=510 363 276 117 147 159 117 87 95
cat_boundaries=0 1
cat_threshold=2
is_linear=0
shrinkage=0.05


Tree=15
num_leaves=9
num_cat=0
split_feature=33 58 24 29 14 9 44 16
split_gain=50.9199 32.8087 26.8272 17.1335 14.9911 11.3875 10.8069 4.95348
threshold=0.32461734720305596 1.0000000180025095e-35 1175.7700000000002 3.3699999999999624 116.63500000000001 908.78000000000009 0.023107456762120754 0.68803824138824343
decision_type=2 2 2 2 2 2 2 2
left_child=4 2 3 -2 6 -6 -1 -7
right_child=1 -3 -4 -5 5 7 -8 -9
leaf_value=-0.46973558040851615 -0.014025779197899624 2.4038724975301937 -0.66351372990319746 5.5934657906125711 -0.16684202260707012 -1.3325642392495654 0.40040985988856764 -0.51732538658644101
leaf_weight=40 63 59 69 64 57 53 44 45
leaf_count=40 63 59 69 64 57 53 44 45
internal_value=-0.00161943 0.0139216 0.00408163 0.0177165 -0.0182008 -0.0274194 -0.00119048 -0.0377551
internal_weight=494 255 196 127 239 155 84 98
internal_count=494 255 196 127 239 155 84 98
is_linear=0
shrinkage=0.05


Tree=16
num_leaves=9
num_cat=0
split_feature=33 15 17 60 24 29 36 17
split_gain=39.6392 34.4835 34.0266 18.8737 20.4616 15.3433 10.4678 5.98034
threshold=0.29575638443958885 75.045000000000016 195.00000000000003 1370.8100000000002 1765.0000000000002 -39.539999999999985 0.22572598494845417 1375.0000000000002
decision_type=2 2 2 2 2 2 2 2
left_child=3 -2 -3 6 -5 -4 7 -1
right_child=1 2 5 4 -6 -7 -8 -9
leaf_value=-2.4188446731130435 5.5297693550752447 5.1260317680160377 0.27100399000846692 0.5559077873689201 -0.25853010559730727 -1.5594375512412513 -0.10689103383145726 -0.93981116606358417
leaf_weight=67 57 65 73 47 42 75 41 41
leaf_count=67 57 65 73 47 42 75 41 41
internal_value=0.000590551 0.0137037 0.00446009 -0.0142857 0.00393258 -0.00878378 -0.0251678 -0.0333333
internal_weight=508 270 213 238 89 148 149 108
internal_count=508 270 213 238 89 148 149 108
is_linear=0
shrinkage=0.05


Tree=17
num_leaves=11
num_cat=2
split_feature=18 60 2 19 18 59 47 20 62 63
split_gain=43.8283 33.5332 22.6666 34.0828 18.5438 11.841 5.76245 6.36774 3.57366 2.2256
threshold=1095.0000000000002 1393.5050000000003 0 665.00000000000011 1700.0000000000002 940.6500000000002 1 365.00000000000006 1305.0000000000002 0.86085742628522133
decision_type=2 2 9 2 2 2 1 2 2 2
left_child=2 5 -1 6 -3 8 -4 -8 9 -2
right_child=1 4 3 -5 -6 -7 7 -9 -10 -11
leaf_value=3.7877814301356554 -6.2726920842687992 0.9449194195191839 -0.37956535772891892 4.9992568144023792 -0.071870505228235612 -0.39516060488130195 -0.56071436718989853 0.72740902067596191 -2.9519294138955914 -0.43962119426219337
leaf_weight=44 41 41 40 54 42 51 41 42 41 42
leaf_count=44 41 41 40 54 42 51 41 42 41 42
internal_value=-0.000730689 -0.0147287 0.0156109 0.00762712 0.0114458 -0.0271429 -0.00691057 0.00060241 -0.0354839 -0.0295181
internal_weight=479 258 221 177 83 175 123 83 124 83
internal_count=479 258 221 177 83 175 123 83 124 83
cat_boundaries=0 1 2
cat_threshold=4 4
is_linear=0
shrinkage=0.05


Tree=18
num_leaves=10
num_cat=1
split_feature=18 62 34 61 57 47 15 12 17
split_gain=37.9815 27.2951 25.7151 16.8462 10.5133 10.4911 10.2383 5.87104 4.57778
threshold=1475.0000000000002 1708.1700000000003 0.99674246962052593 1171.595 69.920000000000016 0 83.790000000000006 112.98000000000002 425.00000000000006
decision_type=2 2 2 2 2 1 2 2 2
left_child=1 2 -1 -2 -5 -4 -7 -6 -8
right_child=3 -3 5 4 7 6 8 -9 -10
leaf_value=4.0999160517858746 -3.7626636904191937 1.4911151701183916 -0.47968310696683703 0.28583129510876909 -0.059784204033007174 1.9306840396319107 0.64678767001118731 -0.49148429889556527 -0.57300681553765698
leaf_weight=55 41 49 51 44 49 48 43 40 66
leaf_count=55 41 49 51 44 49 48 43 40 66
internal_value=-0.000823045 0.00961538 0.00323194 -0.0195402 -0.0109023 -0.00480769 0.00159236 -0.0207865 -0.00688073
internal_weight=486 312 263 174 133 208 157 89 109
internal_count=486 312 263 174 133 208 157 89 109
cat_boundaries=0 1
cat_threshold=4
is_linear=0
shrinkage=0.05


Tree=19
num_leaves=9
num_cat=1
split_feature=38 35 62 14 47 42 58 42
split_gain=37.2823 34.3132 25.1971 21.7992 10.8952 9.88579 7.01236 6.73728
threshold=10.778730158730127 0.51887280493584542 1518.0000000000002 126.68000000000002 0 0.8844791012755745 104.09000000000002 0.90412168241832347
decision_type=2 2 2 2 1 2 2 2
left_child=7 2 3 -2 -3 -5 -6 -1
right_child=1 4 -4 5 6 -7 -8 -9
leaf_value=-3.6397978648807796 4.0744076757275591 0.17113486708695094 2.6533068597184513 -0.82061274499712378 -0.64574810551529971 0.78826465684804392 -0.11425163350775086 -0.45569895161849505
leaf_weight=44 65 78 64 47 49 62 40 47
leaf_count=44 65 78 64 47 49 62 40 47
internal_value=-0.000201613 0.0062963 0.0184874 0.00862069 -0.0110778 -0.00504587 -0.0230337 -0.0291209
internal_weight=496 405 238 174 167 109 89 91
internal_count=496 405 238 174 167 109 89 91
cat_boundaries=0 1
cat_threshold=1
is_linear=0
shrinkage=0.05


Tree=20
num_leaves=9
num_cat=1
split_feature=18 19 29 2 44 18 68 32
split_gain=38.1471 23.9818 18.1562 28.8618 14.6569 10.6648 10.6149 4.07396
threshold=1055.0000000000002 95.000000000000014 8.9799999999999969 0 0.013751063226538102 1515.0000000000002 105.91250000000001 0.91186111330794928
decision_type=2 2 2 9 2 2 2 2
left_child=2 -2 3 6 7 -6 -1 -3
right_child=1 4 -4 -5 5 -7 -8 -9
leaf_value=-1.1478542411896786 1.1628818027829031 -2.3950460921847365 5.089209019291725 1.5697191020706818 0.17640653045766419 -0.38660725813463093 0.099841743314282375 -0.52411475277642361
leaf_weight=51 53 41 67 46 60 68 54 45
leaf_count=51 53 41 67 46 60 68 54 45
internal_value=0.00237113 -0.0102996 0.0178899 0.00827815 -0.017757 -0.00703125 -0.00619048 -0.0337209
internal_weight=485 267 218 151 214 128 105 86
internal_count=485 267 218 151 214 128 105 86
cat_boundaries=0 1
cat_threshold=2
is_linear=0
shrinkage=0.05


Tree=21
num_leaves=9
num_cat=0
split_feature=31 57 9 20 63 15 9 31
split_gain=49.162 27.7994 25.9439 24.3557 14.4426 12.0362 6.88059 4.5583
threshold=-371.50999999999993 66.430000000000021 1422.6700000000003 1005.0000000000001 0.64937751213199701 69.465000000000018 333.41500000000008 -193.16499999999994
decision_type=2 2 2 2 2 2 2 2
left_child=-1 3 -3 4 -2 -6 -7 -8
right_child=1 2 -4 -5 5 6 7 -9
leaf_value=-2.961348661336769 3.1796850622598889 0.22100568711924345 -0.59473651248052428 1.7870454573779158 1.4563847483443226 1.3247719653356698 -0.071017048394153903 -0.90071359118079009
leaf_weight=60 64 44 63 59 44 50 43 49
leaf_count=60 64 44 63 59 44 50 43 49
internal_value=0.00231092 0.00841346 -0.0135514 0.0160194 0.0092 0.00215054 -0.00492958 -0.0130435
internal_weight=476 416 107 309 250 186 142 92
internal_count=476 416 107 309 250 186 142 92
is_linear=0
shrinkage=0.05


Tree=22
num_leaves=9
num_cat=0
split_feature=38 31 60 14 31 73 42 61
split_gain=36.7593 28.4021 23.8389 18.9124 17.9739 12.9265 7.93094 5.36924
threshold=10.778730158730127 -130.5500000000001 1367.6900000000003 129.48000000000005 -1.0000000180025095e-35 0.89848445045506908 0.9445202783028811 1243.0000000000002
decision_type=2 2 2 2 2 2 2 2
left_child=6 2 7 -4 -3 -6 -1 -2
right_child=1 4 3 -5 5 -7 -8 -9
leaf_value=-2.8643324599661768 -1.2128710260103148 7.4693810580104172 -0.12083666537444611 0.99809744426334113 3.0472345193257788 -0.054814208819625954 -0.15889331402696405 -0.3621703093863558
leaf_weight=52 67 44 57 46 61 75 41 52
leaf_count=52 67 44 57 46 61 75 41 52
internal_value=0.000909091 0.00746269 -0.0045045 0.0131068 0.0222222 0.0132353 -0.0274194 -0.0197479
internal_weight=495 402 222 103 180 136 93 119
internal_count=495 402 222 103 180 136 93 119
is_linear=0
shrinkage=0.05


Tree=23
num_leaves=9
num_cat=0
split_feature=31 18 62 32 12 72 15 42
split_gain=34.4704 24.4277 16.4566 17.2992 13.6508 11.0881 11.1224 8.65948
threshold=-371.50999999999993 1515.0000000000002 1708.1700000000003 0.86740528914884363 119.53500000000001 -37.546570143987665 95.92000000000003 0.95165550133745613
decision_type=2 2 2 2 2 2 2 2
left_child=-1 2 3 -2 -3 -5 -7 -8
right_child=1 4 -4 5 -6 6 7 -9
leaf_value=-2.7023605819567988 2.5696302863548617 0.022129490996178804 0.79540793662121445 -0.79230062707105808 -0.66190626326945279 1.430928702252183 -0.5554433837817484 0.33344656344504781
leaf_weight=58 74 61 72 42 52 64 41 46
leaf_count=58 74 61 72 42 52 64 41 46
internal_value=0.00352941 0.00818584 0.0148968 0.00917603 -0.0119469 0.00129534 0.00761589 -0.00402299
internal_weight=510 452 339 267 113 193 151 87
internal_count=510 452 339 267 113 193 151 87
is_linear=0
shrinkage=0.05


Tree=24
num_leaves=11
num_cat=1
split_feature=38 42 25 10 60 62 47 42 42 32
split_gain=36.8542 25.4152 31.4063 9.60702 7.99613 10.2124 6.81282 11.7355 3.98961 3.78995
threshold=10.778730158730127 0.96760858620123869 255.00000000000003 226.47500000000005 1390.1900000000003 2172.4100000000003 0 0.83282845293752916 0.91754808203489835 0.90279056392736357
decision_type=2 2 2 2 2 2 1 2 2 2
left_child=8 2 -2 -3 6 -6 -4 -8 -1 -5
right_child=1 3 4 9 5 -7 7 -9 -10 -11
leaf_value=-3.9769166924020265 6.9194388238211193 0.20727030014855663 -0.6421139017822175 3.5804885695471445 0.37338355846939852 -0.11694673516843529 -1.3029911520584485 0.3250246958171375 -0.51525983716290147 1.2366492182722226
leaf_weight=40 43 40 47 55 40 45 56 46 44 40
leaf_count=40 43 40 47 55 40 45 56 46 44 40
internal_value=0.0016129 0.00776699 -0.000902527 0.0255556 -0.00811966 0.00411765 -0.0151007 -0.00784314 -0.0285714 0.0342105
internal_weight=496 412 277 135 234 85 149 102 84 95
internal_count=496 412 277 135 234 85 149 102 84 95
cat_boundaries=0 1
cat_threshold=4
is_linear=0
shrinkage=0.05


Tree=25
num_leaves=9
num_cat=1
split_feature=15 18 12 60 15 55 60 14
split_gain=32.6166 29.5568 19.7959 24.6403 11.6025 10.7556 3.41237 6.21721
threshold=45.280000000000022 1515.0000000000002 190.92500000000004 1385.9300000000003 86.090000000000003 0 904.49000000000012 129.655
decision_type=2 2 2 2 2 1 2 2
left_child=-1 2 3 4 -2 -3 7 -6
right_child=1 5 -4 -5 6 -7 -8 -9
leaf_value=6.0709301678010732 0.27207463244577607 -0.15376989715719491 3.4304844345266852 0.48325046162942853 0.052785188438352296 -5.5783625473726639 -1.2340444875285863 -0.60527245028831
leaf_weight=40 55 72 51 63 42 48 40 72
leaf_count=40 55 72 51 63 42 48 40 72
internal_value=0.00175983 -0.00214447 0.00572755 0.000367647 -0.00789474 -0.0233333 -0.0149351 -0.0105263
internal_weight=483 443 323 272 209 120 154 114
internal_count=483 443 323 272 209 120 154 114
cat_boundaries=0 1
cat_threshold=2
is_linear=0
shrinkage=0.05


Tree=26
num_leaves=9
num_cat=0
split_feature=37 15 17 19 31 37 57 24
split_gain=28.0282 18.5855 26.2585 18.7553 17.4692 11.2003 8.31619 15.6224
threshold=0.29575638443958885 64.870000000000005 195.00000000000003 475.00000000000006 -212.34999999999999 0.89169243450916247 97.590000000000018 1295.0000000000002
decision_type=2 2 2 2 2 2 2 2
left_child=4 -2 -3 -4 -1 -5 7 -6
right_child=1 2 3 5 6 -7 -8 -9
leaf_value=-1.8855762786863197 6.0959986492897009 3.5813023622532585 0.40384726116905978 -1.7980235303389982 -0.2006700445621056 0.059589888490867972 -0.2062748296225678 0.27234448977542663
leaf_weight=60 40 63 79 52 50 40 65 58
leaf_count=60 40 63 79 52 50 40 65 58
internal_value=0.00266272 0.0135036 0.00811966 -0.00204678 -0.0100858 -0.0173913 -0.00202312 0.00648148
internal_weight=507 274 234 171 233 92 173 108
internal_count=507 274 234 171 233 92 173 108
is_linear=0
shrinkage=0.05


Tree=27
num_leaves=10
num_cat=1
split_feature=38 31 14 14 38 29 52 10 36
split_gain=34.0334 25.6514 22.1311 18.6882 8.98345 8.89459 7.56302 9.80405 1.21951
threshold=10.778730158730127 -136.66999999999999 131.63500000000002 136.07000000000002 161.21882086167804 5.8749999999999991 0 224.40000000000003 -0.0027720928002537494
decision_type=2 2 2 2 2 2 1 2 2
left_child=5 3 4 6 8 -1 -2 -8 -3
right_child=1 2 -4 -5 -6 -7 7 -9 -10
leaf_value=-0.10870025616790313 0.0044574478229275627 3.3265548599151114 -0.27113386693099523 0.78755200500364442 0.078582641941519538 -3.7392163448646834 -0.9817673550783681 -0.059374919198679349 5.9456566873781105
leaf_weight=52 70 41 61 52 40 41 59 41 41
leaf_count=52 70 41 61 52 40 41 59 41 41
internal_value=0.00200803 0.0082716 0.0221311 -0.00315315 0.0344262 -0.0252688 -0.0111765 -0.02 0.0439024
internal_weight=498 405 183 222 122 93 170 100 82
internal_count=498 405 183 222 122 93 170 100 82
cat_boundaries=0 1
cat_threshold=2
is_linear=0
shrinkage=0.05


Tree=28
num_leaves=9
num_cat=1
split_feature=33 8 28 60 32 60 38 47
split_gain=34.0007 16.0388 16.1346 15.5543 12.3751 10.2099 10.208 9.07248
threshold=0.32461734720305596 2195.6349206349209 195.00000000000003 1370.8100000000002 0.96669784579343032 1859.2500000000002 49.167108843537399 0
decision_type=2 2 2 2 2 2 2 1
left_child=3 2 -2 6 -4 -5 -1 -8
right_child=1 -3 4 5 -6 -7 7 -9
leaf_value=-2.7003421063108775 3.0421847161868159 0.84959366097635047 -0.41676495922388351 0.43225030891286886 0.39016225967124907 -0.082068642455384477 0.10116316290609789 -0.6556482365103804
leaf_weight=50 64 64 72 41 70 42 49 52
leaf_count=50 64 64 72 41 70 42 49 52
internal_value=0.00198413 0.0140741 0.00728155 -0.0119658 -0.00211268 0.00542169 -0.0215232 -0.0123762
internal_weight=504 270 206 234 142 83 151 101
internal_count=504 270 206 234 142 83 151 101
cat_boundaries=0 1
cat_threshold=1
is_linear=0
shrinkage=0.05


Tree=29
num_leaves=9
num_cat=0
split_feature=31 31 58 28 32 5 19 61
split_gain=31.57 24.0531 17.9982 17.7038 14.2541 13.6548 9.70624 8.34846
threshold=-130.5500000000001 -1.0000000180025095e-35 60.695000000000007 195.00000000000003 0.85481485100886501 0.29166666666666669 545.00000000000011 1243.0000000000002
decision_type=2 2 2 2 2 2 2 2
left_child=2 -2 4 -3 -1 -4 -5 -6
right_child=1 3 5 6 7 -7 -8 -9
leaf_value=-2.0280331111355459 6.1918350640794575 2.9858236347386242 0.3080743908631754 0.036006906161649067 -0.39143154090140658 -0.13188710108658414 -1.6240981000922894 0.17178346913585446
leaf_weight=49 44 61 79 68 63 40 45 48
leaf_count=49 44 61 79 68 63 40 45 48
internal_value=0.0027163 0.0169725 -0.00842294 0.00862069 -0.019375 0.00630252 -0.00309735 -0.00945946
internal_weight=497 218 279 174 160 119 113 111
internal_count=497 218 279 174 160 119 113 111
is_linear=0
shrinkage=0.05


Tree=30
num_leaves=10
num_cat=0
split_feature=40 19 44 20 31 19 57 32 13
split_gain=30.6648 26.8137 22.0119 20.7111 16.9091 15.1094 11.6338 6.81657 3.55824
threshold=-37.546570143987665 185.00000000000003 0.040119081372271014 195.00000000000003 -226.715 485.00000000000006 66.430000000000021 0.95807956672127947 59.555000000000007
decision_type=2 2 2 2 2 2 2 2 2
left_child=2 8 4 -3 -1 -5 -6 -7 -2
right_child=1 3 -4 5 6 7 -8 -9 -10
leaf_value=-3.3604989366499751 4.3465454251157061 3.1471678581880398 0.31573403774814318 0.11589792268755206 0.13701451680894614 -2.2338550935872825 -0.31815844868750998 -0.37034966906495376 0.82300398651057738
leaf_weight=41 42 46 48 52 57 45 70 44 44
leaf_count=41 42 46 48 52 57 45 70 44 44
internal_value=0.00296524 0.0141026 -0.0111111 0.00347594 -0.0196429 -0.00602837 -0.0106299 -0.0185393 0.0372093
internal_weight=489 273 216 187 168 141 127 89 86
internal_count=489 273 216 187 168 141 127 89 86
is_linear=0
shrinkage=0.05


Tree=31
num_leaves=9
num_cat=0
split_feature=31 31 58 17 73 14 68 30
split_gain=29.4929 25.4844 20.5403 20.2823 15.4113 9.19875 8.27978 7.67107
threshold=-130.5500000000001 -1.0000000180025095e-35 60.695000000000007 195.00000000000003 0.85481485100886501 129.29500000000004 98.321500000000015 97.820000000000007
decision_type=2 2 2 2 2 2 2 2
left_child=2 -2 4 -3 -1 -4 -6 -5
right_child=1 3 5 7 6 -7 -8 -9
leaf_value=-2.4791269631452142 6.4344426513425352 2.0216990258117833 -0.03283833416541828 0.043759570082923555 -0.94160637779922396 0.45098960913773073 0.057682879058509155 -1.4294557465361137
leaf_weight=55 41 71 66 52 69 41 42 63
leaf_count=55 41 71 66 52 69 41 42 63
internal_value=0.001 0.0143172 -0.0100733 0.00645161 -0.0210843 0.00700935 -0.0103604 -0.00652174
internal_weight=500 227 273 186 166 107 111 115
internal_count=500 227 273 186 166 107 111 115
is_linear=0
shrinkage=0.05


Tree=32
num_leaves=10
num_cat=0
split_feature=40 15 44 14 35 16 30 45 63
split_gain=31.893 14.3932 12.946 11.4231 11.389 14.0121 10.2109 6.23382 3.15126
threshold=-37.546570143987665 147.90000000000001 0.020272185993762352 127.97000000000004 0.093073316376501264 0.71028293196063663 47.300000000000026 0.024010732792254203 0.66147338914314713
decision_type=2 2 2 2 2 2 2 2 2
left_child=2 3 7 8 -4 -6 -5 -1 -2
right_child=1 -3 4 6 5 -7 -8 -9 -10
leaf_value=-1.5519318994322686 2.2663647079892235 -0.40757722564623028 2.7196607998236968 0.32419930802863101 -0.37590067196699795 0.081863265381856051 -0.10759077262216099 -0.30438003006925796 2.7337111076596581
leaf_weight=41 42 44 41 55 54 45 75 40 60
leaf_count=41 42 44 41 55 54 45 75 40 60
internal_value=0.00352113 0.0148551 -0.0106335 0.0198276 -0.00142857 -0.0106061 0.01 -0.0265432 0.0323529
internal_weight=497 276 221 232 140 99 130 81 102
internal_count=497 276 221 232 140 99 130 81 102
is_linear=0
shrinkage=0.05


Tree=33
num_leaves=10
num_cat=0
split_feature=72 14 29 31 11 18 17 38 59
split_gain=29.5023 20.1992 18.8517 12.6235 9.53021 8.91921 7.55038 5.81967 4.05
threshold=-37.546570143987665 126.68000000000002 -39.539999999999985 -226.715 1698.9850000000004 1045.0000000000002 875.00000000000011 168.34865079365088 1423.7900000000002
decision_type=2 2 2 2 2 2 2 2 2
left_child=3 5 7 -1 6 -2 -5 -3 -6
right_child=1 2 -4 4 8 -7 -8 -9 -10
leaf_value=-2.2142056301386854 3.6800338741821932 0.048767493879069423 -1.9027263946627266 -0.098985642222595482 -0.28916102856579506 0.47234007162789732 0.33234171533151857 0.90174389491506624 -0.083058448629825865
leaf_weight=52 59 52 75 44 40 48 41 46 40
leaf_count=52 59 52 75 44 40 48 41 46 40
internal_value=0.000704225 0.0114286 0.000867052 -0.0131336 -0.00636364 0.0285047 0.00529412 0.0153061 -0.01875
internal_weight=497 280 173 217 165 107 85 98 80
internal_count=497 280 173 217 165 107 85 98 80
is_linear=0
shrinkage=0.05


Tree=34
num_leaves=11
num_cat=0
split_feature=38 31 31 5 30 14 14 44 35 33
split_gain=28.3759 24.4793 13.4444 11.1194 10.2722 8.95428 9.64207 13.1847 6.05 3.95122
threshold=8.1622335600907281 -161.24000000000009 -1.0000000180025095e-35 0.87500000000000011 153.60000000000005 138.22500000000005 115.30000000000001 0.022683238082885252 0.0040765704850935008 0.60372938815140509
decision_type=2 2 2 2 2 2 2 2 2 2
left_child=9 3 -3 5 8 6 -2 -8 -4 -1
right_child=1 2 4 -5 -6 -7 7 -9 -10 -11
leaf_value=-1.3637930929031989 0.12157737300183094 4.5824863915064604 0.94356698594017385 -0.4415773875288258 1.7213535812263434 0.55811213552247207 -0.60602269272885012 0.052696901449123736 -0.28119508461518289 -0.12166084681880439
leaf_weight=41 41 48 40 40 64 40 40 55 40 41
leaf_count=41 41 48 40 40 64 40 40 55 40 41
internal_value=0.00244898 0.00784314 0.0208333 -0.0037037 0.0131944 0.00170455 -0.00441176 -0.0131579 0.00125 -0.0243902
internal_weight=490 408 192 216 144 176 136 95 80 82
internal_count=490 408 192 216 144 176 136 95 80 82
is_linear=0
shrinkage=0.05


Tree=35
num_leaves=9
num_cat=0
split_feature=15 17 19 14 29 24 61 33
split_gain=25.1402 25.0933 14.8161 20.4528 10.3223 10.1259 10.5628 5.5
threshold=50.119999999999997 195.00000000000003 495.00000000000006 129.29500000000004 7.125000000000008 2735.0000000000005 1226.3800000000003 0.59648166378275203
decision_type=2 2 2 2 2 2 2 2
left_child=-1 -2 3 5 -4 6 -3 -5
right_child=1 2 4 7 -6 -7 -8 -9
leaf_value=4.6927379586437237 1.9179483683353611 -0.22632074064042468 -0.16390251423859292 0.42637701497716751 -2.1874469717386726 -0.33170865104003833 0.1036708394200872 0.076410424252389489
leaf_weight=59 75 78 53 44 69 40 40 44
leaf_count=59 75 78 53 44 69 40 40 44
internal_value=0.00239044 -0.001693 -0.00706522 0 -0.0213115 -0.0107595 -0.00338983 0.0193182
internal_weight=502 443 368 246 122 158 118 88
internal_count=502 443 368 246 122 158 118 88
is_linear=0
shrinkage=0.05


Tree=36
num_leaves=10
num_cat=0
split_feature=31 57 38 11 38 14 10 15 15
split_gain=27.7918 20.2963 23.6285 15.6129 12.9244 15.6971 11.2931 5.93604 2.81248
threshold=-403.50999999999993 66.430000000000021 7.507936507936507 1828.1750000000004 170.10519274376421 127.97000000000004 220.80500000000004 80.655000000000001 58.025000000000013
decision_type=2 2 2 2 2 2 2 2 2
left_child=-1 2 -2 -3 5 8 -6 -8 -4
right_child=1 3 4 -5 6 -7 7 -9 -10
leaf_value=-1.7209235343127511 -0.3402151358396639 0.049342208003379774 5.6117257048673794 -0.35075869557570827 -0.30001564493211963 0.078929403124590361 0.50028398168814192 0.17531708928887399 1.8220509499185924
leaf_weight=43 41 62 44 62 65 50 41 49 45
leaf_count=43 41 62 44 62 65 50 41 49 45
internal_value=0.00239044 0.00599129 0.0123881 -0.0112903 0.0173469 0.0284173 0.00741935 0.0188889 0.0410112
internal_weight=502 459 335 124 294 139 155 90 89
internal_count=502 459 335 124 294 139 155 90 89
is_linear=0
shrinkage=0.05


Tree=37
num_leaves=9
num_cat=0
split_feature=31 29 32 40 60 36 14 63
split_gain=21.2768 17.1521 19.4595 17.0941 15.3022 7.25034 6.29189 4.46179
threshold=-403.50999999999993 -46.79499999999998 0.86952911431647373 -37.546570143987665 1390.1900000000003 -0.0045129135120883989 126.68000000000002 0.7718059249824506
decision_type=2 2 2 2 2 2 2 2
left_child=-1 3 -3 4 7 -5 -4 -2
right_child=1 2 6 5 -6 -7 -8 -9
leaf_value=-1.617264799882586 -0.33161217873706406 4.0877095151521923 0.96922797075720912 -0.062518020525937953 0.028717527734221093 0.64471467190907328 -0.4359016111156635 -0.6785570501039877
leaf_weight=43 42 58 58 45 73 69 55 40
leaf_count=43 42 58 58 45 73 69 55 40
internal_value=0.00217391 0.00545455 0.0178363 -0.00241636 -0.0132258 0.0122807 0.00575221 -0.0280488
internal_weight=483 440 171 269 155 114 113 82
internal_count=483 440 171 269 155 114 113 82
is_linear=0
shrinkage=0.05


Tree=38
num_leaves=10
num_cat=1
split_feature=38 38 14 14 52 62 29 8 33
split_gain=19.0913 18.0521 23.0358 15.4951 10.7494 11.838 8.64379 7.2 4.72111
threshold=7.507936507936507 170.10519274376421 125.37500000000004 136.95500000000001 0 2184.8700000000003 5.8749999999999991 1120.9297052154197 0.15176713286843563
decision_type=2 2 2 2 1 2 2 2 2
left_child=6 2 -2 4 5 -3 -1 -4 -6
right_child=1 3 7 -5 8 -7 -8 -9 -10
leaf_value=-0.08724602094765431 3.8693729082345798 0.36258455458723082 1.007669193191832 0.57444718125607597 -0.14146726742029117 -0.13852604156821968 -2.4281100107231826 -0.23332078111568186 -0.82528306436566479
leaf_weight=45 77 40 40 48 71 43 40 40 56
leaf_count=45 77 40 40 48 71 43 40 40 56
internal_value=0.001 0.00542169 0.0187898 -0.00271318 -0.00857143 0.00542169 -0.0205882 0 -0.0177165
internal_weight=500 415 157 258 210 83 85 80 127
internal_count=500 415 157 258 210 83 85 80 127
cat_boundaries=0 1
cat_threshold=2
is_linear=0
shrinkage=0.05


Tree=39
num_leaves=9
num_cat=0
split_feature=31 12 33 58 13 13 24 39
split_gain=19.5228 13.0379 15.7511 22.084 9.34403 9.69218 6.54062 6.04415
threshold=-403.50999999999993 50.945000000000007 0.093540943984989258 80.535000000000011 157.02500000000003 129.88000000000002 1775.0000000000002 -20.887261786603748
decision_type=2 2 2 2 2 2 2 2
left_child=-1 -2 3 -3 5 6 7 -4
right_child=1 2 4 -5 -6 -7 -8 -9
leaf_value=-1.4936899185244912 1.5969802724875151 -0.77488621295326154 0.039649326311820686 0.04930468106307033 1.145698245806775 -0.5577903110822432 -0.054600997098342319 0.81992266306166572
leaf_weight=47 74 57 48 40 76 47 49 55
leaf_count=47 74 57 48 40 76 47 49 55
internal_value=0.00192698 0.00515695 0.00134409 -0.0159794 0.00745455 0.00175879 0.00789474 0.0150485
internal_weight=493 446 372 97 275 199 152 103
internal_count=493 446 372 97 275 199 152 103
is_linear=0
shrinkage=0.05


Tree=40
num_leaves=10
num_cat=1
split_feature=38 15 63 14 58 47 37 11 30
split_gain=20.8668 19.3646 11.4805 11.9454 11.1111 9.45525 7.44997 5.46253 2.58924
threshold=7.507936507936507 50.119999999999997 0.74080130006294109 138.22500000000005 109.27500000000002 0 0.18676714315540158 670.16000000000008 -6.9999999999998854
decision_type=2 2 2 2 2 1 2 2 2
left_child=-1 -2 7 4 5 6 -4 -3 -7
right_child=1 2 3 -5 -6 8 -8 -9 -10
leaf_value=-0.65688911233585046 3.8301797696671871 2.2178677764318908 0.16189417853401036 0.59419010122631433 0.067530833768690748 -0.27959242569911746 -0.65173519301278171 0.16025147510350579 -0.53872026455470123
leaf_weight=72 52 50 47 42 45 43 45 58 45
leaf_count=72 52 50 47 42 45 43 45 58 45
internal_value=-0.0001002 0.00409836 0.000133333 -0.00543071 -0.01 -0.0155556 -0.00434783 0.0138889 -0.0272727
internal_weight=499 427 375 267 225 180 92 108 88
internal_count=499 427 375 267 225 180 92 108 88
cat_boundaries=0 1
cat_threshold=1
is_linear=0
shrinkage=0.05


Tree=41
num_leaves=11
num_cat=1
split_feature=38 15 12 14 29 52 10 39 15 33
split_gain=19.6099 17.4333 14.1985 10.4836 10.6222 7.01397 5.03048 4.80949 4.7619 2.45
threshold=10.778730158730127 51.980000000000004 185.09500000000003 130.73500000000001 -85.239999999999995 0 232.57500000000002 -21.912747459667276 80.269999999999982 0.11660008525948683
decision_type=2 2 2 2 2 1 2 2 2 2
left_child=7 -2 3 5 -5 8 9 -1 -3 -7
right_child=1 2 -4 4 -6 6 -8 -9 -10 -11
leaf_value=-2.5689537927267745 3.6707591700672539 -0.053766413407884087 1.1743507210147583 0.7734993130066915 -0.057983263112977038 -0.39622341253488957 -0.035284001644654242 -0.019157640117300281 0.29748158787510026 -1.1183740307747367
leaf_weight=44 46 42 64 41 48 40 42 46 42 40
leaf_count=44 46 42 64 41 48 40 42 46 42 40
internal_value=0.00111111 0.00580247 0.00208914 -0.00254237 0.0117978 -0.00873786 -0.0163934 -0.02 0.00238095 -0.02375
internal_weight=495 405 359 295 89 206 122 90 84 80
internal_count=495 405 359 295 89 206 122 90 84 80
cat_boundaries=0 1
cat_threshold=2
is_linear=0
shrinkage=0.05


Tree=42
num_leaves=8
num_cat=0
split_feature=22 17 19 33 24 14 59
split_gain=21.0134 16.6692 18.6094 11.6532 8.39386 4.01578 3.62774
threshold=50.000000000000007 195.00000000000003 485.00000000000006 0.79231798708905543 1775.0000000000002 126.14000000000003 1388.1000000000001
decision_type=2 2 2 2 2 2 2
left_child=-1 -2 4 -4 5 -3 -6
right_child=1 2 3 -5 6 -7 -8
leaf_value=2.9234494898248315 1.6955393381237855 0.031162244089823044 -1.4605397966057005 -0.53279811280255751 -0.078862387187413327 0.50472284524904654 0.017075610794765519
leaf_weight=66 69 71 71 62 61 56 41
leaf_count=66 69 71 71 62 61 56 41
internal_value=0.00251509 -0.00150812 -0.0058011 -0.0206767 0.00283843 0.0114173 -0.00784314
internal_weight=497 431 362 133 229 127 102
internal_count=497 431 362 133 229 127 102
is_linear=0
shrinkage=0.05


Tree=43
num_leaves=10
num_cat=1
split_feature=37 25 60 20 22 10 47 32 9
split_gain=16.2497 22.7395 13.1197 12.2036 14.2936 7.62575 6.47984 12.7529 4.0625
threshold=0.093540943984989258 345.00000000000006 1301.0700000000002 195.00000000000003 555.00000000000011 147.05000000000004 0 0.91817335155444024 905.06000000000006
decision_type=2 2 2 2 2 2 1 2 2
left_child=2 -2 5 -3 6 -1 -5 -8 -9
right_child=1 3 -4 4 -6 -7 7 8 -10
leaf_value=-0.27216343610446891 2.9374109322763995 1.8123403617320777 0.064634393716992825 -0.2367712207212378 -1.2780553575883815 -0.73429294260363509 0.26131498174962359 0.34010331039976949 -0.069830495718548671
leaf_weight=40 44 59 48 43 58 52 41 40 64
leaf_count=40 44 59 48 43 58 52 41 40 64
internal_value=0.00153374 0.00730659 -0.0128571 0.00245902 -0.00243902 -0.023913 0.00425532 0.00931034 0
internal_weight=489 349 140 305 246 92 188 145 104
internal_count=489 349 140 305 246 92 188 145 104
cat_boundaries=0 1
cat_threshold=4
is_linear=0
shrinkage=0.05


Tree=44
num_leaves=11
num_cat=0
split_feature=18 18 15 11 18 15 11 11 42 13
split_gain=13.2398 16.2155 9.22923 8.45 6.55523 10.3826 11.4303 7.17073 5.17991 2.97329
threshold=1525.0000000000002 1830.0000000000002 102.19000000000004 2643.5850000000005 835.00000000000011 68.545000000000016 738.8950000000001 1159.0750000000003 0.88010496535758354 73.990000000000023
decision_type=2 2 2 2 2 2 2 2 2 2
left_child=2 -2 4 -3 -1 -6 -7 -8 -4 -9
right_child=1 3 8 -5 5 6 7 9 -10 -11
leaf_value=-0.15748886377192228 -2.4697123664828888 0.17340399872677051 -0.9275004037499649 -0.10774574171326119 2.6761855565371606 1.8021039264482142 -0.46616846391425093 0.026912452618397698 0.0025039660780024064 0.19670539687845467
leaf_weight=40 52 40 43 40 40 46 41 40 75 42
leaf_count=40 52 40 43 40 40 46 41 40 75 42
internal_value=0.000701403 -0.0128788 0.00558583 0.00125 0.0110442 0.0145933 0.0091716 0.00121951 -0.0059322 0.0097561
internal_weight=499 132 367 80 249 209 169 123 118 82
internal_count=499 132 367 80 249 209 169 123 118 82
is_linear=0
shrinkage=0.05


Tree=45
num_leaves=9
num_cat=1
split_feature=14 28 39 3 58 19 40 15
split_gain=18.3628 15.5367 12.7359 9.37635 15.7986 7.68182 13.5254 5.85625
threshold=108.65000000000002 175.00000000000003 -26.002398005279609 0 109.27500000000002 525.00000000000011 -22.853219232803596 79.100000000000023
decision_type=2 2 2 9 2 2 2 2
left_child=-1 -2 -3 4 7 6 -5 -4
right_child=1 2 3 5 -6 -7 -8 -9
leaf_value=2.1509994813180966 1.9684378319670905 -1.6153231271066462 -0.09512760172292456 0.50218110525794735 0.053539943205418529 -0.97303048505406586 -0.0039599336325906618 -0.72365017791781472
leaf_weight=66 66 41 54 45 44 56 53 65
leaf_count=66 66 41 54 45 44 56 53 65
internal_value=0.00122449 -0.00259434 -0.00670391 -0.0033123 -0.0112717 0.0054878 0.0142857 -0.0214286
internal_weight=490 424 358 317 163 154 98 119
internal_count=490 424 358 317 163 154 98 119
cat_boundaries=0 1
cat_threshold=6
is_linear=0
shrinkage=0.05


Tree=46
num_leaves=10
num_cat=1
split_feature=25 38 30 52 14 25 42 62 33
split_gain=18.0152 9.93785 9.30741 8.11228 10.1895 7.47387 6.72222 6.22527 5.55836
threshold=180.00000000000003 17.571870748299265 150.30000000000004 0 129.48000000000005 645.00000000000011 0.96101639103320091 2184.8700000000003 0.10490271196929726
decision_type=2 2 2 1 2 2 2 2 2
left_child=-1 6 3 7 8 -6 -2 -3 -5
right_child=1 2 -4 4 5 -7 -8 -9 -10
leaf_value=2.5822937385939131 -1.6104418237242173 0.26863178783591762 1.1313047478634501 -0.074200478531274788 0.26163887134911085 -0.40667753182264765 -0.013246112219877837 -0.034369862195921468 -0.69405699277860777
leaf_weight=51 50 44 63 45 52 43 40 51 50
leaf_count=51 50 44 63 45 52 43 40 51 50
internal_value=0.000306748 -0.00296804 0.000862069 -0.00298246 -0.00894737 0.00263158 -0.0177778 0.00894737 -0.0205263
internal_weight=489 438 348 285 190 95 90 95 95
internal_count=489 438 348 285 190 95 90 95 95
cat_boundaries=0 1
cat_threshold=2
is_linear=0
shrinkage=0.05


Tree=47
num_leaves=8
num_cat=0
split_feature=22 42 45 10 17 10 32
split_gain=16.9097 12.4614 8.8123 8.59022 7.5376 8.71932 5.31541
threshold=50.000000000000007 0.84913190568658459 0.021353034093877604 217.88000000000002 225.00000000000003 283.52000000000004 0.85631860782567781
decision_type=2 2 2 2 2 2 2
left_child=-1 2 -2 -3 -5 -6 -4
right_child=1 3 6 4 5 -7 -8
leaf_value=2.2163623194441384 -0.87977766795300993 -0.29736225909804836 -0.16557491849243944 1.805077633570106 0.17429261885844022 -0.14959471317606851 0.05126801049392498
leaf_weight=58 73 74 46 61 79 56 44
leaf_count=58 73 74 46 61 79 56 44
internal_value=0.000509165 -0.00288684 -0.0138037 0.0037037 0.00918367 0.00259259 -0.00333333
internal_weight=491 433 163 270 196 135 90
internal_count=491 433 163 270 196 135 90
is_linear=0
shrinkage=0.05


Tree=48
num_leaves=11
num_cat=0
split_feature=72 15 32 38 32 31 61 68 38 10
split_gain=15.7392 22.634 12.2852 10.2977 6.84039 9.26294 7.80511 6.39583 2.67401 2.21141
threshold=-37.546570143987665 81.090000000000018 0.95715570047205789 33.64359410430837 0.89339012738025481 -188.89499999999995 1192.3200000000004 44.251500000000007 199.020306122449 317.94000000000005
decision_type=2 2 2 2 2 2 2 2 2 2
left_child=3 -2 7 -1 5 -5 -7 -3 -4 -9
right_child=1 2 8 4 -6 6 -8 9 -10 -11
leaf_value=-2.2137917163045295 1.4161696251408238 -0.3058758821670402 -0.47504240808271558 -0.23964504807523343 -0.23648287326834599 0.46523635527872714 -0.0017566571506230312 0.44088721592030455 -0.050637713996069603 0.10749537704809242
leaf_weight=48 69 44 41 44 41 41 44 40 40 41
leaf_count=48 69 44 41 44 41 41 44 40 40 41
internal_value=0.00131846 0.00927273 0.000970874 -0.0087156 -0.00294118 0.00271318 0.0123529 0.0108 -0.0141975 0.0191358
internal_weight=493 275 206 218 170 129 85 125 81 81
internal_count=493 275 206 218 170 129 85 125 81 81
is_linear=0
shrinkage=0.05


Tree=49
num_leaves=10
num_cat=0
split_feature=40 44 19 9 39 31 12 42 40
split_gain=12.9607 11.7603 9.10257 14.3676 9.40524 7.77487 5.41864 4.97101 1.21951
threshold=-36.940994362302639 0.020555713070598204 405.00000000000006 213.95000000000002 -16.71190595001681 -157.68999999999997 98.125000000000014 0.73113377532024459 -23.482495250202604
decision_type=2 2 2 2 2 2 2 2 2
left_child=1 7 5 -4 8 -2 -3 -1 -5
right_child=2 6 3 4 -6 -7 -8 -9 -10
leaf_value=-1.5151928114995714 0.18089997538726924 -0.10267951074668905 1.4836494124705546 -0.99254560197735919 0.33782987181151775 2.3732853787277084 0.091594354459319544 -0.16555845270112748 -0.45129028767857982
leaf_weight=42 65 77 56 41 40 41 54 50 41
leaf_count=42 65 77 56 41 40 41 54 50 41
internal_value=0.00207101 -0.00695067 0.00915493 0.00224719 -0.00737705 0.0207547 0.00267176 -0.0206522 -0.0170732
internal_weight=507 223 284 178 122 106 131 92 82
internal_count=507 223 284 178 122 106 131 92 82
is_linear=0
shrinkage=0.05


Tree=50
num_leaves=9
num_cat=0
split_feature=25 42 63 38 68 21 21 37
split_gain=18.4024 10.8284 9.37705 7.7726 5.23911 4.62441 3.668 3.18447
threshold=180.00000000000003 0.82211270916898072 0.70032840938752716 217.72588435374146 108.06250000000001 1125.0000000000002 1435.0000000000002 0.79231798708905543
decision_type=2 2 2 2 2 2 2 2
left_child=-1 3 7 -2 5 -4 -7 -3
right_child=1 2 4 -5 -6 6 -8 -9
leaf_value=2.7051048229843744 -1.6063315936578271 0.059387578251062757 -1.7905309672519534 -0.066572650812938158 0.08572938010025305 0.19148733699653706 -0.097598167786051626 1.4724231767695219
leaf_weight=57 54 43 41 79 57 57 62 44
leaf_count=57 54 43 41 79 57 57 62 44
internal_value=0.00222672 -0.00125858 0.00394737 -0.0131579 -0.0016129 -0.00625 -0.0012605 0.0178161
internal_weight=494 437 304 133 217 160 119 87
internal_count=494 437 304 133 217 160 119 87
is_linear=0
shrinkage=0.05


Tree=51
num_leaves=10
num_cat=1
split_feature=14 39 45 3 12 29 43 33 30
split_gain=9.90824 10.1417 8.77308 7.45704 11.1794 8.95314 5.47364 5.23346 3.78905
threshold=100.82500000000003 -35.196383211415508 0.028503630918934854 0 121.67 -85.239999999999995 0.57081295691073464 0.10490271196929726 140.02000000000001
decision_type=2 2 2 9 2 2 2 2 2
left_child=-1 -2 3 4 7 -5 -7 -3 -8
right_child=1 2 -4 5 -6 6 8 -9 -10
leaf_value=2.4530634840293679 -0.50230905326540776 -0.15240062167676813 0.15587799828549775 0.3208194240321689 0.10831434946976587 0.2778379390872367 -0.36474447922733089 -0.63929697569210653 0.038239446557094062
leaf_weight=40 40 42 70 57 54 41 45 44 61
leaf_count=40 40 42 70 57 54 41 45 44 61
internal_value=0.00364372 0.00154185 0.00386473 0.000581395 -0.008 0.00654206 0.000340136 -0.0197674 -0.00566038
internal_weight=494 454 414 344 140 204 147 86 106
internal_count=494 454 414 344 140 204 147 86 106
cat_boundaries=0 1
cat_threshold=6
is_linear=0
shrinkage=0.05


Tree=52
num_leaves=11
num_cat=0
split_feature=60 33 43 5 34 59 21 13 32 45
split_gain=14.422 17.0244 10.7579 9.19718 5.9022 7.18857 8.65125 5.05832 4.02447 3.62568
threshold=1367.6900000000003 0.094197136111796906 0.38398367323371096 0.29166666666666669 0.95872884847741191 879.49000000000012 1325.0000000000002 144.63000000000002 0.91384957302442404 0.011944728676196802
decision_type=2 2 2 2 2 2 2 2 2 2
left_child=1 2 -1 8 -3 6 7 9 -2 -6
right_child=3 4 -4 -5 5 -7 -8 -9 -10 -11
leaf_value=-0.1725663586925652 0.51105760062856054 0.88337744613182145 -3.0034245805207238 -0.041698061544941004 0.085646188854953398 0.11853164185183679 -1.0007951851169299 0.67821386470868839 0.14676187245144492 -1.1784597198940188
leaf_weight=55 43 43 46 48 41 57 41 47 42 40
leaf_count=55 43 43 46 48 41 57 41 47 42 40
internal_value=0.00129225 -0.00378378 -0.0212871 0.0154135 0.0027881 -0.000442478 -0.0056213 0.00078125 0.0252941 -0.00679012
internal_weight=503 370 101 133 269 226 169 128 85 81
internal_count=503 370 101 133 269 226 169 128 85 81
is_linear=0
shrinkage=0.05


Tree=53
num_leaves=10
num_cat=1
split_feature=25 15 47 35 44 5 12 22 31
split_gain=12.1112 12.3893 7.42239 10.7855 8.36757 4.97304 4.39579 6.72472 7.64893
threshold=180.00000000000003 68.965000000000018 0 0.011508933049518702 0.035489818483714304 0.70833333333333337 185.09500000000003 555.00000000000011 -199.48999999999998
decision_type=2 2 1 2 2 2 2 2 2
left_child=-1 -2 3 -3 5 6 7 8 -4
right_child=1 2 4 -5 -6 -7 -8 -9 -10
leaf_value=2.2661108286838711 -0.73495823151404438 -0.10070139519417563 0.031618191712498737 0.4401872326149997 0.28648515174053435 0.11201858683203661 0.15623290081282626 -1.8073628633124366 -0.098374623657079677
leaf_weight=53 44 51 56 60 54 47 41 40 63
leaf_count=53 44 51 56 60 54 47 41 40 63
internal_value=0.00284872 0.000219298 0.00291262 0.013964 -0.00116279 -0.00506073 -0.0085 -0.0122642 -0.00630252
internal_weight=509 456 412 111 301 247 200 159 119
internal_count=509 456 412 111 301 247 200 159 119
cat_boundaries=0 1
cat_threshold=2
is_linear=0
shrinkage=0.05


Tree=54
num_leaves=10
num_cat=0
split_feature=21 19 11 35 19 38 58 21 33
split_gain=10.9251 17.9933 12.5692 15.7499 6.63535 5.39101 5.03584 5.11265 3.46987
threshold=815.00000000000011 45.000000000000007 727.20000000000016 -1.0000000180025095e-35 565.00000000000011 113.75963718820857 82.875000000000014 1435.0000000000002 0.11293090111453237
decision_type=2 2 2 2 2 2 2 2 2
left_child=-1 -2 -3 -4 5 -5 7 -7 -8
right_child=1 2 3 4 -6 6 8 -9 -10
leaf_value=-0.61665724335142058 4.1042925995665724 1.0693195695627993 -2.4075851100331653 0.26075190814709903 -0.98598430964166683 0.016556718929003369 0.11703261702996937 -0.095242473702998529 -0.059383083928367601
leaf_weight=41 41 65 46 56 45 49 45 60 41
leaf_count=41 41 65 46 56 45 49 45 60 41
internal_value=0.00153374 0.00379464 0.000614251 -0.00321637 0.00101351 0.00418327 0.00025641 -0.00688073 0.00930233
internal_weight=489 448 407 342 296 251 195 109 86
internal_count=489 448 407 342 296 251 195 109 86
is_linear=0
shrinkage=0.05


Tree=55
num_leaves=10
num_cat=1
split_feature=38 14 12 52 42 42 14 36 16
split_gain=11.8718 8.73976 10.175 8.57794 8.36652 7.52785 5.63459 4.60821 5.93248
threshold=7.507936507936507 108.12 98.125000000000014 0 0.85381724905181322 0.93699011249390829 129.655 -0.011771792897009399 0.80666284963572754
decision_type=2 2 2 1 2 2 2 2 2
left_child=5 -2 3 -3 -4 -1 -5 -6 -9
right_child=1 2 4 6 7 -7 -8 8 -10
leaf_value=-1.9050683887869029 1.6764895799126436 0.12208150894021533 -0.02976793119153064 -0.55491421653068396 2.2665752678127529 0.021425374015449441 -0.031155904058885044 0.11147362014063199 -0.041859006210282781
leaf_weight=41 57 49 72 53 45 40 40 50 41
leaf_count=41 57 49 72 53 45 40 40 50 41
internal_value=0.00204918 0.00552826 0.00257143 -0.00774648 0.00961538 -0.0154321 -0.0166667 0.0169118 0.0104396
internal_weight=488 407 350 142 208 81 93 136 91
internal_count=488 407 350 142 208 81 93 136 91
cat_boundaries=0 1
cat_threshold=2
is_linear=0
shrinkage=0.05


Tree=56
num_leaves=10
num_cat=2
split_feature=25 15 3 47 44 73 5 33 31
split_gain=12.3232 9.36134 8.29925 11.5311 7.04661 6.1416 5.41913 4.48199 4.55038
threshold=180.00000000000003 68.985000000000028 0 1 0.035489818483714304 0.93273150643261749 0.70833333333333337 0.12858430314338878 -187.26499999999996
decision_type=2 2 9 1 2 2 2 2 2
left_child=-1 -2 5 -4 6 -3 7 -5 -9
right_child=1 2 3 4 -6 -7 -8 8 -10
leaf_value=2.232804354242842 -0.69285628443798175 0.00035370905634639631 1.3239139002834053 -0.23179241638006434 0.30144524251554899 -0.37002349366935683 0.060736978357793708 0.12584360091428742 -0.076177620234746085
leaf_weight=53 40 58 40 42 45 56 45 41 70
leaf_count=53 40 58 40 42 45 56 45 41 70
internal_value=0.000816327 -0.00194508 0.000377834 0.00494881 0.00102881 -0.0104839 -0.0030303 -0.00751634 -0.00225225
internal_weight=490 437 397 283 243 114 198 153 111
internal_count=490 437 397 283 243 114 198 153 111
cat_boundaries=0 1 2
cat_threshold=68 2
is_linear=0
shrinkage=0.05


Tree=57
num_leaves=10
num_cat=0
split_feature=14 22 15 14 22 17 4 39 9
split_gain=10.9508 16.7885 14.1061 16.1579 12.8856 6.35582 5.19715 7.03712 1.94267
threshold=117.37000000000002 335.00000000000006 50.119999999999997 113.30000000000001 415.00000000000006 175.00000000000003 1.0000000180025095e-35 -16.603444954882505 562.33500000000015
decision_type=2 2 2 2 2 2 2 2 2
left_child=2 -2 -1 -4 -3 -6 7 8 -7
right_child=1 4 3 -5 5 6 -8 -9 -10
leaf_value=1.9942832558890431 -0.31457750508743754 0.30008111124114728 -0.23780737974317356 0.086458772954210172 1.167666569882865 -1.675829918002778 0.089339620479168505 0.29384494177872078 -1.2895446558902792
leaf_weight=42 75 42 55 50 58 41 47 42 40
leaf_count=42 75 42 55 50 58 41 47 42 40
internal_value=-0.000203252 -0.00507246 0.0112245 0.00142857 0.000740741 -0.00394737 -0.00882353 -0.0142276 -0.0228395
internal_weight=492 345 147 105 270 228 170 123 81
internal_count=492 345 147 105 270 228 170 123 81
is_linear=0
shrinkage=0.05


Tree=58
num_leaves=9
num_cat=0
split_feature=60 15 32 12 24 61 32 32
split_gain=15.5935 11.3557 9.16669 8.11887 7.62353 7.52599 8.63294 3.97654
threshold=1355.8100000000002 70.955000000000013 0.72912543066937918 185.09500000000003 1775.0000000000002 1179.0850000000003 0.97231878401472926 0.89836774721683921
decision_type=2 2 2 2 2 2 2 2
left_child=2 -2 -1 5 -3 6 7 -4
right_child=1 4 3 -5 -6 -7 -8 -9
leaf_value=-1.7632817861385002 1.3456412353308942 0.054013196072808078 -0.31792264462077552 0.49924180155742104 -0.049638010049370254 0.024338693274352341 1.0116517994746133 -0.83097287935764974
leaf_weight=41 62 40 52 77 45 78 41 67
leaf_count=41 62 40 52 77 45 78 41 67
internal_value=0.00228628 0.0159864 -0.00337079 -0.00047619 0.00411765 -0.00504202 -0.01125 -0.0180672
internal_weight=503 147 356 315 85 238 160 119
internal_count=503 147 356 315 85 238 160 119
is_linear=0
shrinkage=0.05


Tree=59
num_leaves=10
num_cat=2
split_feature=3 42 45 42 47 39 68 42 43
split_gain=7.2625 12.9164 13.3233 6.66374 5.64973 7.5781 5.40184 7.02439 3.47589
threshold=0 0.73113377532024459 0.016053838389382302 0.63341394163910103 1 -22.574061908365756 56.789500000000011 0.92599067291317383 0.91214845299695735
decision_type=9 2 2 2 1 2 2 2 2
left_child=1 -1 -3 -2 5 -5 7 -6 -8
right_child=3 2 -4 4 6 -7 8 -9 -10
leaf_value=-1.3135947621525426 0.52570009242594351 -0.17011821537246732 0.40298244759967194 0.0041729593520608791 -0.553137764013924 -0.41272342945474744 0.39231526903806718 0.20920411946715661 0.079195485451671752
leaf_weight=52 47 67 44 79 41 44 40 41 47
leaf_count=52 47 67 44 79 41 44 40 41 47
internal_value=0.00059761 -0.00780347 0.00135135 0.00472779 0.00205479 -0.00609756 0.00798817 -0.00121951 0.0166667
internal_weight=502 163 111 339 292 123 169 82 87
internal_count=502 163 111 339 292 123 169 82 87
cat_boundaries=0 1 2
cat_threshold=69 4
is_linear=0
shrinkage=0.05


Tree=60
num_leaves=10
num_cat=0
split_feature=14 22 25 14 10 38 9 23 25
split_gain=11.3843 19.9753 13.0935 11.2204 10.0785 8.03909 4.60631 6.35839 4.58333
threshold=117.37000000000002 290.00000000000017 180.00000000000003 113.30000000000001 220.15500000000003 236.14028344671186 316.75000000000006 545.00000000000011 575.00000000000011
decision_type=2 2 2 2 2 2 2 2 2
left_child=2 -2 -1 -4 8 6 -6 -8 -3
right_child=1 4 3 -5 5 -7 7 -9 -10
leaf_value=2.4770288790031514 -0.39653052862489169 -0.11747832792400557 -0.20096078235895912 0.076633981583727362 0.80689130238154627 0.33356136985095919 -1.0953735135937777 0.064277111021919006 -0.87876852878243883
leaf_weight=48 41 40 53 51 68 57 45 49 48
leaf_count=48 41 40 53 51 68 57 45 49 48
internal_value=0.0024 -0.00258621 0.0138158 0.00384615 0.00179153 0.00753425 0.00185185 -0.00531915 -0.0125
internal_weight=500 348 152 104 307 219 162 94 88
internal_count=500 348 152 104 307 219 162 94 88
is_linear=0
shrinkage=0.05


Tree=61
num_leaves=10
num_cat=1
split_feature=3 39 20 31 17 11 16 60 72
split_gain=11.409 14.4226 10.7545 5.63582 7.16932 8.10355 6.62055 6.09902 5.90244
threshold=0 -32.508818177192438 985.00000000000011 -125.12999999999998 575.00000000000011 723.49000000000012 0.71028293196063663 1490.5100000000002 -42.824783320361014
decision_type=9 2 2 2 2 2 2 2 2
left_child=1 -1 -3 6 5 -5 8 -8 -2
right_child=3 2 -4 4 -6 -7 7 -9 -10
leaf_value=-2.4108277308169246 -0.46880937247238602 -0.55219541188981547 0.27606840154607842 1.0649324844830574 0.46806955954478302 -0.36721727320857733 0.13993992829685525 -0.015944310432030151 0.036655459186829019
leaf_weight=41 41 70 40 53 69 40 58 44 41
leaf_count=41 41 70 40 53 69 40 58 44 41
internal_value=0.00412475 -0.00714286 0.00181818 0.00898876 0.0160494 0.00698925 0.00326087 0.0117647 -0.00731707
internal_weight=497 151 110 346 162 93 184 102 82
internal_count=497 151 110 346 162 93 184 102 82
cat_boundaries=0 1
cat_threshold=69
is_linear=0
shrinkage=0.05


Tree=62
num_leaves=9
num_cat=0
split_feature=10 21 44 42 23 32 14 38
split_gain=11.4083 9.12009 10.5019 10.5034 8.61559 5.46894 5.00525 3.21167
threshold=123.71500000000002 825.00000000000011 0.035489818483714304 0.84913190568658459 1285.0000000000002 0.86704704594667414 136.68500000000003 206.45934240362814
decision_type=2 2 2 2 2 2 2 2
left_child=-1 -2 3 4 -3 -5 7 -7
right_child=1 2 -4 5 -6 6 -8 -9
leaf_value=0.8301070423848792 -0.32179061000527653 -0.88158979002955684 0.35338217685320861 0.093434538620393512 0.016196295789212289 0.023991371673113271 0.31042216239388803 -0.19469078126290748
leaf_weight=48 46 71 64 47 54 52 56 42
leaf_count=48 46 71 64 47 54 52 56 42
internal_value=0.001875 -0.000694444 0.00181347 -0.00186335 -0.0132 0.00532995 0.000666667 -0.00638298
internal_weight=480 432 386 322 125 197 150 94
internal_count=480 432 386 322 125 197 150 94
is_linear=0
shrinkage=0.05


Tree=63
num_leaves=9
num_cat=1
split_feature=25 42 68 47 60 40 10 61
split_gain=14.4551 11.5998 7.01929 7.45479 6.79313 6.28424 6.00001 3.4698
threshold=180.00000000000003 0.82993075459253551 107.80650000000001 0 1355.8100000000002 -23.793969175249135 219.04500000000004 1168.8450000000003
decision_type=2 2 2 1 2 2 2 2
left_child=-1 4 5 -4 7 6 -3 -2
right_child=1 2 3 -5 -6 -7 -8 -9
leaf_value=1.5260000451857856 -1.1735632839268155 -0.35438592906345578 0.0026330906383222443 0.55796203412886602 0.0056035723267544362 -0.22601881145965166 0.2468089214501232 -0.47965249786057296
leaf_weight=58 52 61 47 55 56 63 70 42
leaf_count=58 52 61 47 55 56 63 70 42
internal_value=0.00238095 -0.000672646 0.00506757 0.0156863 -0.012 -0.000515464 0.00572519 -0.0202128
internal_weight=504 446 296 102 150 194 131 94
internal_count=504 446 296 102 150 194 131 94
cat_boundaries=0 1
cat_threshold=4
is_linear=0
shrinkage=0.05


Tree=64
num_leaves=10
num_cat=1
split_feature=3 39 32 22 17 38 21 9 14
split_gain=12.2002 8.62609 9.2142 6.8272 5.48855 7.75194 4.01976 7.18461 9.74922
threshold=0 -31.3415442782639 0.93273150643261749 75.000000000000014 175.00000000000003 28.819784580498808 1295.0000000000002 919.49000000000012 118.01000000000001
decision_type=9 2 2 2 2 2 2 2 2
left_child=1 -1 -3 -2 -5 -6 -7 -8 -9
right_child=3 2 -4 4 5 6 7 8 -10
leaf_value=-2.2512492748566451 1.409000055938153 0.27724785306235944 -0.1203531259838945 1.8797712340134023 -0.62848849977841759 -0.10648675604314195 0.35193807394938958 0.074741483283294927 -0.14402532747178862
leaf_weight=40 42 53 62 42 43 64 44 62 45
leaf_count=40 42 53 62 42 43 64 44 62 45
internal_value=0.00191147 -0.00939394 -0.00304348 0.00710227 0.00466667 0.00193798 0.00581395 0.0102649 0.00327103
internal_weight=497 155 115 342 300 258 215 151 107
internal_count=497 155 115 342 300 258 215 151 107
cat_boundaries=0 1
cat_threshold=69
is_linear=0
shrinkage=0.05


Tree=65
num_leaves=9
num_cat=1
split_feature=38 25 51 58 12 15 63 33
split_gain=10.4642 7.74228 5.48826 17.1737 13.8198 11.4645 4.86033 3.94877
threshold=7.507936507936507 180.00000000000003 0 82.875000000000014 178.24000000000004 78.960000000000022 0.82803887651300345 0.76801246459189487
decision_type=2 2 9 2 2 2 2 2
left_child=-1 -2 5 4 6 -3 -4 -7
right_child=1 2 3 -5 -6 7 -8 -9
leaf_value=-0.41051503557254848 1.7254739159349315 -0.37211829895172566 -0.28994489940316054 0.30027469212577568 0.47471784635424791 -0.027885123319791739 -0.066309677082187338 1.3630398740935328
leaf_weight=79 49 51 43 49 43 65 75 42
leaf_count=79 49 51 43 49 43 65 75 42
internal_value=-0.000403226 0.00275779 0.000271739 0.00545455 -0.00217391 -0.00654762 -0.0110169 0.00233645
internal_weight=496 417 368 210 161 158 118 107
internal_count=496 417 368 210 161 158 118 107
cat_boundaries=0 1
cat_threshold=66
is_linear=0
shrinkage=0.05


Tree=66
num_leaves=9
num_cat=0
split_feature=25 15 5 18 12 59 29 72
split_gain=8.10743 9.24944 6.24051 12.2684 4.14544 5.41947 5.95572 5.93712
threshold=180.00000000000003 68.985000000000028 0.70833333333333337 1525.0000000000002 180.55000000000004 866.28000000000009 -85.239999999999995 -26.042256957821731
decision_type=2 2 2 2 2 2 2 2
left_child=-1 -2 3 4 5 6 -3 -8
right_child=1 2 -4 -5 -6 -7 7 -9
leaf_value=1.1402153233707069 -0.58160823489120694 0.12598322773560505 0.056504492689022537 -0.35351238400413937 0.56008119231200293 0.19554659800981486 0.052003373416759403 -1.0672061599675879
leaf_weight=56 41 51 74 55 69 43 45 53
leaf_count=56 41 51 74 55 69 43 45 53
internal_value=0.00174538 -0.000580046 0.00179487 -0.00126582 0.0032567 -0.000520833 -0.00503356 -0.0122449
internal_weight=487 431 390 316 261 192 149 98
internal_count=487 431 390 316 261 192 149 98
is_linear=0
shrinkage=0.05


Tree=67
num_leaves=9
num_cat=1
split_feature=14 60 32 47 15 43 39 72
split_gain=12.1176 11.9822 11.9187 7.00132 9.6027 5.69233 3.79673 2.84794
threshold=117.90500000000003 1428.1800000000001 0.79598818157566786 0 95.92000000000003 0.46940127516060565 -20.824907896633402 -23.105888529559856
decision_type=2 2 2 1 2 2 2 2
left_child=1 5 -2 -4 7 -1 -6 -5
right_child=2 -3 3 4 6 -7 -8 -9
leaf_value=0.26431120731083163 -0.33583676480393232 0.33834781612940257 -0.057468053899557336 0.28580870070752623 0.098805040426913848 -0.33509226666152475 -0.27409708421048062 0.028568405361139072
leaf_weight=48 55 56 70 41 69 43 63 42
leaf_count=48 55 56 70 41 69 43 63 42
internal_value=0.00195072 0.0139456 -0.00323529 0.000877193 0.00534884 0.00274725 -0.0030303 0.0186747
internal_weight=487 147 340 285 215 91 132 83
internal_count=487 147 340 285 215 91 132 83
cat_boundaries=0 1
cat_threshold=4
is_linear=0
shrinkage=0.05


Tree=68
num_leaves=9
num_cat=0
split_feature=25 42 19 58 32 57 39 15
split_gain=8.32373 8.7099 6.08543 5.32343 5.23569 4.60666 4.40315 3.59743
threshold=180.00000000000003 0.85381724905181322 115.00000000000001 82.875000000000014 0.89836774721683921 69.920000000000016 -19.737767798100624 99.820000000000007
decision_type=2 2 2 2 2 2 2 2
left_child=-1 2 -2 4 7 -4 -6 -3
right_child=1 3 5 -5 6 -7 -8 -9
leaf_value=1.0849740836859383 0.022315075652157113 -0.0040145733702903639 -0.37725391661505941 0.11087932825134086 -0.22219146342389601 -0.33336307986044 0.070641463415339209 0.32443832030797282
leaf_weight=62 48 43 77 53 57 41 67 48
leaf_count=62 48 43 77 53 57 41 67 48
internal_value=0.000604839 -0.00184332 -0.0108434 0.00373134 0.000232558 -0.0169492 -0.00645161 0.00934066
internal_weight=496 434 166 268 215 118 124 91
internal_count=496 434 166 268 215 118 124 91
is_linear=0
shrinkage=0.05


Tree=69
num_leaves=8
num_cat=0
split_feature=8 11 14 22 43 15 72
split_gain=8.88167 10.0897 14.1067 10.2999 6.2817 5.16356 3.94655
threshold=5658.321995464853 1317.0000000000002 118.38000000000001 335.00000000000006 0.90965699250174625 86.549999999999983 -31.851817875046368
decision_type=2 2 2 2 2 2 2
left_child=1 4 -3 -4 5 -1 -6
right_child=-2 2 3 -5 6 -7 -8
leaf_value=0.41577932014977004 0.18461317219075718 0.010347824809005802 -0.35254401497065146 -0.2037386411591566 0.40515385244924079 0.11272748423632138 -0.14269009175169983
leaf_weight=58 57 60 42 58 68 69 67
leaf_count=58 57 60 42 58 68 69 67
internal_value=-0.000104384 -0.00260664 -0.0125 -0.024 0.00343511 0.0114173 -0.00407407
internal_weight=479 422 160 100 262 127 135
internal_count=479 422 160 100 262 127 135
is_linear=0
shrinkage=0.05


Tree=70
num_leaves=10
num_cat=1
split_feature=42 10 19 42 29 33 47 32 45
split_gain=6.79844 13.0368 8.40278 9.09446 8.15409 7.36345 3.2725 4.55241 4.27861
threshold=0.96629690878737107 314.0800000000001 555.00000000000011 0.56465324963234309 -85.239999999999995 0.76801246459189487 0 0.91335532756771964 0.027446521012825555
decision_type=2 2 2 2 2 2 1 2 2
left_child=1 2 3 -1 -2 -6 8 -8 -5
right_child=4 -3 -4 6 5 -7 7 -9 -10
leaf_value=0.48537047174774844 0.2667564453397393 -0.32218034731377654 -0.68762783386037007 -0.21426868495505699 -0.13662958005715284 1.1113576301290351 0.18368462504544247 -0.010425651089468246 0.003977020335014814
leaf_weight=41 41 49 48 42 62 55 46 70 41
leaf_count=41 41 49 48 42 62 55 46 70 41
internal_value=0.00030303 -0.0037092 0.000347222 0.00416667 0.00886076 0.00213675 -0.000251256 0.00517241 -0.00783133
internal_weight=495 337 288 240 158 117 199 116 83
internal_count=495 337 288 240 158 117 199 116 83
cat_boundaries=0 1
cat_threshold=4
is_linear=0
shrinkage=0.05


Tree=71
num_leaves=10
num_cat=0
split_feature=14 15 14 44 15 60 36 63 44
split_gain=9.35299 13.2024 6.54831 7.27361 6.64462 5.14593 5.87258 9.08034 9.7796
threshold=149.59500000000006 50.119999999999997 113.67500000000003 0.035489818483714304 268.30000000000001 1402.9450000000004 -0.032161115387075993 0.76415769271232392 0.013467536149702251
decision_type=2 2 2 2 2 2 2 2 2
left_child=1 -1 -3 4 5 6 -4 -8 -9
right_child=-2 2 3 -5 -6 -7 7 8 -10
leaf_value=1.5591538642233638 -0.21503343126266869 -0.10422945025333377 -0.23824878946721759 0.32288929395658172 -1.4099351189359481 -0.03682370448059729 0.3481689144846003 0.19194587227086421 -0.47111012386317719
leaf_weight=50 41 55 40 63 41 47 64 40 52
leaf_count=50 41 55 40 63 41 47 64 40 52
internal_value=-0.00030426 0.00176991 -0.00124378 0.00129683 -0.00211268 0.00102881 0.00459184 0.00897436 -0.00108696
internal_weight=493 452 402 347 284 243 196 156 92
internal_count=493 452 402 347 284 243 196 156 92
is_linear=0
shrinkage=0.05


Tree=72
num_leaves=9
num_cat=1
split_feature=38 25 42 51 19 68 38 12
split_gain=8.28788 6.59329 7.6088 6.20097 10.8003 6.08563 3.31419 1.25
threshold=7.507936507936507 180.00000000000003 0.73113377532024459 0 254.99999999999991 63.409000000000013 225.68353741496585 93.810000000000016
decision_type=2 2 2 9 2 2 2 2
left_child=7 -2 -3 4 -4 -5 -7 -1
right_child=1 2 3 5 -6 6 -8 -9
leaf_value=-0.15080916489144194 1.0524206024374096 -0.29366314898413964 -0.16717386047523794 -0.027267531633940224 0.16803946755297688 0.075507307964163328 0.23610932219302472 -0.44054857559257177
leaf_weight=40 48 77 50 53 77 71 43 40
leaf_count=40 48 77 50 53 77 71 43 40
internal_value=-0.00150301 0.00131265 -0.000943396 0.00272109 -0.00547445 0.00875706 0.0157895 -0.01625
internal_weight=499 419 371 294 127 167 114 80
internal_count=499 419 371 294 127 167 114 80
cat_boundaries=0 1
cat_threshold=66
is_linear=0
shrinkage=0.05


Tree=73
num_leaves=9
num_cat=1
split_feature=31 63 35 51 33 35 10 44
split_gain=7.21992 9.15486 12.9926 9.97474 9.36103 6.40103 4.56936 4.46573
threshold=-419.50999999999993 0.9534701621334597 0.51887280493584542 0 0.093540943984989258 -1.0000000180025095e-35 238.15000000000001 0.021973348454777403
decision_type=2 2 2 9 2 2 2 2
left_child=-1 3 -3 7 -5 -6 -7 -2
right_child=1 2 -4 4 5 6 -8 -9
leaf_value=-0.7509226487651941 0.18046225444577574 2.1260772304125006 -0.0043499195750811457 -0.15651403930199737 -0.3171680822532279 -0.021473687826146916 0.16700023984871495 -0.0011117754818783965
leaf_weight=42 73 47 60 62 46 53 70 49
leaf_count=42 73 47 60 62 46 53 70 49
internal_value=0.000796813 0.0026087 0.0154206 -0.00127479 -0.00726141 -0.00147929 0.00447154 0.00984848
internal_weight=502 460 107 353 231 169 123 122
internal_count=502 460 107 353 231 169 123 122
cat_boundaries=0 1
cat_threshold=36
is_linear=0
shrinkage=0.05


Tree=74
num_leaves=10
num_cat=0
split_feature=21 14 10 33 4 60 35 9 18
split_gain=9.13433 11 11.2061 9.24367 7.96536 6.97138 8.14126 4.09777 1.21951
threshold=1505.0000000000002 121.69000000000001 231.44500000000002 0.11872775964073541 1.0000000180025095e-35 1355.8100000000002 0.15427733972729213 333.41500000000008 852.13000000000011
decision_type=2 2 2 2 2 2 2 2 2
left_child=4 2 -2 -3 5 6 7 8 -1
right_child=1 3 -4 -5 -6 -7 -8 -9 -10
leaf_value=0.027009571265048039 0.10198067544232625 -0.88212603298810244 -0.062185583519476541 -0.030859757703835911 0.43946465249365585 0.2152807433610846 -0.46451573805886998 -0.063626242746232908 1.1983466096619382
leaf_weight=41 48 41 40 47 48 69 63 60 41
leaf_count=41 48 41 40 47 48 69 63 60 41
internal_value=0.00120482 -0.00795455 0.00454545 -0.0204545 0.00621118 0.00291971 -0.00170732 0.00492958 0.0121951
internal_weight=498 176 88 88 322 274 205 142 82
internal_count=498 176 88 88 322 274 205 142 82
is_linear=0
shrinkage=0.05


Tree=75
num_leaves=9
num_cat=1
split_feature=14 25 35 39 73 35 38 47
split_gain=11.1919 16.727 8.95847 7.23352 5.90478 8.52067 9.9488 6.29378
threshold=148.84500000000003 180.00000000000003 -0.0038090450109552992 -17.635157044810672 0.95715570047205789 0.12367067053086465 240.21585034013609 0
decision_type=2 2 2 2 2 2 2 1
left_child=1 -1 -3 4 5 -4 7 -7
right_child=-2 2 3 -5 -6 6 -8 -9
leaf_value=2.589130550938795 -0.15764994414140202 -0.60209301521079583 0.44730585294114039 0.52751144967094277 -0.32906439718979252 -0.0044327183155353778 -0.54801653930628269 0.18133140932897299
leaf_weight=42 47 66 53 41 51 78 43 59
leaf_count=42 47 66 53 41 51 78 43 59
internal_value=0.000833333 0.00334873 0.000127877 0.00353846 0.000704225 0.00407725 -0.00111111 0.00547445
internal_weight=480 433 391 325 284 233 180 137
internal_count=480 433 391 325 284 233 180 137
cat_boundaries=0 1
cat_threshold=4
is_linear=0
shrinkage=0.05


Tree=76
num_leaves=10
num_cat=0
split_feature=10 19 20 45 39 19 14 33 32
split_gain=12.2336 7.12743 14.0633 9.04464 10.523 4.66357 5.06945 6.2963 3.7284
threshold=123.71500000000002 735.00000000000011 295.00000000000006 0.031955889581581909 -22.735216652382636 555.00000000000011 138.51500000000001 0.42599804960555265 0.81181057300108106
decision_type=2 2 2 2 2 2 2 2 2
left_child=-1 2 -2 4 8 6 7 -6 -4
right_child=1 -3 3 -5 5 -7 -8 -9 -10
leaf_value=0.63331737322908532 -0.56887354775252141 1.3032447799617686 -1.7540061322622529 0.27604379060673934 0.12777591231244154 -0.23687409255007383 0.27424445687265248 -0.12600114215394173 -0.007988282669381697
leaf_weight=48 59 48 40 40 46 41 54 57 67
leaf_count=48 59 48 40 40 46 41 54 57 67
internal_value=0.001 -0.00154867 -0.00371287 0.000144928 -0.00278689 0.0040404 0.00796178 0.00145631 -0.0154206
internal_weight=500 452 404 345 305 198 157 103 107
internal_count=500 452 404 345 305 198 157 103 107
is_linear=0
shrinkage=0.05


Tree=77
num_leaves=9
num_cat=1
split_feature=22 15 68 51 32 33 63 15
split_gain=8.58651 8.50507 5.90769 7.46554 6.74677 4.6676 7.20933 4.12034
threshold=50.000000000000007 68.965000000000018 -0.89800000000000113 0 0.84508453318588705 0.76801246459189487 0.7814300419189335 84.130000000000038
decision_type=2 2 2 9 2 2 2 2
left_child=-1 -2 -3 5 -5 6 -4 -6
right_child=1 2 3 4 7 -7 -8 -9
leaf_value=0.80174331691258804 -0.78446565527420309 -0.43955192847607311 -0.084085392252012531 0.2542620504802599 0.090243319516920911 0.75230244936107704 0.019113295737884242 -0.011804441604518346
leaf_weight=63 41 78 43 45 64 57 42 61
leaf_count=63 41 78 43 45 64 57 42 61
internal_value=0.00101215 -0.00150812 0.000769231 0.00384615 0.0105556 -0.00460526 -0.0123529 0.0052
internal_weight=494 431 390 312 170 142 85 125
internal_count=494 431 390 312 170 142 85 125
cat_boundaries=0 1
cat_threshold=66
is_linear=0
shrinkage=0.05


Tree=78
num_leaves=10
num_cat=0
split_feature=10 18 17 45 45 19 24 15 22
split_gain=10.0252 8.96415 15.2088 7.47875 7.68182 10.1242 5.7619 3.23228 3.37068
threshold=123.71500000000002 1505.0000000000002 1445.0000000000002 0.024965777065886905 0.0064489959399795013 735.00000000000011 2715.0000000000005 96.065000000000012 345.00000000000006
decision_type=2 2 2 2 2 2 2 2 2
left_child=-1 3 -3 4 -2 7 -4 8 -6
right_child=1 2 6 -5 5 -7 -8 -9 -10
leaf_value=0.51575338943125615 0.50802615637531867 -2.6413192326741228 0.062448160520666332 0.13662880580141276 -0.17005795387474656 0.73319682933827934 -0.047644774187936181 -0.51073620744493309 0.024394265911354653
leaf_weight=46 43 46 42 59 42 46 42 69 64
leaf_count=46 43 46 42 59 42 46 42 69 64
internal_value=-0.000501002 -0.00275938 -0.0138462 0.00170279 -0.00189394 -0.00565611 -0.00119048 -0.0111429 -0.00566038
internal_weight=499 453 130 323 264 221 84 175 106
internal_count=499 453 130 323 264 221 84 175 106
is_linear=0
shrinkage=0.05


end of trees

feature_importances:
base_cut_gap=44
base_cons_gap=41
base_cutoff_to_next_anchor_ms=33
valley_dist_from_cutoff_ms=30
curr_phone_end_ms=28
energy_min=27
f0_voicing_mean=26
energy_mean=24
curr_phone_len_ms=21
syllable_len_ms=21
next_base_offset=19
curr_phone_start_ms=18
base_cons=17
base_offset_to_expected_ms=17
db_mean=17
voicing_class=17
curr_vowel_len_ms=15
base_pre=13
zcr_mean=13
next_base_cutoff_abs=13
mapping_confidence=13
base_cutoff_abs=12
prev_base_pre=12
base_offset=10
syllable_end_ms=10
energy_slope_pre=10
next_base_pre=10
curr_vowel_end_ms=9
db_min=9
spectral_flux_mean=9
words_vs_alias_score_margin=9
row_ratio_in_wav=8
curr_vowel_start_ms=7
prev_base_cutoff_abs=7
local_valley_db=7
alias_type=6
alias_group=6
base_ovl=6
base_pre_to_expected_ms=6
valley_energy=6
mora_position=6
energy_slope_post=5
f0_voicing_near_pre=5
prev_base_offset=5
wav_duration_ms=4
base_ovl_ratio=4
vowel_class=4
prev_alias_type=4
mel_window_energy_mean=4
expected_anchor_ms=3
row_index_in_wav=2
syllable_start_ms=2
energy_max=2
local_peak_db=1

parameters:
[boosting: gbdt]
[objective: regression_l1]
[metric: l1]
[tree_learner: serial]
[device_type: cpu]
[data_sample_strategy: bagging]
[data: ]
[valid: ]
[num_iterations: 500]
[learning_rate: 0.05]
[num_leaves: 31]
[num_threads: 0]
[seed: 0]
[deterministic: 0]
[force_col_wise: 0]
[force_row_wise: 0]
[histogram_pool_size: -1]
[max_depth: -1]
[min_data_in_leaf: 40]
[min_sum_hessian_in_leaf: 0.001]
[bagging_fraction: 0.85]
[pos_bagging_fraction: 1]
[neg_bagging_fraction: 1]
[bagging_freq: 1]
[bagging_seed: 3]
[bagging_by_query: 0]
[feature_fraction: 0.85]
[feature_fraction_bynode: 1]
[feature_fraction_seed: 2]
[extra_trees: 0]
[extra_seed: 6]
[early_stopping_round: 0]
[early_stopping_min_delta: 0]
[first_metric_only: 0]
[max_delta_step: 0]
[lambda_l1: 0]
[lambda_l2: 0]
[linear_lambda: 0]
[min_gain_to_split: 0]
[drop_rate: 0.1]
[max_drop: 50]
[skip_drop: 0.5]
[xgboost_dart_mode: 0]
[uniform_drop: 0]
[drop_seed: 4]
[top_rate: 0.2]
[other_rate: 0.1]
[min_data_per_group: 100]
[max_cat_threshold: 32]
[cat_l2: 10]
[cat_smooth: 10]
[max_cat_to_onehot: 4]
[top_k: 20]
[monotone_constraints: ]
[monotone_constraints_method: basic]
[monotone_penalty: 0]
[feature_contri: ]
[forcedsplits_filename: ]
[refit_decay_rate: 0.9]
[cegb_tradeoff: 1]
[cegb_penalty_split: 0]
[cegb_penalty_feature_lazy: ]
[cegb_penalty_feature_coupled: ]
[path_smooth: 0]
[interaction_constraints: ]
[verbosity: -1]
[saved_feature_importance_type: 0]
[use_quantized_grad: 0]
[num_grad_quant_bins: 4]
[quant_train_renew_leaf: 0]
[stochastic_rounding: 1]
[linear_tree: 0]
[max_bin: 255]
[max_bin_by_feature: ]
[min_data_in_bin: 3]
[bin_construct_sample_cnt: 200000]
[data_random_seed: 1]
[is_enable_sparse: 1]
[enable_bundle: 1]
[use_missing: 1]
[zero_as_missing: 0]
[feature_pre_filter: 1]
[pre_partition: 0]
[two_round: 0]
[header: 0]
[label_column: ]
[weight_column: ]
[group_column: ]
[ignore_column: ]
[categorical_feature: 0,1,2,3,46,47,50,51,52,53,55,56,70]
[forcedbins_filename: ]
[precise_float_parser: 0]
[parser_config_file: ]
[objective_seed: 5]
[num_class: 1]
[is_unbalance: 0]
[scale_pos_weight: 1]
[sigmoid: 1]
[boost_from_average: 1]
[reg_sqrt: 0]
[alpha: 0.9]
[fair_c: 1]
[poisson_max_delta_step: 0.7]
[tweedie_variance_power: 1.5]
[lambdarank_truncation_level: 30]
[lambdarank_norm: 1]
[label_gain: ]
[lambdarank_position_bias_regularization: 0]
[eval_at: ]
[multi_error_top_k: 1]
[auc_mu_weights: ]
[num_machines: 1]
[local_listen_port: 12400]
[time_out: 120]
[machine_list_filename: ]
[machines: ]
[gpu_platform_id: -1]
[gpu_device_id: -1]
[gpu_use_dp: 0]
[num_gpu: 1]

end of parameters

pandas_categorical:[["japanese"], ["cv"], ["br", "cv", "cv_head", "vv"], ["br", "cv_fricative", "cv_head_other", "cv_head_sonorant", "cv_other", "cv_plosive", "cv_sonorant", "vv"], ["fricative", "other", "plosive", "sonorant"], ["unknown", "voiced", "voiceless"], ["none"], ["", "a", "e", "i", "n", "o", "u"], ["head", "mid", "tail"], ["", "vv"], ["", "cv", "cv_head"], [""], ["unknown"]]
