tree
version=v4
num_class=1
num_tree_per_iteration=1
label_index=0
max_feature_idx=110
objective=regression_l1
feature_names=language format_type alias_type alias_group row_index_in_wav row_ratio_in_wav file_row_count file_cv_count file_vc_count file_vv_count file_vcv_count file_br_count file_mono_count file_cv_ratio file_vc_ratio file_vc_cv_ratio file_cv_vc_balance file_mean_energy file_voiced_ratio file_mean_syllable_dur_ms is_head_row is_tail_row wav_duration_ms base_offset base_cons base_cutoff_abs base_pre base_ovl base_cons_gap base_cut_gap base_ovl_ratio curr_phone_start_ms curr_phone_end_ms curr_phone_len_ms curr_vowel_start_ms curr_vowel_end_ms curr_vowel_len_ms syllable_start_ms syllable_end_ms syllable_len_ms prev_phone_gap_ms next_phone_gap_ms expected_anchor_ms base_offset_to_expected_ms base_pre_to_expected_ms base_cutoff_to_next_anchor_ms energy_mean energy_min energy_max energy_slope_pre energy_slope_post valley_energy valley_dist_from_cutoff_ms db_mean db_min db_silence_ratio f0_voicing_mean f0_voicing_near_pre zcr_mean spectral_flux_mean onset_class voicing_class is_tense is_diphthong coda_type vowel_class mora_position bridge_type is_nasal_or_sonorant prev_alias_type next_alias_type prev_base_pre next_base_pre prev_base_offset next_base_offset prev_base_cutoff_abs next_base_cutoff_abs mapping_confidence used_alias_occurrence_mapping used_exact_vowel_fix used_nuclei_fallback used_alias_based_syllables words_vs_alias_score_margin jump_blocked_flag mapping_reason_code local_peak_db local_valley_db mel_window_energy_mean mel_window_silence_ratio mel_voiced_formant_ratio mel_silence_sparse_ratio mel_unvoiced_diffuse_ratio mel_breath_like_ratio blank_span_confidence mel_offset_candidate_ms mel_cutoff_candidate_ms mel_voiced_onset_ms mel_vowel_nucleus_start_ms mel_vowel_nucleus_end_ms mel_voiced_onset_to_pre_ms mel_safety_clamped onset_patch_energy_mean onset_patch_voiced_ratio onset_patch_unvoiced_ratio tail_patch_energy_mean tail_patch_silence_ratio syllable_blank_confidence syllable_mel_voiced_conf syllable_mel_silence_conf syllable_mel_unvoiced_conf syllable_mel_breath_conf
feature_infos=none none -1:5:2:1:6:4:3 -1:9:4:3:10:2:1:8:7:5:6 [0:17] [0:1] [1:20] [0:5] [0:3] [0:7] [0:14] none [0:1] [0:1] [0:1] [0.1666666666666666:4] [-1:1] [0.21846002526954189:0.77510847639437497] [0.21951219512195119:0.99656357388316164] [10.000000000000009:5570] [0:1] [0:1] [2543.310657596372:8756.8253968253975] [0:5135.96] [20.859999999999999:467.25999999999999] [185.27000000000001:5479.4099999999999] [0:367.75] [0:353.83999999999997] [14.619999999999999:296.69999999999999] [8:375.47000000000003] [0:0.9855670103092784] [0:5310] [120:6440] [9.9999999999997726:5570] [0:5310] [0:6440] [0:3390] [0:4720] [160:6530] [10:5990] none [0:1070] [0:5310] [-368.13000000000011:38.419999999999959] [-36.46999999999997:393.07000000000016] [-2052.46:3908.3699999999999] [0.043894361865435799:1] [0:1] [0.13238142241569439:1] [-0.80076537104332823:1] [-0.99450801292944624:0.99746011418302161] [0:1] [0.00047619047609249998:515.25943310657613] [-60.602716875770909:-7.5369323348009294] [-96.774007988542024:-8.9145289556942267] [0:0.56716417910447758] [0.00030202076535730001:1] [0:1] [0.0062375956903884004:0.43804933371136939] [0:0.080245211960530596] -1:1:3:2:0 -1:1:2:0 [0:1] [0:1] -1:2:4:3:0 -1:1:12:16:14:2:18:11:8:15:7:17:3:13:6:10:9:4:0 -1:0:1:2 -1:0:2:3 [0:1] -1:0:5:2:6:1:4 -1:4:0:5:1:3 [0:2303.5599999999999] [0:4178.9099999999999] [0:5050] [0:6378.9700000000003] [0:5387.1400000000003] [0:6642.6599999999999] [0.75000820435742854:1] none [0:1] [0:1] none [8.9279999999999973:5956.5320000000002] none none [-60.602716875770909:-7.5369323348009294] [-96.774007988542024:-8.9145289556942267] [0.043894361865435799:1] [0:0.56716417910447758] [0:1] [0:0.53731343283582089] [0:0.7142857142857143] [0:0.20754716981132071] [0:0.45597014925373131] [0:5266.0045351473927] [103.77324263038548:5479.4099999999999] [0:5278.0045351473927] [0:5278.0045351473927] [0:5497.50566893424] [-79.992675736961246:79.992154195011381] none [0:1] [0:1] [0:1] [2.2064654064274944e-05:1] [0:1] [0:0.79999999999999993] [0:1] [0:1] [0:1] none
tree_sizes=3260 3388 3386 3360 3376 3375

Tree=0
num_leaves=31
num_cat=2
split_feature=27 37 28 3 28 27 38 23 6 58 37 7 10 77 30 27 28 27 37 7 97 27 68 39 24 6 43 27 17 67
split_gain=582.44 563.805 205.706 184.436 127.123 109.142 68.6176 63.8385 46.2752 41.6019 34.2538 32.7042 32.5718 29.9863 29.3591 28.6852 28.5843 61.2055 26.2292 25.1471 41.2969 54.8694 24.1106 23.0474 28.1218 22.8946 21.839 21.1482 19.8725 19.4094
threshold=115.49000000000002 255.00000000000003 143.68000000000004 0 92.469999999999985 60.095000000000006 785.00000000000011 126.25000000000001 8.5000000000000018 0.18273320102069748 745.00000000000011 1.0000000180025095e-35 6.5000000000000009 0.89301222319895768 0.37872064921634657 52.645000000000003 105.38500000000001 9.8150000000000031 945.00000000000011 1.5000000000000002 675.9637188208618 17.715000000000003 1.0000000180025095e-35 3791.2250000000004 201.93500000000003 9.5000000000000018 -109.00999999999996 7.3550000000000013 0.47391925710475274 1
decision_type=2 2 2 9 2 2 2 2 2 2 2 2 2 2 2 2 2 2 2 2 2 2 2 2 2 2 2 2 2 9
left_child=1 7 3 4 5 13 28 8 26 10 19 15 -7 -3 -13 23 17 27 -16 20 21 -8 -19 -6 -25 -15 -1 -9 -5 -2
right_child=29 2 -4 6 11 12 9 16 -10 -11 -12 14 -14 25 18 -17 -18 22 -20 -21 -22 -23 -24 24 -26 -27 -28 -29 -30 -31
leaf_value=36.627001190185545 33.214501190185544 35.182501161098479 40.312001037597653 38.22750110626221 36.507001113891604 38.655501174926755 37.949001121520993 38.280501174926755 36.212001132965085 37.708501243591307 36.970001220703125 39.704001235961911 34.514501142501828 38.932001113891602 35.22900116443634 39.3945011138916 40.649001312255862 39.355001068115236 39.514001083374026 34.008501148223878 34.065001201629642 36.225501155853273 38.350001144409177 36.655501174926755 39.117001342773435 34.705501174926759 38.306501197814939 36.353001117706299 36.892501068115237 34.717001152038577
leaf_weight=27.578381985425949 656.03534263372421 223.14794754981995 210.14471338689327 32.241571485996246 58.474067911505699 105.40622670948505 45.385205090045929 31.437301203608513 96.99175101518631 37.269453585147858 74.848865777254105 36.769228115677834 41.769373923540115 18.561631351709366 91.258688062429428 180.94824816286564 456.27435398101807 437.83424995839596 30.357738181948662 483.1476669460535 229.74694004654884 137.42705601453781 114.26802790164948 34.21565181016922 103.58852890133858 22.405422031879425 276.93770831823349 55.75424712896347 35.981491476297379 74.536283642053604
leaf_count=38 1300 308 331 39 77 211 57 47 121 55 150 89 81 56 155 327 739 614 80 619 351 172 163 49 135 40 371 67 45 180
internal_value=36.9701 36.978 36.9621 36.9572 36.9734 36.9526 36.9432 37.0018 36.9847 36.9397 36.9377 36.9895 36.9871 36.9333 36.9704 36.9975 37.008 37.0012 36.9586 36.935 36.944 36.9618 37.0074 36.9843 36.9954 36.9726 36.9943 36.9623 36.9915 36.9292
internal_weight=4460.74 3730.17 2233.1 2022.95 946.903 411.291 1076.05 1497.08 401.508 1007.83 970.556 535.612 147.176 264.115 158.386 377.226 1095.57 639.294 121.616 895.707 412.559 182.812 552.102 196.278 137.804 40.9671 304.516 87.1915 68.2231 730.572
internal_count=7067 5587 3427 3096 1608 696 1488 2160 530 1404 1349 912 292 404 324 588 1630 891 235 1199 580 229 777 261 184 96 409 114 84 1480
cat_boundaries=0 1 2
cat_threshold=514 4
is_linear=0
shrinkage=1


Tree=1
num_leaves=31
num_cat=2
split_feature=26 37 26 13 30 28 22 26 2 26 6 27 9 58 60 44 44 45 97 37 58 16 58 26 97 68 50 17 77 106
split_gain=573.746 594.301 234.166 197.625 122.941 116.217 82.4691 186.45 83.2761 68.1201 86.0593 40.1616 39.1794 38.7719 32.7789 29.0488 27.6269 23.1098 23.0912 22.8189 20.8302 20.2117 19.4959 19.2324 17.8031 16.1566 14.0922 12.6444 11.4655 10.5105
threshold=197.48000000000005 265.00000000000006 41.865000000000002 1.0000000180025095e-35 0.41741514553196063 92.355000000000032 4374.1836734693889 84.080000000000013 0 57.685000000000009 8.5000000000000018 9.8150000000000031 1.0000000180025095e-35 0.19549191947831016 1 56.910000000000018 1.5999999999999519 122.38000000000008 790.70294784580506 625.00000000000011 0.054295435214062902 0.21111111111111114 0.036036756264321602 99.00500000000001 1224.7165532879819 1.0000000180025095e-35 0.026207199473162253 0.53077380996678203 0.77462355129362337 0.51000000000000012
decision_type=2 2 2 2 2 2 2 2 9 2 2 2 2 2 1 2 2 2 2 2 2 2 2 2 2 2 2 2 2 2
left_child=1 9 17 4 5 -4 7 22 14 -1 11 20 27 -10 -8 -12 23 -3 -7 -9 26 -19 -5 -13 -20 -18 -11 -6 -27 -30
right_child=-2 2 3 6 12 18 8 19 13 10 15 16 -14 -15 -16 -17 25 21 24 -21 -22 -23 -24 -25 -26 28 -28 -29 29 -31
leaf_value=3.9010498428344729 -3.6302250289916991 2.7329000091552738 -1.8206250590085984 0.67972492694854736 2.4212250328063969 3.4246499633789065 2.6282750344276433 -2.0257750558853149 -2.8209250497817995 0.15617495536804216 -0.55710007190704336 1.3405498886108398 -1.4628500556945803 0.37987503051757798 -0.86862508475780487 1.512149896621704 2.2715500259399413 -0.32827508926391613 -1.1138500595092773 0.033274993896484521 1.2449749565124515 1.7080748510360717 0.49704991340637222 -0.28632496833801258 1.1082249259948733 -0.15482510566711413 -0.73482502937316885 0.86714986801147453 2.7749998664855959 0.8371749019622805
leaf_weight=406.11859200894833 624.9376345127821 231.0765725672245 146.12188893556595 115.76990780234337 180.48237535357475 61.817590624094009 61.104707047343254 179.80156651139259 758.59738485515118 33.826562166213989 151.2496349811554 81.453575521707535 44.050759926438332 32.469103947281837 107.57663707435131 40.175102099776268 542.72258341312408 39.810638219118118 70.176623672246933 26.592057302594185 45.464420080184937 30.89989210665226 32.087113499641418 59.563481226563454 47.760220155119896 27.342699870467186 39.448517203330994 133.49957267940044 63.476849421858788 33.756832152605057
leaf_count=651 1249 377 176 142 319 84 176 285 1040 40 202 107 108 50 213 81 771 61 87 54 56 57 44 79 71 42 48 246 89 53
internal_value=0.000315401 0.00757362 -0.0084751 -0.0146761 0.00712117 -0.0150993 -0.0260211 -0.00540332 -0.0336313 0.0317814 0.0254128 0.0317152 0.0273459 -0.0401865 -0.000478543 -0.00510887 0.0357038 0.0325769 0.011822 -0.0361055 0.00456229 0.00756461 0.0374538 0.0155958 -0.00115233 0.0399532 -0.0119336 0.0335412 0.0237143 0.0317581
internal_weight=4449.23 3824.29 2299.69 1997.91 683.909 325.876 1314 354.251 959.748 1524.6 1118.48 927.056 358.033 791.066 168.681 191.425 808.316 301.787 179.754 206.394 118.739 70.7105 147.857 141.017 117.937 667.299 73.2751 313.982 124.576 97.2337
internal_count=7058 5809 3590 3095 1091 418 2004 525 1479 2219 1568 1285 673 1090 389 283 1141 495 242 339 144 118 186 186 158 955 88 565 184 142
cat_boundaries=0 1 2
cat_threshold=48 5
is_linear=0
shrinkage=0.05


Tree=2
num_leaves=31
num_cat=2
split_feature=26 37 26 7 27 26 6 37 22 26 44 27 10 67 39 58 24 22 44 39 61 44 33 16 37 74 44 57 25 68
split_gain=537.571 510.799 222.158 199.35 118.362 82.2949 82.7041 77.629 69.146 208.629 63.6804 34.3477 33.7034 31.7699 31.047 30.9556 30.3465 28.3584 27.5572 27.4514 24.7189 20.3045 19.9681 18.7735 18.318 17.8324 17.4262 16.2937 13.749 12.962
threshold=198.76500000000001 255.00000000000003 41.865000000000002 1.0000000180025095e-35 52.645000000000003 55.620000000000012 8.5000000000000018 745.00000000000011 4073.5600907029484 83.015000000000015 34.460000000000043 9.8150000000000031 1.0000000180025095e-35 0 3810.8750000000005 0.19549191947831016 202.98500000000004 5780.3174603174621 56.910000000000018 2197.4600000000005 1 56.899999999999999 65.000000000000014 0.21111111111111114 435.00000000000006 1049.1450000000002 5.9950000000001191 0.42569254998916212 1046.9600000000003 1.0000000180025095e-35
decision_type=2 2 2 2 2 2 2 2 2 2 2 2 2 9 2 2 2 2 2 2 1 2 2 2 2 2 2 2 2 2
left_child=1 5 17 4 10 -1 11 8 9 -5 14 21 -6 24 -4 -15 -16 -3 -8 -9 22 -7 -13 27 -10 -12 -22 -19 -29 -26
right_child=-2 2 3 7 12 6 18 19 13 -11 25 20 -14 15 16 -17 -18 23 -20 -21 26 -23 -24 -25 29 -27 -28 28 -30 -31
leaf_value=3.6824972896575932 -3.4077137928009034 3.372754947662354 -1.5661575441360478 0.8912724108695983 -1.6581075574159625 0.76654120397567738 -0.62067008185386641 1.2235136392116548 -3.1821938000023366 -1.7856613049507144 -0.28959382036328307 -0.67653383779525744 1.7772137231826783 -2.6852775912284854 -0.97258254814147949 0.27458127784729031 2.1008422679901124 0.56060485553741446 1.4365424017906188 -0.83026883044838906 0.82002240943908689 -0.63440878915786747 1.8756724147796633 1.9987547798156742 0.74148112735152238 -1.7295938060581684 2.1851725368499757 -0.39374514389038073 1.1837550086975099 -1.3640188077986242
leaf_weight=386.58738720417023 636.74296827614307 121.48574455082417 65.469344690442085 100.84019836783409 38.342527732253075 67.447917699813843 157.64970125257969 75.655460461974144 23.086057960987091 164.91578215360641 30.633569866418839 42.053869307041168 306.61233282089233 760.97769698500633 38.114842027425766 32.262775897979736 88.68260669708252 35.556034922599792 40.056259602308273 63.932116478681564 94.338754370808601 58.338738143444061 279.27392069995403 79.82358555495739 52.267797470092773 121.53348028659821 399.19834262132645 48.553714454174042 29.948331862688065 29.928835034370422
leaf_count=618 1257 211 80 123 85 82 209 183 47 253 47 54 574 1024 51 48 114 44 82 133 124 70 411 149 117 153 568 57 61 59
internal_value=-0.000168095 0.00689833 -0.00793519 -0.0141047 0.00764139 0.0293549 0.022586 -0.0256024 -0.0298268 -0.00742163 -0.0130921 0.0287646 0.0283436 -0.0364536 0.00603405 -0.0398788 0.0204715 0.0310588 -0.00681066 0.00963227 0.0325185 0.00444652 0.0217259 0.0191903 -0.0106466 -0.0372585 0.0395453 0.00617427 -0.00654416 0.00040639
internal_weight=4470.31 3833.57 2308.62 1993.26 689.389 1524.94 1138.36 1303.87 1164.28 265.756 344.434 940.652 344.955 898.523 192.267 793.24 126.797 315.367 197.706 139.588 814.865 125.787 321.328 193.882 105.283 152.167 493.537 114.058 78.502 82.1966
internal_count=7088 5831 3613 3091 1104 2218 1600 1987 1671 376 445 1309 659 1295 245 1072 165 522 291 316 1157 152 465 311 223 200 692 162 118 176
cat_boundaries=0 1 2
cat_threshold=4 2
is_linear=0
shrinkage=0.05


Tree=3
num_leaves=31
num_cat=3
split_feature=26 37 26 7 26 28 7 26 74 10 43 26 22 7 26 30 37 23 22 30 30 23 56 61 65 61 17 28 98 22
split_gain=506.562 505.787 200.799 195.143 78.9777 75.7497 95.9737 68.1906 58.6039 54.3189 58.227 42.4218 89.0702 38.3841 37.7756 37.5419 33.2527 31.5742 28.9222 27.826 29.3011 33.4306 25.8091 22.3517 19.3611 18.981 17.719 13.8758 13.5916 12.9192
threshold=202.61000000000004 255.00000000000003 41.865000000000002 1.5000000000000002 52.415000000000006 92.469999999999985 1.0000000180025095e-35 129.76000000000002 714.43000000000018 4.5000000000000009 -91.129999999999924 88.435000000000016 4387.5170068027219 1.0000000180025095e-35 88.435000000000016 0.15785405069567532 945.00000000000011 593.36500000000012 5675.3401360544221 0.58508192443980955 0.42649786450145294 688.72000000000014 0.45378875021474202 0 1 2 0.50100041039958998 92.469999999999985 1434.2403628117916 4199.0702947845812
decision_type=2 2 2 2 2 2 2 2 2 2 2 2 2 2 2 2 2 2 2 2 2 2 2 1 1 1 2 2 2 2
left_child=1 4 18 5 -1 7 19 8 14 27 -11 12 -8 -9 -4 24 -13 22 -3 20 21 -7 -5 -17 -12 -20 -21 -6 -23 -15
right_child=-2 2 3 17 9 6 11 13 -10 10 15 16 -14 29 -16 23 -18 -19 25 26 -22 28 -24 -25 -26 -27 -28 -29 -30 -31
leaf_value=3.5973725930213933 -3.3173280268669134 3.2041172002792369 0.44107502439022073 0.34715221509933447 0.42356510505676259 3.2203754738807682 1.129160945852101 1.4283029119014743 -1.64311411575526 -0.38870714972019194 0.62933873567581178 -1.8265399341344837 -1.6041294924139977 -3.7812031796693804 -0.56567821533679996 1.0274662905693057 2.1032105274081228 -0.88111491963863386 -0.68599899826049793 0.96693170561790476 2.2338528386592866 -0.92395342073440545 -2.6344649152517321 1.6142151748895643 -0.35676150242090227 0.81272473540306123 -2.443802211278677 3.275913910007477 1.011046598100662 0.10121205927878628
leaf_weight=362.96943128108978 610.79446262121201 111.80463363230228 46.087161242961884 22.960481196641922 57.857041239738464 70.514086484909058 80.973777800798416 104.36969795823097 297.62808069586754 149.68015161156654 90.467568546533585 189.30375790596008 110.69033217430115 38.74485869705677 26.534437239170074 154.04367978870869 25.451147019863129 134.60258872807026 26.151638820767403 19.129311501979828 171.36603832244873 84.713904306292534 479.44888101518154 262.43368263542652 127.94724306464195 169.04627080261707 36.329677879810333 314.87212525308132 39.493518635630608 36.297035962343216
leaf_count=587 1225 196 63 37 78 94 106 203 390 203 110 342 162 63 46 228 67 263 35 52 311 107 612 381 154 277 80 464 58 79
internal_value=9.6622e-06 0.00673398 -0.00794659 -0.0136868 0.029153 -0.00310505 0.00644787 -0.0174948 -0.029754 0.0227708 0.0153045 -0.0108892 0.0062101 0.0078044 0.0105168 0.0219183 -0.02615 -0.0365712 0.0297221 0.0231628 0.0281627 0.0148926 -0.0423331 0.0307232 0.00512898 0.0181075 -0.00984216 0.0384868 -0.000717253 -0.01947
internal_weight=4452.71 3841.91 2321.64 2014.64 1520.27 1377.63 827.966 549.661 370.25 1157.3 784.572 406.419 191.664 179.412 72.6216 634.892 214.755 637.012 307.003 421.547 366.088 194.722 502.409 416.477 218.415 195.198 55.459 372.729 124.207 75.0419
internal_count=7073 5848 3643 3135 2205 2223 1379 844 499 1618 1076 677 268 345 109 873 409 912 508 702 570 259 649 609 264 312 132 542 165 142
cat_boundaries=0 1 2 3
cat_threshold=2 492032 1
is_linear=0
shrinkage=0.05


Tree=4
num_leaves=31
num_cat=0
split_feature=96 26 37 26 7 26 28 26 7 95 6 26 22 26 7 62 22 30 94 82 44 27 43 17 43 27 28 25 16 37
split_gain=477.035 293.822 222.393 199.637 183.657 116.169 65.8883 73.0717 70.1391 55.7836 44.7151 42.5316 63.6626 36.1344 35.6947 34.4803 32.245 32.1508 31.1437 27.8694 23.4349 32.4625 22.2795 21.734 24.351 21.1004 18.0905 17.3873 16.6654 16.6606
threshold=321.76870748299325 207.64500000000004 255.00000000000003 41.865000000000002 1.5000000000000002 69.035000000000011 91.500000000000014 128.79500000000004 1.0000000180025095e-35 749.15500000000009 8.5000000000000018 91.695000000000007 4371.621315192745 184.04500000000004 1.0000000180025095e-35 1.0000000180025095e-35 5675.3401360544221 0.34060698390262073 602.30272108843553 1685.2000000000003 52.840000000000011 9.8150000000000031 -98.324999999999989 0.53662112780910221 -111.02499999999996 10.105000000000002 174.70500000000001 1033.2550000000003 0.21111111111111114 665.00000000000011
decision_type=2 2 2 2 2 2 2 2 2 2 2 2 2 2 2 2 2 2 2 2 2 2 2 2 2 2 2 2 2 2
left_child=5 2 13 16 6 20 7 9 15 17 22 12 -10 -2 -9 23 -4 -5 -6 -13 -1 -22 -7 -8 -25 -24 28 -14 -18 -16
right_child=1 -3 3 4 18 10 8 14 11 -11 -12 19 27 -15 29 -17 26 -19 -20 -21 21 -23 25 24 -26 -27 -28 -29 -30 -31
leaf_value=3.1090040549230578 2.9936180771780019 -3.1739616636705401 3.0439113402652747 0.41902127317070959 -2.4348916757833958 -0.098043368805647194 1.2531027662801748 0.95993786710977569 1.0596169770976158 -1.5744584090138227 -0.72277616477131845 2.1555500773316623 -2.0647334610396628 -0.053289400177001768 -3.6305930114352707 2.5593567001867301 -0.044874187774658486 -0.54841937094569226 -0.96088460769027473 -1.7438762411367899 -0.021530274085998259 1.62470296815753 0.035446957964897406 1.6103642906594278 -1.2096095247101784 1.2042031665217878 1.8690248073863984 0.32991651664435867 1.4820971327233314 0.53432494478128878
leaf_weight=441.61095462739468 343.34083123505116 560.3087160885334 115.36578692495823 41.424863427877426 493.90582425892353 80.75600591301918 215.59590013325214 107.26572954654694 74.894891500473022 270.38725610077381 138.6330101788044 20.345269277691841 69.414637118577957 55.921497106552124 43.52854260802269 87.900940120220184 88.64501217007637 32.545847803354263 130.55997931957245 202.93953496217728 63.595045685768127 121.14201548695564 86.874334275722504 38.050449281930923 109.81215873360634 260.29690659046173 36.655429154634476 25.708197861909866 60.090549319982529 19.647928342223167
leaf_count=686 545 1122 201 50 634 109 365 194 96 369 177 55 92 93 77 139 128 42 255 365 75 163 105 56 198 373 51 54 119 48
internal_value=0.000368378 -0.00957282 -0.00269767 -0.0087144 -0.0144691 0.0274046 -0.00415854 -0.0182583 0.00443493 -0.0315112 0.0109988 -0.0110001 0.00784272 0.0317316 0.00851743 0.0178846 0.0292461 0.00696411 -0.0369151 -0.0253477 0.0422444 0.0272911 0.0189939 0.0110884 -0.00367558 0.0244963 0.0163313 -0.019306 0.00857757 -0.0212977
internal_weight=4437.16 3244.26 2683.95 2284.68 1983.93 1192.91 1359.46 514.8 844.662 344.358 566.56 393.303 170.018 399.262 170.442 451.359 300.757 73.9707 624.466 223.285 626.348 184.737 427.927 363.459 147.863 347.171 185.391 95.1228 148.736 63.1765
internal_count=7036 5348 4226 3588 3089 1688 2200 780 1420 461 764 662 242 638 319 758 499 92 889 420 924 238 587 619 254 478 298 146 247 125
is_linear=0
shrinkage=0.05


Tree=5
num_leaves=31
num_cat=2
split_feature=96 27 7 23 77 77 6 37 12 32 25 62 27 24 82 27 24 6 61 44 30 61 44 44 86 16 17 38 77 13
split_gain=469.327 261.441 235.911 152.801 131.995 86.3153 71.8415 64.4415 46.447 35.89 34.7055 56.858 31.7663 32.6935 30.2285 107.925 30.0164 26.1741 25.3789 21.9806 24.4361 20.9471 24.1445 20.9276 20.5723 20.4119 18.7529 17.2271 16.9806 14.6793
threshold=321.76870748299325 134.60000000000005 1.5000000000000002 609.3950000000001 0.97286281048883083 0.96656544557604329 8.5000000000000018 1095.0000000000002 1.0000000180025095e-35 2255.0000000000005 908.04000000000008 1.0000000180025095e-35 18.245000000000001 203.36500000000004 3307.6790000000005 16.185000000000006 174.465 7.5000000000000009 0 16.565000000000058 0.40723143389011796 1 56.910000000000018 1.155000000000044 -31.444785615558477 0.21111111111111114 0.54248829622438055 4545.0000000000009 0.81432236092530075 0.21637426900584791
decision_type=2 2 2 2 2 2 2 2 2 2 2 2 2 2 2 2 2 2 1 2 2 1 2 2 2 2 2 2 2 2
left_child=5 2 3 8 9 6 21 10 14 -4 -5 12 26 -14 15 -2 -17 19 27 -15 -21 -1 28 -16 -8 -6 -12 -9 -23 -11
right_child=1 -3 4 7 25 -7 24 18 -10 29 11 -13 13 17 23 16 -18 -19 -20 20 -22 22 -24 -25 -26 -27 -28 -29 -30 -31
leaf_value=1.5089927793138624 1.5734409224066734 -2.9482635728576185 -2.2776471377705931 -3.20356127890433 -0.091716512099742797 3.4535538521769049 0.094215312274157983 0.91660871280101341 -1.9050863185771818 -2.2901471377705933 0.040920652665167978 1.5506926058576107 -1.4822354895168059 0.56846835142755481 0.044588437032938091 0.55073617916894335 -0.52245861615383615 -2.1172636262633802 2.0960947532609704 -0.9952354771190397 0.043264545769143938 0.033674610066652379 1.9244178796404006 2.9624373106482036 -0.82763462039643521 2.092217515840888 2.490215834287167 -1.1782354933315031 0.75464872432136554 0.69431741131818292
leaf_weight=209.78992289304733 163.97737753391266 606.81976291537285 539.29202343523502 95.153372928500175 49.079252064228058 330.66019420325756 86.770211458206177 42.327106401324272 35.62399959564209 42.66847488284111 75.274559035897255 84.022256210446358 158.75678162276745 136.55847474932671 41.84958404302597 35.56852263212204 121.85983294248581 171.95106655359268 120.334931448102 93.371681168675423 127.14038322865963 151.4585448205471 113.00624117255211 343.66183272004128 88.522170722484589 73.947026923298836 27.746367767453194 32.528105229139328 192.38665965199471 57.783725187182426
leaf_count=291 218 1245 721 122 83 526 112 108 40 76 104 129 237 194 54 43 165 312 313 124 264 199 177 461 109 160 71 64 240 117
internal_value=0.000161297 -0.00955161 -0.00281975 0.00657729 -0.026322 0.027308 0.0188066 -0.0047192 0.0243033 -0.0354431 -0.00999402 -0.00687483 -0.0110298 -0.0149083 0.0271105 0.0157868 -0.0137834 -0.00893647 0.0214934 -0.00121865 -0.010981 0.0262961 0.02029 0.0365511 -0.00967626 0.0211083 0.0148631 -0.00136583 0.0137004 -0.00800294
internal_weight=4449.89 3277.3 2670.48 1907.71 762.771 1172.59 841.934 1165.17 742.541 639.744 969.975 874.822 790.799 687.778 706.917 321.406 157.428 529.022 195.19 357.071 220.512 666.641 456.851 385.511 175.292 123.026 103.021 74.8552 343.845 100.452
internal_count=7079 5425 4180 3023 1157 1654 1128 2042 981 914 1557 1435 1306 1131 941 426 208 894 485 582 388 907 616 515 221 243 175 172 439 193
cat_boundaries=0 1 2
cat_threshold=2 4
is_linear=0
shrinkage=0.05


end of trees

feature_importances:
base_pre=21
base_ovl=14
syllable_start_ms=13
file_cv_count=10
base_pre_to_expected_ms=10
wav_duration_ms=8
base_cons_gap=8
file_row_count=7
base_ovl_ratio=7
file_mean_energy=5
zcr_mean=5
voicing_class=5
mapping_confidence=5
file_cv_vc_balance=4
base_offset=4
base_cons=4
base_offset_to_expected_ms=4
file_vcv_count=3
base_cutoff_abs=3
syllable_len_ms=3
is_nasal_or_sonorant=3
mel_vowel_nucleus_start_ms=3
file_cv_ratio=2
syllable_end_ms=2
is_tense=2
bridge_type=2
next_base_offset=2
words_vs_alias_score_margin=2
mel_voiced_onset_ms=2
alias_type=1
alias_group=1
file_vv_count=1
file_mono_count=1
curr_phone_end_ms=1
curr_phone_len_ms=1
base_cutoff_to_next_anchor_ms=1
energy_slope_post=1
f0_voicing_mean=1
f0_voicing_near_pre=1
onset_class=1
vowel_class=1
local_valley_db=1
mel_offset_candidate_ms=1
mel_cutoff_candidate_ms=1
mel_vowel_nucleus_end_ms=1
syllable_blank_confidence=1

parameters:
[boosting: gbdt]
[objective: regression_l1]
[metric: l1]
[tree_learner: serial]
[device_type: cpu]
[data_sample_strategy: bagging]
[data: ]
[valid: ]
[num_iterations: 500]
[learning_rate: 0.05]
[num_leaves: 31]
[num_threads: 0]
[seed: 0]
[deterministic: 0]
[force_col_wise: 0]
[force_row_wise: 0]
[histogram_pool_size: -1]
[max_depth: -1]
[min_data_in_leaf: 40]
[min_sum_hessian_in_leaf: 0.001]
[bagging_fraction: 0.85]
[pos_bagging_fraction: 1]
[neg_bagging_fraction: 1]
[bagging_freq: 1]
[bagging_seed: 3]
[bagging_by_query: 0]
[feature_fraction: 0.85]
[feature_fraction_bynode: 1]
[feature_fraction_seed: 2]
[extra_trees: 0]
[extra_seed: 6]
[early_stopping_round: 0]
[early_stopping_min_delta: 0]
[first_metric_only: 0]
[max_delta_step: 0]
[lambda_l1: 0]
[lambda_l2: 0]
[linear_lambda: 0]
[min_gain_to_split: 0]
[drop_rate: 0.1]
[max_drop: 50]
[skip_drop: 0.5]
[xgboost_dart_mode: 0]
[uniform_drop: 0]
[drop_seed: 4]
[top_rate: 0.2]
[other_rate: 0.1]
[min_data_per_group: 100]
[max_cat_threshold: 32]
[cat_l2: 10]
[cat_smooth: 10]
[max_cat_to_onehot: 4]
[top_k: 20]
[monotone_constraints: ]
[monotone_constraints_method: basic]
[monotone_penalty: 0]
[feature_contri: ]
[forcedsplits_filename: ]
[refit_decay_rate: 0.9]
[cegb_tradeoff: 1]
[cegb_penalty_split: 0]
[cegb_penalty_feature_lazy: ]
[cegb_penalty_feature_coupled: ]
[path_smooth: 0]
[interaction_constraints: ]
[verbosity: -1]
[saved_feature_importance_type: 0]
[use_quantized_grad: 0]
[num_grad_quant_bins: 4]
[quant_train_renew_leaf: 0]
[stochastic_rounding: 1]
[linear_tree: 0]
[max_bin: 255]
[max_bin_by_feature: ]
[min_data_in_bin: 3]
[bin_construct_sample_cnt: 200000]
[data_random_seed: 1]
[is_enable_sparse: 1]
[enable_bundle: 1]
[use_missing: 1]
[zero_as_missing: 0]
[feature_pre_filter: 1]
[pre_partition: 0]
[two_round: 0]
[header: 0]
[label_column: ]
[weight_column: ]
[group_column: ]
[ignore_column: ]
[categorical_feature: 0,1,2,3,60,61,64,65,66,67,69,70,84]
[forcedbins_filename: ]
[precise_float_parser: 0]
[parser_config_file: ]
[objective_seed: 5]
[num_class: 1]
[is_unbalance: 0]
[scale_pos_weight: 1]
[sigmoid: 1]
[boost_from_average: 1]
[reg_sqrt: 0]
[alpha: 0.9]
[fair_c: 1]
[poisson_max_delta_step: 0.7]
[tweedie_variance_power: 1.5]
[lambdarank_truncation_level: 30]
[lambdarank_norm: 1]
[label_gain: ]
[lambdarank_position_bias_regularization: 0]
[eval_at: ]
[multi_error_top_k: 1]
[auc_mu_weights: ]
[num_machines: 1]
[local_listen_port: 12400]
[time_out: 120]
[machine_list_filename: ]
[machines: ]
[gpu_platform_id: -1]
[gpu_device_id: -1]
[gpu_use_dp: 0]
[num_gpu: 1]

end of parameters

pandas_categorical:[["korean"], ["vcv"], ["br", "cv", "cv_head", "mono", "vc", "vcv", "vv"], ["br_standalone", "cv", "cv_glide", "cv_head", "cv_head_glide", "mono", "vc_other", "vc_sonorant", "vc_stop", "vcv", "vv"], ["other", "plosive", "sibilant", "sonorant"], ["unknown", "voiced", "voiceless"], ["liquid", "nasal", "none", "other", "stop"], ["", "a", "e", "eo", "eu", "eui", "i", "o", "u", "ui", "wa", "we", "weo", "wi", "ya", "ye", "yeo", "yo", "yu"], ["head", "mid", "tail"], ["", "vc", "vcv", "vv"], ["", "cv", "cv_head", "mono", "vc", "vcv", "vv"], ["", "cv", "mono", "vc", "vcv", "vv"], ["unknown"]]
