tree
version=v4
num_class=1
num_tree_per_iteration=1
label_index=0
max_feature_idx=62
objective=regression_l1
feature_names=language format_type alias_type alias_group row_index_in_wav row_ratio_in_wav is_head_row is_tail_row wav_duration_ms base_offset base_cons base_cutoff_abs base_pre base_ovl base_cons_gap base_cut_gap base_ovl_ratio curr_phone_start_ms curr_phone_end_ms curr_phone_len_ms curr_vowel_start_ms curr_vowel_end_ms curr_vowel_len_ms syllable_start_ms syllable_end_ms syllable_len_ms prev_phone_gap_ms next_phone_gap_ms expected_anchor_ms base_offset_to_expected_ms base_pre_to_expected_ms base_cutoff_to_next_anchor_ms energy_mean energy_min energy_max energy_slope_pre energy_slope_post valley_energy valley_dist_from_cutoff_ms db_mean db_min db_silence_ratio f0_voicing_mean f0_voicing_near_pre zcr_mean spectral_flux_mean onset_class voicing_class is_tense is_diphthong coda_type vowel_class mora_position bridge_type is_nasal_or_sonorant prev_alias_type next_alias_type prev_base_pre next_base_pre prev_base_offset next_base_offset prev_base_cutoff_abs next_base_cutoff_abs
feature_infos=none -1:1:0 -1:1:2:5:4:6:0 -1:1:2:4:3:9:10:6:7:0:8 [0:24] [0:1] [0:1] [0:1] [0:11873.922902494331] [0:10324] [0:611.08000000000004] [50:10538.26] [0:360] [0:258.37] [0:475.41000000000003] [4.9300000000000068:540.21999999999991] [0:0.72186239418214881] [0:10470] [0:10540] [0:3690] [0:10100] [0:10470] [0:2560] [0:10030] [0:11154.290000000001] [0:3690] [0:1970] [0:1370] [0:10100] [-1930:3156] [-1930:3407.9700000000003] [-8928.2700000000004:2737.9700000000003] [0:1] [0:1] [0:1] [-0.75679044663494843:0.99986360990117884] [-0.92350133211796059:1] [0:1] [0:547.42492063492045] [-74.758688368601966:0] [-95.741847317562218:0] [0:1] [0:1] [0:1] [0:0.57594633445136556] [0:0.1233808638319685] -1:0:1:3:2 -1:0:2:1 [0:1] [0:1] -1:2:3:0:1 -1:0:11:3:13:10:1:14:9:5:2:17:12:7:16:8:15:6 -1:1:0:2 -1:0:2:1:3 [0:1] -1:2:0:3:5:7:6 none [0:400.50999999999999] [0:400.50999999999999] [0:9993.5799999999999] [0:10854] [0:10326.84] [0:11138.129999999999]
tree_sizes=1761 1733 1755 1707 1564 1760 1662 1672 1819 1691 1567 1746 1901 1979 1840 1660 1765 1840 1903 1929 2016 2021 1999 2017 1853 2036 2015 1858 1978 2017 1997 2016 2088 2022 2098 1923 2013 2005 1839 2085 1999 2097 1832 1923 2084 2080 2125 1937

Tree=0
num_leaves=20
num_cat=1
split_feature=16 2 38 10 10 14 16 16 16 4 8 32 32 32 32 23 11 16 15
split_gain=363.108 80.3745 47.8302 38.6523 31.7568 28.0637 20.2701 16.5029 14.5351 14.1057 12.5277 11.5961 4.70222 4.30222 1.51984 1.28906 1.26051 0.24 0.0795918
threshold=0.48055164658947636 0 145.82273242630393 248.39000000000001 255.93500000000003 132.30000000000004 0.34529315676736033 0.30281220798350422 0.42018863664967759 3.5000000000000004 6030.7029478458053 0.76795131030599662 0.8095929182297229 0.84736729125787302 0.59404695114373018 2095.0000000000005 5700.2500000000009 0.36509834880716702 124.48500000000003
decision_type=2 9 2 2 2 2 2 2 2 2 2 2 2 2 2 2 2 2 2
left_child=1 2 14 5 9 6 -4 -5 10 12 -3 -10 -2 -8 16 -6 -1 -9 -17
right_child=4 8 3 7 15 -7 13 17 11 -11 -12 -13 -14 -15 -16 18 -18 -19 -20
leaf_value=2.3361500024795534 0.45555000305175775 1.0626500040292739 1.0544750049710274 1.2458500027656556 -1.2239499330520629 0.90550000071525572 1.4411749958992004 1.6843499898910523 1.0566000044345856 0.85755000114440916 1.5056749939918519 0.070024991035461337 0.06120002269744873 1.4259250044822693 2.3134999990463259 -2.0920500040054324 1.757099986076355 2.3596750020980837 -0.43202497959136976
leaf_weight=172 50 41 40 40 72 52 40 40 59 69 44 40 40 50 40 156 41 60 40
leaf_count=172 50 41 40 40 72 52 40 40 59 69 44 40 40 50 40 156 41 60 40
internal_value=1.171 1.19175 1.20066 1.18839 1.13411 1.1732 1.18562 1.20814 1.16275 1.15182 1.17747 1.14928 1.13878 1.19878 1.21744 1.12361 1.21912 1.219 1.12151
internal_weight=1186 759 575 322 427 182 130 140 184 159 85 99 90 90 253 268 213 100 196
internal_count=1186 759 575 322 427 182 130 140 184 159 85 99 90 90 253 268 213 100 196
cat_boundaries=0 1
cat_threshold=2
is_linear=0
shrinkage=1


Tree=1
num_leaves=19
num_cat=0
split_feature=16 13 45 16 4 15 4 9 10 44 8 11 13 48 30 32 57 9
split_gain=359.6 83.3624 75.1759 51.7325 36.7459 29.013 18.808 17.7846 14.2696 13.8423 11.1955 7.28139 6.43277 4.55622 1.95282 1.22055 0.334694 0.0810427
threshold=0.45010108097476675 38.680000000000007 0.010101604685867903 0.5080451190436891 5.5000000000000009 91.985000000000028 4.5000000000000009 2978.9500000000003 251.99500000000003 0.034732066912390107 7030.6122448979604 3018.7050000000004 45.180000000000007 1.0000000180025095e-35 3.8350000000000368 0.9180060386751282 180.72000000000003 1884.2050000000002
decision_type=2 2 2 2 2 2 2 2 2 2 2 2 2 2 2 2 2 2
left_child=1 2 13 4 11 9 7 -3 10 -4 -5 -2 -8 -1 -7 17 -14 -10
right_child=3 6 5 8 -6 14 12 -9 15 -11 -12 -13 16 -15 -16 -17 -18 -19
leaf_value=0.26020437508821487 -0.78067998439073572 0.84899249911308294 0.79097877800464633 -1.2745024955272677 0.50100686877965939 -0.17039937380701306 0.14655562281608581 -0.012156249880790716 -2.5770650452375414 -0.1348325003683567 -0.70982749819755553 -0.43552999049425128 1.0981424891948701 0.68762000203132634 -0.25962500900030133 -1.0785787451267244 1.0067574989795685 -2.9198775458335877
leaf_weight=42 50 64 40 46 64 40 48 40 40 46 52 55 205 54 43 40 40 171
leaf_count=42 50 64 40 46 64 40 48 40 40 46 52 55 205 54 43 40 40 171
internal_value=0.000508475 0.0249245 0.00320755 -0.030695 -0.00798817 -0.0168639 0.0394207 0.0211538 -0.0416905 0.00348837 -0.0255102 -0.0261905 0.0459044 0.0385417 -0.0379518 -0.048008 0.0491837 -0.0495261
internal_weight=1180 662 265 518 169 169 397 104 349 86 98 105 293 96 83 251 245 211
internal_count=1180 662 265 518 169 169 397 104 349 86 98 105 293 96 83 251 245 211
is_linear=0
shrinkage=0.05


Tree=2
num_leaves=19
num_cat=1
split_feature=16 2 13 45 13 16 10 38 32 49 8 39 12 16 32 12 13 5
split_gain=350.615 111.684 75.349 61.253 24.9383 20.2686 13.8702 10.7085 10.5938 10.5705 9.41177 7.70147 7.63416 2.08897 1.9539 0.672725 0.083871 0.0813954
threshold=0.5080451190436891 0 43.620000000000012 0.010101604685867903 35.275000000000006 0.42018863664967759 251.93000000000004 256.51837868480715 0.84032863428805038 1.0000000180025095e-35 6030.7029478458053 -26.763353087969335 121.43500000000002 0.33995878967094745 0.91417723504598469 179.18000000000004 65.600000000000009 0.11769230769230767
decision_type=2 9 2 2 2 2 2 2 2 2 2 2 2 2 2 2 2 2
left_child=1 2 3 13 7 10 9 -5 11 -2 -3 -7 -4 -1 17 16 -14 -8
right_child=6 5 12 4 -6 8 14 -9 -10 -11 -12 -13 15 -15 -16 -17 -18 -19
leaf_value=0.49351150244474412 -0.37398486834764483 -0.078046984151005749 0.35877398587763309 -0.068659390910528598 0.062043796245008713 -0.71859598688781268 -1.8980764383226636 -0.21819250008463859 -1.1928787411339581 -1.541186080992222 0.33662405440211302 0.059012156359851367 1.0546178610920907 0.64883480368554602 -0.9186142241060733 0.99578539448976522 1.0498465974926947 -2.8771086672544479
leaf_weight=61 41 40 48 40 64 65 40 45 40 51 45 40 208 41 40 41 40 175
leaf_count=61 41 40 48 40 64 65 40 45 40 51 45 40 208 41 40 41 40 175
internal_value=0.000472103 0.0183374 0.0295987 0.00936255 -0.0110738 -0.01125 -0.0416427 -0.0288235 -0.0231034 -0.025 0.00764706 -0.0147619 0.045549 0.0392157 -0.0476471 0.0486159 0.0495968 -0.0495349
internal_weight=1165 818 588 251 149 230 347 85 145 92 85 105 337 102 255 289 248 215
internal_count=1165 818 588 251 149 230 347 85 145 92 85 105 337 102 255 289 248 215
cat_boundaries=0 1
cat_threshold=2
is_linear=0
shrinkage=0.05


Tree=3
num_leaves=19
num_cat=2
split_feature=16 2 13 38 13 39 47 16 30 32 13 18 8 28 14 39 14 8
split_gain=336.563 69.1267 76.5163 80.5595 31.2657 29.7808 23.4372 19.6669 16.5905 9.02618 8.89824 7.5882 6.84651 5.81875 3.11849 0.8 0.455556 0.327928
threshold=0.48055164658947636 0 38.680000000000007 256.51837868480715 69.620000000000019 -20.35682808157792 1 0.42018863664967759 -4.38499999999999 0.72003993925806087 54.605000000000004 3705.0000000000005 7714.6485260770978 3770.0000000000005 165.22999999999999 -24.841069287090161 127.78000000000002 5901.7913832199547
decision_type=2 9 2 2 2 2 1 2 2 2 2 2 2 2 2 2 2 2
left_child=1 2 3 5 6 -1 14 11 -8 -9 12 -3 13 -4 -2 -14 -7 -6
right_child=4 7 10 -5 17 16 8 9 -10 -11 -12 -13 15 -15 -16 -17 -18 -19
leaf_value=-0.001621652799146256 -0.95091294456198805 -0.030587580204382549 0.52761591113731265 -0.1819328766062856 -2.451894601320848 0.459536850820086 -0.81091255893735215 -0.075994949597865347 0.30332317184507851 -0.940887438017875 1.012320731303096 0.52668609952479606 0.2820789854119532 0.14071947338283061 -0.95586399657092991 0.19920334739116952 0.61639306350126866 -2.7157981853306294
leaf_weight=57 42 40 51 71 40 40 50 46 53 53 190 41 40 41 44 40 41 182
leaf_count=57 42 40 51 71 40 40 50 46 53 53 190 41 40 41 44 40 41 182
internal_value=0 0.0199068 0.0281411 0.00454545 -0.0363747 0.0268116 -0.0214286 -0.00736842 -0.00533981 -0.0227273 0.0425414 0.0104938 0.0343023 0.025 -0.0406977 0.045 0.0462963 -0.0490991
internal_weight=1162 751 571 209 411 138 189 180 103 99 362 81 172 92 86 80 81 222
internal_count=1162 751 571 209 411 138 189 180 103 99 362 81 172 92 86 80 81 222
cat_boundaries=0 1 2
cat_threshold=2 2
is_linear=0
shrinkage=0.05


Tree=4
num_leaves=17
num_cat=3
split_feature=16 47 3 13 4 13 47 16 30 48 16 9 14 19 12 5
split_gain=315.081 76.295 44.0401 59.0479 66.6317 30.0453 18.8472 13.7688 12.8264 8.25239 7.99703 5.84876 5.20714 1.12287 0.342029 0.0772727
threshold=0.47902049561088494 0 1 38.680000000000007 4.5000000000000009 66.63000000000001 2 0.41833466021750892 -4.38499999999999 1.0000000180025095e-35 0.31096606973497493 2711.8550000000005 165.22999999999999 210.00000000000026 113.43500000000002 0.17156862745098037
decision_type=2 1 9 2 2 2 1 2 2 2 2 2 2 2 2 2
left_child=1 -1 3 4 11 6 12 -4 -8 10 -5 -3 -2 15 -12 -7
right_child=5 2 7 9 -6 13 8 -9 -10 -11 14 -13 -14 -15 -16 -17
leaf_value=-0.40203808500096205 -0.84496488441009088 0.46128706083517523 0.16672005925898442 0.07163454896453772 -0.090847509957999006 -2.0192039023527504 -0.48230467482274869 -0.41290435130763803 0.28815701325282456 1.0786726122495531 0.19192940999532584 0.46546878831904381 -0.92597344843605534 -2.0953988016204539 0.94771457820132388 -2.6957583027669791
leaf_weight=72 42 40 72 41 79 40 48 75 47 45 40 51 48 41 236 136
leaf_count=72 42 40 72 41 79 40 48 75 47 45 40 51 48 41 236 136
internal_value=0.000650477 0.0197736 0.0249632 0.0313653 0.00764706 -0.0350746 -0.0202703 -0.000318471 -0.00473684 0.0433702 0.0462145 0.0368132 -0.0366667 -0.0476959 0.0492754 -0.0494318
internal_weight=1153 751 679 532 170 402 185 147 95 362 317 91 90 217 276 176
internal_count=1153 751 679 532 170 402 185 147 95 362 317 91 90 217 276 176
cat_boundaries=0 1 2 3
cat_threshold=2 6 2
is_linear=0
shrinkage=0.05


Tree=5
num_leaves=19
num_cat=1
split_feature=16 3 13 40 13 13 38 16 8 12 44 5 12 5 21 25 12 16
split_gain=320.393 93.8094 81.9797 58.9174 24.202 20.0844 18.1924 14.5831 13.5693 13.3079 8.01515 11.9244 7.14332 5.1113 3.1784 1.23681 0.688839 0.0834025
threshold=0.50416326849983251 0 44.765000000000008 -26.286666155813553 38.265000000000008 66.63000000000001 256.51837868480715 0.42018863664967759 7030.6122448979604 121.43500000000002 0.031613269067195908 0.19615384615384618 92.815000000000012 0.10555555555555557 2705.0000000000005 669.99999999999989 179.18000000000004 0.43600565770975286
decision_type=2 9 2 2 2 2 2 2 2 2 2 2 2 2 2 2 2 2
left_child=1 2 3 4 6 8 -1 12 14 -4 -9 -12 -3 -5 -2 -7 17 -11
right_child=5 7 9 13 -6 15 -8 10 -10 16 11 -13 -14 -15 -16 -17 -18 -19
leaf_value=-0.028695542774903122 -0.71076839293084859 -0.12536939241381037 0.28923629654539379 0.50582586968808685 0.069804643194641705 -2.3762952790088505 -0.17350513236201556 -0.19411325604466256 -0.19512395118243808 0.89827645317261673 -0.37482125911924058 -0.97646936936404571 0.18176360105137668 0.1812275900092756 -0.88679760275252772 -2.5138273542372249 0.82996934250538801 0.96360947768931848
leaf_weight=56 41 42 46 68 55 181 53 44 66 201 41 47 40 43 42 42 40 40
leaf_count=56 41 42 46 68 55 181 53 44 66 201 41 47 40 43 42 42 40 40
internal_value=-0.000252525 0.0172794 0.0271242 0.00745455 -0.0115854 -0.0387097 -0.0252294 -0.0111607 -0.0244966 0.0444954 -0.0219697 -0.0306818 0.00487805 0.0355856 -0.0379518 -0.0482063 0.0485765 0.0495851
internal_weight=1188 816 602 275 164 372 109 214 149 327 132 88 82 111 83 223 281 241
internal_count=1188 816 602 275 164 372 109 214 149 327 132 88 82 111 83 223 281 241
cat_boundaries=0 1
cat_threshold=6
is_linear=0
shrinkage=0.05


Tree=6
num_leaves=18
num_cat=2
split_feature=16 47 2 16 12 10 60 22 4 12 32 10 32 19 5 5 9
split_gain=328.424 64.9915 50.8739 45.0124 34.3699 28.5543 27.1439 17.8351 14.9312 13.4091 8.29904 5.32949 3.61074 2.96155 1.80966 0.0846154 0.0777778
threshold=0.48055164658947636 0 1 0.30281220798350422 86.435000000000016 257.13500000000005 2258.8750000000005 319.99999999999983 3.5000000000000004 121.43500000000002 0.8095929182297229 235.89500000000001 0.81845669101390228 475.00000000000006 0.11769230769230767 0.3550420168067227 2354.0900000000006
decision_type=2 1 9 2 2 2 2 2 2 2 2 2 2 2 2 2 2
left_child=1 -1 3 6 -5 8 -3 -4 10 11 -2 12 -6 14 -7 -11 -16
right_child=5 2 7 4 9 13 -8 -9 -10 15 -12 -13 -14 -15 16 -17 -18
leaf_value=-0.30885461884846888 -0.60954416862217387 0.16954686147510972 -0.35608019616327857 -0.043375562025983611 0.33064555681344909 -1.4930947774468912 -0.077629877841998263 0.21206666601377339 -0.16247418029818883 0.94000980604954565 -0.85011802631929712 0.2737144173664397 0.24979325863970409 -0.89238762370962554 -1.5137539898239769 0.86458889117606474 -2.4421556236781874
leaf_weight=66 48 40 67 42 54 41 49 77 72 40 49 49 49 40 40 220 140
leaf_count=66 48 40 67 42 54 41 49 77 72 40 49 49 49 40 40 220 140
internal_value=0.000211327 0.0201195 0.0246725 0.0313743 0.038326 -0.0346512 -0.000561798 -0.0025974 -0.0186391 0.0427184 -0.0314433 0.0309211 0.0373786 -0.0450192 -0.0472851 0.0496154 -0.0494444
internal_weight=1183 753 687 543 454 430 89 144 169 412 97 152 103 261 221 260 180
internal_count=1183 753 687 543 454 430 89 144 169 412 97 152 103 261 221 260 180
cat_boundaries=0 1 2
cat_threshold=2 2
is_linear=0
shrinkage=0.05


Tree=7
num_leaves=18
num_cat=1
split_feature=16 2 13 40 13 13 32 8 38 30 12 19 48 37 25 13 8
split_gain=299.944 99.8479 98.9892 55.4874 24.5693 16.0711 15.9875 15.0185 11.9664 10.4991 10.0551 9.7197 6.4463 6.44329 1.47624 1.41994 0.309605
threshold=0.5080451190436891 0 44.765000000000008 -25.850803019985502 35.275000000000006 66.63000000000001 0.84736729125787302 6530.6575963718833 251.52705215419522 14.389999999999874 121.43500000000002 55.000000000000007 1.0000000180025095e-35 0.23025929968018063 685.00000000000011 50.265000000000008 7030.6122448979604
decision_type=2 9 2 2 2 2 2 2 2 2 2 2 2 2 2 2 2
left_child=1 2 3 4 8 9 7 11 -1 13 -4 -3 -5 -2 16 -12 -7
right_child=5 6 10 12 -6 14 -8 -9 -10 -11 15 -13 -14 -15 -16 -17 -18
leaf_value=-0.053993424935291662 -0.79566658575712423 0.053249625267028658 0.26805393445137765 0.12334950992834791 0.03280500296537673 -2.3434477677262118 -0.82486919557607519 0.24455480466358762 -0.18140422210280338 -0.040348335313810949 0.17551154522239598 -0.56297055755820158 0.53826457981973996 -0.80415700716268257 -2.2968807431570664 0.82135944661726146 -2.1643390248060741
leaf_weight=40 40 41 44 48 70 137 56 68 53 41 57 57 60 44 44 242 40
leaf_count=40 40 41 44 48 70 137 56 68 53 41 57 57 60 44 44 242 40
internal_value=0.000423012 0.0166268 0.0267628 0.00461255 -0.0138037 -0.0387283 -0.012069 -0.00481928 -0.0306452 -0.0244 0.0450437 -0.0173469 0.0324074 -0.0345238 -0.0468326 0.0483278 -0.0488701
internal_weight=1182 836 614 271 163 346 222 166 93 125 343 98 108 84 221 299 177
internal_count=1182 836 614 271 163 346 222 166 93 125 343 98 108 84 221 299 177
cat_boundaries=0 1
cat_threshold=2
is_linear=0
shrinkage=0.05


Tree=8
num_leaves=20
num_cat=0
split_feature=16 12 13 16 4 45 29 16 13 35 15 4 16 9 15 5 45 15 19
split_gain=317.099 75.8891 46.6731 39.8591 34.527 21.1376 18.3912 15.3037 14.2475 12.7337 8.3049 5.90697 4.92393 3.87202 3.35873 1.65487 1.38219 0.72266 0.313043
threshold=0.45902965356687619 88.430000000000021 65.495000000000019 0.27919556352963126 5.5000000000000009 0.012091046644258153 -74.000000000000213 0.42018863664967759 34.775000000000013 0.077832639699629669 90.424999999999997 7.5000000000000009 0.51250351110655867 4383.2150000000011 112.46000000000002 0.11769230769230767 0.017161793363291603 171.45500000000001 160.00000000000026
decision_type=2 2 2 2 2 2 2 2 2 2 2 2 2 2 2 2 2 2 2
left_child=1 5 4 -3 9 -1 7 8 -5 -2 -7 -8 -4 16 -11 -14 -10 -13 -17
right_child=2 3 12 6 -6 10 11 -9 13 14 -12 17 15 -15 -16 18 -18 -19 -20
leaf_value=0.22262031136309554 -0.3294526525644238 -0.048879180692010124 -1.0760201578546447 0.14409084090033383 0.24455524152721209 -0.17367372132398951 0.70417345849045221 0.064382800313439792 0.74931126791604474 -0.70317808338084409 -0.25669954032657172 0.78492395919927072 -1.634180893826926 0.26740859605214695 -0.68325072583416613 -2.231701219504084 0.18593199215682688 0.57892680471011104 -2.3119403141681754
leaf_weight=40 56 48 41 42 74 41 40 64 63 63 56 163 41 45 42 144 43 40 40
leaf_count=40 56 48 41 42 74 41 40 64 63 63 56 163 41 45 42 144 43 40 40
internal_value=0.000590219 0.0227007 -0.0296407 0.0310219 -0.0134043 -0.0105839 0.0352 0.0258755 0.0329016 -0.0263975 -0.0231959 0.0450617 -0.043985 0.0400662 -0.0366667 -0.0468889 0.045283 0.0485222 -0.048913
internal_weight=1186 685 501 548 235 137 500 257 193 161 97 243 266 151 105 225 106 203 184
internal_count=1186 685 501 548 235 137 500 257 193 161 97 243 266 151 105 225 106 203 184
is_linear=0
shrinkage=0.05


Tree=9
num_leaves=18
num_cat=1
split_feature=16 2 13 45 13 15 13 49 32 17 19 32 48 16 25 16 39
split_gain=290.871 78.317 72.1685 61.8759 18.9521 26.1879 15.808 15.2792 13.3178 16.7282 12.0868 11.4949 7.47109 5.95476 1.69798 0.723542 0.311111
threshold=0.5080451190436891 0 45.180000000000007 0.011838282092335553 39.125000000000007 93.700000000000017 66.63000000000001 1.0000000180025095e-35 0.86560048691374558 3655.0000000000005 75.000000000000014 0.83377797244840113 1.0000000180025095e-35 0.33121625025899415 675.00000000000011 0.44105197433508697 -25.906830497155976
decision_type=2 9 2 2 2 2 2 2 2 2 2 2 2 2 2 2 2
left_child=1 2 3 12 5 -5 11 13 9 10 -3 -2 -1 -4 16 -15 -8
right_child=6 8 7 4 -6 -7 14 -9 -10 -11 -12 -13 -14 15 -16 -17 -18
leaf_value=0.15753070833822347 -0.22737671211360155 0.030613065649933227 0.090201488558083964 0.014833349231440043 0.035036817563328694 -0.13959885390480306 -2.2432956425956645 0.30832162605488511 -0.78314271979937977 0.42916506929805909 -0.40778367195390652 -0.66821377559520811 0.52788707186099426 0.74204529921461848 -2.0229656517190833 0.61030899021376872 -1.357909603329291
leaf_weight=56 61 51 41 44 53 74 140 49 46 54 64 76 61 192 40 41 40
leaf_count=56 61 51 41 44 53 74 140 49 46 54 64 76 61 192 40 41 40
internal_value=-0.000803043 0.0154964 0.0243961 0.00659722 -0.0125731 -0.0237288 -0.0385154 0.0410217 -0.0104444 -0.00443787 -0.0152174 -0.0251825 0.0346154 0.0456204 -0.0468182 0.0487124 -0.0488889
internal_weight=1183 826 611 288 171 118 357 323 215 169 115 137 117 274 220 233 180
internal_count=1183 826 611 288 171 118 357 323 215 169 115 137 117 274 220 233 180
cat_boundaries=0 1
cat_threshold=2
is_linear=0
shrinkage=0.05


Tree=10
num_leaves=17
num_cat=3
split_feature=16 47 2 16 12 33 16 13 47 13 4 5 14 25 45 39
split_gain=294.776 72.1289 46.9469 44.6414 37.6528 29.3913 26.0397 19.6239 11.9975 12.9702 10.82 7.75824 2.6965 1.51502 0.694286 0.340959
threshold=0.5080451190436891 0 1 0.30281220798350422 86.435000000000016 0.00021556004384120001 0.42018863664967759 65.815000000000012 2 36.105000000000011 3.5000000000000004 0.17914438502673799 133.48500000000004 685.00000000000011 0.026878242845468105 -19.555122656213687
decision_type=2 1 9 2 2 2 2 2 1 2 2 2 2 2 2 2
left_child=1 -1 6 5 -5 -4 -3 10 9 -6 -2 -8 15 14 -9 -11
right_child=7 2 3 4 8 -7 11 13 -10 12 -12 -13 -14 -15 -16 -17
leaf_value=-0.4156824447724799 -0.64095843550040088 0.44115373383321166 0.11225932840418358 -0.12482721804362958 0.28497873090888287 -0.07922910659677157 -0.20672331281546225 -1.8394256750898941 0.35910805597683926 0.67031403657036248 -0.039004853376642237 -0.67395400553128471 0.38450385509642182 -1.9218173691331293 -2.2687424382102437 1.015776010857433
leaf_weight=77 77 64 46 51 44 46 46 135 59 231 49 55 67 40 40 40
leaf_count=77 77 64 46 51 44 46 46 135 59 231 49 55 67 40 40 40
internal_value=0.00201371 0.0181598 0.0228972 0.0292929 0.0357724 -0.00217391 -0.00142857 -0.0370968 0.0404762 0.0437173 -0.0214286 -0.0173267 0.0470414 -0.0462791 -0.0482857 0.049262
internal_weight=1167 826 749 584 492 92 165 341 441 382 126 101 338 215 175 271
internal_count=1167 826 749 584 492 92 165 341 441 382 126 101 338 215 175 271
cat_boundaries=0 1 2 3
cat_threshold=2 84 1
is_linear=0
shrinkage=0.05


Tree=11
num_leaves=19
num_cat=2
split_feature=16 2 30 32 16 40 19 22 14 47 33 10 20 28 5 58 38 29
split_gain=262.389 83.8353 44.5368 42.5401 24.6508 17.5852 15.0417 13.7748 20.9664 12.2521 8.47565 7.21582 6.32933 3.12195 1.86243 1.29378 1.09775 0.0731544
threshold=0.50972633625981334 0 25.065000000000058 0.75839154502203188 0.33995878967094745 -25.850803019985502 525.00000000000011 275.00000000000006 127.08000000000001 1 0.088130915160013909 251.99500000000003 3685.0000000000005 3175.0000000000005 0.088932806324110672 161.45500000000001 284.05441043083925 242.06500000000005
decision_type=2 9 2 2 2 2 2 2 2 1 2 2 2 2 2 2 2 2
left_child=1 2 3 9 -4 10 11 13 -9 12 -5 -2 -1 -3 -13 -6 17 -16
right_child=6 7 4 5 15 -7 -8 8 -10 -11 -12 14 -14 -15 16 -17 -18 -19
leaf_value=0.49882248583926059 -1.0428189446485303 -0.42270547016462179 0.027378574205726099 0.0047896838933417204 0.67592734005476396 0.18381867504083715 -0.15209345847048428 0.24887666267694764 -0.40760161652552179 0.084014858605736487 -0.16573785087505744 -1.1124865897847205 0.14669934351700595 -0.34944371846447292 -2.0779213423289216 0.70181780821817974 -0.68340220523980111 -1.9191566931031652
leaf_weight=78 69 41 52 40 169 47 45 66 72 56 75 42 41 41 109 40 40 40
leaf_count=78 69 41 52 40 169 47 45 66 72 56 75 42 41 41 109 40 40 40
internal_value=-0.00038693 0.0150367 0.0245066 0.012908 0.0404215 -0.00555556 -0.0369565 -0.0113043 -0.00217391 0.03 -0.016087 -0.041 0.0390756 -0.0280488 -0.0452381 0.0480861 -0.0473545 -0.0493289
internal_weight=1163 818 598 337 261 162 345 220 138 175 115 300 119 82 231 209 189 149
internal_count=1163 818 598 337 261 162 345 220 138 175 115 300 119 82 231 209 189 149
cat_boundaries=0 1 2
cat_threshold=2 1
is_linear=0
shrinkage=0.05


Tree=12
num_leaves=21
num_cat=1
split_feature=16 2 13 45 16 14 13 30 5 32 22 14 62 14 13 9 13 35 35 12
split_gain=242.435 68.5359 79.0037 60.582 26.6431 29.5235 19.9407 21.2078 18.5956 16.222 16.7777 12.224 8.53031 6.02353 3.436 2.16 1.86955 1.81044 1.97348 0.08
threshold=0.51250351110655867 0 47.695000000000007 0.0066866177846329504 0.33483438043978481 135.97 71.230000000000018 15.224999999999911 0.34891304347826085 0.84736729125787302 263.49000000000007 125.83499999999999 4316.0900000000011 151.24000000000001 36.105000000000011 4171.8000000000011 54.605000000000004 0.025202938030435704 0.26241496283047044 180.91000000000005
decision_type=2 9 2 2 2 2 2 2 2 2 2 2 2 2 2 2 2 2 2 2
left_child=1 9 3 15 14 12 7 13 -4 10 -1 -12 -6 -2 -5 -3 -10 -8 -19 -18
right_child=6 2 8 4 5 -7 17 -9 16 -11 11 -13 -14 -15 -16 -17 19 18 -20 -21
leaf_value=-0.58160985203607696 -0.89351294285758565 0.51259780198649008 0.071372000441627489 -0.15039692898868673 0.036733334097530011 -0.21598845628373181 -2.1129938960824926 0.024534856238757466 0.12263413915342679 -0.77269699862439156 0.36061097130538133 -0.24214730961679237 0.30815567486056444 -0.58687073906629894 -0.044273011881207983 0.30102958851398881 0.64641601958775274 -1.1498631910706631 -1.390288458092714 0.6021051805559543
leaf_weight=48 45 60 41 42 50 52 104 51 55 49 60 44 43 40 40 40 160 48 46 40
leaf_count=48 45 60 41 42 50 52 104 51 55 49 60 44 43 40 40 40 160 48 46 40
internal_value=0.000604491 0.0151699 0.0231438 0.00657492 -0.00770925 0.00517241 -0.0353293 -0.0205882 0.0422297 -0.0101896 -0.00263158 0.00865385 0.022043 -0.0358824 -0.0304878 0.039 0.0472549 -0.0454545 -0.0404255 0.0495
internal_weight=1158 824 623 327 227 145 334 136 296 201 152 104 93 85 82 100 255 198 94 200
internal_count=1158 824 623 327 227 145 334 136 296 201 152 104 93 85 82 100 255 198 94 200
cat_boundaries=0 1
cat_threshold=84
is_linear=0
shrinkage=0.05


Tree=13
num_leaves=22
num_cat=2
split_feature=16 2 13 40 13 14 55 17 16 4 13 15 16 57 38 9 45 48 58 5 29
split_gain=251.323 73.7161 86.3413 53.5977 23.008 17.1377 16.0915 18.5459 12.15 12.1161 11.1232 10.868 10.2273 6.05 5.96059 5.07325 4.12578 2.96087 1.96367 1.30776 0.539827
threshold=0.51250351110655867 0 45.435000000000009 -23.65502879510662 65.815000000000012 131.42000000000002 1 3655.0000000000005 0.33483438043978481 4.5000000000000009 54.080000000000005 90.659999999999982 0.45756260527823511 95.490000000000023 302.83264172335595 3894.1150000000002 0.017161793363291603 1.0000000180025095e-35 227.655 0.41742081447963802 -139.08000000000001
decision_type=2 9 2 2 2 2 9 2 2 2 2 2 2 2 2 2 2 2 2 2 2
left_child=1 2 3 5 9 8 7 12 -1 14 15 -8 -3 -10 -2 -4 -7 -5 20 -12 -6
right_child=4 6 10 17 18 16 11 -9 13 -11 19 -13 -14 -15 -16 -17 -18 -19 -20 -21 -22
leaf_value=-0.097565804578137752 -0.55028024859061797 0.058292800461565569 0.32600090824895639 0.10616019531978567 -1.8540236613902206 -0.28597520518841651 -0.59510371555584907 0.47964656904908659 0.169421364931271 0.023308113426819599 0.36822345522863231 -0.19801364558409146 -0.57278740521145088 -0.0021604417061969724 -0.53339865044160528 0.044128620663497965 -0.053027752223488878 0.38418908980798849 -2.1214116395966847 0.61181012248157363 -1.1206102625063774
leaf_weight=40 45 44 55 42 106 46 51 41 40 41 40 49 44 40 42 52 40 51 42 179 71
leaf_count=40 45 44 55 42 106 46 51 41 40 41 40 49 44 40 42 52 40 51 42 179 71
internal_value=0.000291424 0.0148712 0.0235433 0.00451505 -0.0355908 -0.00970874 -0.00941423 0.00251799 0.0025 -0.01875 0.0417178 -0.0236364 -0.0102273 0.01375 -0.0293103 0.0285047 -0.0267442 0.0360215 -0.0454338 0.0481735 -0.0477401
internal_weight=1201 854 625 299 347 206 229 129 120 128 326 100 88 80 87 107 86 93 219 219 177
internal_count=1201 854 625 299 347 206 229 129 120 128 326 100 88 80 87 107 86 93 219 219 177
cat_boundaries=0 1 2
cat_threshold=2 9
is_linear=0
shrinkage=0.05


Tree=14
num_leaves=20
num_cat=2
split_feature=16 35 3 13 13 13 49 47 16 30 38 35 14 13 16 16 59 5 16
split_gain=227.284 61.7816 50.8759 27.4305 25.9132 25.1655 35.9048 32.3187 18.4805 18.364 16.2044 9.38926 7.73556 5.65294 3.77857 3.23663 1.57426 1.25027 1.09138
threshold=0.50416326849983251 0.17191279358161993 0 54.605000000000004 71.230000000000018 40.095000000000006 1.0000000180025095e-35 1 0.45599314726223639 15.224999999999911 42.92569160997801 0.028325464672872055 154.63500000000002 46.880000000000003 0.34469850081064962 0.33773761842891759 1801.4700000000003 0.45227272727272733 0.58040207278942268
decision_type=2 2 9 2 2 2 2 1 2 2 2 2 2 2 2 2 2 2 2
left_child=1 2 3 10 9 7 13 -3 -4 12 14 -12 -2 -7 -1 -9 -6 -5 -18
right_child=4 5 8 17 16 6 -8 15 -10 -11 11 -13 -14 -15 -16 -17 18 -19 -20
leaf_value=0.36071099116818739 -0.75899019002725676 0.44047600943365828 0.15992957176215725 0.36588437577396626 -1.1825863373648946 0.070356912768502075 -0.66653641596075952 -0.12857574204774153 -0.58192018059753314 0.072995589558145377 -0.036066447938034506 0.035432818668855372 -0.57025036231326343 0.35937151113216759 0.14958887963888659 -0.12498758107917568 -1.3785521889376222 0.57971967739265118 -1.9415403750382929
leaf_weight=72 50 51 77 40 67 40 48 40 50 56 43 63 40 45 40 65 42 143 106
leaf_count=72 50 51 77 40 67 40 48 40 50 56 43 63 40 45 40 65 42 143 106
internal_value=-0.000339559 0.0142595 0.0244318 0.0327251 -0.0333795 -0.00432526 0.0116541 -0.0179487 -0.0040146 -0.0171233 0.0215596 0.00754717 -0.0311111 0.0311765 0.0348214 -0.0338095 -0.0444186 0.0478142 -0.0472973
internal_weight=1178 817 528 401 361 289 133 156 127 146 218 106 90 85 112 105 215 183 148
internal_count=1178 817 528 401 361 289 133 156 127 146 218 106 90 85 112 105 215 183 148
cat_boundaries=0 1 2
cat_threshold=6 4
is_linear=0
shrinkage=0.05


Tree=15
num_leaves=18
num_cat=2
split_feature=16 47 2 13 32 16 13 10 13 4 31 5 16 5 61 21 29
split_gain=247.729 64.2705 50.1622 61.6472 31.2784 32.0133 18.8399 16.4747 15.7922 12.1776 10.0208 7.21423 5.5338 2.03271 1.99243 4.61668 0.62093
threshold=0.51250351110655867 0 1 54.080000000000005 0.62303155278212963 0.28223057904272036 35.275000000000006 231.95500000000001 66.63000000000001 3.5000000000000004 -188.92999999999981 0.17914438502673799 0.33917851593209997 0.43739130434782608 2564.6150000000002 2065.0000000000005 238.40000000000012
decision_type=2 1 9 2 2 2 2 2 2 2 2 2 2 2 2 2 2
left_child=1 -1 3 4 12 -6 -7 11 9 -2 -8 -4 -3 -5 15 -10 -16
right_child=8 2 7 13 5 6 10 -9 14 -11 -12 -13 -14 -15 16 -17 -18
leaf_value=-0.39358090358376341 -0.58807027077622998 0.38230925825117951 0.29719440322457163 0.35565277038549825 -0.11489326424301778 -0.026562228160330111 0.050400627682906318 -0.35073099686490228 -1.290231790576883 -0.098085025327389996 0.0074571044252336322 -0.24474757584186346 0.14864344443850533 0.55223363248786239 -1.5566617919604653 -0.87998812545600613 -1.693395131824694
leaf_weight=79 74 73 66 40 40 78 71 71 43 57 51 49 49 174 89 49 40
leaf_count=79 74 73 66 40 40 78 71 71 43 57 51 49 49 174 89 49 40
internal_value=-0.000293378 0.0144471 0.0188976 0.0259386 0.0138122 0.00333333 0.0115 -0.00408163 -0.0355114 -0.0217557 0.0237705 0.0073913 0.0344262 0.0476636 -0.0436652 -0.0380435 -0.0476744
internal_weight=1193 841 762 576 362 240 200 186 352 131 122 115 122 214 221 92 129
internal_count=1193 841 762 576 362 240 200 186 352 131 122 115 122 214 221 92 129
cat_boundaries=0 1 2
cat_threshold=2 2
is_linear=0
shrinkage=0.05


Tree=16
num_leaves=19
num_cat=1
split_feature=16 2 13 40 13 13 30 16 12 39 5 32 14 18 38 9 43 12
split_gain=236.095 60.4905 76.5294 58.4513 23.4833 16.5802 13.1836 12.9156 14.1203 12.1403 8.22072 7.00422 6.70892 6.47947 2.6882 2.66667 1.3196 0.665092
threshold=0.50972633625981334 0 48.225000000000001 -25.850803019985502 66.63000000000001 99.050000000000011 15.224999999999911 0.33483438043978481 85.635000000000005 -19.054285097436871 0.15500000000000003 0.80801248762570832 154.63500000000002 3605.0000000000005 247.32556689342414 4284.5000000000009 0.49899840369208126 170.73000000000002
decision_type=2 9 2 2 2 2 2 2 2 2 2 2 2 2 2 2 2 2
left_child=1 2 3 7 6 11 12 -1 -9 16 15 13 -2 -3 17 -5 -4 -6
right_child=4 5 9 10 14 -7 -8 8 -10 -11 -12 -13 -14 -15 -16 -17 -18 -19
leaf_value=-0.062574130351443144 -0.59884881819403379 -0.028461537269905132 0.23929322449799512 0.48762260368694776 -1.0749143492063826 -0.70489743687439965 0.042495864015231269 -0.15549208005152673 0.040887509413760223 0.27889528015622422 0.072913854423215435 -0.25833218848396122 -0.50276920085085386 0.30278580375314096 -0.87941160534449847 0.19527918953613199 0.52312201189862551 -2.0652416666668167
leaf_weight=70 46 70 57 60 58 45 48 49 78 41 41 55 42 57 77 40 173 88
leaf_count=70 46 70 57 60 58 45 48 49 78 41 41 55 42 57 77 40 173 88
internal_value=0.000627615 0.0151914 0.0231826 0.00769231 -0.0332869 -0.00696203 -0.0169118 -0.00989848 -0.000393701 0.0433579 0.0322695 -0.000549451 -0.0284091 0.00590551 -0.0432735 0.04 0.0478261 -0.0472603
internal_weight=1195 836 609 338 359 227 136 197 127 271 141 182 88 127 223 100 230 146
internal_count=1195 836 609 338 359 227 136 197 127 271 141 182 88 127 223 100 230 146
cat_boundaries=0 1
cat_threshold=2
is_linear=0
shrinkage=0.05


Tree=17
num_leaves=20
num_cat=1
split_feature=13 47 13 8 13 4 13 12 40 33 13 19 39 12 31 13 11 38 14
split_gain=156.433 128.498 61.2096 56.4225 39.0122 25.472 19.3321 18.9634 12.2697 11.624 9.7796 7.30249 4.40625 3.9369 3.42534 1.9603 0.859001 0.586957 0.0791667
threshold=84.190000000000012 0 41.995000000000005 7589.6598639455797 36.465000000000011 3.5000000000000004 47.360000000000007 83.470000000000013 -65.634644193451024 0.36772773558233091 34.845000000000006 454.99999999999983 -20.669434233401734 172.44500000000002 -162.67499999999993 55.330000000000005 4490.4850000000006 222.98467120181411 83.955000000000013
decision_type=2 1 2 2 2 2 2 2 2 2 2 2 2 2 2 2 2 2 2
left_child=1 2 3 -1 7 -4 -7 -3 -6 13 -5 12 14 -2 -10 16 -8 -15 -17
right_child=9 4 5 10 8 6 15 -9 11 -11 -12 -13 -14 17 -16 18 -18 -19 -20
leaf_value=0.30344749266227339 -1.1159007838317272 -0.015506295258620196 0.24831694940734717 -0.1278068322174129 0.024176193579554008 0.043064578232860244 0.073400609706124789 0.67622016569553001 -0.92005875116639402 -0.32934335695710698 -0.0025284247958837882 -0.20782510379466812 -0.14141979025591961 -2.1095393904696027 -0.37024392640195125 0.492032083188231 0.10955306218314727 -1.6287016354093877 0.50801584950559853
leaf_weight=53 75 79 69 52 40 52 40 48 74 43 40 62 42 75 49 40 42 40 152
leaf_count=53 75 79 69 52 40 52 40 48 74 43 40 62 42 75 49 40 42 40 152
internal_value=0.000385604 0.00952891 0.0253704 -0.00241379 -0.0121827 0.0355696 0.041411 0.0106299 -0.0230337 -0.0362661 -0.026087 -0.027533 -0.0330303 -0.0415789 -0.0378049 0.0467153 0.0402439 -0.0473913 0.0494792
internal_weight=1167 934 540 145 394 395 326 127 267 233 92 227 165 190 123 274 82 115 192
internal_count=1167 934 540 145 394 395 326 127 267 233 92 227 165 190 123 274 82 115 192
cat_boundaries=0 1
cat_threshold=1
is_linear=0
shrinkage=0.05


Tree=18
num_leaves=21
num_cat=0
split_feature=16 30 8 25 12 13 15 12 30 19 16 45 5 16 10 12 25 31 22 13
split_gain=195.841 57.2804 57.2712 48.909 30.6123 22.6335 16.2412 12.2088 19.5975 10.7755 9.28954 8.57137 6.22286 4.98701 5.45455 4.92273 2.0203 2.64077 0.5 0.0772727
threshold=0.50972633625981334 24.30499999999984 6593.1519274376424 415.00000000000006 95.980000000000004 48.045000000000009 85.810000000000045 172.44500000000002 15.224999999999911 55.000000000000007 0.36027350733721469 0.022415152286247554 0.33974358974358976 0.36730858939558125 251.54000000000005 177.84000000000003 520.00000000000034 -188.14499999999975 414.99999999999983 56.705000000000005
decision_type=2 2 2 2 2 2 2 2 2 2 2 2 2 2 2 2 2 2 2 2
left_child=1 3 -3 9 12 -4 -6 8 11 13 -8 16 -5 14 -1 19 -2 -18 -9 -7
right_child=7 2 5 4 6 15 10 18 -10 -11 -12 -13 -14 -15 -16 -17 17 -19 -20 -21
leaf_value=0.061727788727857738 -0.83357012188066548 -0.51904872902795263 0.04561618166544619 -0.18702530914058713 -0.19275911847959359 0.085155479426891043 -0.0024706554995145681 -1.7127078423512652 -0.081319572409262186 -0.0023112323379563204 0.12093368666066358 -0.6465708341817813 -0.21126327606504902 0.1088014588163774 0.65348694219695114 0.45168500516773114 -0.88718903564386009 -0.4357138279595586 -2.486655029664496 0.47909972069561335
leaf_weight=48 44 41 79 69 55 40 42 50 76 42 67 56 67 66 40 40 43 40 40 136
leaf_count=48 44 41 79 69 55 40 42 50 76 42 67 56 67 66 40 40 43 40 40 136
internal_value=0.000635055 0.0138221 0.0297619 0.00302419 -0.00966667 0.0374576 0.00487805 -0.0308023 -0.0252896 0.022449 0.016055 -0.034153 -0.0272059 0.0285714 0.0363636 0.0458333 -0.0413386 -0.036747 -0.0466667 0.0494318
internal_weight=1181 832 336 496 300 295 164 349 259 196 109 183 136 154 88 216 127 83 90 176
internal_count=1181 832 336 496 300 295 164 349 259 196 109 183 136 154 88 216 127 83 90 176
is_linear=0
shrinkage=0.05


Tree=19
num_leaves=21
num_cat=1
split_feature=13 47 12 45 25 13 8 13 61 42 45 10 33 12 14 62 43 19 57 35
split_gain=147.951 113.375 54.328 31.1513 24.8356 22.8593 39.7617 15.2745 12.7722 10.2065 10.1088 10.5639 7.42976 4.95172 4.84098 6.78271 4.18937 0.819512 0.325234 0.251852
threshold=86.955000000000013 0 131.04500000000004 0.012257393031292403 545.00000000000011 51.045000000000009 7589.6598639455797 35.275000000000006 2377.1900000000001 0.99998990790086906 0.0098426548261589513 214.92500000000004 0.25785896539815484 172.44500000000002 134.97500000000002 3072.5200000000004 0.9801175773279317 345.00000000000006 182.80500000000004 0.00026339863753175008
decision_type=2 1 2 2 2 2 2 2 2 2 2 2 2 2 2 2 2 2 2 2
left_child=1 10 3 14 7 -4 -7 -5 -9 13 -1 -12 -6 -2 15 -3 -10 -13 -8 -15
right_child=9 2 5 4 12 6 18 8 16 -11 11 17 -14 19 -16 -17 -18 -19 -20 -21
leaf_value=-0.10480354226129616 -1.1243366025348462 0.058641399291464863 0.025447963063060453 -0.060916201632814616 -0.44590795212389311 -0.0078549351750502039 0.44711012134954187 -0.006683741778504536 0.12750749118235968 -0.32579897763290538 -0.16915290885987402 -0.99763356642522361 -0.12079457639150548 -1.8830198410170107 0.18023525302308291 0.4354256580024416 0.097767178637688343 -0.38258944388227789 0.48321812665504904 -1.6214786633085945
leaf_weight=47 61 40 75 63 56 46 174 58 41 50 42 42 40 68 68 46 40 40 40 40
leaf_count=47 61 40 75 63 56 46 174 58 41 50 42 42 40 68 68 46 40 40 40 40
internal_value=0.00123195 0.00970772 0.0177255 0.00641593 -0.00302013 0.0329851 0.04 0.00693069 0.0161871 -0.0358447 -0.027193 -0.0346774 -0.0239583 -0.041716 0.0246753 0.0325581 0.0290123 -0.045122 0.0490654 -0.0481481
internal_weight=1177 958 787 452 298 335 260 202 139 219 171 124 96 169 154 86 81 82 214 108
internal_count=1177 958 787 452 298 335 260 202 139 219 171 124 96 169 154 86 81 82 214 108
cat_boundaries=0 1
cat_threshold=2
is_linear=0
shrinkage=0.05


Tree=20
num_leaves=22
num_cat=1
split_feature=16 13 8 40 13 16 12 30 47 45 45 36 5 9 57 25 54 35 13 62 13
split_gain=181.642 59.0323 66.0446 34.2284 26.6102 24.682 29.5561 23.9029 16.889 11.8497 13.6013 7.93271 7.67141 6.3204 4.32625 3.82511 3.68111 2.72727 2.35992 1.59091 0.706452
threshold=0.48055164658947636 52.245000000000012 7589.6598639455797 -25.850803019985502 91.200000000000003 0.27919556352963126 105.09000000000002 22.754999999999885 0 0.022415152286247554 0.010247792394664001 0.093884032942059506 0.15500000000000003 4383.2150000000011 87.875000000000014 504.99999999999994 1.0000000180025095e-35 0.077832639699629669 71.230000000000018 4470.7150000000011 58.760000000000005
decision_type=2 2 2 2 2 2 2 2 1 2 2 2 2 2 2 2 2 2 2 2 2
left_child=1 3 -3 5 7 -1 8 9 -7 10 -2 14 13 -5 -10 -8 -12 19 20 -6 -4
right_child=4 2 18 12 17 6 15 -9 11 -11 16 -13 -14 -15 -16 -17 -18 -19 -20 -21 -22
leaf_value=-0.10400675798182811 -0.12805384451927693 -0.16231946345875717 0.096305170530212536 0.76501831159861089 -1.5732883628961662 0.13218175434544471 0.042419642442727029 0.33050129715904819 -0.19995839442850724 -0.1421912244799895 -0.55283419869606176 -0.0053144115996760499 0.039692505987047967 0.10351709693401441 -0.26628236683024786 0.029416605991751266 -0.65196454146227156 -1.0241943909252178 0.71426200132312223 -1.609756725775435 0.43113651129458025
leaf_weight=41 41 58 40 59 70 73 40 48 40 61 43 50 45 44 42 44 59 55 40 40 146
leaf_count=41 41 58 40 59 70 73 40 48 40 61 43 50 45 44 42 44 59 55 40 40 146
internal_value=0.00122986 0.015748 0.0338028 0.00502092 -0.0252998 -0.00393939 0.00121107 -0.0150794 -0.00902439 -0.022549 -0.0304196 -0.019697 0.025 0.0325243 -0.0292683 0.0261905 -0.0401961 -0.0409091 0.0460177 -0.0454545 0.0483871
internal_weight=1179 762 284 478 417 330 289 252 205 204 143 132 148 103 82 84 102 165 226 110 186
internal_count=1179 762 284 478 417 330 289 252 205 204 143 132 148 103 82 84 102 165 226 110 186
cat_boundaries=0 1
cat_threshold=4
is_linear=0
shrinkage=0.05


Tree=21
num_leaves=22
num_cat=1
split_feature=16 30 13 40 36 19 44 59 47 30 32 48 13 8 8 59 21 29 16 57 9
split_gain=186.432 53.0362 33.1606 30.3223 23.6077 20.4186 18.6887 18.461 14.3275 8.58854 11.4875 7.78934 6.89165 5.82547 4.36938 4.19162 6.05138 3.68081 3.44844 0.654446 0.0587629
threshold=0.48055164658947636 25.065000000000058 71.230000000000018 -24.925239231369236 0.15290486591993863 119.99999999999979 0.025092146299971602 2236.4650000000006 0 15.224999999999911 0.81750694159280723 1.0000000180025095e-35 38.680000000000007 7800.0000000000009 5940.6349206349214 2047.1200000000001 1975.0000000000002 244.52000000000001 0.58040207278942268 168.98000000000005 5108.9450000000006
decision_type=2 2 2 2 2 2 2 2 1 2 2 2 2 2 2 2 2 2 2 2 2
left_child=1 3 6 4 13 -3 -2 -7 11 10 -8 -5 -6 14 -1 16 -4 19 -17 -9 -20
right_child=2 5 15 8 12 7 9 17 -10 -11 -12 -13 -14 -15 -16 18 -18 -19 20 -21 -22
leaf_value=-0.30088205374357191 0.29650310936871371 0.012287418316554466 -1.0134393653488636 0.10461140391276139 -0.0058615511742789901 0.016386362998336134 -0.20322246713509254 0.40416363396110078 0.0041761278859121734 0.024138539898325873 -0.52082274794438432 0.33764083673069423 0.094395556575162326 -0.28696359235777896 -0.0025573670260125195 -0.72530797484257725 -0.64792833835609975 0.28024814105706164 -1.3341769376942065 0.41669771723808791 -1.5678014621679646
leaf_weight=44 40 62 42 52 54 40 58 120 57 43 65 62 62 55 49 45 41 44 57 41 40
leaf_count=44 40 62 42 52 54 40 58 120 57 43 65 62 62 55 49 45 41 44 57 41 40
internal_value=0.000980392 0.0161725 -0.025174 0.00494253 -0.00568182 0.0320847 -0.0106796 0.0385714 0.021345 -0.0180723 -0.0247967 0.0315789 0.0112069 -0.0189189 -0.0112903 -0.0384444 -0.0295181 0.0446341 -0.043662 0.0481366 -0.0489691
internal_weight=1173 742 431 435 264 307 206 245 171 166 123 114 116 148 93 225 83 205 142 161 97
internal_count=1173 742 431 435 264 307 206 245 171 166 123 114 116 148 93 225 83 205 142 161 97
cat_boundaries=0 1
cat_threshold=1
is_linear=0
shrinkage=0.05


Tree=22
num_leaves=22
num_cat=2
split_feature=16 16 35 13 51 8 16 49 13 39 17 13 47 42 19 29 8 41 58 14 11
split_gain=166.491 63.5805 43.4895 43.3542 52.9582 26.6138 35.7404 21.5641 21.2947 20.1875 10.2857 9.35567 8.64184 7.63034 6.75514 6.45495 5.43053 3.03729 3.51795 0.237193 0.0733333
threshold=0.45756260527823511 0.27919556352963126 0.17191279358161993 91.955000000000013 0 7589.6598639455797 0.346450175594815 1.0000000180025095e-35 51.245000000000012 -31.44791047669619 4135.0000000000009 47.360000000000007 1 0.94686410272744659 84.999999999999787 -74.000000000000213 5971.8820861678014 0.18090909090909094 175.25000000000003 83.955000000000013 4975.2850000000008
decision_type=2 2 2 2 9 2 2 2 2 2 2 2 1 2 2 2 2 2 2 2 2
left_child=1 -1 5 4 7 6 -3 -2 -7 -4 13 -8 16 -11 -14 -15 -6 18 -5 -10 -21
right_child=3 2 9 17 12 8 11 -9 19 10 -12 -13 14 15 -16 -17 -18 -19 -20 20 -22
leaf_value=-0.051961868350335984 0.44078236154294032 0.34380800032503089 -0.46064913914048572 -1.3328616342667203 -0.13158028857750548 0.026235895830671086 0.1995254801411705 -0.092350467855024265 0.3799212297496084 0.027313631935766483 0.15344137954395753 -0.1472208536856574 -0.7874812502969718 -0.058352906809016641 -0.2399585188126987 0.10222664299224914 -0.53277860031655533 -1.5007746337335508 -0.67749190009284743 0.39116894673096558 0.22541620188964259
leaf_weight=67 52 67 40 65 43 76 44 48 40 45 42 45 52 41 70 40 49 72 40 110 40
leaf_count=67 52 67 40 65 43 76 44 48 40 45 42 45 52 41 70 40 49 72 40 110 40
internal_value=0 0.0157102 0.0206349 -0.0223014 -0.0111465 0.0298578 0.0134615 0.0181818 0.0394737 0.00192308 0.00952381 -0.00730337 -0.0245536 0.00238095 -0.0344262 -0.00679012 -0.0141304 -0.0420904 -0.0366667 0.0484211 0.0493333
internal_weight=1188 697 630 491 314 422 156 100 266 208 168 89 214 126 122 81 92 177 105 190 150
internal_count=1188 697 630 491 314 422 156 100 266 208 168 89 214 126 122 81 92 177 105 190 150
cat_boundaries=0 1 2
cat_threshold=184321 4
is_linear=0
shrinkage=0.05


Tree=23
num_leaves=22
num_cat=1
split_feature=16 13 8 16 16 39 14 13 30 13 47 57 10 13 30 59 58 9 22 36 14
split_gain=167.142 56.4929 70.5616 29.8869 25.8182 21.0021 19.6323 17.2509 13.3491 11.8293 13.3062 10.8533 8.78339 7.78199 7.39662 9.87234 5.95245 3.41398 2.89546 1.11504 0.0772727
threshold=0.50972633625981334 56.705000000000005 7589.6598639455797 0.27919556352963126 0.43348060179786901 -19.302598857117868 125.83499999999999 71.230000000000018 15.224999999999911 37.445000000000007 0 154.84500000000003 229.24500000000003 73.640000000000015 -10.615000000000007 2526.7700000000004 105.67000000000002 3751.3400000000006 394.99999999999994 0.43639398913204086 130.49500000000003
decision_type=2 2 2 2 2 2 2 2 2 2 1 2 2 2 2 2 2 2 2 2 2
left_child=1 3 -3 -1 5 9 -6 8 16 10 -5 12 -11 20 19 -16 -2 -7 -12 -9 -4
right_child=7 2 13 4 6 17 -8 14 -10 11 18 -13 -14 -15 15 -17 -18 -19 -20 -21 -22
leaf_value=-0.053427450799421017 -0.2225449300672187 -0.25046327456417555 0.37405303264052714 0.54664934131812593 0.057894856548379538 0.63431854145376443 -0.35926256785563043 -1.2008250090961601 0.090605577883248953 0.097758494449893998 -0.039081051155270108 -0.0036509841490107498 0.022420661471669403 0.64595772589164668 -0.27862126925147451 -1.0702533605691369 -0.57959700274675807 0.22674932835866557 -0.081305516575659653 -0.92251116784481124 0.37146812582957622
leaf_weight=60 47 70 136 50 79 45 53 63 57 42 42 40 40 40 44 61 46 41 45 50 40
leaf_count=60 47 70 136 50 79 45 53 63 57 42 42 40 40 40 44 61 46 41 45 50 40
internal_value=0.000293871 0.012819 0.0307692 0.00325885 0.00744235 0.0146377 -0.0113636 -0.0277174 -0.0146667 0.00752896 -0.00255474 0.0188525 0.0292683 0.0449074 -0.0366972 -0.0271429 -0.0263441 0.0360465 -0.0143678 -0.0455752 0.0494318
internal_weight=1191 823 286 537 477 345 132 368 150 259 137 122 82 216 218 105 93 86 87 113 176
internal_count=1191 823 286 537 477 345 132 368 150 259 137 122 82 216 218 105 93 86 87 113 176
cat_boundaries=0 1
cat_threshold=4
is_linear=0
shrinkage=0.05


Tree=24
num_leaves=20
num_cat=1
split_feature=16 2 13 12 16 58 16 13 30 18 44 45 40 18 29 16 49 30 19
split_gain=152.532 43.8851 82.0407 31.4162 29.4964 16.8025 16.0379 13.0588 15.5408 12.744 12.1268 8.69286 6.07645 4.87805 4.80903 4.27763 3.74732 0.838095 0.7
threshold=0.51250351110655867 0 59.770000000000003 84.265000000000015 0.26778222529727608 100.43000000000002 0.42018863664967759 91.955000000000013 13.884999999999993 4695.0000000000009 0.039268500141763509 0.022823164682307402 -29.941558525045949 3705.0000000000005 -111.95999999999997 0.33917851593209997 1.0000000180025095e-35 -15.000000000000112 205.00000000000003
decision_type=2 9 2 2 2 2 2 2 2 2 2 2 2 2 2 2 2 2 2
left_child=1 2 3 -1 -5 12 13 8 11 15 -8 -2 -6 -3 -14 -7 17 -9 -4
right_child=7 6 18 4 5 9 10 16 -10 -11 -12 -13 14 -15 -16 -17 -18 -19 -20
leaf_value=-0.1147029930374584 -0.54528814100270329 -0.0062644208246219971 0.40090458724977618 -0.072373374483950467 0.037971785714809317 -0.0062433995788773178 -0.10318762419783452 -1.3831611873039118 0.043834360320466684 0.041307134264261025 -0.59123612060259512 -0.52850961005428554 0.2736893496484209 0.35896391655747872 0.23109602843835786 0.018246773421045966 -1.1153912711321614 -1.2982951542442098 0.3560900259951833
leaf_weight=78 79 41 40 43 42 42 78 44 64 48 61 40 51 41 73 64 62 40 140
leaf_count=78 79 41 40 43 42 42 78 44 64 48 61 40 51 41 73 64 62 40 140
internal_value=0.00166524 0.0129454 0.0195721 0.00827664 0.0144628 0.0196875 -0.00627706 -0.0272036 -0.018306 0.00779221 -0.0169065 -0.0289916 0.0307229 0.0109756 0.0362903 -0.00188679 -0.0383562 -0.0452381 0.0483333
internal_weight=1171 842 621 441 363 320 221 329 183 154 139 119 166 82 124 106 146 84 180
internal_count=1171 842 621 441 363 320 221 329 183 154 139 119 166 82 124 106 146 84 180
cat_boundaries=0 1
cat_threshold=2
is_linear=0
shrinkage=0.05


Tree=25
num_leaves=22
num_cat=1
split_feature=16 13 8 44 45 16 33 10 51 14 16 36 30 16 36 14 20 39 13 13 44
split_gain=129.833 56.0545 64.0612 28.5474 27.2571 20.6079 18.9449 14.652 14.6859 12.5618 11.9334 8.58289 10.2914 6.13739 6.11496 5.60683 5.12925 3.61959 3.33379 1.32764 0.296104
threshold=0.46832222191409484 56.705000000000005 6530.6575963718833 0.019138077686419005 0.010635744643479252 0.28223057904272036 0.021259071568963252 302.16500000000002 0 134.97500000000002 0.53013494337778611 0.077831446509780924 10.274999999999977 0.39558462658805227 0.45675949546115818 123.24499999999999 3585.0000000000005 -22.187097997636531 71.230000000000018 113.78000000000002 0.042954352140629405
decision_type=2 2 2 2 2 2 2 2 9 2 2 2 2 2 2 2 2 2 2 2 2
left_child=1 4 -3 -2 9 -6 13 8 10 15 -5 12 -8 -7 16 -1 -10 -13 20 -9 -4
right_child=3 2 18 7 5 6 11 19 14 -11 -12 17 -14 -15 -16 -17 -18 -19 -20 -21 -22
leaf_value=0.051681185507116645 0.25083176821555137 -0.24695241706354196 0.33815730693404761 0.15652954297098187 -0.070176022602629215 0.010664284668841485 -0.34034195643188037 -0.68673876311158721 -0.61039271578330456 0.029341169491045083 -0.24049025209110431 0.027191412162100238 -0.0090559952964755063 0.062510748649655432 -0.20247096854651137 0.6725977035701074 -0.54646688858454462 -0.012603634578376367 0.59695747903729146 -1.7075554588615409 0.3401250780246845
leaf_weight=44 56 43 114 48 44 67 43 40 70 63 66 44 46 46 40 45 73 46 40 61 40
leaf_count=44 56 43 114 48 44 67 43 40 70 63 66 44 46 46 40 45 73 46 40 61 40
internal_value=4.24088e-05 0.0131724 0.0331224 -0.0209251 0.00348361 -0.00446429 0.000342466 -0.0256281 -0.0200337 0.0210526 -0.00403226 -0.00977654 -0.0207865 0.0163717 -0.0282383 0.0331461 -0.0346154 0.00111111 0.0453608 -0.0420792 0.0487013
internal_weight=1179 725 237 454 488 336 292 398 297 152 114 179 89 113 183 89 143 90 194 101 154
internal_count=1179 725 237 454 488 336 292 398 297 152 114 179 89 113 183 89 143 90 194 101 154
cat_boundaries=0 1
cat_threshold=53571
is_linear=0
shrinkage=0.05


Tree=26
num_leaves=22
num_cat=1
split_feature=16 13 8 13 46 57 13 25 32 30 10 30 37 12 10 11 30 10 10 14 12
split_gain=155.15 50.5734 44.4773 41.0498 34.5956 24.6257 25.037 24.7769 15.6863 15.625 13.932 13.5662 10.2348 9.97794 8.61139 6.47063 4.36337 7.19188 1.07012 1.01018 0.071223
threshold=0.45756260527823511 56.705000000000005 7589.6598639455797 77.430000000000021 0 166.97000000000003 25.425000000000004 425.00000000000006 0.7780151692368894 22.754999999999885 223.93000000000004 12.159999999999856 0.022334795606481554 95.980000000000004 224.70500000000001 3935.7100000000005 -9.810000000000171 326.31500000000005 311.87500000000006 124.88500000000003 166.60500000000005
decision_type=2 2 2 2 1 2 2 2 2 2 2 2 2 2 2 2 2 2 2 2 2
left_child=1 5 -3 4 8 6 -1 15 -2 12 -11 14 -9 -14 -6 -8 19 -18 20 -5 -4
right_child=3 2 18 16 11 -7 7 9 -10 10 -12 -13 13 -15 -16 -17 17 -19 -20 -21 -22
leaf_value=-0.077695739646294018 0.34011652487968386 -0.027432517480409115 0.32101610807196934 -1.1803903890332446 -0.56950079172101442 -0.094435760844931507 0.34543245868185324 0.042253260588682062 -0.018862904102888847 0.76397957510615289 0.0041618029666517847 0.023218256972239629 -0.18950471650523948 0.0031510185940618386 -0.47495501922592642 0.061942839096219698 -0.51507952070520557 -1.1891922000690884 0.33854578175653538 -0.81252998245019892 0.31633938224411201
leaf_weight=44 51 47 99 55 43 43 69 41 51 45 51 42 55 47 76 65 73 44 40 52 40
leaf_count=44 51 47 99 55 43 43 69 41 51 45 51 42 55 47 76 65 73 44 40 52 40
internal_value=0.0011509 0.0164723 0.0358407 -0.0204312 -0.00703422 0.00695652 0.0106715 0.0148794 0.0151786 0.00523013 0.0208333 -0.0207602 -0.00524476 -0.0137255 -0.0306723 0.0320896 -0.0361607 -0.0294872 0.0472067 -0.0434579 0.0492806
internal_weight=1173 686 226 487 263 460 417 373 102 239 96 161 143 102 119 134 224 117 179 107 139
internal_count=1173 686 226 487 263 460 417 373 102 239 96 161 143 102 119 134 224 117 179 107 139
cat_boundaries=0 1
cat_threshold=5
is_linear=0
shrinkage=0.05


Tree=27
num_leaves=20
num_cat=1
split_feature=16 16 2 13 12 44 30 32 20 13 18 16 13 48 34 43 35 32 5
split_gain=126.04 45.7982 63.4075 56.5722 19.1305 15.8922 15.0574 11.4503 14.0956 9.65545 9.42005 7.90028 7.24478 15.5541 10.3568 6.83913 6.15078 11.1288 0.308046
threshold=0.50972633625981334 0.29572351492797955 0 59.625000000000007 83.470000000000013 0.034732066912390107 11.569999999999711 0.84736729125787302 3255.0000000000005 110.33000000000003 1465.0000000000002 0.26295302192150133 45.550000000000004 1.0000000180025095e-35 0.82471238358294607 0.8567317674389926 0.00026339863753175008 0.76332045713356511 0.45804195804195807
decision_type=2 2 9 2 2 2 2 2 2 2 2 2 2 2 2 2 2 2 2
left_child=1 11 3 4 -3 6 -2 8 10 16 -4 -1 13 15 -14 -6 -7 -18 -5
right_child=5 2 7 18 12 9 -8 -9 -10 -11 -12 -13 14 -15 -16 -17 17 -19 -20
leaf_value=-0.079532492962498147 -0.49212284998132055 -0.092372699071906123 0.025730762793355056 0.30027429451482845 0.042815426324807261 -0.7129931824561343 0.17809350536829421 -0.37484746629053761 0.32708077572244804 -1.5780535174228136 -0.32464557803763139 -0.012525633101726941 -0.0080631846126983497 0.62159615502171839 0.029516995993248731 -0.0060891680862858177 0.0043274138219395299 -0.37779296797880718 0.30898898890137289
leaf_weight=43 66 62 54 40 40 54 41 55 68 68 57 40 46 78 65 52 45 76 134
leaf_count=43 66 62 54 40 40 54 41 55 68 68 57 40 46 78 65 52 45 76 134
internal_value=0.00118243 0.0117506 0.0156458 0.0251423 0.0138484 -0.024 -0.00794393 -0.00614754 -0.00027933 -0.03107 -0.0112613 -0.023494 0.019395 0.0258824 0.00945946 0.0119565 -0.0248571 -0.018595 0.0488506
internal_weight=1184 834 751 517 343 350 107 234 179 243 111 83 281 170 111 92 175 121 174
internal_count=1184 834 751 517 343 350 107 234 179 243 111 83 281 170 111 92 175 121 174
cat_boundaries=0 1
cat_threshold=2
is_linear=0
shrinkage=0.05


Tree=28
num_leaves=22
num_cat=3
split_feature=13 30 8 43 47 13 22 21 2 13 10 47 13 33 40 15 14 12 9 13 4
split_gain=93.7005 81.7266 47.2039 33.5099 32.4634 19.9453 19.3427 16.8333 16.5951 11.2148 10.113 9.9986 13.6128 17.6098 8.08328 4.64656 4.61743 4.48656 2.27907 2.06554 0.0699248
threshold=91.200000000000003 25.065000000000058 8341.2698412698428 0.94223956528858832 0 29.135000000000002 263.49000000000007 3695.0000000000005 1 49.195000000000007 224.70500000000001 2 41.660000000000004 0.034775731303242803 -44.36999325185176 106.05999999999999 98.485000000000014 86.125000000000014 3212.0000000000005 51.620000000000012 13.500000000000002
decision_type=2 2 2 2 1 2 2 2 9 2 2 1 2 2 2 2 2 2 2 2 2
left_child=1 2 4 9 7 -6 -5 17 11 -3 -10 12 13 -7 16 -14 -2 -1 -18 -8 -21
right_child=14 3 -4 6 5 8 19 -9 10 -11 -12 -13 15 -15 -16 -17 18 -19 -20 20 -22
leaf_value=-0.25438865786625536 -1.8015325841482424 -0.016006981597226577 -0.69506664086077197 0.041781378389586066 -0.064104078982412202 0.15814342333405593 0.48910397885082041 0.03163659308358046 0.14189555678936713 0.046713855685361773 -0.41367305065632992 0.0078459455031610233 0.090300785287462881 -0.018588251302074803 -0.33769386369494614 0.23897811583231371 -1.1699451652720367 -0.2150870071795736 -0.52879683840259417 0.28962249401892065 0.28591747992755945
leaf_weight=41 45 42 56 64 60 41 46 60 66 53 42 71 40 41 67 77 43 46 43 93 40
leaf_count=41 45 42 56 64 60 41 46 60 66 53 42 71 40 41 67 77 43 46 43 93 40
internal_value=0.00157179 0.00791624 -0.0025741 0.0278107 0.00162393 0.00844749 0.0376543 -0.0187075 0.0126984 0.00263158 -0.00423729 0.0189286 0.0253769 0.0097561 -0.029798 0.0363248 -0.0370229 -0.0327586 -0.0302326 0.0460894 0.0492481
internal_weight=1177 979 641 338 585 438 243 147 378 95 108 270 199 82 198 117 131 87 86 179 133
internal_count=1177 979 641 338 585 438 243 147 378 95 108 270 199 82 198 117 131 87 86 179 133
cat_boundaries=0 1 2 3
cat_threshold=2 2 1
is_linear=0
shrinkage=0.05


Tree=29
num_leaves=22
num_cat=1
split_feature=16 16 12 2 30 25 43 30 12 16 18 58 19 21 16 16 45 16 21 19 11
split_gain=112.142 41.5412 47.1225 45.8168 23.254 23.6128 16.7681 14.2857 14.0032 17.4309 13.3907 11.4848 10.8452 10.6994 10.4378 8.61509 6.55664 4.75152 4.47713 2.96087 0.0738562
threshold=0.51370105887478623 0.26778222529727608 102.14500000000001 0 25.065000000000058 445.00000000000006 0.99698364040050269 13.884999999999993 147.48000000000002 0.3417647857262574 4635.0000000000009 105.53500000000001 45.000000000000007 2595.0000000000005 0.40261400184897561 0.66052808613062131 0.024647273110178353 0.34855095241154649 2860.0000000000005 120.00000000000024 4470.0700000000006
decision_type=2 2 2 9 2 2 2 2 2 2 2 2 2 2 2 2 2 2 2 2 2
left_child=1 -1 4 8 5 12 15 -8 13 -10 -5 19 -3 17 -15 16 18 -4 -2 -7 -11
right_child=6 2 3 10 -6 11 7 -9 9 20 -12 -13 -14 14 -16 -17 -18 -19 -20 -21 -22
leaf_value=-0.063847761339134501 -0.28236973129957771 0.038815080470623813 0.27167413023359244 -0.31426307443753054 0.55904389509896313 -0.60429029879212559 -0.34811813724900315 0.062412121823230304 0.01929276422626143 0.27526806203773208 0.078599536053885546 -0.0066594168011460345 -0.034183094738131706 -0.0025688037091972319 0.13110022485036116 -1.3225966916301286 -0.35021554076386274 0.15789693559597417 -0.55953184599429096 -0.19783008324558016 0.33513803053052416
leaf_weight=51 40 45 48 73 44 42 56 56 44 113 40 64 48 54 50 75 42 40 63 51 40
leaf_count=51 40 45 48 73 44 42 56 56 44 113 40 64 48 54 50 75 42 40 63 51 40
internal_value=0.00173876 0.0113932 0.014196 0.023506 -0.00170068 -0.0076 -0.0228916 -0.00714286 0.031203 0.0413706 -0.00528455 -0.0194268 0.0123656 0.0223958 0.0115385 -0.0309091 -0.0237931 0.0352273 -0.0305825 -0.0306452 0.0493464
internal_weight=1179 847 796 502 294 250 332 112 389 197 113 157 93 192 104 220 145 88 103 93 153
internal_count=1179 847 796 502 294 250 332 112 389 197 113 157 93 192 104 220 145 88 103 93 153
cat_boundaries=0 1
cat_threshold=2
is_linear=0
shrinkage=0.05


Tree=30
num_leaves=22
num_cat=2
split_feature=13 30 8 47 13 13 30 15 51 42 13 45 49 13 5 13 58 14 35 9 13
split_gain=84.7422 76.9176 50.2115 31.5657 31.6263 30.6906 19.3491 16.0745 13.2762 12.9169 12.7286 11.0888 10.1083 13.6542 9.60469 8.43739 7.38538 6.5456 4.75411 3.70408 0.63913
threshold=91.200000000000003 25.065000000000058 8341.2698412698428 0 32.620000000000012 63.725000000000009 49.099999999999916 84.799999999999997 1 0.99998990790086906 52.245000000000012 0.022415152286247554 1.0000000180025095e-35 46.405000000000008 0.45804195804195807 43.545000000000009 120.97000000000001 98.485000000000014 0.00087492288815055016 2533.5650000000001 66.63000000000001
decision_type=2 2 2 1 2 2 2 2 9 2 2 2 2 2 2 2 2 2 2 2 2
left_child=1 2 3 4 -1 6 -3 -6 16 17 -8 15 13 -9 -7 -10 -5 -2 -19 -17 -16
right_child=9 5 -4 8 7 14 10 12 11 -11 -12 -13 -14 -15 20 19 -18 18 -20 -21 -22
leaf_value=-0.048591690255813759 -1.6277249728993699 0.50449846206918336 -0.64503956592790157 -0.064016503697704952 -0.013647835696978828 0.23331600879664871 -0.0090725567429168329 0.010112668107528379 -0.03721995120015216 -0.085711290439797624 0.026090288606593105 0.030180397150845396 0.28876910311635789 0.2333961964336905 0.26150465893584551 -0.19243399955043974 0.1382360905583849 -1.0166276524712026 -0.39376272190812611 -0.19938340799883647 0.4967308942467959
leaf_weight=53 53 41 58 69 45 40 70 65 62 48 40 54 47 60 98 42 41 55 57 56 40
leaf_count=53 53 41 58 69 45 40 70 65 62 48 40 54 47 60 98 42 41 55 57 56 40
internal_value=0.00159129 0.00779817 -0.00214724 0.00218855 0.0148148 0.0275076 0.0109272 0.0232719 -0.00833333 -0.0269953 0 -0.0151786 0.0302326 0.0228 0.041573 -0.0225 0.00583333 -0.0336364 -0.0267857 -0.0316327 0.0478261
internal_weight=1194 981 652 594 270 329 151 217 324 213 110 214 172 125 178 160 110 165 112 98 138
internal_count=1194 981 652 594 270 329 151 217 324 213 110 214 172 125 178 160 110 165 112 98 138
cat_boundaries=0 1 2
cat_threshold=1 168328
is_linear=0
shrinkage=0.05


Tree=31
num_leaves=22
num_cat=1
split_feature=16 13 8 16 40 13 51 22 42 9 36 4 10 39 38 33 12 25 36 12 10
split_gain=105.902 58.722 65.4025 26.7378 22.9709 20.1147 27.3123 14.4559 15.9466 11.1597 9.10305 8.85612 8.2881 6.58986 5.83027 5.30243 4.35897 3.87191 3.37925 3.27913 0.0745223
threshold=0.48055164658947636 56.705000000000005 7589.6598639455797 0.26295302192150133 -25.850803019985502 91.200000000000003 0 275.00000000000006 0.88649063213442425 4383.2150000000011 0.029019242496242655 3.5000000000000004 293.61500000000007 -22.834267028464755 246.88467120181397 0.12159552301578362 185.20000000000002 545.00000000000011 0.35273554968362719 107.70500000000001 283.94000000000005
decision_type=2 2 2 2 2 2 9 2 2 2 2 2 2 2 2 2 2 2 2 2 2
left_child=1 3 -3 -1 7 6 17 -5 18 19 -10 15 -7 -12 -14 -8 20 -2 -9 -6 -4
right_child=5 2 16 4 9 12 11 8 10 -11 13 -13 14 -15 -16 -17 -18 -19 -20 -21 -22
leaf_value=-0.084548627708386559 -0.17148675662239787 -0.10384605731293224 0.24504124062647803 -0.019247569802390486 0.22499584234745404 -0.29443703118241976 0.087886408902479063 0.074777762911306223 -0.056083438663070244 0.006371193351699978 0.028330484899280386 0.28297397724301837 -1.1082534804451789 -0.027768538465840931 -0.80015155735459809 -0.21421325164324864 0.31506757441899752 -0.48332505166796302 0.02098628154100797 0.55054527981151924 0.29324246055975989
leaf_weight=42 42 59 117 72 40 48 40 41 69 46 57 64 77 44 43 46 43 62 40 41 40
leaf_count=42 42 59 117 72 40 48 40 41 69 46 57 64 77 44 43 46 43 62 40 41 40
internal_value=0.0013214 0.0125832 0.0318533 0.00243902 0.006 -0.0187204 -0.00984252 -0.00108359 0.00458167 0.0240157 -0.00411765 0.004375 -0.0321429 0.00544554 -0.0391667 -0.00581395 0.0455 -0.0280702 0.0228395 0.0351852 0.0493631
internal_weight=1173 751 259 492 450 422 254 323 251 127 170 150 168 101 120 86 200 104 81 81 157
internal_count=1173 751 259 492 450 422 254 323 251 127 170 150 168 101 120 86 200 104 81 81 157
cat_boundaries=0 1
cat_threshold=11782
is_linear=0
shrinkage=0.05


Tree=32
num_leaves=23
num_cat=2
split_feature=16 13 40 16 42 13 51 47 4 13 16 58 25 59 57 10 38 20 35 22 13 35
split_gain=109.938 68.8115 33.866 29.5038 24.7302 23.1962 33.0989 21.283 12.511 12.5009 11.0705 9.17507 8.15956 7.75744 7.5911 6.97234 5.4697 4.12491 3.69942 1.07547 0.505923 0.490909
threshold=0.44746074700493749 59.625000000000007 -26.613518858427806 0.29976035755860958 0.91240409207161133 91.200000000000003 0 1 3.5000000000000004 73.640000000000015 0.3501404816370694 86.77500000000002 604.99999999999989 4019.5500000000006 93.935000000000016 293.61500000000007 246.88467120181397 3255.0000000000005 0.25496313829501827 354.99999999999994 45.435000000000009 1.0000000180025095e-35
decision_type=2 2 2 2 2 2 9 1 2 2 2 2 2 2 2 2 2 2 2 2 2 2
left_child=1 3 5 14 10 6 8 -6 -2 19 20 -12 18 17 -1 -7 21 -9 -8 -3 -5 -17
right_child=2 9 -4 4 7 15 12 13 -10 -11 11 -13 -14 -15 -16 16 -18 -19 -20 -21 -22 -23
leaf_value=-0.0049169456398172502 -0.058673817254890896 0.25131804365488686 0.11202153015918635 0.13055352353880267 0.5599787515948188 -0.64492899966737838 -0.13714359637817194 -0.10190662674273264 0.25449276177925079 0.10830418955160499 -0.013820425056617937 0.043606707420710183 -0.4403815844176997 -0.057850767824556115 -0.051292665525815954 -1.4789747689209594 -0.58042685127945193 0.013731512134824975 -0.40687227366592044 0.2325309078511788 0.52301801582094321 -0.66052545663310669
leaf_weight=40 55 43 75 42 64 53 66 44 46 42 41 40 53 46 46 48 44 43 52 112 40 40
leaf_count=40 55 43 75 42 64 53 66 44 46 42 41 40 53 46 46 48 44 43 52 112 40 40
internal_value=0.00234043 0.0162519 -0.0144737 0.00538117 0.0116667 -0.0195842 -0.0102941 -0.000253807 0.0121622 0.0408629 0.0260736 0.012963 -0.0229282 -0.0116541 -0.0209302 -0.0332432 -0.0393939 -0.00287356 -0.0169492 0.0474194 0.0390244 -0.0465909
internal_weight=1175 643 532 446 360 457 272 197 101 197 163 81 171 133 86 185 132 87 118 155 82 88
internal_count=1175 643 532 446 360 457 272 197 101 197 163 81 171 133 86 185 132 87 118 155 82 88
cat_boundaries=0 1 2
cat_threshold=20673 4
is_linear=0
shrinkage=0.05


Tree=33
num_leaves=22
num_cat=1
split_feature=16 13 3 45 44 16 28 48 62 14 43 30 57 14 35 35 25 58 21 17 19
split_gain=85.9199 49.7597 76.522 26.5672 15.8498 15.1475 13.5969 12.3466 11.6708 12.6546 12.9236 9.23462 9.05589 8.82 8.46183 6.68963 8.23259 6.22793 5.74526 3.27805 1.23636
threshold=0.51250351110655867 57.765000000000008 0 0.010635744643479252 0.034732066912390107 0.28223057904272036 2615.7350000000001 1.0000000180025095e-35 5448.9450000000006 129.52500000000006 0.86539681448976657 9.4349999999999472 104.90500000000002 134.12000000000003 0.00026339863753175008 0.10815575219248566 580.00000000000034 151.67500000000004 3535.0000000000005 3635.0000000000005 210.00000000000026
decision_type=2 2 9 2 2 2 2 2 2 2 2 2 2 2 2 2 2 2 2 2 2
left_child=1 3 20 7 11 -5 -4 -1 9 10 17 -2 -12 -9 19 -16 -17 -7 -11 -6 -3
right_child=4 2 6 5 14 8 -8 13 -10 18 12 -13 -14 -15 15 16 -18 -19 -20 -21 -22
leaf_value=0.022041372339305278 -0.36492964649743859 0.27394966503454266 -0.33452413336725889 -0.064625017568759227 -0.47124608702944182 0.06083189014037052 0.065337411573891654 0.496867115029896 -0.048329815628701089 -0.13838499171802368 0.08138024686743435 0.14722203382745744 -0.090908556103213911 0.080952308519630381 -0.18292974901610429 -0.19776808602670679 -0.61268254968400948 0.039337287415576232 -0.003559665101645848 -0.96349726375852374 0.2248658780295906
leaf_weight=71 64 40 48 44 40 49 54 50 49 44 54 40 45 40 49 73 41 48 53 42 136
leaf_count=71 64 40 48 44 40 49 54 50 49 44 54 40 45 40 49 73 41 48 53 42 136
internal_value=0.000596252 0.00939394 0.0266187 0.000639854 -0.0202006 -0.00647668 -0.00892857 0.0177019 -0.00292398 0.000853242 0.00816327 -0.00384615 -0.00454545 0.03 -0.0271429 -0.0205521 -0.027193 0.021134 -0.0139175 -0.0402439 0.0451613
internal_weight=1174 825 278 547 349 386 102 161 342 293 196 104 99 90 245 163 114 97 97 82 176
internal_count=1174 825 278 547 349 386 102 161 342 293 196 104 99 90 245 163 114 97 97 82 176
cat_boundaries=0 1
cat_threshold=2
is_linear=0
shrinkage=0.05


Tree=34
num_leaves=23
num_cat=1
split_feature=16 13 4 16 45 19 39 10 1 14 31 40 44 45 5 9 18 32 28 44 5 9
split_gain=74.0198 67.5761 66.783 29.8018 32.7825 19.3137 16.0987 13.9904 12.3323 13.1877 17.1421 18.0513 10.195 8.24197 7.56597 7.47608 7.06964 4.62704 4.52941 3.2 2.56256 0.0722222
threshold=0.51250351110655867 59.625000000000007 4.5000000000000009 0.2704847281006944 0.0050944757950859504 454.99999999999983 -27.882159582435126 293.61500000000007 0 130.11500000000004 226.79000000000002 -51.348705774722028 0.029061525375673303 0.022319506580664405 0.36181818181818187 4155.0000000000009 3525.0000000000005 0.6667010947240769 3500.0000000000005 0.042954352140629405 0.64852941176470602 4033.5000000000005
decision_type=2 2 2 2 2 2 2 2 1 2 2 2 2 2 2 2 2 2 2 2 2 2
left_child=1 3 6 -1 15 7 -3 12 9 10 11 17 -2 19 -13 -5 -11 -6 -9 -14 21 -4
right_child=5 2 20 4 8 -7 -8 18 -10 16 -12 14 13 -15 -16 -17 -18 -19 -20 -21 -22 -23
leaf_value=-0.048823767917643673 0.052847515538262613 -0.44111828989798207 0.21324417830381226 0.30033535403779665 0.012679497280608132 0.091148446553770954 0.076777248858646993 -0.72319275189296273 -0.42450526280034478 -0.1314657421321225 0.54256967694845093 0.0035322473841128189 -0.47014340420527623 -0.34501079290842007 -0.043043763645037217 0.10331528271764522 -0.0033816818465635559 0.051911173140749091 -1.0907048530383103 -0.25736818191659222 0.20623539667081392 0.3279324297783564
leaf_weight=50 45 43 104 55 41 61 40 44 40 54 47 62 40 68 63 40 69 40 68 40 40 40
leaf_count=50 45 43 104 55 41 61 40 44 40 54 47 62 40 68 63 40 69 40 68 40 40 40
internal_value=0.00041876 0.00869565 0.0294007 -0.00115865 0.00244618 -0.018306 -0.00783133 -0.0234426 -0.00360577 -0.000797872 0.00573123 -0.000485437 -0.015285 -0.0216216 -0.0124 0.0289474 -0.0142276 0.0179012 -0.0375 -0.0325 0.0461957 0.0493056
internal_weight=1194 828 267 561 511 366 83 305 416 376 253 206 193 148 125 95 123 81 112 80 184 144
internal_count=1194 828 267 561 511 366 83 305 416 376 253 206 193 148 125 95 123 81 112 80 184 144
cat_boundaries=0 1
cat_threshold=2
is_linear=0
shrinkage=0.05


Tree=35
num_leaves=21
num_cat=0
split_feature=16 13 4 45 57 25 40 42 13 16 14 22 16 16 35 40 38 30 15 9
split_gain=74.8432 74.4256 62.2188 24.4479 14.3219 15.5178 13.8481 10.4999 8.3003 13.7791 8.08889 9.48225 7.20199 6.07882 6.84639 6.05 4.84375 4.33528 1.93182 1.7088
threshold=0.51912220482029758 62.39500000000001 4.5000000000000009 0.010548222457866451 168.98000000000005 425.00000000000006 -35.264486263875462 0.94176018645277881 28.470000000000002 0.3904152686270021 127.45000000000002 375.00000000000006 0.41154152705050906 0.57575661933513123 0.063158085837273364 -29.941558525045949 238.06850340136035 13.884999999999993 190.69500000000005 3424.1500000000005
decision_type=2 2 2 2 2 2 2 2 2 2 2 2 2 2 2 2 2 2 2 2
left_child=1 3 -3 8 5 -5 13 10 -1 19 11 -7 15 16 -15 -9 -2 -8 -4 -10
right_child=6 2 18 4 -6 7 17 12 9 -11 -12 -13 -14 14 -16 -17 -18 -19 -20 -21
leaf_value=-0.0034832299908897691 -0.53455222695892102 -0.089285525444908198 0.20341390554559952 0.037776260736356898 -0.081518485621126749 -0.021837264445390858 -0.12696136491337137 -0.05586309005889728 0.45700699157651137 -0.0095290384500585357 -0.017000536205798441 0.071289934457482537 -0.34072396565169472 -1.2251651256261979 -0.33410493464315877 0.0097940808148280298 -0.11924801891338355 0.094501929632165638 0.24766113656879069 0.14569291705151635
leaf_weight=40 55 70 136 74 48 56 47 40 46 42 56 54 68 63 78 40 41 43 40 40
leaf_count=40 55 70 136 74 48 56 47 40 46 42 56 54 68 63 78 40 41 43 40 40
internal_value=0.000297366 0.00811765 0.0313008 -0.0013245 -0.00756881 -0.00438144 -0.0200306 -0.00923567 0.014881 0.0210938 -0.00060241 0.00727273 -0.0189189 -0.0263713 -0.0329787 -0.00875 -0.0166667 -0.00333333 0.0471591 0.0325581
internal_weight=1177 850 246 604 436 388 327 314 168 128 166 110 148 237 141 80 96 90 176 86
internal_count=1177 850 246 604 436 388 327 314 168 128 166 110 148 237 141 80 96 90 176 86
is_linear=0
shrinkage=0.05


Tree=36
num_leaves=22
num_cat=2
split_feature=13 13 47 40 57 13 33 32 45 12 47 32 10 30 59 42 9 38 14 18 13
split_gain=62.8746 63.7149 55.019 22.2867 14.3862 12.8403 11.8788 11.7065 11.0921 9.15444 9.12462 7.62017 7.16512 16.5023 6.23192 5.12232 4.43969 4.39151 4.03194 2.75218 0.288889
threshold=91.955000000000013 62.940000000000005 0 -26.613518858427806 155.67500000000004 71.875000000000014 0.036205571866722859 0.69203268064764301 0.025559261606339104 97.645000000000024 1 0.74509594734967932 257.13500000000005 19.289999999999967 2224.3350000000005 0.92551059569421912 4591.0200000000013 262.7212244897965 123.24499999999999 3675.0000000000005 65.715000000000018
decision_type=2 2 1 2 2 2 2 2 2 2 1 2 2 2 2 2 2 2 2 2 2
left_child=1 3 5 4 8 20 18 -4 10 -6 -1 -12 13 16 -8 -10 -5 -13 -2 -19 -3
right_child=6 2 7 12 9 -7 14 -9 15 -11 11 17 -14 -15 -16 -17 -18 19 -20 -21 -22
leaf_value=0.10140448211808931 -1.1557461477782507 0.19314920531934768 0.068713717862824722 -0.01542993104819459 -0.24771265919661653 0.29170191780919613 -0.36815633708305379 -0.31739968791100087 0.058337208953396162 -0.010399829804105132 9.3025704117533089e-05 -0.44230633049879309 0.19354821815782178 0.27246636515849632 0.0085786684949054285 -0.011794632728400024 0.048849820087441459 -0.063139794043137881 -0.63949503307626476 -0.0071523994559270498 0.2319477674203749
leaf_weight=78 59 104 42 61 41 48 41 44 76 67 51 41 65 40 47 40 40 46 49 41 40
leaf_count=78 59 104 42 61 41 48 41 44 76 67 51 41 65 40 47 40 40 46 49 41 40
internal_value=0.00081826 0.00606218 0.026259 -0.00211063 -0.00800416 0.0411458 -0.025 -0.00697674 -0.00335121 -0.0240741 -0.00914397 -0.0153631 0.0116505 0.00531915 -0.0113636 0.00948276 -0.00544554 -0.021875 -0.0361111 -0.0155172 0.0486111
internal_weight=1161 965 278 687 481 192 196 86 373 108 257 179 206 141 88 116 101 128 108 87 144
internal_count=1161 965 278 687 481 192 196 86 373 108 257 179 206 141 88 116 101 128 108 87 144
cat_boundaries=0 1 2
cat_threshold=1 4
is_linear=0
shrinkage=0.05


Tree=37
num_leaves=22
num_cat=2
split_feature=16 13 8 16 45 47 16 44 55 57 57 16 10 32 40 16 5 30 12 35 19
split_gain=63.0252 61.7769 74.9329 30.4242 19.3056 15.1648 14.4825 15.1306 10.6526 12.1849 10.5761 10.4019 16.0985 7.67431 9.07225 6.87687 6.58808 5 4.70142 3.92157 0.645791
threshold=0.50416326849983251 57.765000000000008 7589.6598639455797 0.31093137526343989 0.0046499043913484006 0 0.67619878530836253 0.029061525375673303 1 100.16500000000001 126.80500000000002 0.37664792511496714 217.89500000000004 0.69203268064764301 -36.008054177730678 0.26295302192150133 0.04880952380952381 -19.720000000000027 184.73500000000004 0.0018154717199294502 225.00000000000003
decision_type=2 2 2 2 2 1 2 2 9 2 2 2 2 2 2 2 2 2 2 2 2
left_child=1 3 -3 15 -5 -6 7 -2 11 16 13 -7 -13 -9 -15 -1 -10 -8 20 -12 -4
right_child=6 2 18 4 5 8 17 10 9 -11 19 12 -14 14 -16 -17 -18 -19 -20 -21 -22
leaf_value=-0.073365089556541113 0.19767374420936046 -0.095005345753069029 0.25438635168561613 0.21063029639923903 -0.24790907459278266 -0.02930903859847532 -1.228192752564462 0.094057975350293796 0.10143862307811501 -0.012413471917607355 -0.60752028142245151 -0.022125152935730877 0.025524037781750292 -0.33475096012052996 0.031833389954611845 -0.0082102121277734304 0.52106564096125607 -0.7139069529048071 0.17914794539189022 -0.11660698054441312 0.18290978555753706
leaf_weight=43 52 67 41 79 62 52 40 41 45 49 51 51 46 49 40 59 46 40 44 51 114
leaf_count=43 52 67 41 79 62 52 40 41 45 49 51 51 46 49 40 59 46 40 44 51 114
internal_value=0.0010327 0.00889724 0.0285714 -0.00093985 0.00488372 -0.00014245 -0.0162088 -0.0109155 0.00467128 0.014 -0.0163793 -0.00471698 0.00463918 -0.00692308 -0.0151685 -0.0254902 0.0258242 -0.035 0.0439698 -0.0284314 0.0480645
internal_weight=1162 798 266 532 430 351 364 284 289 140 232 149 97 130 89 102 91 80 199 102 155
internal_count=1162 798 266 532 430 351 364 284 289 140 232 149 97 130 89 102 91 80 199 102 155
cat_boundaries=0 1 2
cat_threshold=2 4
is_linear=0
shrinkage=0.05


Tree=38
num_leaves=20
num_cat=0
split_feature=13 12 16 8 8 27 42 18 29 30 30 16 5 14 10 16 15 13 12
split_gain=69.4175 71.4806 46.2111 43.6236 19.1416 15.2814 11.2394 13.1424 11.1724 11.0166 13.7312 9.52585 10.8377 7.62122 5.70925 5.10771 7.17154 4.99951 0.294737
threshold=90.135000000000005 133.59500000000003 0.33635589481316447 10155.328798185943 6530.6575963718833 375.00000000000006 0.94938273216603153 4660.0000000000009 -152.25500000000002 -18.249999999999996 15.015000000000102 0.31093137526343989 0.47913043478260875 127.78000000000002 333.43000000000006 0.53759865618468539 96.675000000000011 64.895000000000024 175.25500000000002
decision_type=2 2 2 2 2 2 2 2 2 2 2 2 2 2 2 2 2 2 2
left_child=1 3 -3 5 -4 6 8 15 -1 -2 -11 -10 13 -13 -12 16 -8 -6 -19
right_child=9 2 4 -5 17 -7 7 -9 11 10 14 12 -14 -15 -16 -17 -18 18 -20
leaf_value=-0.13582698927916562 -0.85520467301375624 -0.0070757016104884942 0.14145499196639494 -0.68547502696266194 0.041306712402725411 0.25675930529246671 -0.075176939811090512 0.035212755481775583 -0.0039923828483188553 0.035209188929962033 -0.37496799339436326 0.13683934890636262 -0.017711553444698793 0.055042910732965744 -0.65796423984476748 -0.02566455794241658 -0.12358527216943559 0.17457393860551279 0.25752466915496014
leaf_weight=47 74 69 65 51 44 59 74 66 43 43 43 76 40 73 49 50 53 112 40
leaf_count=47 74 69 65 51 44 59 74 66 43 43 43 76 40 73 49 50 53 112 40
internal_value=0.00243382 0.00810811 0.0269697 -0.00174051 0.03659 0.00215146 -0.000574713 -0.00843621 0.0062724 -0.0236842 -0.0151852 0.0107759 0.0156085 0.0218121 -0.026087 -0.0155367 -0.0208661 0.0443878 0.0486842
internal_weight=1171 962 330 632 261 581 522 243 279 209 135 232 189 149 92 177 127 196 152
internal_count=1171 962 330 632 261 581 522 243 279 209 135 232 189 149 92 177 127 196 152
is_linear=0
shrinkage=0.05


Tree=39
num_leaves=23
num_cat=0
split_feature=13 13 8 25 16 31 16 16 13 16 33 31 31 32 33 18 16 22 58 58 16 14
split_gain=58.1998 56.037 60.0572 18.406 16.7339 16.6541 11.0369 11.2929 10.5785 13.9767 9.84588 9.51014 6.83912 6.4271 5.85106 5 4.33099 5.26829 8.15621 3.72731 3.57143 0.298089
threshold=93.52000000000001 62.39500000000001 6530.6575963718833 425.00000000000006 0.45902965356687619 700.65500000000009 0.33483438043978481 0.35644254688538007 46.150000000000006 0.43348060179786901 0.036205571866722859 -144.81999999999991 -123.41500000000016 0.81099307620017747 0.083670954488117774 2235.0000000000005 0.31288461122710559 385.00000000000006 99.320000000000007 93.515000000000015 0.63374898915864775 89.305000000000021
decision_type=2 2 2 2 2 2 2 2 2 2 2 2 2 2 2 2 2 2 2 2 2 2
left_child=1 3 15 6 21 8 -1 -8 9 16 20 14 -9 -12 -10 -3 -5 -18 -19 -13 -2 -4
right_child=10 2 4 5 -6 -7 7 12 11 -11 13 19 -14 -15 -16 -17 17 18 -20 -21 -22 -23
leaf_value=-0.0011999662685859393 -0.73146851566741644 0.013400354402496895 0.15470310652957509 -0.052470536881173181 0.27024879829720477 0.22771757993440975 0.40687496667151302 0.083037954372714315 -0.00075234788164257882 -0.44185439898153045 0.061749022018438793 0.10095252552097751 -0.018284821531394612 -0.32360967816203429 -0.23192393865030736 -0.24671326807941868 -0.043468342692681544 -0.033528362355740998 0.022818759444666142 0.0022993618909394444 -1.1035915532336891 0.1720484915680224
leaf_weight=70 56 40 40 43 40 52 40 51 50 64 40 45 55 41 44 40 41 40 42 56 56 117
leaf_count=70 56 40 40 43 40 52 40 51 50 64 40 45 55 41 44 40 41 40 42 56 56 117
internal_value=0.00253654 0.00752577 0.0265343 -7.21501e-05 0.0413706 -0.00555556 0.012037 0.019863 -0.00882353 -0.016087 -0.0225389 -0.00025641 0.0113208 -0.00925926 -0.0117021 -0.01 -0.00843373 -0.00365854 0.00365854 0.010396 -0.0321429 0.0487261
internal_weight=1163 970 277 693 197 477 216 146 425 230 193 195 106 81 94 80 166 123 82 101 112 157
internal_count=1163 970 277 693 197 477 216 146 425 230 193 195 106 81 94 80 166 123 82 101 112 157
is_linear=0
shrinkage=0.05


Tree=40
num_leaves=22
num_cat=2
split_feature=13 13 8 12 8 57 47 33 13 47 25 15 8 19 35 13 40 8 8 15 40
split_gain=54.2822 63.1978 44.1378 16.675 16.0973 13.5509 10.8224 13.5537 13.0154 18.7652 16.4393 13.9567 10.703 8.22065 8.11189 7.21702 6.82501 3.14558 3.08583 0.8 0.296774
threshold=91.200000000000003 62.39500000000001 6530.6575963718833 146.67000000000002 10155.328798185943 168.98000000000005 0 0.58996836352515947 34.115000000000002 1 604.99999999999989 101.31000000000003 7589.6598639455797 55.000000000000007 0.063158085837273364 47.360000000000007 -34.089136905765649 5971.8820861678014 5901.7913832199547 187.25500000000002 -23.811043264033291
decision_type=2 2 2 2 2 2 1 2 2 1 2 2 2 2 2 2 2 2 2 2 2
left_child=1 4 18 -4 5 6 16 8 9 -8 11 13 14 -10 17 19 -1 -2 -3 -13 -5
right_child=12 2 3 20 -6 -7 7 -9 10 -11 -12 15 -14 -15 -16 -17 -18 -19 -20 -21 -22
leaf_value=0.006770100372621002 -0.81646219325772451 0.010389123729214146 0.17158436111841882 0.15269409331214875 -0.54293061538239429 -0.035121620872212489 -0.028187555667237907 0.23253546103112283 0.081543589193775468 0.17304186410431668 -0.010790479521256635 0.027475336772103565 -0.053617761194869121 -0.0066367615849928455 -0.24860098396843855 0.037270983368235026 -0.17754437968231737 -0.78512912613603081 -0.17484298272636664 0.19163165953306011 0.22597828114509133
leaf_weight=45 49 40 40 115 49 63 67 41 43 44 75 40 61 76 41 42 66 56 42 40 40
leaf_count=45 49 40 40 115 49 63 67 41 43 44 75 40 61 76 41 42 66 56 42 40 40
internal_value=0.00319149 0.00816116 0.0283394 0.0412821 7.23589e-05 0.00218069 0.00457686 0.00790598 0.00526932 -0.00945946 0.010443 0.016805 -0.0200483 0.00462185 -0.0273973 0.0286885 -0.00945946 -0.0347619 -0.00243902 0.0375 0.0487097
internal_weight=1175 968 277 195 691 642 579 468 427 111 316 241 207 119 146 122 111 105 82 80 155
internal_count=1175 968 277 195 691 642 579 468 427 111 316 241 207 119 146 122 111 105 82 80 155
cat_boundaries=0 1 2
cat_threshold=2 1
is_linear=0
shrinkage=0.05


Tree=41
num_leaves=23
num_cat=2
split_feature=36 16 16 51 39 13 57 4 16 51 15 16 22 16 36 9 16 44 16 10 39 30
split_gain=54.8878 37.4486 28.3391 29.1569 22.2375 21.2936 16.5865 15.9377 15.9354 23.7455 19.2364 12.8 10.9191 10.8515 8.72626 8.07668 7.89582 6.52567 5.41242 4.83468 1.92111 0.888889
threshold=-0.4583633510287074 0.50972633625981334 0.31515453410743527 0 -27.088845476954763 64.810000000000016 97.470000000000013 4.5000000000000009 0.68075422712395117 1 100.00000000000001 0.39759321863312286 65.000000000000014 0.35297614676332456 0.44811202358250785 4155.0000000000009 0.37536691297924557 0.04182024383328601 0.27919556352963126 255.93500000000003 -31.395159293604589 233.12000000000015
decision_type=2 2 2 9 2 2 2 2 2 9 2 2 2 2 2 2 2 2 2 2 2 2
left_child=-1 2 15 4 7 12 16 -4 9 10 -3 -9 -6 -14 19 18 -5 -15 -2 -11 -21 -7
right_child=1 8 3 6 5 21 -8 11 -10 14 -12 -13 13 17 -16 -17 -18 -19 -20 20 -22 -23
leaf_value=0.14174033896468732 -0.053375891498851205 -0.18147015945337835 -0.16646144147217848 0.20873252909478235 0.13226776053339534 0.23375355972338349 -0.29009778182262064 -0.0036068736204158294 -0.89249442100395981 -0.47493197566220646 0.23518193627968939 0.13733300437129267 -0.010883319168923045 0.010240044209088583 -0.0060011710692609915 0.0020556006409334303 -0.073644747766393209 0.066791517309214468 -0.0058102368320172683 -0.54069721968311968 -0.051301564512146583 0.20626438607191844
leaf_weight=70 40 55 76 48 56 40 52 40 71 51 55 40 40 74 42 44 79 49 45 42 41 50
leaf_count=70 40 55 76 48 56 40 52 40 71 51 55 40 40 74 42 44 79 49 45 42 41 50
internal_value=0.00275 8.84956e-05 0.00627426 0.010559 0.0169474 0.0250809 -0.00661376 0.00192308 -0.0133053 -0.00804196 0.01 0.0175 0.0166667 0.0101227 -0.0188172 -0.0151163 0.00275591 0.0174797 -0.0241176 -0.0261194 -0.0186747 0.0455556
internal_weight=1200 1130 773 644 465 309 179 156 357 286 110 80 219 163 176 129 127 123 85 134 83 90
internal_count=1200 1130 773 644 465 309 179 156 357 286 110 80 219 163 176 129 127 123 85 134 83 90
cat_boundaries=0 1 2
cat_threshold=254277 37283
is_linear=0
shrinkage=0.05


Tree=42
num_leaves=20
num_cat=2
split_feature=13 30 1 13 4 30 16 47 13 38 43 15 31 21 10 12 38 32 13
split_gain=51.031 69.3181 42.1306 28.3532 23.2038 16.2939 12.8693 15.6915 21.1026 10.5217 11.2481 10.4567 9.00242 8.48702 14.6765 9.17354 4.73568 4.49598 1.1817
threshold=99.050000000000011 25.065000000000058 0 59.625000000000007 4.5000000000000009 320.77499999999992 0.30281220798350422 1 34.845000000000006 209.36537414965997 0.37333311760814231 99.024999999999991 -180.45000000000024 3660.0000000000005 236.06000000000003 87.540000000000006 258.62014739229056 0.84191523599173101 67.365000000000023
decision_type=2 2 1 2 2 2 2 1 2 2 2 2 2 2 2 2 2 2 2
left_child=1 2 6 5 -5 -3 -1 8 -8 -2 -11 -10 -9 14 15 -14 -13 -15 -6
right_child=9 3 -4 4 18 -7 7 12 11 10 -12 16 13 17 -16 -17 -18 -19 -20
leaf_value=-0.011847425691791447 -0.7502057493161548 0.22946398825473791 -0.56999991695605368 0.014372507313816297 0.14180407850942559 -0.0032199923572707959 -0.012843963087661026 -0.21062304700523191 0.042164935933590386 -0.64797270914955551 0.037193350032545071 0.23371169630209107 -0.013665322637720845 0.22504477261565992 -0.21060935112352253 0.25532553166242111 0.051434154883419049 0.0036383159469348448 0.44216756020475101
leaf_weight=60 73 63 57 43 113 78 44 72 59 45 56 54 53 42 69 46 57 50 40
leaf_count=60 73 63 57 43 113 78 44 72 59 45 56 54 53 42 69 46 57 50 40
internal_value=0.00315162 0.0075 -0.00188537 0.0259644 0.0382653 0.00886525 0.0019802 0.0043956 0.0149533 -0.0218391 -0.0113861 0.0229412 -0.00240964 0.00192308 -0.0047619 0.00757576 0.031982 0.0141304 0.0473856
internal_weight=1174 1000 663 337 196 141 606 546 214 174 101 170 332 260 168 99 111 92 153
internal_count=1174 1000 663 337 196 141 606 546 214 174 101 170 332 260 168 99 111 92 153
cat_boundaries=0 1 2
cat_threshold=2 1
is_linear=0
shrinkage=0.05


Tree=43
num_leaves=21
num_cat=2
split_feature=36 40 30 13 13 5 21 13 47 30 38 49 55 21 32 13 43 8 43 40
split_gain=42.0959 51.3373 23.3566 16.4793 23.0156 14.3007 11.0326 10.4844 11.5855 9.42085 7.90885 7.76004 7.57474 12.8674 7.84426 7.41758 5.51071 4.4315 4.371 2.41871
threshold=-0.4583633510287074 -26.613518858427806 22.754999999999885 77.430000000000021 64.245000000000019 0.26969696969696971 4105.0000000000009 34.115000000000002 0 6.1549999999999736 251.52705215419522 1.0000000180025095e-35 1 2035.0000000000002 0.53816822880735293 41.995000000000005 0.99991901044004206 7714.6485260770978 0.99979202030014658 -22.90068267497206
decision_type=2 2 2 2 2 2 2 2 1 2 2 2 9 2 2 2 2 2 2 2
left_child=-1 3 7 4 5 10 16 -3 11 -8 15 -9 14 -14 -5 -2 17 -7 -11 -4
right_child=1 2 19 12 -6 6 9 8 -10 18 -12 -13 13 -15 -16 -17 -18 -19 -20 -21
leaf_value=0.12348057540085372 0.44176931557064453 -0.011219578966954736 0.29681912894056872 -0.84163824466731263 0.14811455501636095 -0.078690685414110284 -0.058789850119227022 0.018883298197940681 -0.01160590147589291 0.027520183916455832 -0.08128342527260593 0.27350756601062581 -0.60103489571607105 0.033710019782009937 -0.4197997072580929 -0.0012739567372540784 -0.025624216462896615 -0.0050584492756289767 -0.0027372251309500939 0.229907104527343
leaf_weight=63 56 57 42 52 76 72 75 47 67 41 58 50 42 73 76 48 49 42 40 44
leaf_count=63 56 57 42 52 76 72 75 47 67 41 58 50 42 73 76 48 49 42 40 44
internal_value=0.00230769 4.51671e-05 0.0174267 -0.006625 -0.0018851 -0.00592516 -0.012069 0.00882353 0.0152439 -0.0025641 0.00617284 0.0262887 -0.0174897 -0.006 -0.0253623 0.0144231 -0.0211656 -0.027193 0.00925926 0.0395349
internal_weight=1170 1107 307 800 557 481 319 221 164 156 162 97 243 115 128 104 163 114 81 86
internal_count=1170 1107 307 800 557 481 319 221 164 156 162 97 243 115 128 104 163 114 81 86
cat_boundaries=0 1 2
cat_threshold=1 36
is_linear=0
shrinkage=0.05


Tree=44
num_leaves=23
num_cat=1
split_feature=36 40 3 8 16 58 8 16 14 25 57 12 62 57 12 30 10 12 57 57 25 59
split_gain=49.943 49.2611 22.5404 21.2728 28.6782 18.223 16.4203 15.8332 14.8754 14.5455 14.5375 14.2791 13.1298 11.0194 10.4 9.22771 6.7196 6.39931 4.68263 4.12162 3.8686 2.9718
threshold=-0.49585490878678656 -26.613518858427806 0 6280.6802721088443 0.37664792511496714 93.915000000000006 11042.539682539684 0.33483438043978481 154.12000000000003 479.99999999999983 151.08500000000001 223.32500000000002 4032.8500000000004 82.170000000000016 104.22000000000001 370.72000000000031 257.87000000000006 119.49000000000002 105.44500000000001 93.675000000000011 454.99999999999994 2986.6250000000005
decision_type=2 2 9 2 2 2 2 2 2 2 2 2 2 2 2 2 2 2 2 2 2 2
left_child=-1 2 3 10 9 -6 11 -3 16 -5 -2 12 13 14 -4 -11 19 -14 -7 -9 -15 -18
right_child=1 7 6 4 5 18 -8 8 -10 15 -12 -13 17 20 -16 -17 21 -19 -20 -21 -22 -23
leaf_value=0.11930649703974652 -0.0096802212868716715 -0.0038297619972021304 0.090713374355692294 -0.037489374671351716 0.0069345234928280602 0.061596617110855671 -0.5956982382802235 0.043790823145839042 -0.010929473466414997 0.0090717959721287791 -0.40724143831513326 -0.68330719822623365 -0.033173970944417645 -0.4262478471452596 -0.42794185107736082 -0.0066327410605001363 0.34502525675315854 0.18061732286362828 0.14824535982494533 0.15974401090332552 -0.17848336676467361 0.20633596288808437
leaf_weight=65 55 62 64 42 54 41 52 55 49 56 41 78 40 40 40 54 49 41 53 45 76 40
leaf_count=65 55 62 64 42 54 41 52 55 49 56 41 78 40 40 40 54 49 41 53 45 76 40
internal_value=0.00276846 0.000310559 -0.00598549 0.00270936 0.00933333 0.025 -0.0137188 0.0176667 0.0235294 -0.00592105 -0.0177083 -0.0104222 -0.00548173 -0.0118182 0 0.00363636 0.0298942 0.0117284 0.0382979 0.021 -0.0224138 0.0398876
internal_weight=1192 1127 827 396 300 148 431 300 238 152 96 379 301 220 104 110 189 81 94 100 116 89
internal_count=1192 1127 827 396 300 148 431 300 238 152 96 379 301 220 104 110 189 81 94 100 116 89
cat_boundaries=0 1
cat_threshold=66
is_linear=0
shrinkage=0.05


Tree=45
num_leaves=23
num_cat=0
split_feature=36 16 8 16 40 8 39 13 38 9 10 13 38 32 9 57 38 4 5 31 40 14
split_gain=50.5019 34.0832 27.0328 20.3687 22.4064 20.7176 16.1052 16.0432 17.6132 12.4457 12.1832 19.815 14.728 9.17047 9.5853 8.86527 7.42207 7.19164 6.36254 4.16667 4.1487 3.72046
threshold=-0.38401115651935014 0.68075422712395117 10155.328798185943 0.2704847281006944 -26.613518858427806 6530.6575963718833 -22.397392929889723 60.530000000000008 281.85631519274381 5173.2600000000011 300.77000000000004 59.295000000000009 184.56522675736963 0.51236044799282954 2010.7800000000002 102.24500000000002 249.99501133786816 5.5000000000000009 0.55277777777777792 -185.68000000000026 -34.634124251295681 130.83000000000001
decision_type=2 2 2 2 2 2 2 2 2 2 2 2 2 2 2 2 2 2 2 2 2 2
left_child=-1 2 3 -2 5 13 10 8 9 21 11 12 -7 -5 16 -8 -15 -9 20 -14 -16 -6
right_child=1 -3 -4 4 7 6 15 17 -10 -11 -12 -13 19 14 18 -17 -18 -19 -20 -21 -22 -23
leaf_value=0.11715591766849372 -0.037791240048141814 -0.71658367524487332 -0.47672309721618583 -0.40387505808569402 0.32782406181711199 -0.022488141875196457 0.0060415753122115114 0.082233654048487814 -0.012655997876695758 -0.010484849638870442 -0.008843678892488693 0.18078270792541906 0.014885042845566954 0.13105905067231155 -0.38051427829710627 -0.039728543148617672 -0.052007802589987363 0.21907369837622054 0.0053719699580494053 0.10335562243231078 -0.1090890620784621 0.05840954335857762
leaf_weight=71 49 73 64 57 58 45 42 41 50 40 42 71 60 68 42 47 45 43 45 40 44 42
leaf_count=71 49 73 64 57 58 45 42 41 50 40 42 71 60 68 42 47 45 43 45 40 44 42
internal_value=0.00207803 -0.000541516 0.00178744 0.003862 0.00553145 0.000462963 0.00878963 0.0175182 0.00947368 0.0185714 0.0151163 0.0199074 0.00931034 -0.00913621 -0.00491803 -0.00955056 0.00575221 0.0357143 -0.0141221 0.02 -0.022093 0.028
internal_weight=1179 1108 1035 971 922 648 347 274 190 140 258 216 145 301 244 89 113 84 131 100 86 100
internal_count=1179 1108 1035 971 922 648 347 274 190 140 258 216 145 301 244 89 113 84 131 100 86 100
is_linear=0
shrinkage=0.05


Tree=46
num_leaves=23
num_cat=1
split_feature=36 16 40 13 51 16 13 61 16 16 21 22 14 34 13 9 36 31 4 39 29 45
split_gain=54.8598 35.1064 22.3086 24.4293 19.5922 15.2051 14.0303 13.8428 11.2489 11.9528 10.6175 9.09768 11.0222 8.05011 8.07832 14.2155 7.62602 7.15319 6.39323 4.55984 3.65015 1.9122
threshold=-0.38401115651935014 0.68075422712395117 -25.850803019985502 60.530000000000008 0 0.4245287752644416 39.395000000000003 4435.9350000000004 0.31096606973497493 0.36027350733721469 4075.0000000000009 215.00000000000003 127.45000000000002 0.9045394986252191 61.195000000000007 2270.0100000000007 0.45675949546115818 -99.575000000000031 7.5000000000000009 -19.72278393792703 -129.15000000000006 0.022059208070710254
decision_type=2 2 2 2 9 2 2 2 2 2 2 2 2 2 2 2 2 2 2 2 2 2
left_child=-1 2 4 8 6 -6 18 16 -4 -10 13 -12 -13 -8 15 -15 17 21 -2 -11 -5 -7
right_child=1 -3 3 20 5 7 10 -9 9 19 11 12 -14 14 -16 -17 -18 -19 -20 -21 -22 -23
leaf_value=0.10589081198720658 -0.0011061488642794381 -0.68075449148262956 -0.008760889985801712 0.067525188486532092 0.050466992822172464 -0.50936267042641514 -0.093455835478792382 -0.54874233923554117 0.31138279082464515 0.030066978175494575 -0.0016917095487180235 0.13115347402535821 0.0071530923732787688 0.068778018883405609 0.10595615980041347 -0.0084258333919542856 0.076256764000678032 -0.017485946809702259 -0.039492465408508481 -0.031958376966630911 0.1964692064929463 -0.54641118217751328
leaf_weight=76 42 71 44 40 71 41 46 50 62 49 43 65 47 43 66 47 45 60 44 41 46 40
leaf_count=76 42 71 44 40 71 41 46 50 62 49 43 65 47 43 66 47 45 60 44 41 46 40
internal_value=0.00233249 -0.00049864 0.00184109 0.0138298 -0.00266667 -0.0121451 0.00408389 -0.0186441 0.00408163 0.0105263 0.00854342 0.0183871 0.0258929 0.000990099 0.00641026 -0.00333333 -0.0123656 -0.0180851 -0.0139535 -0.00111111 0.0360465 -0.0277778
internal_weight=1179 1103 1032 282 750 307 443 236 196 152 357 155 112 202 156 90 186 141 86 90 86 81
internal_count=1179 1103 1032 282 750 307 443 236 196 152 357 155 112 202 156 90 186 141 86 90 86 81
cat_boundaries=0 1
cat_threshold=49987
is_linear=0
shrinkage=0.05


Tree=47
num_leaves=21
num_cat=2
split_feature=30 13 13 31 8 4 16 16 51 7 13 59 47 16 32 59 11 13 32 13
split_gain=45.9583 58.3945 40.1982 30.3808 28.549 19.1543 13.9788 16.2252 13.8712 12.2066 9.02704 20.0546 8.58799 10.0582 7.01954 6.56719 7.06186 6.51231 6.80152 2.79012
threshold=25.065000000000058 99.475000000000009 59.770000000000003 -4.8899999999996444 11042.539682539684 4.5000000000000009 0.66052808613062131 0.30281220798350422 0 1.0000000180025095e-35 45.930000000000007 2152.4700000000007 1 0.53759865618468539 0.81750694159280723 1869.4850000000004 3902.6650000000004 41.995000000000005 0.60206983342532083 67.365000000000023
decision_type=2 2 2 2 2 2 2 2 9 2 2 2 1 2 2 2 2 2 2 2
left_child=4 2 3 -2 6 -4 7 -1 9 10 15 -12 13 -10 17 -9 -17 -14 -19 -7
right_child=1 -3 5 -5 -6 19 -8 8 12 -11 11 -13 14 -15 -16 16 -18 18 -20 -21
leaf_value=-0.018952426360801945 -0.0080227400079131549 -0.54199276740867652 0.025241724137463908 0.42547852670703468 -0.53714986877712811 0.10303964245347519 -0.52425803012609684 0.071655440464541226 -0.2042733154113614 0.2211950686476814 -0.022393904951710831 0.14732254512973472 0.15911593350905806 -0.0056620009594741567 -0.14862965864185471 -0.013868081316126248 0.00092202628236570661 -0.2585950607453088 0.061027983422867929 0.34434842859334297
leaf_weight=55 74 71 43 64 57 113 72 42 47 56 64 69 45 41 48 43 49 40 48 49
leaf_count=55 74 71 43 64 57 113 72 42 47 56 64 69 45 41 48 43 49 40 48 49
internal_value=0.00176471 0.0152174 0.0237609 0.00289855 -0.00541237 0.0378049 -0.0027121 -0.000386399 0.00202703 0.00885886 0.00468165 0.0139098 -0.0062724 -0.0193182 -0.000276243 -0.00447761 -0.0119565 0.0056391 -0.00227273 0.045679
internal_weight=1190 414 343 138 776 205 719 647 592 323 267 133 269 88 181 134 92 133 88 162
internal_count=1190 414 343 138 776 205 719 647 592 323 267 133 269 88 181 134 92 133 88 162
cat_boundaries=0 1 2
cat_threshold=254273 2
is_linear=0
shrinkage=0.05


end of trees

feature_importances:
base_ovl=131
base_ovl_ratio=125
base_pre=40
base_pre_to_expected_ms=40
wav_duration_ms=37
base_cons_gap=32
energy_mean=31
base_cons=28
voicing_class=27
row_ratio_in_wav=25
db_min=25
spectral_flux_mean=24
base_offset=22
row_index_in_wav=21
valley_dist_from_cutoff_ms=20
prev_base_pre=20
curr_phone_len_ms=18
syllable_len_ms=18
energy_slope_pre=17
alias_type=16
base_cut_gap=16
db_mean=16
energy_slope_post=14
curr_vowel_len_ms=12
zcr_mean=12
next_base_pre=12
curr_vowel_end_ms=11
base_cutoff_to_next_anchor_ms=11
energy_min=11
curr_phone_end_ms=10
base_offset_to_expected_ms=9
f0_voicing_near_pre=9
vowel_class=9
prev_base_offset=9
f0_voicing_mean=8
is_tense=8
base_cutoff_abs=7
is_diphthong=7
alias_group=5
next_base_cutoff_abs=5
curr_phone_start_ms=4
curr_vowel_start_ms=4
expected_anchor_ms=4
prev_alias_type=3
prev_base_cutoff_abs=3
format_type=2
energy_max=2
valley_energy=2
is_tail_row=1
syllable_start_ms=1
next_phone_gap_ms=1
db_silence_ratio=1
onset_class=1
is_nasal_or_sonorant=1
next_base_offset=1

parameters:
[boosting: gbdt]
[objective: regression_l1]
[metric: l1]
[tree_learner: serial]
[device_type: cpu]
[data_sample_strategy: bagging]
[data: ]
[valid: ]
[num_iterations: 500]
[learning_rate: 0.05]
[num_leaves: 31]
[num_threads: 0]
[seed: 0]
[deterministic: 0]
[force_col_wise: 0]
[force_row_wise: 0]
[histogram_pool_size: -1]
[max_depth: -1]
[min_data_in_leaf: 40]
[min_sum_hessian_in_leaf: 0.001]
[bagging_fraction: 0.85]
[pos_bagging_fraction: 1]
[neg_bagging_fraction: 1]
[bagging_freq: 1]
[bagging_seed: 3]
[bagging_by_query: 0]
[feature_fraction: 0.85]
[feature_fraction_bynode: 1]
[feature_fraction_seed: 2]
[extra_trees: 0]
[extra_seed: 6]
[early_stopping_round: 0]
[early_stopping_min_delta: 0]
[first_metric_only: 0]
[max_delta_step: 0]
[lambda_l1: 0]
[lambda_l2: 0]
[linear_lambda: 0]
[min_gain_to_split: 0]
[drop_rate: 0.1]
[max_drop: 50]
[skip_drop: 0.5]
[xgboost_dart_mode: 0]
[uniform_drop: 0]
[drop_seed: 4]
[top_rate: 0.2]
[other_rate: 0.1]
[min_data_per_group: 100]
[max_cat_threshold: 32]
[cat_l2: 10]
[cat_smooth: 10]
[max_cat_to_onehot: 4]
[top_k: 20]
[monotone_constraints: ]
[monotone_constraints_method: basic]
[monotone_penalty: 0]
[feature_contri: ]
[forcedsplits_filename: ]
[refit_decay_rate: 0.9]
[cegb_tradeoff: 1]
[cegb_penalty_split: 0]
[cegb_penalty_feature_lazy: ]
[cegb_penalty_feature_coupled: ]
[path_smooth: 0]
[interaction_constraints: ]
[verbosity: -1]
[saved_feature_importance_type: 0]
[use_quantized_grad: 0]
[num_grad_quant_bins: 4]
[quant_train_renew_leaf: 0]
[stochastic_rounding: 1]
[linear_tree: 0]
[max_bin: 255]
[max_bin_by_feature: ]
[min_data_in_bin: 3]
[bin_construct_sample_cnt: 200000]
[data_random_seed: 1]
[is_enable_sparse: 1]
[enable_bundle: 1]
[use_missing: 1]
[zero_as_missing: 0]
[feature_pre_filter: 1]
[pre_partition: 0]
[two_round: 0]
[header: 0]
[label_column: ]
[weight_column: ]
[group_column: ]
[ignore_column: ]
[categorical_feature: 0,1,2,3,46,47,50,51,52,53,55,56]
[forcedbins_filename: ]
[precise_float_parser: 0]
[parser_config_file: ]
[objective_seed: 5]
[num_class: 1]
[is_unbalance: 0]
[scale_pos_weight: 1]
[sigmoid: 1]
[boost_from_average: 1]
[reg_sqrt: 0]
[alpha: 0.9]
[fair_c: 1]
[poisson_max_delta_step: 0.7]
[tweedie_variance_power: 1.5]
[lambdarank_truncation_level: 30]
[lambdarank_norm: 1]
[label_gain: ]
[lambdarank_position_bias_regularization: 0]
[eval_at: ]
[multi_error_top_k: 1]
[auc_mu_weights: ]
[num_machines: 1]
[local_listen_port: 12400]
[time_out: 120]
[machine_list_filename: ]
[machines: ]
[gpu_platform_id: -1]
[gpu_device_id: -1]
[gpu_use_dp: 0]
[num_gpu: 1]

end of parameters

pandas_categorical:[["korean"], ["cvc", "cvvc"], ["br", "cv", "cv_head", "mono", "vc", "vcv", "vv"], ["br", "cv", "cv_glide", "cv_head", "cv_head_glide", "mono", "vc_other", "vc_sonorant", "vc_stop", "vcv", "vv"], ["other", "plosive", "sibilant", "sonorant"], ["unknown", "voiced", "voiceless"], ["liquid", "nasal", "none", "other", "stop"], ["", "a", "e", "eo", "eu", "eui", "i", "o", "u", "wa", "we", "weo", "wi", "ya", "ye", "yeo", "yo", "yu"], ["head", "mid", "tail"], ["", "vc", "vcv", "vv"], ["", "br", "cv", "cv_head", "mono", "vc", "vcv", "vv"], [""]]
