tree
version=v4
num_class=1
num_tree_per_iteration=1
label_index=0
max_feature_idx=61
objective=regression_l1
feature_names=language format_type alias_type row_index_in_wav row_ratio_in_wav is_head_row is_tail_row wav_duration_ms base_offset base_cons base_cutoff_abs base_pre base_ovl base_cons_gap base_cut_gap base_ovl_ratio curr_phone_start_ms curr_phone_end_ms curr_phone_len_ms curr_vowel_start_ms curr_vowel_end_ms curr_vowel_len_ms syllable_start_ms syllable_end_ms syllable_len_ms prev_phone_gap_ms next_phone_gap_ms expected_anchor_ms base_offset_to_expected_ms base_pre_to_expected_ms base_cutoff_to_next_anchor_ms energy_mean energy_min energy_max energy_slope_pre energy_slope_post valley_energy valley_dist_from_cutoff_ms db_mean db_min db_silence_ratio f0_voicing_mean f0_voicing_near_pre zcr_mean spectral_flux_mean onset_class voicing_class is_tense is_diphthong coda_type vowel_class mora_position bridge_type is_nasal_or_sonorant prev_alias_type next_alias_type prev_base_pre next_base_pre prev_base_offset next_base_offset prev_base_cutoff_abs next_base_cutoff_abs
feature_infos=none -1:1:0 -1:1:5:2:4:6:3 [0:21] [0:1] [0:1] [0:1] [0:11276.190476190475] [0:10953.969999999999] [49:559.60000000000002] [206.53999999999999:11240.459999999999] [0:360] [0:221.97999999999999] [8.0099999999999909:311.23000000000002] [11.999999999999972:4192.04] [0:0.70374762808349145] [0:10530] [0:11133.969999999999] [0:5940] [0:10530] [0:11133.969999999999] [0:4600] [0:10030] [0:11133.969999999999] [0:5940] [0:2470] [0:4780] [0:10530] [-5578.0900000000001:3585.9400000000001] [-5456.5799999999999:3713.0599999999999] [-5318.4700000000003:5092.9400000000005] [0:1] [0:1] [0:1] [-0.99241356527548363:1] [-0.9810905406725664:1] [0:1] [-17.95875283446685:4270.606099773242] [-83.711279460848644:0] [-91.168690943174482:0] [0:1] [0:1] [0:1] [0:0.47383720930232559] [0:0.26927139400061839] -1:0:1:3:2 -1:0:1:2 [0:1] [0:1] -1:2:3:1:4:0 -1:0:1:4:3:5:8:10:7:15:11:6:13:17:19:16:12:14:18 -1:1:0:2 -1:0:2:1:3 [0:1] -1:2:6:3:0:5:7:4 none [0:360] [0:360] [0:10953.969999999999] [0:10953.969999999999] [0:11240.459999999999] [0:11240.459999999999]
tree_sizes=2677 2760 2756 2702 2703 2741 2709 2710 2744 2741 2753 2757 2746 2751 2726 2760 2757 2734 2776 2741 2775 2730 2752 2788 2761 2767 2749

Tree=0
num_leaves=31
num_cat=3
split_feature=7 7 12 3 1 9 39 49 4 7 50 32 11 9 21 8 42 30 12 7 28 28 21 15 56 34 17 3 11 15
split_gain=1992.96 555.253 551.769 273.89 213.166 240.731 180.781 105.829 47.3533 41.5382 33.6328 32.7864 32.3823 32.1485 35.9774 29.5544 25.796 20.9287 14.0371 12.1754 7.16561 6.84682 5.4944 5.3649 5.09144 4.88912 4.64118 4.12225 3.56617 3.10955
threshold=6030.7029478458053 5780.7256235827672 79.495000000000019 8.5000000000000018 0 256.41000000000003 -40.812041621560724 1 0.46410256410256417 2468.526077097506 2 0.59243556424584021 210.67000000000002 221.11500000000004 414.99999999999983 579.75000000000011 0.99995265706127023 -289.42500000000013 46.705000000000005 11042.539682539684 -229.99999999999986 -125.99999999999976 550.00000000000023 0.42832828718341803 227.34500000000003 0.095705584969441607 9435.0000000000018 3.5000000000000004 198.37000000000003 0.430566434758342
decision_type=2 2 2 2 1 2 2 1 2 2 9 2 2 2 2 2 2 2 2 2 2 2 2 2 2 2 2 2 2 2
left_child=1 6 4 7 10 17 9 8 16 -1 13 21 -5 14 -2 -8 29 -6 -13 -19 -17 -7 -9 -15 -3 -21 -27 -26 -12 -4
right_child=2 24 3 12 5 11 15 22 -10 -11 28 18 -14 23 -16 20 -18 19 -20 25 -22 -23 -24 -25 27 26 -28 -29 -30 -31
leaf_value=10.159499990940095 -6.1300000548362732 10.159499990940095 6.3770002961158756 0.7679998993873598 -4.2839999556541439 -1.6625000357627868 -5.1384000182151794 -15.840500009059907 -10.191249978542327 -14.606599938869477 -15.802000558376314 -4.0894999861717221 5.6834997773170475 -10.619000375270844 3.2499998688697822 -15.840500009059907 -2.9791000127792358 -5.3679999709129333 -1.5672500014305113 -10.434999978542329 -11.646849954128266 0.40949999094009426 -15.840500009059907 -15.040000283718109 10.159499990940095 -4.7105000853538517 -7.0009999632835394 10.159499990940095 -8.9762999892234809 4.8782499909400947
leaf_weight=97 41 1725 41 49 44 79 51 65 50 42 1492 41 320 47 47 42 79 45 48 220 194 107 134 85 40 59 44 41 48 48
leaf_count=97 41 1725 41 49 44 79 51 65 50 42 1492 41 320 47 47 42 79 45 48 220 194 107 134 85 40 59 44 41 48 48
internal_value=-2.98978 -2.95344 -3.01487 -2.97842 -3.02658 -3.00295 -3.00479 -3.00619 -2.98167 -2.95799 -3.0358 -2.96673 -2.94705 -3.01348 -2.99114 -3.02746 -2.96857 -3.02714 -2.99169 -3.03103 -3.03492 -2.95478 -3.03139 -3.03015 -2.94133 -3.03443 -3.02544 -2.95358 -3.03852 -2.95011
internal_weight=5465 2232 3233 786 2447 687 426 417 218 139 1760 275 369 220 88 287 168 412 89 368 236 186 199 132 1806 323 103 81 1540 89
internal_count=5465 2232 3233 786 2447 687 426 417 218 139 1760 275 369 220 88 287 168 412 89 368 236 186 199 132 1806 323 103 81 1540 89
cat_boundaries=0 1 2 3
cat_threshold=2 8 1
is_linear=0
shrinkage=1


Tree=1
num_leaves=31
num_cat=1
split_feature=7 7 2 3 14 11 7 9 24 18 24 9 57 20 28 33 9 13 15 15 7 37 30 15 24 11 20 15 30 29
split_gain=1947.95 594.323 496.773 278.35 236.906 176.045 89.3061 109.876 86.7394 66.1589 86.1566 64.5656 62.9672 35.3243 33.82 21.5537 21.8698 20.9903 19.0937 18.828 18.7059 11.6255 9.08364 7.00142 6.69117 6.35928 6.2875 5.81949 4.58333 4.41686
threshold=6030.7029478458053 5780.7256235827672 0 8.5000000000000018 56.519999999999989 210.67000000000002 9967.8458049886631 256.41000000000003 1045.0000000000002 595.00000000000011 445.00000000000006 208.68000000000004 195.90500000000003 1395.0000000000002 -50.289999999999957 0.99997279447757093 278.75500000000005 154.13500000000002 0.40882916726062762 0.41806657128483554 8717.9591836734708 271.30297052154157 -49.794999999999838 0.50883267647721364 64.999999999999787 83.315000000000012 1085.0000000000002 0.4737182094633775 -260.0199999999997 -215.36499999999998
decision_type=2 2 9 2 2 2 2 2 2 2 2 2 2 2 2 2 2 2 2 2 2 2 2 2 2 2 2 2 2 2
left_child=1 4 3 9 -1 8 -4 18 14 10 24 -6 13 -12 15 -5 -17 -9 25 21 -11 -15 -14 -22 -2 -8 -3 -13 -10 -28
right_child=2 26 6 5 11 -7 7 17 28 20 12 27 22 19 -16 16 -18 -19 -20 -21 23 -23 -24 -25 -26 -27 29 -29 -30 -31
leaf_value=12.492025000452996 -12.207974999547005 12.492025000452996 -11.257524941563608 3.6501499241590505 12.492025000452996 8.3672749775648114 -1.7973625212907791 -0.4303749972581864 5.9279998844861987 -12.207974999547005 -9.5870500117540356 -10.538774865269662 8.8609000462293626 0.11743749618530273 -5.7799996119737633 -1.5308749324083328 0.31236249148845674 2.7385250157117849 -1.2434000140428543 1.7377399662137032 -2.1745250922441484 -1.9580875116586682 5.8127376621961595 -10.256587403416635 -11.352050164341927 -7.9767500621080405 12.492025000452996 -10.235341275334358 4.1138876599073413 12.492025000452996
leaf_weight=105 107 45 1348 42 40 320 40 52 48 264 49 253 64 68 83 60 45 67 53 50 41 40 41 45 53 187 40 40 40 1729
leaf_count=105 107 45 1348 42 40 320 40 52 48 264 49 253 64 68 83 60 45 67 53 50 41 40 41 45 53 187 40 40 40 1729
internal_value=0.000192343 0.0358348 -0.0248363 -0.00312925 -0.0164384 0.0216301 -0.0427149 -0.0221805 -0.00471698 -0.0223844 -0.0101695 -0.0370871 0.00512821 -0.0108696 -0.0208696 -0.00646259 -0.0185714 0.0180672 -0.0392857 0.000632911 -0.0388571 -0.0111111 0.0366667 -0.0186047 -0.04 -0.0455947 0.0484564 -0.0452218 0.0375 0.0489259
internal_weight=5459 2252 3207 1460 438 638 1747 399 318 822 472 333 312 207 230 147 105 119 280 158 350 108 105 86 160 227 1814 293 88 1769
internal_count=5459 2252 3207 1460 438 638 1747 399 318 822 472 333 312 207 230 147 105 119 280 158 350 108 105 86 160 227 1814 293 88 1769
cat_boundaries=0 1
cat_threshold=44
is_linear=0
shrinkage=0.05


Tree=2
num_leaves=31
num_cat=2
split_feature=7 7 12 3 14 1 9 44 11 13 48 4 50 13 11 48 13 13 42 20 41 58 13 8 7 15 15 11 40 20
split_gain=2056.01 539.638 507.317 280.745 252.015 218.34 222.652 79.5839 60.0048 45.3402 46.139 32.8143 32.4612 46.7708 31.2393 22.2181 33.8652 18.4224 8.47227 7.98496 7.59138 7.17263 7.03715 4.85367 3.52906 3.52019 3.28477 3.16025 2.96406 2.36015
threshold=6030.7029478458053 5780.7256235827672 79.495000000000019 8.5000000000000018 73.980000000000032 0 257.29000000000002 0.020974590485079353 86.980000000000004 129.22500000000005 1.0000000180025095e-35 0.13809523809523808 1 77.590000000000018 210.67000000000002 1.0000000180025095e-35 157.00500000000002 95.115000000000052 0.18104210140184404 1085.0000000000002 0.81180000506896077 9926.5750000000025 72.000000000000014 747.68000000000018 8717.9591836734708 0.40109742864260928 0.42832828718341803 198.37000000000003 0.92365967365967383 5265.0000000000009
decision_type=2 2 2 2 2 1 2 2 2 2 2 2 9 2 2 2 2 2 2 2 2 2 2 2 2 2 2 2 2 2
left_child=1 4 5 7 -1 12 9 11 -6 25 -11 -4 13 -2 -5 18 -17 22 -8 -3 -13 -12 -9 -10 -22 -7 -15 -14 -16 -21
right_child=2 19 3 14 8 6 15 17 23 10 21 20 27 26 28 16 -18 -19 -20 29 24 -23 -24 -25 -26 -27 -28 -29 -30 -31
leaf_value=11.867423750430346 3.2193674340546132 11.867423750430346 -0.0083231994584202617 3.6005925240814687 11.867423750430346 -7.052412833660842 1.3836437478363515 2.7648262901008129 -11.750317099541427 3.5548929472267634 -0.58313751170039174 -8.8354560360610499 -11.390473889797926 -8.835201524227859 7.9699611096680165 -0.62900936138629915 2.4595175185501574 -5.0520332475602636 3.8239249108135698 11.867423750430346 -11.597576249569656 -2.9122749371230605 7.6296050744354735 -11.677313445061447 -9.8239830240905306 -4.533579924076796 -11.637601235836746 -4.3443088907897476 5.4429612546265131 11.867423750430346
leaf_weight=116 78 45 62 49 40 243 43 42 58 47 45 49 1513 49 268 77 70 43 74 1693 143 42 49 214 40 41 89 52 42 92
leaf_count=116 78 45 62 49 40 243 43 42 58 47 45 49 1513 49 268 77 70 43 74 1693 143 42 49 214 40 41 89 52 42 92
internal_value=0.000108932 0.0367582 -0.0253538 0.00959339 -0.013785 -0.0365205 -0.0124633 -0.017757 -0.0371795 -0.0351675 -0.011194 -0.0323129 -0.0457327 -0.0234513 0.0422006 0.0234848 0.0105442 0.0141791 0.0397436 0.0485792 -0.0409483 -0.0327586 0.0269231 -0.0455882 -0.0456284 -0.0464789 -0.042029 -0.0483492 0.0480645 0.0491036
internal_weight=5508 2258 3250 787 428 2463 682 428 312 418 134 294 1781 216 359 264 147 134 117 1830 232 87 91 272 183 284 138 1565 310 1785
internal_count=5508 2258 3250 787 428 2463 682 428 312 418 134 294 1781 216 359 264 147 134 117 1830 232 87 91 272 183 284 138 1565 310 1785
cat_boundaries=0 1 2
cat_threshold=2 1
is_linear=0
shrinkage=0.05


Tree=3
num_leaves=31
num_cat=5
split_feature=7 12 7 3 14 1 9 49 12 11 4 50 9 14 42 50 12 14 48 46 59 41 16 9 7 38 56 18 40 9
split_gain=1935.2 562.076 526.523 272.366 239.38 225.249 225.629 95.9543 50.0072 33.864 30.0436 28.1184 31.898 28.5497 27.1925 26.087 21.1016 20.6742 28.7819 13.4876 12.9941 11.4628 7.99325 4.94035 4.82166 13.322 4.06066 3.45714 3.1859 2.30211
threshold=6030.7029478458053 79.495000000000019 5780.7256235827672 8.5000000000000018 56.519999999999989 0 248.30000000000004 1 23.370000000000001 210.67000000000002 0.46410256410256417 2 221.11500000000004 101.41500000000002 0.97471417324591381 3 53.290000000000006 68.17000000000003 1.0000000180025095e-35 4 2938.0000000000005 0.9969501638769388 905.00000000000011 230.05500000000004 4718.321995464853 -31.977645668330862 229.94500000000002 90.000000000000128 0.85857142857142865 258.89500000000004
decision_type=2 2 2 2 2 1 2 1 2 2 2 9 2 2 2 9 2 2 2 1 2 2 2 2 2 2 2 2 2 2
left_child=2 5 4 7 -1 11 17 10 -6 -5 14 12 13 -2 27 16 -8 -7 -19 -17 -16 -9 -4 -20 25 -10 -24 -3 -11 -14
right_child=1 3 22 9 8 6 15 21 24 28 -12 -13 29 -15 20 19 -18 18 23 -21 -22 -23 26 -25 -26 -27 -28 -29 -30 -31
leaf_value=11.274052562908828 -2.8549684341385961 8.351198136299848 11.274052562908828 2.6969016425177457 11.274052562908828 -7.1217915511086591 -1.0189463845431805 -8.9321834478810427 -10.785125644989312 7.7627380785986793 -5.6708339437678461 -10.803450271601974 -10.816119882388413 5.4706315185591583 -6.564488674987853 1.337819669084251 1.7530147340759634 0.69949876007884759 -4.2965185625985258 2.4339287683174016 4.0824142816618085 -11.017697437091172 11.274052562908828 -1.769450066561997 -11.306853086777032 -1.905853254623711 11.274052562908828 6.7772975158736104 5.3743133673712613 -9.4151273010209202
leaf_weight=112 40 48 53 46 40 197 73 50 43 284 43 1540 55 45 43 62 45 49 76 119 40 158 1672 44 117 123 56 42 52 72
leaf_count=112 40 48 53 46 40 197 73 50 43 284 43 1540 55 45 43 62 45 49 76 119 40 158 1672 44 117 123 56 42 52 72
internal_value=0.000358522 -0.0243717 0.0363267 0.0117866 -0.0129885 -0.0364295 -0.0116541 -0.0158019 -0.0348297 0.0424084 0.0079646 -0.0458333 -0.0243243 -0.00176471 0.0176301 0.0205686 0.00078125 -0.0379781 -0.0251479 0.0316754 -0.00301205 -0.0389908 0.0483717 -0.0383333 -0.0422261 -0.036747 0.0489583 0.0366667 0.0479167 -0.0413386
internal_weight=5439 3223 2216 806 435 2417 665 424 323 382 216 1752 212 85 173 299 118 366 169 181 83 208 1781 120 283 166 1728 90 336 127
internal_count=5439 3223 2216 806 435 2417 665 424 323 382 216 1752 212 85 173 299 118 366 169 181 83 208 1781 120 283 166 1728 90 336 127
cat_boundaries=0 1 2 3 4 5
cat_threshold=2 8 1 387136 4
is_linear=0
shrinkage=0.05


Tree=4
num_leaves=31
num_cat=5
split_feature=2 17 49 13 24 54 4 3 9 1 48 9 54 3 9 9 15 12 18 8 12 9 30 13 61 18 22 28 30 30
split_gain=752.213 405.141 330.346 340.55 311.252 248.932 246.566 240.91 156.837 118.906 116.741 86.2304 52.397 56.25 49.71 48.877 44.4607 44.312 38.4824 35.4692 38.0389 29.749 28.9732 28.7779 24.9457 23.7838 19.5161 18.6876 17.3042 20.2552
threshold=0 5898.9350000000004 1 97.445000000000007 495.00000000000006 2 0.56696428571428581 5.5000000000000009 346.43500000000006 3 1.0000000180025095e-35 259.12000000000006 4 10.500000000000002 279.50500000000005 266.03000000000003 0.32417912184107506 73.980000000000004 630.00000000000023 411.03500000000003 21.365000000000006 333.92000000000007 -169.86499999999998 94.030000000000015 10049.800000000001 90.000000000000128 3105.0000000000005 -219.92499999999993 -72.349999999999895 145.73500000000004
decision_type=9 2 1 2 2 9 2 2 2 1 2 2 9 2 2 2 2 2 2 2 2 2 2 2 2 2 2 2 2 2
left_child=2 9 3 14 5 6 19 10 12 -2 -8 25 13 -6 22 27 -10 -15 -18 -4 -21 -22 -1 -11 -13 -3 -16 -14 -24 -30
right_child=1 11 4 -5 8 -7 7 -9 16 23 -12 24 15 17 26 -17 18 -19 -20 20 21 -23 28 -25 -26 -27 -28 -29 29 -31
leaf_value=6.3833502478069812 10.710349934763387 -1.409329115335904 6.8628500873512781 -8.403068496612832 -10.466812565236614 10.710349934763387 -10.489805014033841 -10.53732751693301 -2.6900209464030715 -8.6344896389203516 10.710349934763387 -0.26444096853636206 -8.1937534785347435 -5.019827211757228 6.7025650359690196 0.66037238665316256 9.1093263638777291 8.4373262418074173 -10.466812565236614 10.710349934763387 -10.489805014033841 -1.3856242858367414 -1.1414761731677501 0.90443181791178895 2.7986521039748937 -4.905702126141116 8.7028261197371037 -1.680977563233897 3.2857178157515081 -8.4176060298555342
leaf_weight=51 1076 86 40 261 1152 235 42 134 40 40 294 70 102 59 83 94 98 41 41 43 387 44 58 64 68 158 376 134 55 41
leaf_count=51 1076 86 40 261 1152 235 42 134 40 40 294 70 102 59 83 94 98 41 41 43 387 44 58 64 68 158 376 134 55 41
internal_value=0.000429852 0.0296438 -0.0113027 0.0147059 -0.019398 -4.10172e-05 -0.011167 0.0148936 -0.0329074 0.044322 0.0375 -0.0149215 -0.0379267 -0.0426307 0.0338855 -0.0182353 0.0114525 -0.007 0.0248201 -0.035214 -0.0390295 -0.0435035 0.0134146 -0.00673077 0.0166667 -0.0327869 0.0430283 -0.0309322 0.0025974 0.015625
internal_weight=5467 1562 3905 925 2980 1219 984 470 1761 1180 336 382 1582 1252 664 330 179 100 139 514 474 431 205 104 138 244 459 236 154 96
internal_count=5467 1562 3905 925 2980 1219 984 470 1761 1180 336 382 1582 1252 664 330 179 100 139 514 474 431 205 104 138 244 459 236 154 96
cat_boundaries=0 1 2 3 4 5
cat_threshold=34 25 69 2 68
is_linear=0
shrinkage=0.05


Tree=5
num_leaves=31
num_cat=3
split_feature=7 7 12 3 14 1 9 50 30 57 39 11 3 16 7 48 43 34 42 14 15 19 16 39 51 57 12 10 7 31
split_gain=1927.67 512.096 511.589 274.288 240.009 204.197 202.707 84.0818 51.3736 43.72 30.7794 30.456 30.0902 39.9603 27.9714 23.4578 18.5064 11.6431 11.2021 10.5662 13.0759 10.3977 8.49286 8.15238 5.0897 7.01332 4.3199 4.1774 3.99493 13.0164
threshold=6030.7029478458053 5780.7256235827672 79.495000000000019 8.5000000000000018 56.519999999999989 0 242.17500000000004 1 114.34999999999981 190.87500000000003 -41.733469266225178 210.67000000000002 10.500000000000002 5815.0000000000009 10991.746031746034 1.0000000180025095e-35 0.041119093352288312 0.078810337100354719 0.18973750932292588 136.47500000000002 0.25103875546379534 7175.0000000000009 905.00000000000011 -46.965199698155132 2 195.90500000000003 120.75000000000001 7312.0700000000006 4718.321995464853 0.3760481110276323
decision_type=2 2 2 2 2 1 2 9 2 2 2 2 2 2 2 2 2 2 2 2 2 2 2 2 1 2 2 2 2 2
left_child=1 4 5 7 -1 12 14 8 9 -4 -6 -5 24 -14 -7 18 -17 -16 -8 20 -18 -15 -3 -9 -2 -26 -11 -19 29 -12
right_child=2 22 3 11 10 6 15 23 -10 26 28 -13 13 21 17 16 19 27 -20 -21 -22 -23 -24 -25 25 -27 -28 -29 -30 -31
leaf_value=10.367207430395823 -9.8143372051961606 10.174832438025218 -4.1997363639810876 2.6025561681515983 1.1005142900474203 0.10686988744096082 0.86824650651070279 -9.9944601642651758 -7.6201907806673832 7.7820283204393093 -1.2885453167767711 6.5996847832326697 0.78200154660139598 -5.2468364920385078 -5.4709173555274191 2.0363879155815279 -0.91077327619110438 -1.2253943332295121 3.5178212152928561 -0.81248044059244173 1.1592017833498978 -2.6551462037732789 10.174832438025218 -9.9434719369747828 -9.9653147633321471 -6.9212866611817674 5.1772072237229727 -3.041277700972099 -10.21816980417635 -8.5345902966943274
leaf_weight=114 1309 50 62 46 43 43 47 40 79 69 126 323 40 70 241 55 44 52 86 41 41 41 1731 147 261 54 40 43 100 40
leaf_count=114 1309 50 62 46 43 43 47 40 79 69 126 323 40 70 241 55 44 52 86 41 41 41 1731 147 261 54 40 43 100 40
internal_value=0.000419861 0.0365699 -0.0239157 0.01067 -0.0128842 -0.0352107 -0.0121934 -0.0161327 0.00346154 0.0190058 -0.0357605 0.0424119 -0.0441972 -0.0228477 -0.0368074 0.0175159 0.0058011 -0.0416667 0.0334586 -0.0047619 0.00529412 -0.0382883 0.0483156 -0.0403553 -0.0461823 -0.0404762 0.0380734 -0.0268421 -0.0421053 -0.0373494
internal_weight=5478 2204 3274 806 423 2468 693 437 250 171 309 369 1775 151 379 314 181 336 133 126 85 111 1781 187 1624 315 109 95 266 166
internal_count=5478 2204 3274 806 423 2468 693 437 250 171 309 369 1775 151 379 314 181 336 133 126 85 111 1781 187 1624 315 109 95 266 166
cat_boundaries=0 1 2 3
cat_threshold=2 1 2
is_linear=0
shrinkage=0.05


Tree=6
num_leaves=31
num_cat=3
split_feature=7 7 12 3 14 1 9 49 13 9 13 50 13 13 11 13 29 19 32 24 56 28 14 14 8 28 9 38 19 61
split_gain=1915.62 548.145 503.252 259.183 240.706 177.432 178.226 85.6772 56.5762 55.3797 31.9297 28.3601 38.1663 33.1852 28.3184 28.1089 26.1181 22.2342 10.1572 9.73075 8.25714 7.2691 7.1385 7.81761 6.8756 6.62294 6.60388 8.26838 4.63814 4.29587
threshold=6030.7029478458053 5780.7256235827672 79.495000000000019 8.5000000000000018 73.980000000000032 0 251.04500000000004 1 97.499999999999986 208.68000000000004 129.22500000000005 2 87.810000000000031 66.985000000000028 210.67000000000002 157.00500000000002 88.685000000000187 10045.000000000002 0.0067455813733114508 585 146.47500000000002 -153.90000000000006 54.350000000000016 99.94000000000004 747.68000000000018 -474.99999999999994 258.32000000000005 -50.583807628333084 2015.0000000000002 2813.4400000000005
decision_type=2 2 2 2 2 1 2 1 2 2 2 9 2 2 2 2 2 2 2 2 2 2 2 2 2 2 2 2 2 2
left_child=1 4 5 7 -1 11 10 8 19 -6 22 12 13 -2 -5 16 21 -12 -9 -4 -10 -8 -7 -24 -11 -3 -13 -28 -14 -29
right_child=2 25 3 14 9 6 15 18 20 24 17 26 28 -15 -16 -17 -18 -19 -20 -21 -22 -23 23 -25 -26 -27 27 29 -30 -31
leaf_value=9.8488470588760322 -2.522388893584615 9.6660908161239583 2.563707723697318 2.991304116556353 10.227981715696757 -6.1342186149555857 0.30604535674709776 -8.7181400621347933 -1.8899974461459472 -9.6115606347627711 0.2454927045114447 -9.5221204059715099 -8.9361249688115532 4.3800168403968991 6.2697005440710374 2.4525212440675372 3.0147168717055139 -2.4331484296037376 -9.4462983401260434 7.1446319304814754 -5.7587858251416417 -1.1400400519906873 -2.7860211851214132 -3.7047823877834638 -9.06641124682886 9.6660908161239583 -0.99076995211742513 -6.0932499782224188 -8.3318653512683341 -5.3927204068293397
leaf_weight=114 42 43 53 48 40 180 51 40 42 57 66 833 90 54 316 114 56 42 161 73 48 67 48 55 233 1774 53 86 46 561
leaf_count=114 42 43 53 48 40 180 51 40 42 57 66 833 90 54 316 114 56 42 161 73 48 67 48 55 233 1774 53 86 46 561
internal_value=0.00100255 0.0362893 -0.0237364 0.0112036 -0.0135135 -0.0349018 -0.0131811 -0.0157074 0.00663717 -0.0351515 -0.0351662 -0.0432578 -0.0231405 0 0.042033 0.0166667 0.00402299 -0.012037 -0.0381517 0.0285714 -0.0233333 -0.00932203 -0.0439929 -0.0334951 -0.0427586 0.048459 -0.0458522 -0.0425714 -0.0411765 -0.0441267
internal_weight=5486 2261 3225 781 444 2444 679 417 216 330 391 1765 232 96 364 288 174 108 201 126 90 118 283 103 290 1817 1533 700 136 647
internal_count=5486 2261 3225 781 444 2444 679 417 216 330 391 1765 232 96 364 288 174 108 201 126 90 118 283 103 290 1817 1533 700 136 647
cat_boundaries=0 1 2 3
cat_threshold=2 8 1
is_linear=0
shrinkage=0.05


Tree=7
num_leaves=31
num_cat=5
split_feature=7 7 12 3 14 1 9 49 12 13 14 48 50 50 13 11 30 13 46 7 14 32 11 33 14 24 16 29 18 15
split_gain=1986.58 500.07 475.71 242.171 197.364 194.16 177.626 84.2891 61.0731 59.8472 34.55 48.2588 28.5455 27.3258 45.5491 25.4954 20.6811 17.5139 10.6833 10.5444 19.6346 9.64981 9.00187 13.4419 7.90948 7.66046 7.1441 6.39853 6.19358 6.1082
threshold=6030.7029478458053 5780.7256235827672 79.495000000000019 8.5000000000000018 56.519999999999989 0 250.14500000000001 1 23.215000000000003 97.499999999999986 68.17000000000003 1.0000000180025095e-35 2 3 75.425000000000011 210.67000000000002 -7.9999999999999991 162.53500000000005 4 4718.321995464853 200.81000000000003 0.0067455813733114508 192.17000000000004 0.93881276913447909 219.44500000000002 275.00000000000006 905.00000000000011 -114.85999999999966 39.99999999999978 0.42832828718341803
decision_type=2 2 2 2 2 1 2 1 2 2 2 2 9 9 2 2 2 2 1 2 2 2 2 2 2 2 2 2 2 2
left_child=1 4 5 7 -1 13 10 9 -6 16 -7 -12 17 14 -2 -5 -4 -8 -14 20 -10 -9 27 -24 -11 -17 -3 -15 -13 -16
right_child=2 26 3 15 8 6 12 21 19 24 11 28 18 22 29 25 -18 -19 -20 -21 -22 -23 23 -25 -26 -27 -28 -29 -30 -31
leaf_value=9.3564047059322313 2.401123987544989 9.182786275317758 7.0107622991675953 2.8417389107285351 9.8247576220858299 -6.0734412437066911 -1.0705380493911532 -7.6054330072602401 -2.1235951694928019 -6.9512419503769314 1.1007269344504411 -1.1186902085170325 0.81394469931732161 -6.539134343763263 -6.6236580359284565 1.3072157304905319 -0.3254914086988025 1.3956969484941226 2.3016563695875507 -9.2539407516260876 -0.84064407959227772 -8.9739834231197406 -9.0460143856729331 -1.809417010852248 -4.3638024932090973 6.6179905717991261 9.182786275317758 -8.999641505213626 -2.9556792745214882 -9.1496897684876597
leaf_weight=103 71 50 94 51 40 200 74 45 58 43 60 46 61 47 54 46 40 41 117 117 111 162 43 43 46 271 1790 1425 78 97
leaf_count=103 71 50 94 51 40 200 74 45 58 43 60 46 61 47 54 46 40 41 117 117 111 162 43 43 46 271 1790 1425 78 97
internal_value=0.00139392 0.0373072 -0.0236406 0.00989975 -0.0113054 -0.034534 -0.011743 -0.0155814 -0.0303681 0.00622318 -0.0341146 -0.0184783 0.0175768 -0.0432022 -0.0228448 0.0396739 0.0276119 -0.0028 0.0292553 -0.0384615 -0.0304734 -0.0375576 -0.0456633 -0.0302326 -0.0252809 0.0449527 0.0486413 -0.046875 -0.0362903 -0.039404
internal_weight=5524 2269 3255 798 429 2457 677 430 326 223 384 184 293 1780 222 368 134 115 178 286 169 207 1558 86 89 317 1840 1472 124 151
internal_count=5524 2269 3255 798 429 2457 677 430 326 223 384 184 293 1780 222 368 134 115 178 286 169 207 1558 86 89 317 1840 1472 124 151
cat_boundaries=0 1 2 3 4 5
cat_threshold=2 8 649280 1 4
is_linear=0
shrinkage=0.05


Tree=8
num_leaves=31
num_cat=2
split_feature=7 7 12 44 14 1 9 15 13 15 58 50 13 15 21 48 13 14 48 24 9 13 14 43 30 9 17 22 9 56
split_gain=1928.72 475 426.981 222.692 198.782 174.028 175.387 92.0318 50.4182 38.7521 35.2537 30.5832 49.4494 28.1264 28.0818 27.777 29.3096 27.5713 36.9885 22.8431 13.5202 13.3577 22.6215 13.1086 11.7653 9.63583 10.5301 12.8652 10.5501 8.35627
threshold=6030.7029478458053 5780.7256235827672 79.495000000000019 0.021349552310865851 56.519999999999989 0 242.17500000000004 0.42832828718341803 97.499999999999986 0.26036675612116061 5197.7700000000013 1 82.590000000000018 0.16141430867582865 460.00000000000017 1.0000000180025095e-35 165.27000000000004 68.17000000000003 1.0000000180025095e-35 275.00000000000006 424.50500000000005 102.105 196.44500000000002 0.06296040250730002 31.81999999999994 276.10500000000008 5865.0000000000009 4825.0000000000009 330.43500000000006 113.70000000000002
decision_type=2 2 2 2 2 1 2 2 2 2 2 9 2 2 2 2 2 2 2 2 2 2 2 2 2 2 2 2 2 2
left_child=1 4 5 7 -1 11 17 24 19 -6 20 12 14 -13 -2 23 29 -7 -19 -5 -9 -11 -23 -8 -4 -15 27 28 -27 -17
right_child=2 -3 3 8 9 6 15 10 -10 21 -12 13 -14 25 -16 16 -18 18 -20 -21 -22 22 -24 -25 -26 26 -28 -29 -30 -31
leaf_value=8.8885844706356192 -1.3443862715799106 8.7236469615518715 2.379891145443056 0.32671029813012853 9.117169756633718 -5.7620499902950897 3.1506997908847842 -8.5252842519637539 -3.4582480578239747 -8.7912437140447839 2.2402105117531756 -1.6520022035578372 -8.3300069659325153 -8.5960323104122534 4.6716326990324211 0.043361120002764333 1.742157610174369 0.98910335041836717 -2.7059318739832672 6.2192040040245988 -6.6209564875019371 0.19035739805197879 -1.0128400679420708 0.40197947186845195 4.6288828655857293 -5.8786267558072689 -4.5886517802213316 -1.06011117282902 -1.7596631727860803 -0.91468286034883928
leaf_weight=107 40 1840 40 43 41 203 93 188 43 147 49 53 135 977 46 61 65 56 106 306 74 47 88 41 43 156 221 91 41 70
leaf_count=107 40 1840 40 43 41 203 93 188 43 147 49 53 135 977 46 61 65 56 106 306 74 47 88 41 43 156 221 91 41 70
internal_value=0.00196879 0.0373128 -0.0227862 0.00928753 -0.01 -0.033055 -0.0118705 -0.0172589 0.0359694 -0.0295666 -0.0297428 -0.0414205 -0.0205628 -0.0439961 0.00813953 0.0145455 0.00255102 -0.0357534 -0.0203704 0.0422636 -0.0370229 -0.0361702 -0.0248148 0.0320896 0.0295181 -0.0455585 -0.0399804 -0.0336806 -0.0408629 -0.0110687
internal_weight=5511 2270 3241 786 430 2455 695 394 392 323 311 1760 221 1539 86 330 196 365 162 349 262 282 135 134 83 1486 509 288 197 131
internal_count=5511 2270 3241 786 430 2455 695 394 392 323 311 1760 221 1539 86 330 196 365 162 349 262 282 135 134 83 1486 509 288 197 131
cat_boundaries=0 1 2
cat_threshold=2 1
is_linear=0
shrinkage=0.05


Tree=9
num_leaves=31
num_cat=3
split_feature=7 7 11 3 14 1 14 49 48 9 13 43 12 15 49 13 14 13 12 9 13 14 11 15 29 43 40 29 16 13
split_gain=1842.8 454.617 447.131 212.547 205.163 178.007 140.993 78.6429 77.2499 42.3862 39.1901 36.3605 32.6109 30.645 28.5839 41.7959 35.976 22.8428 20.3532 17.4918 16.1278 18.7347 14.3016 13.7746 12.0746 10.8548 8.8658 7.20952 7.15072 4.53283
threshold=6030.7029478458053 5780.7256235827672 202.80500000000004 8.5000000000000018 56.519999999999989 0 68.17000000000003 1 1.0000000180025095e-35 258.32000000000005 97.499999999999986 0.23858803515735752 25.325000000000003 0.16141430867582865 2 95.255000000000052 93.030000000000015 157.00500000000002 26.515000000000004 342.67500000000007 102.105 196.44500000000002 192.17000000000004 0.41638230598413989 0.59999999999945441 0.071786352603325457 0.85275519421860901 -117.61000000000013 905.00000000000011 125.40500000000002
decision_type=2 2 2 2 2 1 2 1 2 2 2 2 2 2 1 2 2 2 2 2 2 2 2 2 2 2 2 2 2 2
left_child=1 4 5 7 -1 13 -7 10 18 24 23 26 -6 -2 15 16 -15 -11 -8 -9 -14 -22 27 -4 -10 -20 -5 -16 -3 -29
right_child=2 28 3 11 12 6 8 19 9 17 -12 -13 20 14 22 -17 -18 -19 25 -21 21 -23 -24 -25 -26 -27 -28 29 -30 -31
leaf_value=8.4441552471038381 -1.4772771544151013 8.2874646134742775 6.0570632861621894 5.9689932392481744 8.6613112688020326 -5.353983397165921 0.0098996298961723916 -8.099020039365568 -0.48475632405005381 -0.62008886641749017 -4.2406451720459817 0.43966947636174469 -8.3516815283425441 -1.5964316307322264 -6.1395766070943303 -7.9461632004551124 3.8241797799525572 1.804656752121458 3.1465524238338287 -4.6560399271758115 0.18083952814937981 -0.9156629519445364 -2.0802563450770091 3.1662248264863031 -2.7343123780279965 0.87567465582701631 3.3231818458946965 -8.1662306948916399 8.2874646134742775 -5.6853234494879565
leaf_weight=112 54 49 52 264 40 203 51 131 51 74 77 53 152 43 40 131 66 65 105 75 45 78 52 75 89 41 44 626 1732 758
leaf_count=112 54 49 52 264 40 203 51 131 51 74 77 53 152 43 40 131 66 65 105 75 45 78 52 75 89 41 44 626 1732 758
internal_value=0.00213707 0.0373188 -0.0219876 0.0112192 -0.00901639 -0.0324418 -0.0106775 -0.0134146 0.00420168 -0.012724 0.0088785 0.0391967 -0.0296825 -0.040791 -0.041958 -0.0224 -0.000458716 0.00683453 0.0281726 -0.0342593 -0.0358182 -0.0223577 -0.0446837 0.026378 -0.0321429 0.0376712 0.0457792 -0.045927 0.0484278 -0.0465318
internal_weight=5428 2208 3220 771 427 2449 679 410 476 279 204 361 315 1770 1716 240 109 139 197 206 275 123 1476 127 140 146 308 1424 1781 1384
internal_count=5428 2208 3220 771 427 2449 679 410 476 279 204 361 315 1770 1716 240 109 139 197 206 275 123 1476 127 140 146 308 1424 1781 1384
cat_boundaries=0 1 2 3
cat_threshold=2 8 8
is_linear=0
shrinkage=0.05


Tree=10
num_leaves=31
num_cat=2
split_feature=7 7 11 3 14 7 14 49 24 43 7 13 27 13 46 39 15 13 30 13 11 15 11 39 14 40 3 30 56 40
split_gain=1855.55 441.616 411.692 206.197 186.802 141.376 127.541 77.5049 72.5082 47.6525 43.3628 41.9827 38.7524 38.3179 37.9479 29.8564 22.6564 21.8764 21.5512 19.171 15.3575 14.3191 14.2538 13.257 18.4611 11.5881 13.6563 10.3599 10.0497 7.91618
threshold=6030.7029478458053 5780.7256235827672 202.80500000000004 8.5000000000000018 56.519999999999989 9342.9024943310669 69.115000000000023 0 980.5550000000004 0.23858803515735752 4187.1201814058959 97.499999999999986 2012.3250000000003 157.00500000000002 1 -78.03151231854666 0.47400989182148573 75.425000000000011 -263.14499999999992 107.71000000000002 150.44500000000002 0.41638230598413989 79.055000000000021 -77.705303516327987 107.435 0.26013698630136989 8.5000000000000018 -263.14499999999992 225.55500000000004 0.85275519421860901
decision_type=2 2 2 2 2 2 2 1 2 2 2 2 2 2 1 2 2 2 2 2 2 2 2 2 2 2 2 2 2 2
left_child=1 4 5 7 -1 14 -7 11 13 29 12 21 -6 22 15 -2 25 -18 -15 -9 27 -4 -8 24 -16 26 -17 -10 -13 -5
right_child=2 -3 3 9 10 6 8 19 20 -11 -12 28 -14 18 23 16 17 -19 -20 -21 -22 -23 -24 -25 -26 -27 -28 -29 -30 -31
leaf_value=8.0219474847486456 0.13798665905516572 7.8730913828005642 5.8484317781054127 5.6015688153228744 8.22824570536193 -5.2674852974944191 -3.2425760228735494 -7.6940690373972878 4.2468420750831717 -0.39393909663847143 -7.9458663126312246 0.21718364454835459 -0.70806447630487135 2.2526388456380757 -7.7590687825869198 -6.5959092182419541 4.4571003851439377 -5.2977717907458555 -0.89674737263193627 -1.3322613099620857 2.8116240637298553 4.0252184625879428 -1.2152124567466751 -7.6907085046209849 -0.15397764813502307 -7.7584939713669883 -0.52029835635348509 -0.44748854614766365 -4.1926128524085255 3.1570227535999615
leaf_weight=111 68 1830 50 262 61 224 47 172 40 52 150 40 111 49 50 130 42 40 41 42 101 77 156 1094 61 206 61 52 45 41
leaf_count=111 68 1830 50 262 61 224 47 172 40 52 150 40 111 49 50 130 42 40 41 42 101 77 156 1094 61 206 61 52 45 41
internal_value=0.00292408 0.0376712 -0.0213228 0.0103073 -0.00773672 -0.0313566 -0.0125352 -0.0131455 0.00185185 0.0384507 -0.0270186 0.00855856 -0.00988372 -0.0138225 -0.038984 -0.0280622 -0.0324635 -0.00853659 0.0133333 -0.0334821 0.0256477 0.0271654 -0.0258621 -0.0439419 -0.0274775 -0.0374055 -0.028534 0.0108696 -0.0182353 0.0460396
internal_weight=5506 2263 3243 781 433 2462 710 426 486 355 322 212 172 293 1752 547 479 82 90 214 193 127 203 1205 111 397 191 92 85 303
internal_count=5506 2263 3243 781 433 2462 710 426 486 355 322 212 172 293 1752 547 479 82 90 214 193 127 203 1205 111 397 191 92 85 303
cat_boundaries=0 1 2
cat_threshold=8 1
is_linear=0
shrinkage=0.05


Tree=11
num_leaves=31
num_cat=0
split_feature=7 7 11 14 14 7 13 13 3 15 13 15 57 7 24 30 57 14 8 7 57 34 29 24 13 16 15 24 13 13
split_gain=1796.92 446.15 388.274 197.229 147.108 134.346 141.17 124.527 115.623 72.8844 53.8038 45.5504 43.7691 43.7464 43.234 27.6189 24.3811 23.7841 16.3493 15.1121 14.0239 12.6619 12.5964 11.6288 10.1801 10.0359 9.15238 7.97283 7.7702 10.9641
threshold=6030.7029478458053 5780.7256235827672 254.16500000000005 66.340000000000003 39.200000000000038 10570.385487528347 82.590000000000018 68.100000000000023 8.5000000000000018 0.1955655587441236 162.53500000000005 0.28548969615956948 131.08500000000001 7093.1065759637195 720.00000000000034 103.15000000000011 202.80500000000004 71.135000000000019 10005.000000000002 4187.1201814058959 262.73000000000008 0.0010839873650090501 20.74000000000024 500.00000000000017 132.81500000000003 905.00000000000011 0.39153332039018557 635.00000000000011 135.21500000000006 142.00500000000005
decision_type=2 2 2 2 2 2 2 2 2 2 2 2 2 2 2 2 2 2 2 2 2 2 2 2 2 2 2 2 2 2
left_child=1 3 4 -1 -2 6 7 16 15 13 14 -5 -9 23 18 20 -6 -16 21 26 -4 -7 -19 -8 -23 -3 -13 -14 -11 -30
right_child=2 25 8 11 5 10 9 12 -10 28 -12 19 27 -15 17 -17 -18 22 -20 -21 -22 24 -24 -25 -26 -27 -28 -29 29 -31
leaf_value=7.6208501105112134 -7.3745333573558698 7.479436813660536 -0.62452054505523369 7.8168334200938334 -7.3224719586795377 0.13989140311617984 -0.21375842711425044 -7.3236215811194008 5.2881277189170817 -7.3270108544566996 1.9275994054255947 -0.60441180909929393 2.808632312514165 -1.6738419019838848 -1.4687223405091374 -6.8958894826393307 0.17488258449458877 0.11981718946003722 -2.8358525845335159 -7.5368041362938563 5.1345377139103494 -3.0977990986552486 3.0782804073531431 0.29924427675682214 -0.45768823530251823 7.479436813660536 -0.4654198707150119 5.8325365317077917 -2.7541480263543527 -4.3251253841177446
leaf_weight=109 614 50 58 49 151 66 42 43 224 551 103 70 42 46 43 92 46 50 46 153 62 53 74 59 64 1786 42 106 46 546
leaf_count=109 614 50 58 49 151 66 42 43 224 551 103 70 42 46 43 92 46 50 46 153 62 53 74 59 64 1786 42 106 46 546
internal_value=0.00322639 0.0374281 -0.0207158 -0.00886525 -0.0275708 -0.0214745 -0.0282479 -0.00180412 0.0231651 -0.0362016 0.00130261 -0.0289809 0.0269634 -0.00306122 -0.00707071 -0.00330189 -0.0296954 0.0122754 -0.021179 -0.0371698 0.0125 -0.0144809 0.0233871 0.0153465 -0.024359 0.0480937 -0.0232143 0.0398649 -0.0404637 -0.0364865
internal_weight=5486 2259 3227 423 2791 2177 1678 388 436 1290 499 314 191 147 396 212 197 167 229 265 120 183 124 101 117 1836 112 148 1143 592
internal_count=5486 2259 3227 423 2791 2177 1678 388 436 1290 499 314 191 147 396 212 197 167 229 265 120 183 124 101 117 1836 112 148 1143 592
is_linear=0
shrinkage=0.05


Tree=12
num_leaves=31
num_cat=2
split_feature=7 7 9 3 14 2 14 7 50 12 12 13 15 15 16 4 25 14 30 18 21 7 30 7 14 37 13 9 13 56
split_gain=1733.67 464.432 356.894 228.789 175.731 110.795 74.2495 57.3792 49.4572 57.0032 44.3657 43.8096 42.0909 38.0035 34.2518 48.4039 33.9325 28.6783 25.3966 22.5633 24.3925 22.5394 20.6394 12.7129 12.674 11.9445 11.696 11.2889 11.2801 10.7634
threshold=6030.7029478458053 5780.7256235827672 285.13500000000005 8.5000000000000018 56.519999999999989 0 39.200000000000038 9342.9024943310669 1 34.215000000000011 23.215000000000003 82.590000000000018 0.47400989182148573 0.43681548473099907 965.00000000000011 0.42481203007518792 175.00000000000003 214.91500000000005 145.73500000000004 489.9999999999996 409.99999999999983 7093.1065759637195 -256.06999999999988 4718.321995464853 217.125 17.893684807256253 152.18000000000004 251.04500000000004 97.445000000000007 229.94500000000002
decision_type=2 2 2 2 2 9 2 2 9 2 2 2 2 2 2 2 2 2 2 2 2 2 2 2 2 2 2 2 2 2
left_child=1 4 6 8 -1 16 -2 11 14 21 -6 12 13 -8 -4 18 -5 19 28 20 -9 -10 -7 24 -12 -20 -11 -22 -16 -3
right_child=2 29 3 5 10 22 7 17 9 26 23 -13 -14 -15 15 -17 -18 -19 25 -21 27 -23 -24 -25 -26 -27 -28 -29 -30 -31
leaf_value=7.2398076049856535 -7.0058066894880771 7.1054649729775097 -6.8479265899842723 -2.730886146429611 7.6423417334369619 0.80047457990794413 1.66100260282918 -1.3729540196651695 0.28003821612041052 -6.3896368644600638 -1.3430786608464613 -6.1749170608808299 2.0960442183323198 -6.9574979831854229 5.5784056365317998 -3.9927652958993392 0.41936847978800307 4.3387608031908407 0.50950747024087917 -3.4405656906008897 -0.29004467378796889 -1.4616024608590528 4.5927009197975126 -7.159963929479165 -1.0635029234943196 -1.7381275793865811 -2.2513129661446336 0.97629001035599328 1.2624739854986249 7.1054649729775097
leaf_weight=100 595 1765 54 55 40 60 40 130 64 246 58 684 77 124 76 120 56 53 40 81 53 41 319 114 100 55 69 44 77 63
leaf_count=100 595 1765 54 55 40 60 40 130 64 246 58 684 77 124 76 120 56 53 40 81 53 41 319 114 100 55 69 44 77 63
internal_value=0.00351183 0.0372768 -0.020028 -0.000225225 -0.0106796 0.0269388 -0.034051 -0.0272939 -0.0160333 -0.027907 -0.0291667 -0.0338919 -0.0155602 -0.029878 -0.00347222 0.00190217 -0.0169421 -0.0103878 0.0145161 -0.0162338 -0.00814978 0.00333333 0.0392031 -0.0363971 -0.0272152 -0.00578947 -0.0392063 0.0108247 0.0271242 0.0480853
internal_weight=5453 2240 3213 1332 412 490 1881 1286 842 420 312 925 241 164 422 368 111 361 248 308 227 105 379 272 158 95 315 97 153 1828
internal_count=5453 2240 3213 1332 412 490 1881 1286 842 420 312 925 241 164 422 368 111 361 248 308 227 105 379 272 158 95 315 97 153 1828
cat_boundaries=0 1 2
cat_threshold=2 507907
is_linear=0
shrinkage=0.05


Tree=13
num_leaves=31
num_cat=2
split_feature=7 7 2 3 39 11 37 18 21 39 29 1 15 11 7 7 39 8 25 7 57 16 7 12 4 40 30 56 29 13
split_gain=1718.31 468.099 347.506 229.95 150.793 127.79 93.7513 77.3427 84.1337 68.6368 60.1436 53.7271 33.2194 31.9719 27.4493 65.7292 25.3228 23.6408 22.585 21.5827 21.5583 18.8475 16.3814 14.5894 13.317 13.0624 12.759 12.7166 12.0571 11.6115
threshold=6030.7029478458053 5780.7256235827672 0 8.5000000000000018 -41.733469266225178 76.455000000000013 227.15801587301556 570.00000000000023 265.00000000000006 -77.150668477466027 253.46499999999983 1 0.42832828718341803 250.54000000000005 4187.1201814058959 1656.0997732426306 -35.831106220518642 863.95000000000016 164.99999999999991 8530.4761904761926 194.65500000000003 5895.0000000000009 2343.537414965987 74.785000000000011 0.2264957264957265 0.45867486338797819 -62.654999999999966 241.63000000000002 26.105000000000249 97.500000000000043
decision_type=2 2 9 2 2 2 2 2 2 2 2 1 2 2 2 2 2 2 2 2 2 2 2 2 2 2 2 2 2 2
left_child=1 4 3 7 22 -5 23 8 -2 18 13 21 -13 16 15 -6 25 -10 -8 -9 24 -11 -1 -4 -19 28 -22 -3 -7 -21
right_child=2 27 6 5 14 10 9 19 17 11 -12 12 -14 -15 -16 -17 -18 20 -20 29 26 -23 -24 -25 -26 -27 -28 -29 -30 -31
leaf_value=6.7654934109100466 -6.8581719191689237 6.7501917243286336 -6.6543667325738118 -3.900049377127035 -0.83034070918605618 -0.43328621900700348 -3.7224161446189346 -6.6677523216824035 -5.1638279146935355 -3.2537368883468059 4.4283535782754111 -1.0251517634927862 2.0095258311380726 2.9121305349363826 -6.8019657330052059 7.6507264777632464 2.3932315934780433 0.80049915154541584 0.43062244931225746 0.30324845692228453 5.1490571014259157 -3.6134250060646873 7.0438746624172941 -0.98235807328481506 -0.77904449079533922 -1.2673615575054293 1.8489728756516841 6.7501917243286336 1.3742638313693272 -5.6852641059558167
leaf_weight=90 153 1775 1024 70 122 74 43 255 41 223 288 71 52 63 135 42 42 89 112 47 68 221 41 44 70 43 40 54 59 69
leaf_count=90 153 1775 1024 70 122 74 43 255 41 223 288 71 52 63 135 42 42 89 112 47 68 221 41 44 70 43 40 54 59 69
internal_value=0.00342391 0.0369411 -0.0197945 -0.00165429 -0.01 0.020892 -0.0345 -0.0189904 -0.00531453 -0.0207756 0.0287346 -0.028836 0.000406504 0.0122776 -0.0295987 -0.0158537 0.00321101 0.00974026 0.00870968 -0.0359838 0.0151685 -0.0369369 0.0347328 -0.0441011 0.00345912 -0.00511364 0.0324074 0.047977 0.00263158 -0.0181034
internal_weight=5520 2259 3261 1471 430 639 1790 832 461 722 569 567 123 281 299 164 218 308 155 371 267 444 131 1068 159 176 108 1829 133 116
internal_count=5520 2259 3261 1471 430 639 1790 832 461 722 569 567 123 281 299 164 218 308 155 371 267 444 131 1068 159 176 108 1829 133 116
cat_boundaries=0 1 2
cat_threshold=44 2
is_linear=0
shrinkage=0.05


Tree=14
num_leaves=31
num_cat=5
split_feature=7 7 9 3 14 12 14 50 1 3 50 19 12 11 15 29 30 49 7 30 18 54 9 21 37 40 29 12 42 7
split_gain=1659.44 468.58 361.743 205.167 194.569 89.4951 85.7712 64.9061 62.3182 66.4726 47.1205 47.0222 46.2343 41.0758 27.0103 26.7451 26.1209 25.2836 23.7183 18.0036 17.7148 16.458 17.6475 15.1907 24.9055 14.9164 13.8689 12.267 12.227 11.947
threshold=6030.7029478458053 5780.7256235827672 285.13500000000005 8.5000000000000018 56.519999999999989 81.050000000000026 39.200000000000038 0 1 10.500000000000002 2 6905.0000000000009 34.215000000000011 88.475000000000009 0.4931554346913769 57.370000000000125 114.34999999999981 3 7155.6009070294795 223.36500000000004 489.9999999999996 4 322.27000000000004 524.99999999999989 280.58642857142814 0.32822014051522247 71.769999999999769 69.440000000000012 0.9797435761235328 4718.321995464853
decision_type=2 2 2 2 2 2 2 9 1 2 9 2 2 2 2 2 2 1 2 2 2 9 2 2 2 2 2 2 2 2
left_child=1 4 6 7 -1 11 -2 16 9 17 -10 -5 18 -6 20 -11 21 19 -9 27 28 -4 -23 24 -14 -18 -13 -8 -12 -15
right_child=2 -3 3 5 13 -7 8 12 10 15 14 26 23 29 -16 -17 25 -19 -20 -21 -22 22 -24 -25 -26 -27 -28 -29 -30 -31
leaf_value=6.5395425541908683 -6.3227980183849812 6.4126821381122019 3.6521119784982368 -1.5923796345833681 6.7055999918717921 4.0490311669127301 -4.9968299648195149 0.31437794331115471 -1.9779416341534153 -1.1858573526350726 -0.20585884288600056 0.27135896660874831 -5.6009139288961256 -0.91533760735588199 3.5548340760890498 2.9512489763216583 -0.23630775644145061 -6.2655648656278444 -1.3350381856128841 -6.5564234951882803 -1.3457065085584263 -3.840093377250223 0.64469840443229565 -5.6809615411757539 0.017103980998405887 -6.4008826260730949 2.2828849852441557 2.6813659642692529 1.8553844539204378 -6.4618674463549457
leaf_weight=110 607 1798 129 72 40 301 65 62 112 73 79 75 124 164 47 63 79 695 41 74 43 64 68 150 55 64 45 40 41 114
leaf_count=110 607 1798 129 72 40 301 65 62 112 73 79 75 124 164 47 63 79 695 41 74 43 64 68 150 55 64 45 40 41 114
internal_value=0.00367674 0.0369721 -0.0190024 0.00109105 -0.0100467 0.0266734 -0.0327746 -0.0139952 -0.0256757 -0.0317822 -0.00652174 0 -0.0271493 -0.0298742 0.00772727 0.000735294 0.000724638 -0.0368421 0.00145631 -0.0166667 -0.00153374 0.0101533 -0.0028169 -0.0369301 -0.027095 -0.0164336 0.0191667 -0.00428571 0.00833333 -0.0366906
internal_weight=5494 2226 3268 1329 428 493 1939 836 1332 1010 322 192 432 318 210 136 404 874 103 179 163 261 132 329 179 143 120 105 120 278
internal_count=5494 2226 3268 1329 428 493 1939 836 1332 1010 322 192 432 318 210 136 404 874 103 179 163 261 132 329 179 143 120 105 120 278
cat_boundaries=0 1 2 3 4 5
cat_threshold=507907 2 292928 8 72
is_linear=0
shrinkage=0.05


Tree=15
num_leaves=31
num_cat=3
split_feature=7 7 9 14 3 13 14 1 3 50 15 12 19 16 4 38 15 13 30 49 13 14 13 8 7 14 13 19 15 25
split_gain=1665.92 478.666 322.947 186.44 173.035 85.0512 82.4912 56.2339 66.4626 54.9796 45.1073 44.1289 41.1907 35.9419 45.9401 34.0198 30.5129 21.293 19.7545 19.152 30.0749 19.1471 18.7905 17.3134 16.1514 24.1528 15.5633 15.4849 15.4271 13.6295
threshold=6030.7029478458053 5780.7256235827672 285.13500000000005 56.519999999999989 8.5000000000000018 137.40500000000003 39.200000000000038 0 10.500000000000002 1 0.26036675612116061 34.215000000000011 6905.0000000000009 975.00000000000011 0.42481203007518792 -37.716250703495824 0.38930478906235116 139.55500000000004 356.13000000000017 2 87.810000000000031 66.340000000000003 151.24000000000004 9956.2750000000015 4187.1201814058959 219.44500000000002 95.115000000000052 10065.000000000002 0.32033642880417074 115.00000000000001
decision_type=2 2 2 2 2 2 2 1 2 9 2 2 2 2 2 2 2 2 2 1 2 2 2 2 2 2 2 2 2 2
left_child=1 3 6 -1 9 21 -2 8 19 13 -5 17 -7 -4 18 -10 27 -11 -15 20 -8 -6 -13 -18 25 -12 -23 28 -9 -16
right_child=2 -3 4 10 5 12 7 16 15 11 24 22 -14 14 29 -17 23 -19 -20 -21 -22 26 -24 -25 -26 -27 -28 -29 -30 -31
leaf_value=6.2125654264813255 -6.0066581174657321 6.0920480312065921 -5.9472392136075705 6.5727509140506601 0.37139446941662446 -2.1812028342285736 1.8312172701734124 0.05819676310266373 -2.0447428449494005 0.28299825445989341 0.20570150230153886 -5.4679133725642322 0.57337833814251893 3.3439859171801505 -5.7225872017177863 1.6467444096341848 1.8528123105527983 -1.2682862763322398 -0.58202114877277056 -5.9629572246606388 -6.0585979921396955 4.5159173518459692 -1.2859143907317006 -0.46265203960104362 -6.1387740740371983 -0.71033204067571953 1.1978994434404719 -2.6164716380908413 -1.4107697009717424 0.0058971461783805523
leaf_weight=108 594 1809 54 41 40 56 66 102 54 64 40 241 62 163 74 81 70 43 79 671 104 257 69 48 157 95 74 57 62 45
leaf_count=108 594 1809 54 41 40 56 66 102 54 64 40 241 62 163 74 81 70 43 79 671 104 257 69 48 157 95 74 57 62 45
internal_value=0.00381387 0.0368444 -0.019195 -0.00986395 -0.000189251 0.0234151 -0.0323468 -0.0253612 -0.0314549 -0.0140625 -0.0283784 -0.0265808 -0.0135593 -0.000823529 0.00484765 0.00111111 -0.00781711 0.00046729 0.0173554 -0.0366825 -0.0177778 0.0351752 -0.0367742 0.0127119 -0.035274 -0.0225926 0.0391239 -0.0187783 -0.0109756 -0.0205882
internal_weight=5480 2250 3230 441 1321 489 1909 1315 976 832 333 417 118 415 361 135 339 107 242 841 170 371 310 118 292 135 331 221 164 119
internal_count=5480 2250 3230 441 1321 489 1909 1315 976 832 333 417 118 415 361 135 339 107 242 841 170 371 310 118 292 135 331 221 164 119
cat_boundaries=0 1 2 3
cat_threshold=2 507907 8
is_linear=0
shrinkage=0.05


Tree=16
num_leaves=31
num_cat=4
split_feature=7 7 11 14 50 1 9 44 24 14 15 9 7 15 15 50 3 50 7 11 41 58 11 30 3 43 7 30 16 7
split_gain=1639.47 482.449 314.406 170.735 166.884 150.571 109.833 75.4453 63.3426 58.7705 53.7433 51.5194 50.6789 48.0181 36.7814 36.5411 43.722 25.5136 23.8609 17.2644 15.985 20.0152 14.5861 14.1167 13.8877 13.1891 10.2692 9.34079 14.4697 9.04224
threshold=6030.7029478458053 5780.7256235827672 202.80500000000004 56.519999999999989 0 1 248.30000000000004 0.014259710363381901 450.00000000000028 90.745000000000019 0.1955655587441236 209.20000000000002 7155.6009070294795 0.40882916726062762 0.49608438583467002 2 10.500000000000002 3 10155.328798185943 166.78500000000003 0.23214617363336273 9772.2650000000012 115.90500000000002 -53.655000000000079 8.5000000000000018 0.082648142897646715 3593.4240362811797 -250.41999999999959 5845.0000000000009 8804.5804988662148
decision_type=2 2 2 2 9 1 2 2 2 2 2 2 2 2 2 9 2 9 2 2 2 2 2 2 2 2 2 2 2 2
left_child=1 3 5 -1 7 9 14 13 -9 -2 12 -5 25 -4 20 27 19 22 -6 29 -7 23 -8 -22 -10 -11 -13 28 -12 -17
right_child=2 -3 4 11 18 6 17 8 24 10 15 26 -14 -15 -16 16 -18 -19 -20 -21 21 -23 -24 -25 -26 -27 -28 -29 -30 -31
leaf_value=5.9019371551572597 -5.7063252115924463 5.7874456296462631 2.5455027263730958 6.0277633840003064 -5.7327018378104668 -4.5590520306739961 0.89701176133919303 -0.21367791416807053 3.3023070837143176 0.43411285641945696 -2.2603144598871796 -0.46753684323174094 -1.1348572397635732 -5.9961146397127685 2.0299593445075428 -3.3312708775238846 3.1763738556123875 1.5222194917089027 -0.71674857284618931 0.05370055010478865 0.35253646328309896 -2.4401042927364269 -0.38698778027568503 -1.7313899825173771 4.3306650794254811 -0.069417240167604186 -5.8470070498321043 -5.7071007380912775 -1.9654493951034653 -5.7507536246687172
leaf_weight=102 605 1811 46 56 126 95 40 72 121 57 68 107 42 112 41 259 48 163 40 53 60 122 79 80 260 41 155 425 124 77
leaf_count=102 605 1811 46 56 126 95 40 72 121 57 68 107 42 112 41 259 48 163 40 53 60 122 79 80 260 41 155 425 124 77
internal_value=0.00407326 0.037091 -0.0185504 -0.0111905 0.00920206 -0.0272489 -0.00720588 0.0211755 0.0318985 -0.0348249 -0.028392 -0.0292453 0.000714286 -0.00822785 -0.0241206 -0.0322581 -0.0195749 0.0166667 -0.0340909 -0.0255784 -0.0292717 -0.0229008 -0.00193798 -0.01 0.0400262 0.0204082 -0.0385496 -0.0402711 -0.0317708 -0.0297619
internal_weight=5487 2231 3256 420 777 2479 680 611 453 1799 1194 318 140 158 398 1054 437 282 166 389 357 262 119 140 381 98 262 617 192 336
internal_count=5487 2231 3256 420 777 2479 680 611 453 1799 1194 318 140 158 398 1054 437 282 166 389 357 262 119 140 381 98 262 617 192 336
cat_boundaries=0 1 2 3 4
cat_threshold=3 2 525754 974912
is_linear=0
shrinkage=0.05


Tree=17
num_leaves=31
num_cat=5
split_feature=7 7 9 50 14 13 1 14 12 12 1 13 13 7 15 24 1 57 8 14 18 21 21 24 7 46 12 10 21 15
split_gain=1676.72 472.278 315.563 183.655 178.636 133.621 106.951 86.4656 56.1513 45.7841 42.9078 55.3886 50.7317 40.4521 37.5458 32.6483 32.2704 22.3342 21.558 21.3492 19.8377 17.2964 19.8903 16.5107 16.1066 14.6968 12.0803 12.0596 11.8029 14.687
threshold=6030.7029478458053 5780.7256235827672 285.13500000000005 0 66.340000000000003 97.445000000000007 1 40.380000000000017 34.215000000000011 23.370000000000001 2 82.590000000000018 68.100000000000023 7093.1065759637195 0.41806657128483554 275.00000000000006 3 141.97500000000002 9956.2750000000015 68.17000000000003 544.99999999999989 565.00000000000057 439.99999999999983 974.99999999999966 3593.4240362811797 4 38.560000000000009 10378.615000000002 165.00000000000026 0.29547269916375823
decision_type=2 2 2 9 2 2 1 2 2 2 1 2 2 2 2 2 1 2 2 2 2 2 2 2 2 1 2 2 2 2
left_child=1 4 7 5 -1 15 8 27 13 -6 11 12 19 -5 25 -4 21 -14 -16 -9 -17 22 -7 -8 26 -12 -11 -2 -13 -30
right_child=2 -3 3 6 9 16 23 10 -10 24 14 28 17 -15 18 20 -18 -19 -20 -21 -22 -23 -24 -25 -26 -27 -28 -29 29 -31
leaf_value=5.6068402973993958 -5.4210089510128228 5.498073348163949 -0.20299401845966686 0.26280349060162894 5.9427251991481116 -4.1782572603385812 -0.01471924179677382 -0.060224624067950573 -4.7936124350978631 -1.5530695763950555 0.16137104899843832 -5.4687878611014531 -5.3638607948231147 -1.1481291005274492 2.6929579023306518 3.9620884439054431 0.73163567690957354 4.9780753946391272 -0.36884213579568864 -5.4375835641792953 5.4297631570402096 -4.9877527463772093 0.67774194821589939 1.6735851402406405 -5.5470708575921153 -1.4447870613976563 -0.31038863920495602 -1.3328130764930959 -0.1868906897580459 -4.4233197649675962
leaf_weight=112 605 1842 57 69 41 81 47 49 354 48 40 178 40 41 56 319 78 66 46 102 60 92 58 77 160 183 74 40 45 493
leaf_count=112 605 1842 57 69 41 81 47 49 354 48 40 178 40 41 56 319 78 66 46 102 60 92 58 77 160 183 74 40 45 493
internal_value=0.0041329 0.0370883 -0.0187729 -3.75094e-05 -0.00977011 0.0163576 -0.0207358 -0.0316264 -0.0321121 -0.0286378 -0.0241911 -0.029445 -0.00953307 -0.000909091 -0.00846154 0.0344037 -0.00857605 0.0169811 0.0166667 -0.0281457 0.0397098 -0.0179654 -0.00683453 0.0201613 -0.0358156 -0.0199552 -0.0221311 -0.0465891 -0.0365922 -0.0328996
internal_weight=5553 2277 3276 1333 435 745 588 1943 464 323 1298 973 257 110 325 436 309 106 102 151 379 231 139 124 282 223 122 645 716 538
internal_count=5553 2277 3276 1333 435 745 588 1943 464 323 1298 973 257 110 325 436 309 106 102 151 379 231 139 124 282 223 122 645 716 538
cat_boundaries=0 1 2 3 4 5
cat_threshold=380931 2 2 2 2
is_linear=0
shrinkage=0.05


Tree=18
num_leaves=31
num_cat=2
split_feature=7 7 11 14 14 1 13 13 3 15 50 7 3 11 7 3 15 44 9 48 26 13 18 12 38 7 15 12 11 8
split_gain=1636.98 472.556 307.825 166.929 153.67 109.506 119.108 100.452 86.8782 78.7012 51.1254 47.0727 36.6288 35.1395 34.8444 32.5103 31.631 27.4235 23.7906 24.9595 19.8541 19.4919 17.8107 14.9748 14.1047 13.6428 11.7663 10.6841 10.5245 8.99335
threshold=6030.7029478458053 5780.7256235827672 254.16500000000005 56.519999999999989 39.200000000000038 0 82.590000000000018 68.100000000000023 7.5000000000000009 0.1955655587441236 1 7155.6009070294795 8.5000000000000018 88.475000000000009 7655.5555555555566 9.5000000000000018 0.49608438583467002 0.010763746056406101 282.54000000000002 1.0000000180025095e-35 185.00000000000003 148.11500000000004 39.99999999999978 47.185000000000009 -62.055771138824859 3593.4240362811797 0.46126855209088719 37.085000000000008 182.98500000000004 10068.000000000002
decision_type=2 2 2 2 2 1 2 2 2 2 9 2 2 2 2 2 2 2 2 2 2 2 2 2 2 2 2 2 2 2
left_child=1 3 4 -1 29 6 7 15 17 11 23 28 14 -5 -9 -6 18 -4 22 -20 -19 -11 -12 -7 -10 27 -23 -15 -8 -2
right_child=2 -3 8 13 5 10 9 12 24 21 16 -13 -14 25 -16 -17 -18 20 19 -21 -22 26 -24 -25 -26 -27 -28 -29 -30 -31
leaf_value=5.3264982825294256 -5.149958503462182 5.2231696807557517 -5.4676769093327495 5.4431580174182486 -5.1999448472537031 -2.5944412566422601 0.39809856715195518 -5.2835431195700977 0.88287710787195484 -5.1953484680463804 0.62325558766450095 -1.1235292311136142 3.5333657041549169 -1.4754160975753028 7.7537968580156376 -0.057213392864553118 3.1144438961880185 2.3321053726101542 1.7509203340052979 -0.056954446631417181 -4.0685840771850392 -2.0190736865275141 -0.59851667608863779 -0.18588564648942124 4.0516947405275126 -5.2773031544608928 -2.2142805572020556 -0.29486920724470805 0.094361321645623525 -1.4009586989331539
leaf_weight=107 583 1797 64 40 122 78 62 45 41 731 49 44 107 52 45 79 57 96 86 65 41 323 150 44 203 150 86 74 41 43
leaf_count=107 583 1797 64 40 122 78 62 45 41 731 49 44 107 52 45 79 57 96 86 65 41 323 150 44 203 150 86 74 41 43
internal_value=0.00386013 0.037027 -0.018554 -0.0105201 -0.0246127 -0.0184282 -0.0246588 -0.000753769 0.0201124 -0.0320513 0.00141777 0.00238095 0.0246193 -0.0287975 0.00111111 -0.0256219 0.00995204 -0.00422886 0.00457143 0.0195364 0.00839416 -0.0364912 -0.00678392 -0.0257576 0.0401639 -0.0351449 -0.0277506 -0.0230159 0.0208738 -0.0464856
internal_weight=5505 2220 3285 423 2840 2214 1685 398 445 1287 529 147 197 316 90 201 407 201 350 151 137 1140 199 122 244 276 409 126 103 626
internal_count=5505 2220 3285 423 2840 2214 1685 398 445 1287 529 147 197 316 90 201 407 201 350 151 137 1140 199 122 244 276 409 126 103 626
cat_boundaries=0 1 2
cat_threshold=2 26688
is_linear=0
shrinkage=0.05


Tree=19
num_leaves=31
num_cat=3
split_feature=7 7 9 3 14 14 13 1 3 1 49 13 12 28 7 39 14 39 14 42 13 10 28 21 28 14 26 40 56 12
split_gain=1617.79 476.457 288.697 183.354 162.212 84.5886 76.4859 50.4435 48.4286 46.0403 59.1762 60.0439 55.2855 43.268 40.0835 64.6534 26.1954 21.6912 20.9012 18.0915 17.0764 16.9495 16.7781 24.5232 14.1102 13.9991 11.8747 11.7267 11.4956 9.94361
threshold=6030.7029478458053 5780.7256235827672 279.50500000000005 8.5000000000000018 56.519999999999989 39.200000000000038 95.115000000000052 0 10.500000000000002 1 2 95.255000000000052 30.935000000000006 350.02500000000015 4187.1201814058959 -32.394334335661483 155.63000000000002 -36.269860081048144 78.329999999999998 0.0040939246762604006 130.80000000000004 7300.9700000000003 -181.29500000000004 524.99999999999989 136.89000000000001 109.96500000000002 310.00000000000017 0.022044573643410805 229.94500000000002 137.77000000000001
decision_type=2 2 2 2 2 2 2 1 2 1 1 2 2 2 2 2 2 2 2 2 2 2 2 2 2 2 2 2 2 2
left_child=1 4 5 9 -1 -2 18 8 24 10 11 -4 -12 25 15 -6 20 -10 -5 -14 27 -22 -21 -24 -7 -8 -11 -9 -3 -13
right_child=2 28 3 6 14 7 13 16 17 26 12 29 19 -15 -16 -17 -18 -19 -20 22 21 -23 23 -25 -26 -27 -28 -29 -30 -31
leaf_value=5.0601733684029542 -4.8924605782890724 4.9620111967179641 3.941713216228246 0.60187226446551501 6.5035610426363606 -4.899451657406626 1.0609582140259126 -2.5821240554010174 -0.68926267776695627 1.3232099568367603 0.22975838771394949 -4.1074107722436519 -0.39667618431686125 -1.2756000426622784 -4.9982663172410824 -0.66803185091321837 3.353135945265568 2.1369585593035443 3.8491100035011372 -4.9466187007627331 0.97370440154111937 -0.44676641044152243 -0.73458915643426226 -4.2941643899406516 -4.8703194045083364 -0.054074807120617234 0.006230292647317226 -0.15801022616327984 4.9620111967179641 -1.6622330971744419
leaf_weight=107 595 1794 108 49 40 712 82 77 77 53 70 57 51 59 158 130 42 51 253 225 52 82 75 153 73 73 56 47 68 63
leaf_count=107 595 1794 108 49 40 712 82 77 77 53 70 57 51 59 158 130 42 51 253 225 52 82 75 153 73 73 56 47 68 63
internal_value=0.00502531 0.0371136 -0.0177589 -0.000946041 -0.01 -0.0310288 0.0228682 -0.0234542 -0.029299 -0.0144347 -0.0185786 0.00336134 -0.0268836 0 -0.027439 -0.0105882 -0.00566667 -0.00078125 0.0390728 -0.0331349 -0.0116279 0.000746269 -0.0363135 -0.0267544 -0.033949 0.013871 0.016055 -0.025 0.0481203 -0.0208333
internal_weight=5532 2297 3235 1427 435 1808 516 1213 913 911 802 228 574 214 328 170 300 128 302 504 258 134 453 228 785 155 109 124 1862 120
internal_count=5532 2297 3235 1427 435 1808 516 1213 913 911 802 228 574 214 328 170 300 128 302 504 258 134 453 228 785 155 109 124 1862 120
cat_boundaries=0 1 2 3
cat_threshold=2 2 8
is_linear=0
shrinkage=0.05


Tree=20
num_leaves=31
num_cat=2
split_feature=7 7 2 14 3 11 14 7 15 1 4 7 7 38 40 29 11 39 15 28 8 39 12 47 48 37 30 42 24 14
split_gain=1554.81 442.365 273.683 175.34 169.315 111.668 107.274 85.3424 82.526 80.4659 54.1635 49.83 46.2395 60.6318 40.0793 30.9571 27.5429 26.6446 21.005 21.1117 20.6429 19.9469 19.9206 19.6767 20.1405 17.1066 14.8474 13.5317 10.9087 9.90774
threshold=6030.7029478458053 5780.7256235827672 0 56.519999999999989 8.5000000000000018 138.11500000000004 44.354999999999997 7280.5895691609985 0.1955655587441236 1 0.44097222222222227 7155.6009070294795 4187.1201814058959 -28.068114081535818 0.59668803418803429 57.370000000000125 250.54000000000005 -66.448137229243216 0.4931554346913769 -199.53999999999999 2205.2950000000005 -57.152431160741649 25.085000000000004 1.0000000180025095e-35 1.0000000180025095e-35 253.64973922902527 -286.60000000000008 0.64201276778914218 815.00000000000011 219.44500000000002
decision_type=2 2 9 2 2 2 2 2 2 1 2 2 2 2 2 2 2 2 2 2 2 2 2 2 2 2 2 2 2 2
left_child=1 3 4 -1 7 22 -4 17 11 23 14 -8 13 -5 21 16 -7 -2 19 -11 -16 -9 -6 24 29 -17 -24 -26 -23 -10
right_child=2 -3 6 12 5 15 8 10 9 18 -12 -13 -14 -15 20 25 -18 -19 -20 -21 -22 28 26 -25 27 -27 -28 -29 -30 -31
leaf_value=4.8071646999828062 -2.4589056622420307 4.7139106368820665 -4.6478375493746187 5.9362139304885488 -3.5586911644908001 -0.084030560673247129 0.37471609033435699 2.7083764666474859 -4.0159236117498542 0.67470746177936414 -4.7319104812657002 -0.90600465782698336 -4.7635246808757943 -0.5877741116122025 -4.8851786023097876 3.1169615132581527 2.3541398223605507 -4.9541580341446956 1.2606370939178499 -0.81876245433841344 0.93025665931053814 -0.093738168243788431 0.64400265723880423 -0.40298811687338731 -0.16170511528482479 0.51872032982389482 -0.6547995438786085 -3.6815005475195131 2.3064953426607917 -0.99554893574447911
leaf_weight=113 58 1797 637 40 45 73 93 96 390 42 116 61 153 127 96 299 61 194 58 122 72 130 61 50 47 41 56 208 43 50
leaf_count=113 58 1797 637 40 45 73 93 96 390 42 116 61 153 127 96 299 61 194 58 122 72 130 61 50 47 41 56 208 43 50
internal_value=0.00535089 0.0373991 -0.0169897 -0.00796767 -0.000723639 0.0185535 -0.0301471 -0.0159627 -0.021008 -0.0264219 -0.00497288 0.012987 -0.026875 -0.00868263 0.00308924 0.0308017 0.0104478 -0.0400794 0 -0.00914634 -0.0160714 0.0150558 -0.017284 -0.0342953 -0.0364748 0.0388235 -0.00641026 -0.0252941 0.00491329 -0.0429545
internal_weight=5429 2230 3199 433 1441 636 1758 805 1121 967 553 154 320 167 437 474 134 252 222 164 168 269 162 745 695 340 117 255 173 440
internal_count=5429 2230 3199 433 1441 636 1758 805 1121 967 553 154 320 167 437 474 134 252 222 164 168 269 162 745 695 340 117 255 173 440
cat_boundaries=0 1 2
cat_threshold=44 2
is_linear=0
shrinkage=0.05


Tree=21
num_leaves=31
num_cat=5
split_feature=2 17 54 50 1 11 24 4 3 56 1 13 15 28 40 33 11 40 13 15 4 10 13 12 8 12 30 58 9 9
split_gain=636.039 295.742 269.112 238.427 236.408 185.887 146.389 201.38 161.141 142.629 97.0717 81.6236 73.1573 44.9337 44.5311 44.5148 44.4897 43.7864 30.5551 30.4134 35.6546 38.7191 29.0244 26.9965 26.3189 25.6403 22.8788 22.1106 19.4444 19.4221
threshold=0 5898.9350000000004 1 2 3 188.07500000000002 575.00000000000011 0.5590277777777779 5.5000000000000009 68.140000000000015 4 111.45000000000002 0.19978607439669968 254.47000000000006 0.24818840579710147 0.91049565794892384 158.31000000000003 0.43159536541889487 95.115000000000052 0.40017522109669318 0.064583333333333312 5743.6900000000005 97.765000000000029 21.365000000000006 5310.4150000000009 24.540000000000003 -216.26999999999973 9945.4200000000019 301.4500000000001 231.61000000000004
decision_type=9 2 9 9 1 2 2 2 2 2 1 2 2 2 2 2 2 2 2 2 2 2 2 2 2 2 2 2 2 2
left_child=2 10 4 9 -1 6 7 23 -9 -4 -2 -6 17 19 -10 -8 25 28 -15 24 -21 -22 -12 -5 -7 -3 -17 -27 -11 -25
right_child=1 16 3 5 11 13 15 8 14 12 22 -13 -14 18 -16 26 -18 -19 -20 20 21 -23 -24 29 -26 27 -28 -29 -30 -31
leaf_value=4.4782151050379628 4.4782151050379628 -3.959545166316405 4.5668064649836655 4.4782151050379628 -3.3357031044747112 3.4924478784189903 -4.4154456719058874 4.4782151050379628 0.73448029626834366 0.28953838487462136 -4.7685757329671548 0.28231252950700958 -4.4168858668029305 3.6015874129640717 -4.4119199243210678 1.1521684417385853 0.90056346593222225 -4.6363857204699741 -1.1254307796401901 4.5063744673697945 -3.4009064329848253 2.3131216403403814 1.1555048887255981 -4.4154456719058874 -0.079829032639584699 0.031923306153320223 -3.5436691966428273 -1.5167752835928725 -0.41477277867409584 -0.66415095783954148
leaf_weight=376 1103 58 66 42 126 129 338 286 52 42 44 113 754 264 90 67 121 44 40 68 157 50 65 158 42 154 283 53 84 194
leaf_count=376 1103 58 66 42 126 129 338 286 52 42 44 113 754 264 90 67 121 44 40 68 157 50 65 158 42 154 283 53 84 194
internal_value=0.00579352 0.0322139 -0.0052 -0.0109509 0.02488 -0.00193833 -0.012053 0.00218978 0.0259346 -0.0313 0.0445545 -0.0135983 -0.0366883 0.0184 -0.0176056 -0.0290698 -0.00569948 -0.00705882 0.0332237 0.00829596 -0.002 -0.0123188 -0.000458716 -0.0236041 0.0248538 -0.0171698 -0.0165714 -0.0089372 0.00793651 -0.028125
internal_weight=5463 1598 3865 3250 615 2260 1510 822 428 990 1212 239 924 750 142 688 386 170 304 446 275 207 109 394 171 265 350 207 126 352
internal_count=5463 1598 3865 3250 615 2260 1510 822 428 990 1212 239 924 750 142 688 386 170 304 446 275 207 109 394 171 265 350 207 126 352
cat_boundaries=0 1 2 3 4 5
cat_threshold=34 40 1464 2 2
is_linear=0
shrinkage=0.05


Tree=22
num_leaves=31
num_cat=5
split_feature=2 3 11 24 54 4 3 1 49 13 58 12 4 11 13 39 37 1 40 9 3 12 30 42 30 44 47 13 13 12
split_gain=638.122 290.586 263.797 254.272 233.78 184.362 210.258 127.83 91.9278 111.993 70.816 55.3341 52.6753 52.0439 49.9328 49.0396 44.3161 42.6214 37.0989 34.2206 30.5588 28.8061 25.1905 24.9966 24.6971 32.0232 23.4621 25.314 21.0287 20.2356
threshold=0 6.5000000000000009 254.16500000000005 575.00000000000011 1 0.5590277777777779 5.5000000000000009 2 3 82.590000000000018 3395.4000000000005 55.195000000000007 0.080128205128205107 159.42500000000004 121.68500000000004 -77.150668477466027 230.0767800453516 4 0.43437243642329781 215.43500000000003 1.0000000180025095e-35 58.495000000000012 -7.9999999999999991 0.14816772975692408 -122.45499999999991 0.020825543197615305 1.0000000180025095e-35 129.89500000000007 88.980000000000004 23.215000000000003
decision_type=9 2 2 2 9 2 2 1 1 2 2 2 2 2 2 2 2 1 2 2 2 2 2 2 2 2 2 2 2 2
left_child=2 7 3 4 17 16 11 -2 14 -10 12 -7 -4 19 24 -16 20 -1 21 -3 -6 -8 -14 -18 25 -5 27 -17 -9 -22
right_child=1 13 10 8 5 6 18 28 9 -11 -12 -13 22 -15 15 26 23 -19 -20 -21 29 -23 -24 -25 -26 -27 -28 -29 -30 -31
leaf_value=4.2543043497860635 4.2543043497860635 -2.7620567272127303 4.4287852703032815 -4.3045041534918571 -0.9254582546225244 4.2543043497860635 -1.4096010337759581 -2.3997774661841746 3.0519012001998478 -4.3966407385147965 4.1067783926409875 -4.4326615853870335 2.7624185095315466 1.2628072202523382 0.25870441769371716 0.25615485197458626 0.27563123913916032 0.049451428529414088 -4.1913239281050139 -0.0077324354468830238 -3.3877255064041165 0.94632346422122682 -4.8593650375228989 -2.7624855749925494 -4.1946733883105924 3.768386696300551 0.21002478998813956 -2.1835404213042366 0.44884306316702843 -4.2375244374942618
leaf_weight=269 1094 129 96 79 239 297 64 50 129 156 398 40 56 107 90 41 49 53 138 119 40 75 112 100 518 41 57 519 97 272
leaf_count=269 1094 129 96 79 239 297 64 50 129 156 398 40 56 107 90 41 49 53 138 119 40 75 112 100 518 41 57 519 97 272
internal_value=0.00595583 0.0325031 -0.00490096 -0.0107471 0.00317848 -0.00626888 0.0136808 0.0441176 -0.0247239 0.00152542 0.0238671 0.0402077 0.00378788 -0.0071831 -0.0300738 -0.0211457 -0.0238571 0.0406627 -0.0185921 -0.0197581 -0.0303993 -0.000359712 -0.0130952 0.00033557 -0.0404389 -0.02 -0.026175 -0.0292857 0.000340136 -0.0407051
internal_weight=5524 1596 3928 3266 1636 1314 614 1241 1630 285 662 337 264 355 1345 707 700 322 277 248 551 139 168 149 638 120 617 560 147 312
internal_count=5524 1596 3928 3266 1636 1314 614 1241 1630 285 662 337 264 355 1345 707 700 322 277 248 551 139 168 149 638 120 617 560 147 312
cat_boundaries=0 1 2 3 4 5
cat_threshold=34 40 2 4 2
is_linear=0
shrinkage=0.05


Tree=23
num_leaves=31
num_cat=2
split_feature=7 7 14 3 13 14 1 23 49 15 13 14 7 33 12 13 12 17 30 30 53 10 48 7 41 14 57 24 13 13
split_gain=1493.51 405.033 255.868 164.564 156.694 155.979 74.9808 72.5363 59.6518 80.6581 71.3684 56.2327 53.4018 48.8295 28.0631 26.4205 29.1288 24.6266 22.9354 20.9366 20.3441 20.1034 18.1156 18.2042 15.8977 14.4968 13.1104 12.9749 12.8585 12.3273
threshold=6030.7029478458053 5780.7256235827672 40.380000000000017 8.5000000000000018 95.115000000000052 66.340000000000003 0 10585.000000000002 1 0.1955655587441236 97.445000000000007 88.530000000000015 4187.1201814058959 0.79168424925715075 106.88500000000001 125.40500000000002 51.775000000000013 7545.0000000000009 -156.66999999999982 253.97500000000011 1.0000000180025095e-35 2699.9500000000003 1.0000000180025095e-35 8905.4421768707489 0.66390050752989849 219.44500000000002 166.76000000000002 604.99999999999989 134.83000000000001 148.93500000000003
decision_type=2 2 2 2 2 2 1 2 1 2 2 2 2 2 2 2 2 2 2 2 2 2 2 2 2 2 2 2 2 2
left_child=1 5 17 6 11 -1 8 24 10 18 19 14 13 -7 -5 -11 22 -2 -10 27 21 -8 28 26 -6 -12 -24 -4 -17 -26
right_child=2 -3 3 4 7 12 20 -9 9 15 25 -13 -14 -15 -16 16 -18 -19 -20 -21 -22 -23 23 -25 29 -27 -28 -29 -30 -31
leaf_value=4.3847390544656077 -3.9849397188950619 4.0415891322967612 2.9229829283976083 -0.19189737406337387 0.18868243337660859 -0.54435445077496858 -1.2831897635674159 1.1532121016371897 -1.3150589043613188 -4.1252776007221881 -4.1808577529327193 3.1166066382837485 -4.1727596502453919 5.3367713290650052 1.0221900780335234 -3.5158526109208155 0.041307456105697332 -1.7119044915893959 0.25715211158549567 -1.7428034358757416 2.4948761725368302 0.28528647111749816 -1.5218002609211583 -4.1616674795501174 -2.0855181259398807 -0.35749994512277827 1.0964204560040851 4.270153554686547 -2.9688145910980452 -0.84727091312564518
leaf_weight=108 508 1800 65 75 42 119 70 120 42 373 131 288 149 41 42 70 85 144 87 41 43 158 119 40 200 73 40 61 195 108
leaf_count=108 508 1800 65 75 42 119 70 120 42 373 131 288 149 41 42 70 85 144 87 41 43 158 119 40 200 73 40 61 195 108
internal_value=0.00646496 0.0380469 -0.0152795 -0.00817757 0.00942857 -0.00635492 -0.017277 -0.0102128 -0.0218706 -0.0278511 -0.00406824 0.0322222 -0.0244337 -0.004375 0.00299145 -0.0332972 -0.0263206 -0.0432515 0.00891473 0.0200599 0.00682657 0.000877193 -0.03125 -0.0198492 -0.0217143 -0.0240196 -0.0122642 0.0301587 -0.0398113 -0.0256494
internal_weight=5437 2217 3220 2568 875 417 1693 470 1422 1051 371 405 309 160 117 922 549 652 129 167 271 228 464 199 350 204 159 126 265 308
internal_count=5437 2217 3220 2568 875 417 1693 470 1422 1051 371 405 309 160 117 922 549 652 129 167 271 228 464 199 350 204 159 126 265 308
cat_boundaries=0 1 2
cat_threshold=2 8
is_linear=0
shrinkage=0.05


Tree=24
num_leaves=31
num_cat=0
split_feature=7 7 9 3 7 38 14 12 21 21 7 14 3 13 57 23 13 9 21 17 41 14 43 18 21 18 32 4 18 44
split_gain=1497.71 420.295 281.846 163.117 146.19 114.053 91.6566 53.594 46.6594 53.2376 43.2537 30.9241 28.7883 27.5207 27.1927 25.6576 24.5153 20.7503 20.6119 20.1741 20.14 19.1029 18.3832 17.1807 16.6246 33.4438 18.6266 15.7159 15.0263 14.4696
threshold=6030.7029478458053 5780.7256235827672 282.54000000000002 8.5000000000000018 4093.3786848072564 -28.068114081535818 40.380000000000017 81.050000000000026 565.00000000000057 335.00000000000006 9342.9024943310669 219.08500000000001 8.5000000000000018 82.590000000000018 138.11500000000004 10645.000000000002 134.05500000000004 300.24500000000006 480.00000000000017 7465.0000000000009 0.37365739792453684 176.51500000000001 0.045396847587310211 489.9999999999996 715.00000000000011 395.00000000000006 0.6959111473515911 0.25657894736842107 110.00000000000024 0.027140116867510805
decision_type=2 2 2 2 2 2 2 2 2 2 2 2 2 2 2 2 2 2 2 2 2 2 2 2 2 2 2 2 2 2
left_child=1 4 6 8 5 -1 19 15 9 21 12 23 24 -10 -14 17 -11 -5 28 -2 -9 -4 -19 27 25 -8 -27 -12 -18 -20
right_child=2 -3 3 7 -6 -7 10 20 13 16 11 -13 14 -15 -16 -17 18 22 29 -21 -22 -23 -24 -25 -26 26 -28 -29 -30 -31
leaf_value=4.1655021017423284 -3.7856927329503094 3.8395096756819229 -3.4273795872589674 0.59135315965138935 -3.9272714125190209 -0.47995001101397072 -3.8509549895319921 0.49284699509865676 2.2769122669944788 1.7343099458784792 0.48330471960997717 3.9468334187925977 -2.6798471535575552 -3.489248238864616 0.46039723417148881 1.0629348556399643 0.5299158728634602 -1.6021107977977307 0.0074735419579915587 -2.093128530396696 3.0031558667408662 0.19239747070152263 0.063507540113335814 -1.9363414863723414 -3.8843520979631792 -0.93563042801813701 -3.7706932779792299 -0.57160198427094266 -0.36526812993006175 -3.0643131707055029
leaf_weight=142 479 1847 167 41 157 119 240 77 51 121 71 41 112 258 72 68 57 47 52 152 221 65 40 94 161 214 45 156 51 40
leaf_count=142 479 1847 167 41 157 119 240 77 51 121 71 41 112 258 72 68 57 47 52 152 221 65 40 94 161 214 45 156 51 40
internal_value=0.00676072 0.0378587 -0.0152991 0.00199115 -0.00741627 0.0155172 -0.0280621 0.0248988 -0.0111369 -0.00244123 -0.0199834 -0.00552486 -0.0261848 -0.026699 -0.00869565 0.00459184 0.0107477 -0.00859375 0 -0.0435024 0.038255 -0.0206897 -0.0224138 -0.0107477 -0.0310606 -0.0265531 -0.0140927 -0.00330396 0.0148148 -0.0173913
internal_weight=5458 2265 3193 1356 418 261 1837 494 862 553 1206 362 844 309 184 196 321 128 200 631 298 232 87 321 660 499 259 227 108 92
internal_count=5458 2265 3193 1356 418 261 1837 494 862 553 1206 362 844 309 184 196 321 128 200 631 298 232 87 321 660 499 259 227 108 92
is_linear=0
shrinkage=0.05


Tree=25
num_leaves=31
num_cat=3
split_feature=7 7 9 3 14 14 50 7 39 13 1 13 18 59 7 50 14 13 13 13 43 42 48 11 13 24 57 9 7 24
split_gain=1455.25 404.349 281.651 149.996 148.596 93.1631 57.5523 54.1325 52.7876 51.114 50.659 47.4798 43.7956 34.6009 32.6018 31.0348 28.2773 26.4615 24.9932 20.0711 19.0476 18.2717 16.0921 18.8985 15.6568 18.6082 16.1771 15.5019 15.4671 15.2651
threshold=6030.7029478458053 5780.7256235827672 285.13500000000005 8.5000000000000018 56.519999999999989 39.200000000000038 0 4187.1201814058959 -32.394334335661483 137.40500000000003 1 77.590000000000018 615.00000000000011 9803.9700000000012 10991.746031746034 2 139.31500000000003 95.255000000000052 121.68500000000004 154.13500000000002 0.044827900629727455 0.0072657352380355008 1.0000000180025095e-35 121.46500000000002 125.82500000000002 530.00000000000023 166.76000000000002 228.79500000000004 8717.9591836734708 645.00000000000011
decision_type=2 2 2 2 2 2 9 2 2 2 1 2 2 2 2 9 2 2 2 2 2 2 2 2 2 2 2 2 2 2
left_child=1 4 5 12 -1 14 11 8 -6 21 -8 16 15 20 -2 17 -7 29 -13 -19 -11 -5 23 -12 -17 -26 -27 -20 -14 -4
right_child=2 -3 3 9 7 6 10 -9 -10 13 22 18 28 -15 -16 24 -18 19 27 -21 -22 -23 -24 -25 25 26 -28 -29 -30 -31
leaf_value=3.8449031828288898 -3.596408096302794 3.6475341918978277 2.1654233297427226 0.12110562070908132 4.8616576575246375 0.088650165333464773 -3.6582140367831713 -3.9636205578572388 -0.45595251046327229 -1.8981087639167087 1.262799298110961 -4.0795171515344526 -3.6728983248234486 0.7274267099911873 -1.4717494565315079 -4.1534503856583997 5.3926051090318508 -1.4889093688655717 -2.2865273366677523 1.4352242612362784 0.060332163107669069 2.1351286758342498 -1.2189341666456497 -1.00764223559123 0.17061757155817825 0.07291372737636248 -1.9948327911765291 -0.1344169620274272 -3.4805845607721184 3.0616948125697219
leaf_weight=109 455 1812 71 57 40 121 591 141 127 42 69 88 112 43 158 40 52 183 53 41 42 317 87 43 54 74 153 205 47 42
leaf_count=109 455 1812 71 57 40 121 591 141 127 42 69 88 112 43 158 40 52 183 53 41 42 317 87 43 54 74 153 205 47 42
internal_value=0.00670141 0.0377972 -0.0146914 0.00311077 -0.00659472 -0.0268991 -0.0193659 -0.0243506 -0.00508982 0.0246507 -0.02775 -0.00595463 -0.0100979 -0.00275591 -0.0429853 -0.00440729 0.0153179 0.00619597 -0.016763 -0.00357143 -0.0214286 0.0339572 -0.00628141 0.00625 -0.0152568 -0.0115658 -0.0178414 -0.00891473 -0.0336478 0.0261062
internal_weight=5469 2229 3240 1318 417 1922 1309 308 167 501 790 519 817 127 613 658 173 337 346 224 84 374 199 112 321 281 227 258 159 113
internal_count=5469 2229 3240 1318 417 1922 1309 308 167 501 790 519 817 127 613 658 173 337 346 224 84 374 199 112 321 281 227 258 159 113
cat_boundaries=0 1 2 3
cat_threshold=694273 2 360483
is_linear=0
shrinkage=0.05


Tree=26
num_leaves=31
num_cat=2
split_feature=7 7 9 7 3 24 50 13 13 18 1 16 21 7 13 13 28 23 9 40 57 26 11 13 15 41 44 10 13 28
split_gain=1398.48 416.547 262.372 146.291 142.088 106.031 87.0106 81.0092 62.9638 47.6718 34.3744 31.7939 37.9767 32.1663 30.7463 30.4699 30.1188 28.284 25.8689 23.2864 22.8934 22.5627 21.4013 19.3548 17.9223 17.1254 18.6411 14.0324 13.7838 27.494
threshold=6030.7029478458053 5780.7256235827672 279.50500000000005 4093.3786848072564 8.5000000000000018 42.154999999999752 0 119.97500000000004 137.40500000000003 626.98499999999979 1 5815.0000000000009 364.99999999999994 8717.9591836734708 134.05500000000004 78.725000000000009 126.32000000000001 8375.0000000000018 206.73500000000004 0.27735042735042742 96.135000000000005 29.99999999999989 106.21500000000002 68.100000000000023 0.50474530756185942 0.39966519811901996 0.022582624113159751 5364.2650000000012 37.445 -97.23999999999954
decision_type=2 2 2 2 2 2 9 2 2 2 1 2 2 2 2 2 2 2 2 2 2 2 2 2 2 2 2 2 2 2
left_child=1 3 6 5 9 22 15 17 25 11 -9 12 27 -13 21 23 -16 -8 -19 -10 -12 -14 -1 28 -11 -6 -27 -4 29 -2
right_child=2 -3 4 -5 8 -7 7 10 19 24 20 13 14 -15 16 -17 -18 18 -20 -21 -22 -23 -24 -25 -26 26 -28 -29 -30 -31
leaf_value=-7.0451220061777482 1.0820394396599819 3.4651574823029367 -3.3233114824661842 -3.5815313641946336 0.30707689268866223 3.7649818375137674 -3.416587691487655 -2.6581679261318443 0.18641097221213088 -3.46774307068512 -1.0674079517218329 -3.0710913652407501 2.1492876942029491 0.12716628209669609 0.30733481757573744 -3.8346666650511771 -2.3314245343728359 -2.6216792215884812 0.56719694696088541 -1.3076540195439812 0.36491085418728419 -0.50646044310895622 -0.063842139520487257 2.4353174841478094 -3.0274091086021957 2.0320729378668787 2.5264326458995896 0.46936444934109184 -1.6133142509477212 -0.052742655949000294
leaf_weight=40 46 1814 155 155 85 143 713 405 88 143 95 100 121 62 126 120 65 89 45 54 111 48 93 49 47 78 221 44 43 79
leaf_count=40 46 1814 155 155 85 143 713 405 88 143 95 100 121 62 126 120 65 89 45 54 111 48 93 49 47 78 221 44 43 79
internal_value=0.00725762 0.0375724 -0.0137995 -0.00661253 0.00212248 0.0152174 -0.026546 -0.0317439 0.0228137 -0.00982437 -0.0180851 -0.00395284 0.00169946 -0.0234568 0.0113889 -0.00302594 -0.00235602 -0.0419717 -0.0208955 -0.0056338 -0.00145631 0.0269231 -0.0169173 0.00806452 -0.0321053 0.0333333 0.0389632 -0.0158291 0 0.0084
internal_weight=5477 2245 3232 431 1437 276 1795 1458 526 911 611 721 559 162 360 337 191 847 134 142 206 169 133 217 190 384 299 199 168 125
internal_count=5477 2245 3232 431 1437 276 1795 1458 526 911 611 721 559 162 360 337 191 847 134 142 206 169 133 217 190 384 299 199 168 125
cat_boundaries=0 1 2
cat_threshold=1 2
is_linear=0
shrinkage=0.05


end of trees

feature_importances:
wav_duration_ms=94
base_cons_gap=79
base_cut_gap=62
base_cons=45
base_ovl_ratio=42
base_ovl=39
row_index_in_wav=38
base_pre=35
format_type=27
base_cutoff_to_next_anchor_ms=26
vowel_class=22
syllable_len_ms=21
curr_phone_len_ms=15
curr_vowel_len_ms=15
db_min=14
row_ratio_in_wav=13
base_offset_to_expected_ms=13
db_silence_ratio=13
is_diphthong=13
coda_type=13
next_base_pre=12
base_offset=11
curr_phone_start_ms=11
base_pre_to_expected_ms=11
f0_voicing_near_pre=9
prev_base_pre=9
zcr_mean=8
alias_type=7
spectral_flux_mean=7
base_cutoff_abs=6
curr_phone_end_ms=6
curr_vowel_start_ms=6
valley_dist_from_cutoff_ms=6
db_mean=6
f0_voicing_mean=6
prev_alias_type=5
prev_base_offset=5
curr_vowel_end_ms=4
energy_min=4
energy_max=4
voicing_class=4
syllable_end_ms=3
prev_phone_gap_ms=3
next_phone_gap_ms=3
energy_slope_pre=3
syllable_start_ms=2
is_tense=2
next_base_offset=2
next_base_cutoff_abs=2
expected_anchor_ms=1
energy_mean=1
mora_position=1
is_nasal_or_sonorant=1

parameters:
[boosting: gbdt]
[objective: regression_l1]
[metric: l1]
[tree_learner: serial]
[device_type: cpu]
[data_sample_strategy: bagging]
[data: ]
[valid: ]
[num_iterations: 500]
[learning_rate: 0.05]
[num_leaves: 31]
[num_threads: 0]
[seed: 0]
[deterministic: 0]
[force_col_wise: 0]
[force_row_wise: 0]
[histogram_pool_size: -1]
[max_depth: -1]
[min_data_in_leaf: 40]
[min_sum_hessian_in_leaf: 0.001]
[bagging_fraction: 0.85]
[pos_bagging_fraction: 1]
[neg_bagging_fraction: 1]
[bagging_freq: 1]
[bagging_seed: 3]
[bagging_by_query: 0]
[feature_fraction: 0.85]
[feature_fraction_bynode: 1]
[feature_fraction_seed: 2]
[extra_trees: 0]
[extra_seed: 6]
[early_stopping_round: 0]
[early_stopping_min_delta: 0]
[first_metric_only: 0]
[max_delta_step: 0]
[lambda_l1: 0]
[lambda_l2: 0]
[linear_lambda: 0]
[min_gain_to_split: 0]
[drop_rate: 0.1]
[max_drop: 50]
[skip_drop: 0.5]
[xgboost_dart_mode: 0]
[uniform_drop: 0]
[drop_seed: 4]
[top_rate: 0.2]
[other_rate: 0.1]
[min_data_per_group: 100]
[max_cat_threshold: 32]
[cat_l2: 10]
[cat_smooth: 10]
[max_cat_to_onehot: 4]
[top_k: 20]
[monotone_constraints: ]
[monotone_constraints_method: basic]
[monotone_penalty: 0]
[feature_contri: ]
[forcedsplits_filename: ]
[refit_decay_rate: 0.9]
[cegb_tradeoff: 1]
[cegb_penalty_split: 0]
[cegb_penalty_feature_lazy: ]
[cegb_penalty_feature_coupled: ]
[path_smooth: 0]
[interaction_constraints: ]
[verbosity: -1]
[saved_feature_importance_type: 0]
[use_quantized_grad: 0]
[num_grad_quant_bins: 4]
[quant_train_renew_leaf: 0]
[stochastic_rounding: 1]
[linear_tree: 0]
[max_bin: 255]
[max_bin_by_feature: ]
[min_data_in_bin: 3]
[bin_construct_sample_cnt: 200000]
[data_random_seed: 1]
[is_enable_sparse: 1]
[enable_bundle: 1]
[use_missing: 1]
[zero_as_missing: 0]
[feature_pre_filter: 1]
[pre_partition: 0]
[two_round: 0]
[header: 0]
[label_column: ]
[weight_column: ]
[group_column: ]
[ignore_column: ]
[categorical_feature: 0,1,2,45,46,49,50,51,52,54,55]
[forcedbins_filename: ]
[precise_float_parser: 0]
[parser_config_file: ]
[objective_seed: 5]
[num_class: 1]
[is_unbalance: 0]
[scale_pos_weight: 1]
[sigmoid: 1]
[boost_from_average: 1]
[reg_sqrt: 0]
[alpha: 0.9]
[fair_c: 1]
[poisson_max_delta_step: 0.7]
[tweedie_variance_power: 1.5]
[lambdarank_truncation_level: 30]
[lambdarank_norm: 1]
[label_gain: ]
[lambdarank_position_bias_regularization: 0]
[eval_at: ]
[multi_error_top_k: 1]
[auc_mu_weights: ]
[num_machines: 1]
[local_listen_port: 12400]
[time_out: 120]
[machine_list_filename: ]
[machines: ]
[gpu_platform_id: -1]
[gpu_device_id: -1]
[gpu_use_dp: 0]
[num_gpu: 1]

end of parameters

pandas_categorical:[["korean"], ["cvc", "cvvc"], ["br", "cv", "cv_head", "mono", "vc", "vcv", "vv"], ["other", "plosive", "sibilant", "sonorant"], ["unknown", "voiced", "voiceless"], ["liquid", "nasal", "none", "other", "stop"], ["", "a", "ae", "e", "eo", "eu", "eui", "i", "o", "oe", "u", "wa", "we", "weo", "wi", "ya", "ye", "yeo", "yo", "yu"], ["head", "mid", "tail"], ["", "vc", "vcv", "vv"], ["", "br", "cv", "cv_head", "mono", "vc", "vcv", "vv"], [""]]
