tree
version=v4
num_class=1
num_tree_per_iteration=1
label_index=0
max_feature_idx=110
objective=regression_l1
feature_names=language format_type alias_type alias_group row_index_in_wav row_ratio_in_wav file_row_count file_cv_count file_vc_count file_vv_count file_vcv_count file_br_count file_mono_count file_cv_ratio file_vc_ratio file_vc_cv_ratio file_cv_vc_balance file_mean_energy file_voiced_ratio file_mean_syllable_dur_ms is_head_row is_tail_row wav_duration_ms base_offset base_cons base_cutoff_abs base_pre base_ovl base_cons_gap base_cut_gap base_ovl_ratio curr_phone_start_ms curr_phone_end_ms curr_phone_len_ms curr_vowel_start_ms curr_vowel_end_ms curr_vowel_len_ms syllable_start_ms syllable_end_ms syllable_len_ms prev_phone_gap_ms next_phone_gap_ms expected_anchor_ms base_offset_to_expected_ms base_pre_to_expected_ms base_cutoff_to_next_anchor_ms energy_mean energy_min energy_max energy_slope_pre energy_slope_post valley_energy valley_dist_from_cutoff_ms db_mean db_min db_silence_ratio f0_voicing_mean f0_voicing_near_pre zcr_mean spectral_flux_mean onset_class voicing_class is_tense is_diphthong coda_type vowel_class mora_position bridge_type is_nasal_or_sonorant prev_alias_type next_alias_type prev_base_pre next_base_pre prev_base_offset next_base_offset prev_base_cutoff_abs next_base_cutoff_abs mapping_confidence used_alias_occurrence_mapping used_exact_vowel_fix used_nuclei_fallback used_alias_based_syllables words_vs_alias_score_margin jump_blocked_flag mapping_reason_code local_peak_db local_valley_db mel_window_energy_mean mel_window_silence_ratio mel_voiced_formant_ratio mel_silence_sparse_ratio mel_unvoiced_diffuse_ratio mel_breath_like_ratio blank_span_confidence mel_offset_candidate_ms mel_cutoff_candidate_ms mel_voiced_onset_ms mel_vowel_nucleus_start_ms mel_vowel_nucleus_end_ms mel_voiced_onset_to_pre_ms mel_safety_clamped onset_patch_energy_mean onset_patch_voiced_ratio onset_patch_unvoiced_ratio tail_patch_energy_mean tail_patch_silence_ratio syllable_blank_confidence syllable_mel_voiced_conf syllable_mel_silence_conf syllable_mel_unvoiced_conf syllable_mel_breath_conf
feature_infos=none none -1:4:2:5:3:0 -1:11:3:12:1:4:2:8:0:10:5 [0:17] [0:1] [1:18] [0:2] [0:12] [0:7] [0:6] [0:6] none [0:1] [0:1] [0.33333333333333331:13] [-1:1] [0:0.71625973308621504] [0:0.98574821852731598] [0:1610] [0:1] [0:1] [0:11533.219954648526] [0:8204.3999999999996] [30:540] [80:8447.5100000000002] [0:370] [0:258.95999999999998] [8:170] [5:4140] [0:0.99991379310344819] [0:8250] [0:8740] [0:3090] [0:8250] [0:8740] [0:3090] [0:8250] [0:8740] [0:3180] [0:1380] [0:1560] [0:8250] [-369:88.380000000000109] [-69.399999999999977:372] [-4267:2892] [0:1] [0:1] [0:1] [-0.81059883917137132:1] [-0.73319053431152104:1] [0:1] [0:3948.0430839002265] [-90.704671076544457:0] [-120:0] [0:1] [0:1] [0:1] [0:0.2838106039126736] [0:0.27711883094604128] -1:2:0:3:1 -1:1:2:0 none none none -1:6:2:5:1:3:0 -1:1:0:2 -1:2:0:3:1 [0:1] -1:6:0:3:7:5:1 -1:6:0:7:5:1 [0:619] [0:350] [0:8130] [0:8204.3999999999996] [0:8354.3999999999996] [0:8447.5100000000002] [0.50085124768016653:1] [0:1] [0:1] none none [-28.800000000000001:1540.95] none none [-90.704671076544457:0] [-120:0] [0:1] [0:1] [0:1] [0:1] [0:0.52500000000000002] [0:0.38461538461538458] [0:0.85000000000000009] [0:8114.5306122448983] [68.852607709750572:8447.5100000000002] [0:8181.4058956916097] [0:8201.3605442176868] [0:8400.9070294784578] [-79.467120181405789:79.98866213151905] none [0:1] [0:1] [0:0.75] [0:1] [0:1] [0:0.89986817162592492] [0:1] [0:1] [0:1] none
tree_sizes=3231 3384 3399 3395

Tree=0
num_leaves=31
num_cat=4
split_feature=27 30 47 5 19 2 53 2 82 17 82 30 18 82 71 18 18 61 53 18 18 61 19 99 10 45 52 26 29 4
split_gain=703.62 500.44 371.912 350.266 297.137 170.7 164.326 125.958 102.88 107.943 83.4995 76.2981 70.1392 65.1462 55.2408 53.2649 52.2942 51.0151 49.8669 48.2793 47.9096 42.8734 42.8208 43.0091 35.7386 35.7114 35.5674 33.3029 32.472 32.459
threshold=64.27500000000002 0.87119785387026771 0.10424120584220346 0.84523809523809534 330.71428571428584 0 -30.324650813455992 1 96.065000000000012 0.5134218320229974 78.055000000000021 0.80109244299130122 0.80050834128625858 59.430000000000007 48.025000000000006 0.54987262733080489 0.81655526540651491 2 -28.123779738770789 0.79784244101436552 0.73447947253291745 3 367.32142857142867 44.795918367346992 5.5000000000000009 -85.505000000000095 191.13106575963721 105.7 63.500000000000021 1.0000000180025095e-35
decision_type=2 2 2 2 2 9 2 9 2 2 2 2 2 2 2 2 2 1 2 2 2 1 2 2 2 2 2 2 2 2
left_child=5 2 10 4 7 26 -6 16 11 -10 12 15 21 19 -14 -8 17 -4 20 -5 -3 27 23 -13 -17 -16 -1 -2 -15 -12
right_child=1 18 3 13 6 -7 8 -9 9 -11 29 22 14 28 25 24 -18 -19 -20 -21 -22 -23 -24 -25 -26 -27 -28 -29 -30 -31
leaf_value=80.876497268676758 81.386997222900391 78.4764970779419 81.766997146606442 80.270997238159183 81.284497070312497 84.199996948242188 80.823997116088862 77.886497116088862 81.061497116088873 79.599997138977045 78.923497009277341 80.204997253417972 79.1094970703125 80.365497207641596 80.225997161865237 80.153997039794916 82.275997161865234 79.938497161865229 77.647497081756597 82.143997192382812 80.721496963500982 80.83949699401856 78.658497047424319 78.6799970626831 79.589997100830075 82.283497238159185 78.986997032165533 79.7344970703125 81.995997238159177 83.449996948242188
leaf_weight=192.95145151019096 31.742853790521622 129.53185161948204 231.7501592040062 309.98862457275391 319.43256264925003 1135.3633789420128 163.73139968514442 116.97713062167168 321.11660516262054 399.35802513360977 43.496939480304718 245.10174840688705 52.937633156776428 52.354424893856049 46.863649785518646 255.48046997189522 274.36990383267403 192.38393700122833 803.50849002599716 88.553100764751434 102.42665308713913 306.28147324919701 1331.4205741882324 132.77934756875038 329.55942198634148 277.02893781661987 117.09986793994904 153.16488945484161 509.89835077524185 497.70476746559143
leaf_count=274 51 211 320 419 459 1587 231 164 444 508 65 330 76 68 70 336 359 263 1153 116 169 438 1746 183 421 371 148 215 687 688
internal_value=80.45 80.444 80.449 80.4429 80.4368 80.482 80.4305 80.464 80.4271 80.4437 80.4718 80.4222 80.4622 80.4702 80.4785 80.4355 80.472 80.4613 80.4117 80.4548 80.4321 80.4498 80.4164 80.4312 80.4285 80.4862 80.4485 80.4308 80.4812 80.4873
internal_weight=9164.36 7718.94 6683.48 5274.26 4313.46 1445.41 3497.98 815.481 3178.55 720.475 1409.22 2458.07 868.019 960.795 376.83 748.771 698.504 424.134 1035.47 398.542 231.959 491.189 1709.3 377.881 585.04 323.893 310.051 184.908 562.253 541.202
internal_count=12570 10561 9028 7054 5764 2009 4658 1106 4199 952 1974 3247 1221 1290 517 988 942 583 1533 535 380 704 2259 513 757 441 422 266 755 753
cat_boundaries=0 1 2 3 4
cat_threshold=37 16 4 2
is_linear=0
shrinkage=1


Tree=1
num_leaves=31
num_cat=2
split_feature=28 30 30 86 27 74 19 18 53 106 39 27 99 28 17 18 53 53 99 29 29 28 18 28 99 106 69 18 28 61
split_gain=1587.89 383.03 312.304 228.308 201.532 173.991 160.456 97.9193 95.6528 66.3029 63.2818 64.9561 60.485 57.1952 53.7745 49.1821 47.5465 45.3767 44.2052 40.8442 40.3461 50.3103 38.3021 37.4453 36.0327 35.8863 33.2831 32.3332 30.959 35.3751
threshold=89.305000000000021 0.86838571428571443 0.79932477055863005 -34.456921376305452 64.27500000000002 1180.7 318.45238095238102 0.46253729969185448 -31.637767704626906 0.83175737876913802 385.00000000000028 57.270000000000003 62.672789115646317 114.63500000000001 0.52319813433258366 0.64864281574645144 -28.981717513992169 -26.794910149727375 49.723582766439911 63.57500000000001 63.585000000000015 121.97000000000001 0.84681662358613374 88.245000000000019 32.355328798185958 0.74472386011064684 0 0.68723914858096846 90.584999999999994 1
decision_type=2 2 2 2 2 2 2 2 2 2 2 2 2 2 2 2 2 2 2 2 2 2 2 2 2 2 9 2 2 1
left_child=2 3 15 10 26 20 -7 -8 14 13 11 -2 28 -3 -4 -1 -14 -9 -12 -17 -6 -22 -15 -10 27 -25 -5 -19 -13 -30
right_child=1 9 8 4 5 6 7 17 23 -11 18 12 16 22 -16 19 -18 24 -20 -21 21 -23 -24 25 -26 -27 -28 -29 29 -31
leaf_value=0.84300003051757821 4.0885002136230471 -3.1068748426437383 -1.2350748252868655 0.63650016784667973 1.3921999549865725 1.5166500663757327 0.79857501029968248 0.28627525329589859 -2.0833748769760136 2.5704253959655761 2.876499938964844 -0.24622497558593751 1.1938253211975096 -0.53282480239868169 2.5779998779296878 0.47517499923706058 -1.1774748039245608 0.18957499504089342 0.5553001403808594 -1.0304998779296874 -0.21004987716674819 2.6466997718811038 3.3421751976013185 -0.96224990844726577 -1.0624998474121092 0.10157526969909654 3.2864997863769534 -0.94149983406066873 0.12682512283325167 1.3675252723693845
leaf_weight=262.08455741405487 233.95988655090332 331.037393450737 100.97811141610146 146.33743041753769 468.66790550947189 267.23076331615448 246.05789691209793 181.26787167787552 1858.5504710078239 29.122492760419846 991.47478088736534 109.95093417167664 62.969642996788025 108.2728658914566 87.021946728229523 98.646302461624146 98.224194407463074 203.96629703044891 253.50808298587799 203.25587749481201 200.20687961578369 86.751727104187012 27.584770679473877 315.41696751117706 678.87145882844925 42.242925226688385 506.20026648044586 227.25569975376129 194.44851243495941 508.96904733777046
leaf_count=383 341 441 153 196 609 359 333 248 2582 45 1371 146 97 150 123 155 136 269 344 294 272 133 40 414 860 58 686 291 267 714
internal_value=-0.000464281 0.014007 -0.0305083 0.0176951 0.00892451 0.00260245 -0.0058318 -0.0120476 -0.0383636 -0.0281254 0.0291801 0.0210299 0.0153503 -0.0326909 -0.00412161 0.00297773 -0.0126304 -0.0175557 0.0370917 -0.0107794 0.0227458 0.0079806 -0.0053737 -0.0412683 -0.0213432 -0.0264529 0.0337296 -0.0100405 0.0208955 0.0247522
internal_weight=9130.53 6162.34 2968.2 5666.32 3212.81 2560.28 1804.65 1537.42 2404.21 496.018 2453.51 1208.52 974.562 466.895 188 563.987 161.194 1291.36 1244.98 301.902 755.627 286.959 135.858 2216.21 1110.09 357.66 652.538 431.222 813.368 703.418
internal_count=12510 8348 4162 7672 4256 3374 2360 2001 3330 676 3416 1701 1360 631 276 832 233 1668 1715 449 1014 405 190 3054 1420 472 882 560 1127 981
cat_boundaries=0 1 2
cat_threshold=129 2
is_linear=0
shrinkage=0.05


Tree=2
num_leaves=31
num_cat=1
split_feature=28 30 30 53 99 27 76 54 45 19 18 35 45 106 59 28 32 28 75 18 18 65 82 29 18 27 54 30 47 104
split_gain=1552.79 385.665 282.684 239.366 210.176 176.1 91.1239 85.4973 80.5975 69.3506 88.3042 81.642 69.0969 66.7207 62.4083 59.9517 89.7666 48.6206 47.8426 42.5715 41.2414 39.6753 38.3037 37.0739 31.9792 29.7194 27.9514 26.8515 32.9999 26.4067
threshold=89.410000000000025 0.86838571428571443 0.80109244299130122 -29.056500723694771 42.977551020408107 64.50500000000001 1442.3650000000002 -46.954077625199197 46.895000000000103 348.7707142857144 0.70430541032005023 465.00000000000006 178.41000000000034 0.83175737876913802 0.023268696110781504 87.830000000000013 3940.0700000000002 114.63500000000001 1770.2700000000002 0.6406321726014822 0.83341951051361607 0 65.645000000000024 61.22000000000002 0.84448490698490708 70.220000000000013 -25.697392565806503 0.61416666666666675 0.21210814993978835 0.43665206159840264
decision_type=2 2 2 2 2 2 2 2 2 2 2 2 2 2 2 2 2 2 2 2 2 9 2 2 2 2 2 2 2 2
left_child=2 3 19 27 8 -6 21 18 -5 11 22 -10 -12 17 24 -9 20 -3 -4 29 -17 -7 25 -21 -8 -11 -14 -2 -29 -1
right_child=1 13 7 4 5 6 14 15 9 10 12 -13 26 -15 -16 16 -18 -19 -20 23 -22 -23 -24 -25 -26 -27 -28 28 -30 -31
leaf_value=-1.3604749488830565 -3.9930661096572879 -2.8320311310291295 -1.1022060873508459 1.4593400640487673 1.7721751785278324 -0.35929744434356653 -1.0930748825073238 -2.0210810806751254 -2.9813224000930783 1.6721751785278323 -0.76992486333847054 1.5618675775527955 1.5476751613616948 2.4304035768508911 0.24164885616302456 -1.0913124103546146 0.20674384570121732 -0.16118348598480239 2.5496003723144534 2.0824163866043093 0.36293772506713823 1.0474149961471562 0.78052146959304813 -0.55545876979827824 1.6028675622940065 -0.24067849111557038 -1.3720747833251949 3.7088092527389529 2.2205101394653322 0.99264997482299866
leaf_weight=33.317684531211853 25.770414233207703 331.6306340098381 97.884992897510529 949.92147350311279 367.71519982814789 133.72110539674759 685.98379093408585 1750.3618971705437 50.005986511707306 77.06232738494873 279.60311388969421 616.24969559907913 93.017674684524536 30.693616539239883 225.85530453920364 423.52368384599686 77.304571151733398 135.14360594749451 83.897547125816345 67.238371878862381 29.047504484653473 185.59423893690109 372.21555328369141 255.97034740447998 31.23021537065506 217.0476850271225 30.05892288684845 820.97801205515862 482.56387650966644 212.99200546741486
leaf_count=48 33 443 158 1279 497 176 870 2446 62 103 360 817 128 48 313 557 98 191 112 107 41 248 503 372 43 286 42 1211 680 312
internal_value=-0.000157268 0.0142948 -0.029438 0.0180143 0.0122996 -0.0018628 -0.0107324 -0.0367814 0.0208972 0.014488 0.00659677 0.0271494 -0.0118888 -0.027909 -0.0185492 -0.0394122 -0.0246769 -0.0326046 -0.00378133 0.00230748 -0.0331824 0.0123538 0.0177682 -0.00962621 -0.0257671 0.00428197 0.019329 0.0365657 0.0375648 0.0179669
internal_weight=9173.6 6142.06 3031.54 5644.59 4315.28 1630.1 1262.38 2462.02 2685.18 1735.26 1069.01 666.256 402.68 497.468 943.069 2280.24 529.876 466.774 181.783 569.518 452.571 319.315 666.326 323.209 717.214 294.11 123.077 1329.31 1303.54 246.31
internal_count=12584 8333 4251 7651 5727 2147 1650 3412 3580 2301 1422 879 530 682 1226 3142 696 634 270 839 598 424 892 479 913 389 170 1924 1891 360
cat_boundaries=0 1
cat_threshold=32
is_linear=0
shrinkage=0.05


Tree=3
num_leaves=31
num_cat=0
split_feature=28 30 30 27 99 82 106 90 76 106 28 32 28 33 59 76 59 32 52 19 27 59 19 39 28 22 17 4 82 24
split_gain=1454.5 349.962 272.115 213.266 251.902 123.944 93.5953 81.583 73.413 59.7924 58.4827 81.7727 55.2959 52.2819 51.9853 48.8221 47.2974 47.0103 41.4475 40.7504 39.5594 38.941 37.1347 35.5588 36.1584 34.0801 33.5785 29.5621 28.5678 27.3177
threshold=89.410000000000025 0.86838571428571443 0.79932477055863005 52.860000000000007 54.073015873015876 90.110000000000014 0.53101942240804634 0.050641025641025607 1334.1900000000003 0.82321584213276677 87.625000000000014 3919.1850000000004 113.41500000000003 300.00000000000028 0.015534990406038353 2144.1800000000007 0.031659620912676704 465.00000000000006 183.08062358276661 126.19047619047619 64.50500000000001 0.020214540063018056 274.64285714285722 760.00000000000023 121.53500000000001 3874.8299319727898 0.48269125601220414 1.0000000180025095e-35 26.405000000000005 176.15500000000003
decision_type=2 2 2 2 2 2 2 2 2 2 2 2 2 2 2 2 2 2 2 2 2 2 2 2 2 2 2 2 2 2
left_child=2 3 18 27 5 6 15 10 -6 12 -4 -12 -3 -9 26 17 20 -5 29 -8 -10 -17 -19 24 28 -22 -7 -2 -24 -1
right_child=1 9 7 4 8 14 19 13 16 -11 11 -13 -14 -15 -16 21 -18 22 -20 -21 25 -23 23 -25 -26 -27 -28 -29 -30 -31
leaf_value=1.180217621803284 -0.18393359947204574 -2.8099295439600951 -1.9732020468592646 -3.4292850047588352 0.55105516514778186 1.4614204277753822 -0.72329151873588637 -1.4017020316004754 1.1660664005279544 2.3203839473247529 -0.89498540773391688 0.19640665341615673 -0.15312431168556204 2.4401203842163088 2.0982081524372105 -0.77219246227741256 0.83766004319191012 1.6243553430080411 -0.55620205998420713 1.6320435261249537 1.2990853285312653 0.20315254254341114 1.4424569727420804 0.87073296704292324 1.3868392591238021 -0.76922115669250468 -0.18581933197975076 3.9280667705535892 -0.46756515364646917 -0.11698237133026056
leaf_weight=268.70052134990692 42.101745128631592 300.92854034900665 1688.6289938688278 30.098479866981506 365.77552443742752 110.41910547018051 31.525588154792786 94.273126125335693 82.970792949199677 28.573606640100479 524.91568306088448 95.644077837467194 153.03831100463867 65.701066195964813 907.90547701716423 331.29735082387924 143.96830576658249 156.73161685466766 201.20277780294418 776.20816472172737 36.04916924238205 331.44996726512909 64.929643154144287 136.08105283975601 58.260188162326813 880.53565829992294 135.97267067432404 781.36401575803757 229.35960876941681 86.215749889612198
leaf_count=402 56 399 2363 33 492 153 47 150 116 44 693 122 216 92 1252 424 202 210 276 1054 49 442 95 181 85 1153 184 1087 315 140
internal_value=-0.000635367 0.0133928 -0.0289929 0.0168935 0.0128679 0.0206062 0.0134997 -0.0361095 -0.00405285 -0.0274736 -0.0385017 -0.0253758 -0.0318893 -0.00157926 0.033818 0.00538708 -0.0102895 0.0148471 0.0026047 0.0269402 -0.0141487 -0.00425438 0.0176957 0.0109029 0.00252298 -0.0171414 0.0134495 0.0404055 -0.00460167 0.0128822
internal_weight=9140.83 6115.54 3025.28 5633 4809.54 3300.24 2145.94 2469.16 1509.3 482.54 2309.19 620.56 453.967 159.974 1154.3 1338.21 1143.52 675.461 556.119 807.734 999.556 662.747 645.362 488.63 352.549 916.585 246.392 823.466 294.289 354.916
internal_count=12527 8289 4238 7630 6487 4475 2886 3420 2012 659 3178 815 615 242 1589 1785 1520 919 818 1101 1318 866 886 676 495 1202 337 1143 410 542
is_linear=0
shrinkage=0.05


end of trees

feature_importances:
file_voiced_ratio=13
base_cons_gap=12
base_ovl_ratio=9
base_ovl=7
file_mean_syllable_dur_ms=6
db_mean=6
words_vs_alias_score_margin=6
mel_voiced_onset_to_pre_ms=6
syllable_blank_confidence=5
base_cut_gap=4
spectral_flux_mean=4
file_mean_energy=3
curr_phone_end_ms=3
base_cutoff_to_next_anchor_ms=3
voicing_class=3
next_base_cutoff_abs=3
alias_type=2
row_index_in_wav=2
syllable_len_ms=2
energy_min=2
valley_dist_from_cutoff_ms=2
db_min=2
row_ratio_in_wav=1
file_vcv_count=1
wav_duration_ms=1
base_cons=1
base_pre=1
curr_phone_len_ms=1
curr_vowel_end_ms=1
vowel_class=1
prev_alias_type=1
prev_base_pre=1
next_base_offset=1
prev_base_cutoff_abs=1
local_valley_db=1
mel_silence_sparse_ratio=1
tail_patch_energy_mean=1

parameters:
[boosting: gbdt]
[objective: regression_l1]
[metric: l1]
[tree_learner: serial]
[device_type: cpu]
[data_sample_strategy: bagging]
[data: ]
[valid: ]
[num_iterations: 700]
[learning_rate: 0.05]
[num_leaves: 31]
[num_threads: 0]
[seed: 0]
[deterministic: 0]
[force_col_wise: 0]
[force_row_wise: 0]
[histogram_pool_size: -1]
[max_depth: -1]
[min_data_in_leaf: 40]
[min_sum_hessian_in_leaf: 0.001]
[bagging_fraction: 0.85]
[pos_bagging_fraction: 1]
[neg_bagging_fraction: 1]
[bagging_freq: 1]
[bagging_seed: 3]
[bagging_by_query: 0]
[feature_fraction: 0.85]
[feature_fraction_bynode: 1]
[feature_fraction_seed: 2]
[extra_trees: 0]
[extra_seed: 6]
[early_stopping_round: 0]
[early_stopping_min_delta: 0]
[first_metric_only: 0]
[max_delta_step: 0]
[lambda_l1: 0]
[lambda_l2: 0]
[linear_lambda: 0]
[min_gain_to_split: 0]
[drop_rate: 0.1]
[max_drop: 50]
[skip_drop: 0.5]
[xgboost_dart_mode: 0]
[uniform_drop: 0]
[drop_seed: 4]
[top_rate: 0.2]
[other_rate: 0.1]
[min_data_per_group: 100]
[max_cat_threshold: 32]
[cat_l2: 10]
[cat_smooth: 10]
[max_cat_to_onehot: 4]
[top_k: 20]
[monotone_constraints: ]
[monotone_constraints_method: basic]
[monotone_penalty: 0]
[feature_contri: ]
[forcedsplits_filename: ]
[refit_decay_rate: 0.9]
[cegb_tradeoff: 1]
[cegb_penalty_split: 0]
[cegb_penalty_feature_lazy: ]
[cegb_penalty_feature_coupled: ]
[path_smooth: 0]
[interaction_constraints: ]
[verbosity: -1]
[saved_feature_importance_type: 0]
[use_quantized_grad: 0]
[num_grad_quant_bins: 4]
[quant_train_renew_leaf: 0]
[stochastic_rounding: 1]
[linear_tree: 0]
[max_bin: 255]
[max_bin_by_feature: ]
[min_data_in_bin: 3]
[bin_construct_sample_cnt: 200000]
[data_random_seed: 1]
[is_enable_sparse: 1]
[enable_bundle: 1]
[use_missing: 1]
[zero_as_missing: 0]
[feature_pre_filter: 1]
[pre_partition: 0]
[two_round: 0]
[header: 0]
[label_column: ]
[weight_column: ]
[group_column: ]
[ignore_column: ]
[categorical_feature: 0,1,2,3,60,61,64,65,66,67,69,70,84]
[forcedbins_filename: ]
[precise_float_parser: 0]
[parser_config_file: ]
[objective_seed: 5]
[num_class: 1]
[is_unbalance: 0]
[scale_pos_weight: 1]
[sigmoid: 1]
[boost_from_average: 1]
[reg_sqrt: 0]
[alpha: 0.9]
[fair_c: 1]
[poisson_max_delta_step: 0.7]
[tweedie_variance_power: 1.5]
[lambdarank_truncation_level: 30]
[lambdarank_norm: 1]
[label_gain: ]
[lambdarank_position_bias_regularization: 0]
[eval_at: ]
[multi_error_top_k: 1]
[auc_mu_weights: ]
[num_machines: 1]
[local_listen_port: 12400]
[time_out: 120]
[machine_list_filename: ]
[machines: ]
[gpu_platform_id: -1]
[gpu_device_id: -1]
[gpu_use_dp: 0]
[num_gpu: 1]

end of parameters

pandas_categorical:[["japanese"], ["vcv"], ["br", "cv", "cv_head", "vc", "vcv", "vv"], ["br", "cv_head_fricative", "cv_head_other", "cv_head_plosive", "cv_head_sonorant", "cv_other", "cv_sonorant", "vc_fricative", "vc_other", "vc_plosive", "vc_sonorant", "vcv", "vv"], ["fricative", "other", "plosive", "sonorant"], ["unknown", "voiced", "voiceless"], ["none"], ["", "a", "e", "i", "n", "o", "u"], ["head", "mid", "tail"], ["", "vc", "vcv", "vv"], ["", "br", "cv", "cv_head", "mono", "vc", "vcv", "vv"], ["", "br", "cv", "cv_head", "mono", "vc", "vcv", "vv"], ["unknown"]]
