tree
version=v4
num_class=1
num_tree_per_iteration=1
label_index=0
max_feature_idx=74
objective=regression_l1
feature_names=language format_type alias_type alias_group row_index_in_wav row_ratio_in_wav is_head_row is_tail_row wav_duration_ms base_offset base_cons base_cutoff_abs base_pre base_ovl base_cons_gap base_cut_gap base_ovl_ratio curr_phone_start_ms curr_phone_end_ms curr_phone_len_ms curr_vowel_start_ms curr_vowel_end_ms curr_vowel_len_ms syllable_start_ms syllable_end_ms syllable_len_ms prev_phone_gap_ms next_phone_gap_ms expected_anchor_ms base_offset_to_expected_ms base_pre_to_expected_ms base_cutoff_to_next_anchor_ms energy_mean energy_min energy_max energy_slope_pre energy_slope_post valley_energy valley_dist_from_cutoff_ms db_mean db_min db_silence_ratio f0_voicing_mean f0_voicing_near_pre zcr_mean spectral_flux_mean onset_class voicing_class is_tense is_diphthong coda_type vowel_class mora_position bridge_type is_nasal_or_sonorant prev_alias_type next_alias_type prev_base_pre next_base_pre prev_base_offset next_base_offset prev_base_cutoff_abs next_base_cutoff_abs mapping_confidence used_alias_occurrence_mapping used_exact_vowel_fix used_nuclei_fallback used_alias_based_syllables words_vs_alias_score_margin jump_blocked_flag mapping_reason_code local_peak_db local_valley_db mel_window_energy_mean mel_window_silence_ratio
feature_infos=none none -1:0:1 -1:1:2:0:3 [0:23] [0:1] [0:1] none [0:8160] [944:6231.6400000000003] [149.34:298.31] [1186.5799999999999:6483.9500000000007] [37.149999999999999:173.78] [5.0800000000000001:88.269999999999996] [75.600000000000009:149.99000000000001] [32.159999999999997:220.00000000000003] [0.079933008526187496:0.66649048625792806] [980:6300] [1050:6880] [9.9999999999997726:3010] [1010:6300] [1040:6880] [29.999999999999091:3010] [520:6290] [1060:6880] [30:3010] none [0:1740] [1010:6300] [-142:28.840000000000146] [-22.489999999999782:202.62000000000037] [-4401.3299999999999:2756.0300000000002] [0:1] [0:1] [0:1] [-0.32412148433181709:1] [-0.31941502079215611:0.7589590709170877] [0:1] [0:402.81641723356097] [-37.588423285502643:0] [-93.956797914033842:0] [0:0.1666666666666666] [0:1] [0:1] [0:0.49390416784802949] [0:0.056859806183979497] -1:1:3:2:0 -1:1:2:0 [0:1] [0:1] none -1:8:1:13:7:2:14:3:17:9:6:10:11:16:0:15:12:5 -1:1:0:2 none [0:1] -1:1:2:0:3 none [0:194.41] [0:360] [0:6232.6700000000001] [0:6198] [0:6484.3199999999997] [0:6400.3699999999999] [0.78000520133827089:1] none [0:1] none none [-8.9279999999999973:873.322] none none [-37.588423285502643:0] [-93.956797914033842:0] [0:1] [0:0.1666666666666666]
tree_sizes=1636 1743 1561 1733 1802 1647 1572 1643 1737 1715 1646 1642 1727 1661 1784 1734 1648 1728 1733

Tree=0
num_leaves=19
num_cat=3
split_feature=39 51 15 8 47 49 58 14 14 47 22 5 27 62 39 33 35 9
split_gain=68.7102 63.7445 28.6692 28.9825 24.3555 22.924 22.7114 17.5549 16.3468 13.9867 12.8577 12.8105 11.0654 6.93945 5.82761 4.84287 1.42473 0.872727
threshold=-20.310142594314957 0 35.250000000000021 5671.3605442176877 1 1.0000000180025095e-35 73.315000000000012 126.58500000000002 115.45500000000003 2 434.99999999999994 0.13392857142857142 285.00000000000006 3400.9500000000003 -24.874676764587864 0.54270853549235476 0.16048012033979248 2429.7600000000007
decision_type=2 9 2 2 1 2 2 2 2 1 2 2 2 2 2 2 2 2
left_child=1 6 11 7 17 -6 9 8 -4 -1 -5 -3 13 14 -8 -10 -15 -2
right_child=4 2 3 10 5 -7 12 -9 15 -11 -12 -13 -14 16 -16 -17 -18 -19
leaf_value=106.801997756958 108.20789756774903 103.13817262649536 105.13369750976562 106.96852264404296 105.27034759521484 107.9686725616455 103.40777263641357 103.929447555542 107.68964767456055 104.40009765625 108.15454788208008 105.51919746398926 105.22509765625 102.71512260437012 104.96034774780273 107.08754768371583 101.10809760093689 107.43139762878418
leaf_weight=49 48 40 63 68 59 50 70 57 40 40 56 45 47 40 69 47 53 40
leaf_count=49 48 40 63 68 59 50 70 57 40 40 56 45 47 40 69 47 53 40
internal_value=105.698 105.692 105.705 105.712 105.725 105.709 105.677 105.701 105.71 105.698 105.731 105.68 105.669 105.665 105.672 105.724 105.654 105.744
internal_weight=981 784 416 331 197 109 368 207 150 89 124 85 279 232 139 87 93 88
internal_count=981 784 416 331 197 109 368 207 150 89 124 85 279 232 139 87 93 88
cat_boundaries=0 1 2 3
cat_threshold=41643 2 2
is_linear=0
shrinkage=1


Tree=1
num_leaves=19
num_cat=1
split_feature=39 15 8 14 15 45 47 14 22 62 65 29 11 33 39 9 11 42
split_gain=66.5242 38.8843 45.3355 56.9769 24.0889 54.2274 23.3797 21.8803 20.4938 18.7454 17.9737 11.0205 8.18862 3.23123 2.40385 1.41304 1.30574 0.418118
threshold=-20.310142594314957 41.190000000000019 5671.3605442176877 109.89000000000001 36.664999999999999 0.023765080193854451 0 125.35000000000001 375.00000000000006 3803.0200000000004 1.0000000180025095e-35 -69.169999999999831 1837.4800000000002 0.54683125146764033 -28.112108826414033 2431.7850000000003 1332.0700000000004 0.95294098009487949
decision_type=2 2 2 2 2 2 1 2 2 2 2 2 2 2 2 2 2 2
left_child=1 2 4 9 12 7 15 11 -5 -4 -8 -6 -1 17 -9 -2 -7 -10
right_child=6 -3 3 8 5 16 10 14 13 -11 -12 -13 -14 -15 -16 -17 -18 -19
leaf_value=-2.2666735911369322 2.383455066680908 -6.2917611157894129 0.031832618713379189 0.28138267517089871 0.6174526691436768 2.64218264579773 -0.34046745300292969 -1.7214805841445924 2.6969339561462404 -3.1566799426078798 2.0700661277770998 -1.1968349456787111 -1.4026560020446781 1.8205727005004881 -2.5391967916488647 1.3336051368713377 1.6096673965454102 2.5010025787353518
leaf_weight=72 52 48 59 48 64 42 53 40 42 42 49 66 79 44 64 40 41 40
leaf_count=72 52 48 59 48 64 42 53 40 42 42 49 66 79 44 64 40 41 40
internal_value=5.07614e-05 -0.00638432 -0.00356662 0.0125455 -0.0130342 -0.00520505 0.0262887 -0.0175214 0.0298851 -0.0173267 0.00980392 -0.00384615 -0.0294702 0.0404762 -0.0346154 0.0445652 0.0295181 0.0463415
internal_weight=985 791 743 275 468 317 194 234 174 101 102 130 151 126 104 92 83 82
internal_count=985 791 743 275 468 317 194 234 174 101 102 130 151 126 104 92 83 82
cat_boundaries=0 1
cat_threshold=2
is_linear=0
shrinkage=0.05


Tree=2
num_leaves=17
num_cat=0
split_feature=31 15 15 37 8 5 14 39 29 14 29 39 31 30 15 38
split_gain=59.7966 49.3743 59.1009 43.0249 26.0766 23.3504 22.9734 14.9559 12.5879 8.41176 7.90159 7.43676 6.79497 5.60891 3.30612 3.19628
threshold=696.26500000000021 39.990000000000002 36.664999999999999 0.34925695657346717 5530.7482993197291 0.11805555555555557 125.35000000000001 -27.352690644446877 -75.269999999999968 116.93000000000002 -84.095000000000013 -25.280944895527984 228.55499999999986 7.2300000000001328 37.589999999999996 222.09954648526084
decision_type=2 2 2 2 2 2 2 2 2 2 2 2 2 2 2 2
left_child=1 2 5 9 6 10 13 -7 -9 -4 -1 -2 -11 -5 -13 -3
right_child=11 15 3 4 -6 7 -8 8 -10 12 -12 14 -14 -15 -16 -17
leaf_value=-0.69100916481018049 1.0184593391418459 -3.3665112805366513 3.1546822462081909 0.62637991666793846 0.96720945072174092 -1.596672085762024 -2.1345624725818637 0.63968217277526884 -0.66529397964477544 1.6155671024322515 -2.5465228723287581 2.3314256944656373 0.93201310825347938 -0.57642257928848228 1.0658061027526855 -5.6926668570637702
leaf_weight=61 41 41 71 58 72 61 79 57 59 49 66 49 73 49 49 43
leaf_count=61 41 41 71 58 72 61 79 57 59 49 66 49 73 49 49 43
internal_value=0.000920245 -0.00411204 -6.62252e-05 0.0114191 -0.00193798 -0.0171053 -0.011828 -0.00536723 0.00517241 0.0292746 -0.0334646 0.031295 0.0213115 0.00327103 0.0387755 -0.0404762
internal_weight=978 839 755 451 258 304 186 177 116 193 127 139 122 107 98 84
internal_count=978 839 755 451 258 304 186 177 116 193 127 139 122 107 98 84
is_linear=0
shrinkage=0.05


Tree=3
num_leaves=19
num_cat=2
split_feature=39 51 47 48 33 38 49 33 8 8 60 22 22 57 14 45 45 9
split_gain=72.4003 54.7051 27.0203 20.7895 23.3798 18.9492 15.8851 13.1563 12.0464 18.7871 9.14069 8.72257 18.0107 8.18329 10.1334 13.4607 6.71092 1.43617
threshold=-20.310142594314957 0 1 1.0000000180025095e-35 0.66356165014026536 213.50166666666658 1.0000000180025095e-35 0.37874091905668733 5890.0907029478467 5968.2086167800462 2954.5050000000006 399.99999999999972 99.999999999999901 77.240000000000023 113.83000000000003 0.021341703705954652 0.018071538687382104 2436.7000000000003
decision_type=2 9 1 2 2 2 2 2 2 2 2 2 2 2 2 2 2 2
left_child=1 5 17 4 11 8 -4 -5 13 -10 -6 12 -3 14 -1 -16 -13 -2
right_child=2 3 6 7 10 -7 -8 -9 9 -11 -12 16 -14 -15 15 -17 -18 -19
leaf_value=-1.4678328550249333 2.2076366987943645 2.3463874164938927 -0.38751967320442238 -1.750078427314758 0.21424578019380577 -5.0579334737747912 2.1283103627443318 0.31316044700145729 0.73949161081314119 -1.9863197782099249 -0.98109735663533226 0.54682592954635612 -0.39711513287425082 -2.1415334199666982 -1.4618952083587644 0.80934904491901427 2.0719077988684176 1.2768293295621866
leaf_weight=50 54 40 54 41 58 65 50 40 41 48 50 42 56 67 67 45 68 40
leaf_count=50 54 40 54 41 58 65 50 40 41 48 50 42 56 67 67 45 68 40
internal_value=-0.0017418 -0.00861183 0.0252525 0.0045679 0.0105096 -0.0217557 0.00769231 -0.0179012 -0.0172956 -0.00168539 -0.00833333 0.0203883 0.009375 -0.0233624 -0.017284 -0.00892857 0.03 0.0446809
internal_weight=976 778 198 395 314 383 104 81 318 89 108 206 96 229 162 112 110 94
internal_count=976 778 198 395 314 383 104 81 318 89 108 206 96 229 162 112 110 94
cat_boundaries=0 1 2
cat_threshold=41643 2
is_linear=0
shrinkage=0.05


Tree=4
num_leaves=20
num_cat=2
split_feature=51 71 51 22 15 8 42 31 59 9 8 33 36 14 14 32 14 9 32
split_gain=53.6967 47.8594 34.6262 27.2588 21.6158 21.1595 21.9732 17.9856 16.3946 10.8182 10.1592 9.60797 7.40789 7.21622 9.2856 5.40688 2.01758 0.8 0.517021
threshold=0 -23.096348009504624 1 405.00000000000006 35.244999999999983 5671.3605442176877 0.97811562822780285 234.4200000000001 1985.5000000000002 1066.4050000000002 5530.7482993197291 0.51255674556611575 0.052736227771051601 127.53500000000003 113.16000000000001 0.93260066697559485 117.53500000000001 1504.7350000000004 0.7378795952687579
decision_type=9 2 9 2 2 2 2 2 2 2 2 2 2 2 2 2 2 2 2
left_child=8 2 10 7 17 6 9 -3 -1 -6 11 -2 -12 14 -5 -13 -10 -4 -16
right_child=1 3 4 13 5 -7 -8 -9 16 -11 12 15 -14 -15 18 -17 -18 -19 -20
leaf_value=-0.35088727357886712 1.8683101784044496 1.4338739289247984 -2.1157034016291791 0.4738819563210015 0.79449530677199365 0.90731166803047081 -2.1817080290675164 -1.0482964790010456 -5.1551368405218421 -0.45413054216504101 1.8209606724798684 -0.63987025303244571 0.85091445705130697 0.44713997324161242 2.2822005016326905 0.12691648293316327 -2.4171842325627808 -1.3322362906543912 2.4741629913163186
leaf_weight=40 41 61 40 41 49 70 77 41 51 62 41 49 40 46 54 46 40 40 40
leaf_count=40 41 61 40 41 49 70 77 41 51 62 41 49 40 46 54 46 40 40 40
internal_value=-0.000877193 0.00389151 -0.00459459 0.0206714 -0.0143678 -0.00775194 -0.0164894 0 -0.0294326 -0.00225225 0.010793 0.00294118 0.0253086 0.0323204 0.0381481 -0.00578947 -0.0434066 -0.0375 0.0468085
internal_weight=969 838 555 283 338 258 188 102 131 111 217 136 81 181 135 95 91 80 94
internal_count=969 838 555 283 338 258 188 102 131 111 217 136 81 181 135 95 91 80 94
cat_boundaries=0 1 2
cat_threshold=33281 219200
is_linear=0
shrinkage=0.05


Tree=5
num_leaves=18
num_cat=2
split_feature=39 51 38 47 15 33 4 49 38 39 40 10 5 15 14 24 10
split_gain=63.427 49.1861 21.4541 21.0997 20.5082 28.5236 19.0423 17.5055 16.7262 18.5282 14.1561 13.8308 13.412 10.1587 6.20449 3.09484 1.83489
threshold=-20.139340945595588 0 220.38143990929692 1 36.664999999999999 0.54270853549235476 1.5000000000000002 1.0000000180025095e-35 175.380498866213 -25.280944895527984 -35.436248898127474 215.06000000000003 0.17857142857142852 36.664999999999999 125.35000000000001 2515.0000000000005 200.41000000000003
decision_type=2 9 2 1 2 2 2 2 2 2 2 2 2 2 2 2 2
left_child=1 2 8 16 6 15 -3 -5 13 10 -10 -7 -11 -1 -12 -6 -2
right_child=3 4 -4 7 5 11 -8 -9 9 12 14 -13 -14 -15 -16 -17 -18
leaf_value=-1.630181756987132 1.9783457765309214 -1.1429240975927486 -4.89737999849575 -0.36837893578457825 2.2577350219500207 0.66472215928673362 0.88807132716268322 1.8017163596570498 0.13030809968337495 -0.49086026729227045 -0.7168396033842932 -0.89685576833864289 1.5840635914098318 -0.68120702070632611 -2.6568373262961211 1.6425582995499 1.0058927217113969
leaf_weight=63 44 71 47 58 66 66 71 53 49 68 59 49 44 42 40 51 50
leaf_count=63 44 71 47 58 66 66 71 53 49 68 59 49 44 42 40 51 50
internal_value=0.000353179 -0.00610687 -0.0177725 0.025122 0.00703125 0.0163793 -0.00774648 0.0103604 -0.0141096 -0.00730769 -0.0189189 -0.00130435 0.00803571 -0.0309524 -0.029798 0.0337607 0.0425532
internal_weight=991 786 412 205 374 232 142 111 365 260 148 115 112 105 99 117 94
internal_count=991 786 412 205 374 232 142 111 365 260 148 115 112 105 99 117 94
cat_boundaries=0 1 2
cat_threshold=42667 2
is_linear=0
shrinkage=0.05


Tree=6
num_leaves=17
num_cat=1
split_feature=31 47 33 22 25 10 33 62 60 68 14 39 39 25 42 22
split_gain=46.5672 48.0817 55.4168 32.71 18.8795 15.7979 12.6297 10.8689 8.79123 8.44742 8.29291 7.01243 6.62167 6.51749 4.96876 3.94296
threshold=696.26500000000021 0 0.34925695657346717 215.00000000000003 504.99999999999994 216.26500000000001 0.47149909831730979 3574.0400000000004 2997.0000000000005 83.897500000000022 109.92500000000003 -23.096348009504624 -26.897351318783837 415.00000000000006 0.94860166572747173 355.00000000000006
decision_type=2 1 2 2 2 2 2 2 2 2 2 2 2 2 2 2
left_child=1 2 11 -3 7 9 -6 10 -2 -4 13 -1 -7 -5 -10 -12
right_child=8 3 5 4 6 12 -8 -9 14 -11 15 -13 -14 -15 -16 -17
leaf_value=1.6026880059797293 0.6454061799728571 1.8363534989813524 0.93202654052993239 -1.0576952578591923 0.30085314594129858 -1.9261841585782034 -1.1699102679663713 -3.6507238032544613 1.1335316361786749 -0.53889386345168122 -2.0259891758382729 1.8873473076702745 -0.49792192617992015 0.021007584425115768 1.8768075011071834 -0.73036741313820108
leaf_weight=78 43 69 79 49 60 68 78 76 60 41 43 66 43 43 44 42
leaf_count=78 43 69 79 49 60 68 78 76 60 41 43 66 43 43 44 42
internal_value=-0.00112016 -0.00568862 0.0076 -0.0165217 -0.0221228 -0.00757576 -0.00724638 -0.0302372 0.0248299 0.005 -0.0234463 0.0319444 -0.0211712 -0.0130435 0.0326923 -0.0347059
internal_weight=982 835 375 460 391 231 138 253 147 120 177 144 111 92 104 85
internal_count=982 835 375 460 391 231 138 253 147 120 177 144 111 92 104 85
cat_boundaries=0 1
cat_threshold=2
is_linear=0
shrinkage=0.05


Tree=7
num_leaves=18
num_cat=2
split_feature=15 15 33 8 25 8 14 63 12 2 47 10 22 29 14 45 29
split_gain=53.5804 42.2972 61.0893 36.3195 32.0258 17.1006 14.7523 12.519 8.67675 8.53333 7.91892 5.35305 4.7009 4.0044 4.5699 3.57882 3.01761
threshold=41.190000000000019 35.745000000000012 0.50199897877909461 5530.7482993197291 504.99999999999994 5671.3605442176877 121.49500000000002 0.87210441837315045 79.170000000000016 0 1 194.12500000000003 405.00000000000006 -66.560000000000159 114.64500000000002 0.029476857159325805 -76.569999999999922
decision_type=2 2 2 2 2 2 2 2 2 1 1 2 2 2 2 2 2
left_child=1 4 6 8 7 -6 10 15 11 -10 -3 -4 -8 14 -12 -1 -9
right_child=-2 2 3 -5 5 -7 12 16 9 -11 13 -13 -14 -15 -16 -17 -18
leaf_value=-0.66621758403220999 -4.7605247542395377 0.71966509014555058 -0.78291197759430708 0.94455712789857393 -0.48928015254200335 1.7280166377119563 -0.17492565474606325 -1.0314881468320738 -2.0044672928927607 -0.91551762298307515 2.6277942724073458 0.14669133370843745 0.48542373382102827 1.9370323604968895 1.3779826812784475 0.012444755375453554 -2.4053513014341816
leaf_weight=53 51 47 41 79 65 43 41 42 50 75 43 44 71 73 60 40 62
leaf_count=53 51 47 41 79 65 43 41 42 50 75 43 44 71 73 60 40 62
internal_value=-0.000102041 0.00263724 0.0100962 -0.0067474 -0.012623 0.00925926 0.0246269 -0.0246193 -0.017619 -0.026 0.0320628 -0.00529412 0.00982143 0.0369318 0.0305825 -0.0112903 -0.0365385
internal_weight=980 929 624 289 305 108 335 197 210 125 223 85 112 176 103 93 104
internal_count=980 929 624 289 305 108 335 197 210 125 223 85 112 176 103 93 104
cat_boundaries=0 1 2
cat_threshold=1 4
is_linear=0
shrinkage=0.05


Tree=8
num_leaves=19
num_cat=1
split_feature=38 31 48 39 27 40 38 31 5 47 39 44 8 39 19 68 13 10
split_gain=50.972 42.6665 38.0298 35.0289 26.1332 17.5746 13.5214 12.643 12.409 9.545 9.36073 8.17042 7.6 7.5757 6.50259 4.79748 2.62269 1.84615
threshold=222.630544217687 743.90999999999997 1.0000000180025095e-35 -22.675869480470137 95.000000000000014 -31.216191772071188 178.19421768707483 297.51000000000016 0.17857142857142852 0 -28.40042875937301 0.039835554295435158 5468.2539682539691 -24.432912802900812 384.99999999999994 72.396499999999904 30.030000000000005 199.08000000000001
decision_type=2 2 2 2 2 2 2 2 2 1 2 2 2 2 2 2 2 2
left_child=1 2 3 5 9 6 -1 8 16 17 -7 -8 15 -3 -14 -12 -4 -5
right_child=-2 13 7 4 -6 10 11 -9 -10 -11 12 -13 14 -15 -16 -17 -18 -19
leaf_value=-0.69101894443329215 -4.3039961568437271 1.3575529825009518 -1.5119408517929154 1.90630461907549 -0.16688261100595803 -1.5134296109842482 1.3201717881065189 -0.089676152225474592 -0.32378443371272997 0.97081959880896351 -0.36077627267333523 0.41050402155750731 -0.98730669392957227 1.6794179674923642 0.62289625757197564 -1.7432243020094937 -2.7208797622598917 1.1415093615140521
leaf_weight=63 53 47 46 42 46 53 66 58 46 56 48 75 46 65 49 47 41 49
leaf_count=63 53 47 46 42 46 53 66 58 46 56 48 75 46 65 49 47 41 49
internal_value=-0.000401606 0.00227996 -0.00162455 0.00421875 0.0220207 -0.00346756 0.00735294 -0.0212042 -0.0296992 0.0323129 -0.0125514 0.0159574 -0.00736842 0.03125 0.00263158 -0.0173684 -0.0408046 0.0423077
internal_weight=996 943 831 640 193 447 204 191 133 147 243 141 190 112 95 95 87 91
internal_count=996 943 831 640 193 447 204 191 133 147 243 141 190 112 95 95 87 91
cat_boundaries=0 1
cat_threshold=2
is_linear=0
shrinkage=0.05


Tree=9
num_leaves=19
num_cat=0
split_feature=15 15 39 8 27 15 15 36 68 38 9 63 68 39 31 23 5 17
split_gain=50.0964 52.0084 34.7264 25.9726 20.8811 11.4175 11.1565 9.87147 9.60137 9.37901 8.97768 7.70807 7.17528 4.88057 4.53064 4.34172 3.53579 1.17289
threshold=39.990000000000002 35.745000000000012 -22.501313919468902 5468.2539682539691 285.00000000000006 39.159999999999989 35.250000000000021 0.020990652212657602 59.358500000000014 220.38143990929692 1996.3300000000002 0.87502644000186891 58.260499999999986 -27.300225197085343 -46.754999999999988 2445.0000000000005 0.11805555555555557 2485.0000000000005
decision_type=2 2 2 2 2 2 2 2 2 2 2 2 2 2 2 2 2 2
left_child=1 4 3 8 6 17 11 10 -3 -2 -5 -1 -9 -8 -10 -7 -13 -4
right_child=9 2 5 7 -6 15 13 12 14 -11 -12 16 -14 -15 -16 -17 -18 -19
leaf_value=-0.55405185084764097 -0.83363282726808452 0.02818521202605382 2.0452674053306059 -0.34016392829977493 1.2330587357770861 1.0858538064737935 -0.491982020498692 2.0700177629750911 -0.55773544514605078 -4.0077737338623765 0.7737722067244488 -2.2659394789384506 0.6137781925029856 0.098563820101387742 -1.1951809801888895 0.080610668640844096 -0.86740698869824195 1.3610764194984697
leaf_weight=78 53 75 54 66 53 41 41 53 45 50 56 46 44 45 54 45 40 40
leaf_count=78 53 75 54 66 53 41 41 53 45 50 56 46 44 45 54 45 40 40
internal_value=-0.0014811 0.00239726 0.0112565 0.00292621 -0.0143564 0.0294444 -0.0204 0.0143836 -0.0114943 -0.034466 0.00491803 -0.0280488 0.0262887 -0.00581395 -0.0217172 0.0162791 -0.0383721 0.0414894
internal_weight=979 876 573 393 303 180 250 219 174 103 122 164 97 86 99 86 86 94
internal_count=979 876 573 393 303 180 250 219 174 103 122 164 97 86 99 86 86 94
is_linear=0
shrinkage=0.05


Tree=10
num_leaves=18
num_cat=2
split_feature=15 71 51 22 15 8 40 22 33 47 62 30 19 63 33 19 32
split_gain=51.321 44.1644 44.104 19.435 15.7215 20.8423 14.1152 9.37295 8.67835 10.6374 8.40723 8.11967 5.93217 5.58004 4.74379 3.64723 2.45
threshold=41.190000000000019 -21.335733921096374 0 405.00000000000006 35.745000000000012 5530.7482993197291 -30.839873522613171 539.99999999999989 0.66356165014026536 1 3339.5600000000004 4.74000000000001 335.00000000000006 0.92014685449575306 0.46188817843765023 324.99999999999994 0.88026516822863943
decision_type=2 2 9 2 2 2 2 2 2 1 2 2 2 2 2 2 2
left_child=1 2 7 12 14 6 16 8 9 -1 -5 -8 -3 -13 15 -4 -6
right_child=-2 3 4 10 5 -7 11 -9 -10 -11 -12 13 -14 -15 -16 -17 -18
leaf_value=0.0022710123338193001 -4.1158596543192774 0.54662066708817214 -0.43839150655571901 1.685507620054377 0.63397276201406394 0.98679703542061581 -0.52984867288874826 1.3294936960225827 -0.25576758141305156 1.7626119956571629 0.86634659345559339 -1.1447254407272431 -0.41137208997794805 -2.174556950436815 -1.8940231713391054 -1.210645189047864 -0.35650929374857904
leaf_weight=67 50 40 42 75 40 79 45 57 56 63 76 45 42 47 60 41 40
leaf_count=67 50 40 42 75 40 79 45 57 56 63 76 45 42 47 60 41 40
internal_value=-0.000673575 0.00202186 -0.00439883 0.0208155 -0.0136971 -0.00743243 -0.0154378 0.0124506 0.00752688 0.0146154 0.031457 -0.0251825 0.00121951 -0.0336957 -0.0276224 -0.0198795 0.00125
internal_weight=965 915 682 233 439 296 217 243 186 130 151 137 82 92 143 83 80
internal_count=965 915 682 233 439 296 217 243 186 130 151 137 82 92 143 83 80
cat_boundaries=0 1 2
cat_threshold=217156 4
is_linear=0
shrinkage=0.05


Tree=11
num_leaves=18
num_cat=3
split_feature=15 39 51 47 15 33 31 25 15 31 33 36 32 15 19 57 47
split_gain=47.929 36.0581 30.2831 23.0196 13.7841 17.8423 13.4693 12.833 12.0982 9.61965 9.25273 7.60923 7.53613 7.40757 6.9832 5.45696 2.22172
threshold=41.190000000000019 -21.335733921096374 0 1 35.250000000000021 0.50199897877909461 656.26500000000021 504.99999999999994 39.185000000000009 200.8599999999997 0.42457763398687126 0.0065263867126012509 0.8807913483993618 39.589999999999996 384.99999999999994 82.75500000000001 2
decision_type=2 2 9 1 2 2 2 2 2 2 2 2 2 2 2 2 1
left_child=1 2 6 13 12 11 9 -5 15 10 -1 -6 -4 -3 -13 -7 -11
right_child=-2 3 4 7 5 8 -8 -9 -10 16 -12 14 -14 -15 -16 -17 -18
leaf_value=0.24448603415012402 -4.0238670354615946 1.6244506368524665 -0.99233348078314809 -0.21067122762297288 0.43701261933200475 -0.042576809936593921 0.24351287331861898 0.87284728850729543 -1.1362755031355245 -0.76517118540258555 -1.3041404724043262 0.6921025502887439 0.013546799958443502 0.38432677061537251 1.872516777392782 1.0403806291513733 -1.6873799227510684
leaf_weight=43 48 62 46 63 72 57 40 58 78 43 74 57 41 43 44 50 42
leaf_count=43 48 62 46 63 72 57 40 58 78 43 74 57 41 43 44 50 42
internal_value=-0.00130073 0.00125958 -0.00443959 0.0185841 0.00340659 0.00782123 -0.018254 0.00371901 -0.00297297 -0.0242574 -0.0149573 0.0193642 -0.0143678 0.0357143 0.0282178 0.00794393 -0.0370588
internal_weight=961 913 687 226 445 358 242 121 185 202 117 173 87 105 101 107 85
internal_count=961 913 687 226 445 358 242 121 185 202 117 173 87 105 101 107 85
cat_boundaries=0 1 2 3
cat_threshold=41514 2 2
is_linear=0
shrinkage=0.05


Tree=12
num_leaves=19
num_cat=2
split_feature=8 39 8 22 47 51 58 12 63 49 22 68 10 19 45 18 13 12
split_gain=41.4914 44.9836 30.3078 24.0667 16.8523 15.4114 11.57 13.1743 10.2369 9.1489 8.23069 7.83923 7.46746 5.9872 3.91798 1.88504 3.14682 0.8
threshold=6870.9750566893426 -22.501313919468902 5671.3605442176877 465.00000000000006 0 1 68.110000000000014 76.125000000000014 0.9584786753756448 1.0000000180025095e-35 424.99999999999994 50.592500000000008 207.85000000000002 70.000000000000128 0.018601075511075704 2635.0000000000005 29.310000000000006 87.325000000000017
decision_type=2 2 2 2 1 9 2 2 2 2 2 2 2 2 2 2 2 2
left_child=1 2 5 17 12 14 -7 8 -8 -6 11 -4 -3 -9 -1 16 -15 -2
right_child=3 4 10 -5 9 6 7 13 -10 -11 -12 -13 -14 15 -16 -17 -18 -19
leaf_value=-0.050210298469663073 -3.4088255236194565 1.4763941724037797 0.60318770885389561 0.12042876314648794 -0.19007613205615925 0.40601360910134404 0.69268449814823185 -0.46524946922661459 -1.2449536847642813 1.4468344382307465 1.5682861809282613 -0.16432960493506954 0.47763581378041381 -1.7646019133241788 0.82857032706147826 -1.2488806232365335 -2.2595141432680648 -3.2958777765877034
leaf_weight=62 40 72 55 40 61 53 57 53 43 63 46 40 40 52 52 45 40 40
leaf_count=62 40 72 55 40 61 53 57 53 43 63 46 40 40 52 52 45 40 40
internal_value=-0.00167715 0.00227818 -0.00501672 -0.0291667 0.0207627 -0.0112691 -0.016289 -0.0206897 -0.006 0.00806452 0.0152482 0.00684211 0.0348214 -0.0284211 0.00483871 -0.0339416 -0.0380435 -0.045
internal_weight=954 834 598 120 236 457 343 290 100 124 141 95 112 190 114 137 92 80
internal_count=954 834 598 120 236 457 343 290 100 124 141 95 112 190 114 137 92 80
cat_boundaries=0 1 2
cat_threshold=2 217088
is_linear=0
shrinkage=0.05


Tree=13
num_leaves=18
num_cat=1
split_feature=15 15 33 8 27 14 22 10 39 8 14 47 10 27 10 63 12
split_gain=52.7654 46.4198 43.4154 39.8688 22.6887 15.0373 10.9734 10.6549 9.76257 13.8988 10.235 7.92951 6.48554 5.52771 4.61907 4.08303 1.29146
threshold=41.190000000000019 35.745000000000012 0.34925695657346717 5530.7482993197291 285.00000000000006 121.63000000000001 500.00000000000017 213.07000000000002 -27.895279479069206 6870.9750566893426 109.91500000000002 0 195.88500000000002 85.000000000000014 205.05500000000004 0.88341123000174016 75.925000000000011
decision_type=2 2 2 2 2 2 2 2 2 2 2 1 2 2 2 2 2
left_child=1 4 5 7 8 11 -5 12 -1 10 -10 -3 -4 -7 16 -9 -13
right_child=-2 2 3 6 -6 13 -8 15 9 -11 -12 14 -14 -15 -16 -17 -18
leaf_value=-1.2776697815221993 -3.535129798673827 0.56842671600710237 -0.32540320287294694 0.41058504525621231 1.3026201395025847 0.50498279530876755 1.3922165700851061 -1.0697656740144585 0.10643452353557592 -2.2515944005965354 -0.58364400068730871 1.6444972274943792 0.26478641866148717 -0.14753410862624391 1.7588481050827298 -1.5920928570535176 1.7797547170351198
leaf_weight=73 53 46 69 66 52 44 45 74 76 41 64 52 52 40 45 45 54
leaf_count=73 53 46 69 66 52 44 45 74 76 41 64 52 52 40 45 45 54
internal_value=-0.00146317 0.00127932 0.00901899 -0.00270655 -0.0147059 0.0236655 0.0220721 -0.0141667 -0.0208661 -0.0146409 -0.00714286 0.0312183 -0.00371901 0.00595238 0.036755 -0.0247899 0.0424528
internal_weight=991 938 632 351 306 281 111 240 254 181 140 197 121 84 151 119 106
internal_count=991 938 632 351 306 281 111 240 254 181 140 197 121 84 151 119 106
cat_boundaries=0 1
cat_threshold=4
is_linear=0
shrinkage=0.05


Tree=14
num_leaves=20
num_cat=5
split_feature=38 39 51 38 47 57 33 21 39 51 16 47 29 10 22 47 10 25 19
split_gain=53.2982 36.9653 30.0754 19.3716 16.1393 11.1218 9.9214 13.4139 8.56044 8.52322 7.45919 10.4599 7.10005 7.08642 6.20606 5.03467 4.26924 3.08641 2.68339
threshold=222.630544217687 -20.647915705328035 0 183.17579365079385 1 76.465000000000018 0.3302723356351433 2585.0000000000005 -26.64021916112841 2 0.39071623602104072 3 -87.829999999999913 197.99500000000003 480.00000000000017 4 199.08000000000001 454.99999999999994 399.99999999999972
decision_type=2 2 9 2 1 2 2 2 2 9 2 1 2 2 2 1 2 2 2
left_child=1 2 5 9 16 10 18 -8 -9 15 11 -1 -11 -7 -6 -4 -3 -14 -5
right_child=-2 4 3 6 14 13 7 8 -10 12 -12 -13 17 -15 -16 -17 -18 -19 -20
leaf_value=-0.69802121644970194 -3.0828233247618639 1.1772596069806347 -0.12142456473611851 0.99436778514962088 -0.13029198323891331 -1.3920548960534149 -0.16266366139180663 0.067982308117336743 1.3190715596912241 0.074991410399197642 -1.4845983574643105 1.253791036336628 -2.1828551951308235 -0.90783345582520036 1.490039257649526 1.6461674754950217 0.60353769764378673 -0.88120638809601393 1.6349618950396909
leaf_weight=49 55 44 56 40 66 41 57 40 49 41 44 56 53 71 44 45 51 41 42
leaf_count=49 55 44 56 40 66 41 57 40 49 41 44 56 53 71 44 45 51 41 42
internal_value=-0.00035533 0.00247312 -0.00282759 0.00485232 0.0212195 -0.0160517 0.0153509 0.00753425 0.0196629 -0.00508475 -0.00771812 -0.00047619 -0.0127586 -0.0285714 0.00818182 0.00585586 0.0363158 -0.0212766 0.0292683
internal_weight=985 930 725 464 205 261 228 146 89 236 149 105 135 112 110 101 95 94 82
internal_count=985 930 725 464 205 261 228 146 89 236 149 105 135 112 110 101 95 94 82
cat_boundaries=0 1 2 3 4 5
cat_threshold=41514 2 70724 4 4
is_linear=0
shrinkage=0.05


Tree=15
num_leaves=19
num_cat=3
split_feature=15 15 14 25 39 39 29 51 58 68 51 29 18 32 47 31 35 14
split_gain=53.5584 39.3092 39.0017 21.1484 18.9668 12.5979 11.7144 11.5083 12.2289 11.2485 11.7631 8.54222 7.41085 6.82674 6.72 5.12552 4.27652 1.27623
threshold=41.190000000000019 35.745000000000012 121.49500000000002 504.99999999999994 -23.096348009504624 -25.280944895527984 -84.095000000000013 0 75.040000000000006 22.765000000000004 1 -71.124999999999986 2625.0000000000005 0.86142816263631394 2 190.83000000000007 0.065834558406924412 116.93000000000002
decision_type=2 2 2 2 2 2 2 9 2 2 9 2 2 2 1 2 2 2
left_child=1 3 4 6 7 -5 -1 13 -9 -4 12 -8 -11 -3 17 -12 -17 -6
right_child=-2 2 9 5 14 -7 11 8 -10 10 15 -13 -14 -15 -16 16 -18 -19
leaf_value=-0.23871018626132001 -3.3724321585237704 1.5121393200589353 1.4661967575374633 -0.43119101720893771 1.7945000461313585 1.3350755687858993 -1.5138882356288896 0.74172122099822535 -0.32630254920130497 -1.1804404797570549 -0.47591334730259832 -0.75732119206470117 -0.18084538017028395 0.98890348148180685 1.1881109471535651 -0.15219590325738325 0.55479297026196794 0.98664599592724334
leaf_weight=76 51 57 43 51 45 59 75 40 61 52 42 45 58 51 48 49 44 41
leaf_count=76 51 57 43 51 45 59 75 40 61 52 42 45 58 51 48 49 44 41
internal_value=-0.000101215 0.00261473 0.00974643 -0.0120915 0.021137 0.00545455 -0.0219388 0.0117225 -0.00135135 -0.00381944 -0.00795918 -0.0316667 -0.0191667 0.0220339 0.0358209 0.00241379 0.00913978 0.044186
internal_weight=988 937 631 306 343 110 196 209 101 288 245 120 110 108 134 135 93 86
internal_count=988 937 631 306 343 110 196 209 101 288 245 120 110 108 134 135 93 86
cat_boundaries=0 1 2 3
cat_threshold=86348 41514 2
is_linear=0
shrinkage=0.05


Tree=16
num_leaves=18
num_cat=1
split_feature=15 15 33 8 31 57 15 27 63 2 25 38 29 38 12 13 68
split_gain=52.3881 41.2084 35.4379 32.9688 19.6435 15.549 11.7819 11.6198 11.3831 11.5066 10.8029 10.6597 5.42857 5.3878 5.36007 5.3508 5.1574
threshold=41.190000000000019 36.664999999999999 0.34925695657346717 5530.7482993197291 539.34000000000026 72.75500000000001 38.374999999999993 65.000000000000014 0.87901509586624749 0 540.00000000000023 179.45799319727919 -93.634999999999977 181.6957369614511 80.795000000000002 43.235000000000007 83.052500000000009
decision_type=2 2 2 2 2 2 2 2 2 1 2 2 2 2 2 2 2
left_child=1 4 5 6 8 14 13 -7 11 -10 -5 12 -1 -4 -3 16 -8
right_child=-2 2 3 10 -6 7 15 -9 9 -11 -12 -13 -14 -15 -16 -17 -18
leaf_value=-0.54731979404404785 -3.2161131258619613 2.2394500171784215 1.3104111156219702 0.39948677004969152 0.82750028270268927 0.7811304739095899 -0.18678873788828945 -0.23209519643832766 -0.33226337998694577 -1.7142385318148041 1.1289990329963071 -1.2112824791993113 0.1013089000080548 -0.19223358612866159 1.7026674585624328 -2.2878340063005353 -1.5460289005885408
leaf_weight=42 49 58 41 56 68 72 66 40 46 74 58 40 72 40 78 49 41
leaf_count=42 49 58 41 56 68 72 66 40 46 74 58 40 72 40 78 49 41
internal_value=0.00040404 0.00302869 0.0109349 0.000712251 -0.0108187 0.0254032 -0.00991561 0.0116071 -0.0167883 -0.0283333 0.022807 -0.00779221 0 0.00555556 0.0367647 -0.0179487 -0.0116822
internal_weight=990 941 599 351 342 248 237 112 274 120 114 154 114 81 136 156 107
internal_count=990 941 599 351 342 248 237 112 274 120 114 154 114 81 136 156 107
cat_boundaries=0 1
cat_threshold=1
is_linear=0
shrinkage=0.05


Tree=17
num_leaves=19
num_cat=1
split_feature=15 15 33 57 4 29 24 42 33 60 51 18 22 33 31 23 31 12
split_gain=52.095 28.1701 33.8021 16.1747 16.1129 15.5535 14.5281 14.2857 13.4062 12.1905 10.3765 9.34705 8.078 7.63509 7.2 5.46957 5.10067 1.96797
threshold=41.190000000000019 35.745000000000012 0.50199897877909461 72.75500000000001 1.5000000000000002 -85.379999999999981 4125.0000000000009 0.99570832525679742 0.079362307533524704 1567.2500000000002 0 2625.0000000000005 405.00000000000006 0.76246624089859305 318.74499999999995 2865.0000000000005 267.87999999999994 82.010000000000005
decision_type=2 2 2 2 2 2 2 2 2 2 9 2 2 2 2 2 2 2
left_child=1 4 3 8 5 -1 10 15 17 -10 11 -4 -5 -12 -14 -6 -7 -3
right_child=-2 2 6 12 7 16 -8 -9 9 -11 13 -13 14 -15 -16 -17 -18 -19
leaf_value=-0.06925091231153431 -2.7857548714163007 2.3186325404816528 -1.2598263416631885 -0.10826044934655635 1.5800726977541928 -1.5599841989563303 1.4816278273350265 -1.0982001446618816 -0.18261473766690522 1.1217905081866566 0.31599611984320719 -0.57001358509506661 0.94422859494766243 -0.68654504311696918 0.033782640313139468 0.006318555826180728 -0.74868648098125523 1.6196416708966681
leaf_weight=69 53 42 58 76 43 62 40 42 42 42 76 51 40 60 40 41 51 47
leaf_count=69 53 42 58 76 43 62 40 42 42 42 76 51 40 60 40 41 51 47
internal_value=-0.00179487 0.000976139 0.00716612 0.0180851 -0.0113636 -0.0208791 -0.0054386 0.00238095 0.0286127 0.0142857 -0.01 -0.0205882 0.00641026 0 0.0175 0.0142857 -0.0323009 0.0421348
internal_weight=975 922 614 329 308 182 285 126 173 84 245 109 156 136 80 84 113 89
internal_count=975 922 614 329 308 182 285 126 173 84 245 109 156 136 80 84 113 89
cat_boundaries=0 1
cat_threshold=174720
is_linear=0
shrinkage=0.05


Tree=18
num_leaves=19
num_cat=0
split_feature=15 15 37 5 8 57 19 39 27 30 31 63 37 60 39 21 40 29
split_gain=49.2722 33.1125 37.6705 17.1455 14.9083 14.1026 12.1603 11.9571 8.73123 9.12242 8.60806 7.20099 7.02563 8.13512 5.8027 7.26125 4.27399 2.87889
threshold=41.190000000000019 35.740000000000002 0.50199897877909461 0.10818713450292396 5530.7482993197291 73.875000000000014 434.99999999999994 -22.348578843736643 75.000000000000014 8.2750000000000927 271.96499999999997 0.87210441837315045 0.079362307533524704 1551.0700000000004 -27.048095816675115 2635.0000000000005 -27.453226270631472 -70.024999999999963
decision_type=2 2 2 2 2 2 2 2 2 2 2 2 2 2 2 2 2 2
left_child=1 3 5 11 14 12 -6 10 9 -7 -5 -1 17 -14 15 -4 -16 -3
right_child=-2 2 4 7 6 8 -8 -9 -10 -11 -12 -13 13 -15 16 -17 -18 -19
leaf_value=-0.67400667198844888 -2.7892197610932632 1.5180040773254628 -1.2419279113393906 -1.0867227417921392 -0.36048689157690395 -0.07872903125400442 0.94579929449748767 0.92687174584839915 -0.15106221369091666 0.80730069739629473 0.094566040788471639 -1.4231138128454077 -0.0051853135150658151 0.96463935607958151 0.52006516638523903 -0.41845191302576557 -1.6215618417328579 2.0331202673212063
leaf_weight=51 53 56 65 51 41 53 47 45 54 72 47 61 40 58 43 64 42 45
leaf_count=51 53 56 65 51 41 53 47 45 54 72 47 61 40 58 43 64 42 45
internal_value=-0.00121457 0.00144385 0.00720588 -0.0139216 -0.00596026 0.0177249 0.0113636 -0.00244755 0.0075419 0.0148 -0.0122449 -0.0285714 0.0268844 0.0173469 -0.0130841 -0.0197674 -0.00294118 0.0361386
internal_weight=988 935 680 255 302 378 88 143 179 125 98 112 199 98 214 129 85 101
internal_count=988 935 680 255 302 378 88 143 179 125 98 112 199 98 214 129 85 101
is_linear=0
shrinkage=0.05


end of trees

feature_importances:
base_cut_gap=32
db_mean=25
energy_min=19
wav_duration_ms=18
base_cons_gap=18
voicing_class=17
curr_vowel_len_ms=15
base_cutoff_to_next_anchor_ms=14
vowel_class=13
base_cons=11
base_offset_to_expected_ms=11
valley_dist_from_cutoff_ms=11
curr_phone_len_ms=7
syllable_len_ms=7
next_phone_gap_ms=7
mapping_confidence=7
words_vs_alias_score_margin=7
row_ratio_in_wav=6
base_offset=6
base_pre=6
prev_base_pre=6
energy_mean=5
spectral_flux_mean=5
db_min=4
f0_voicing_mean=4
is_diphthong=4
next_base_offset=4
next_base_cutoff_abs=4
base_ovl=3
curr_phone_end_ms=3
base_pre_to_expected_ms=3
energy_slope_post=3
valley_energy=3
next_base_pre=3
alias_type=2
row_index_in_wav=2
base_cutoff_abs=2
curr_vowel_end_ms=2
syllable_start_ms=2
syllable_end_ms=2
energy_slope_pre=2
is_tense=2
local_peak_db=2
base_ovl_ratio=1
curr_phone_start_ms=1
zcr_mean=1
prev_base_offset=1
used_exact_vowel_fix=1

parameters:
[boosting: gbdt]
[objective: regression_l1]
[metric: l1]
[tree_learner: serial]
[device_type: cpu]
[data_sample_strategy: bagging]
[data: ]
[valid: ]
[num_iterations: 500]
[learning_rate: 0.05]
[num_leaves: 31]
[num_threads: 0]
[seed: 0]
[deterministic: 0]
[force_col_wise: 0]
[force_row_wise: 0]
[histogram_pool_size: -1]
[max_depth: -1]
[min_data_in_leaf: 40]
[min_sum_hessian_in_leaf: 0.001]
[bagging_fraction: 0.85]
[pos_bagging_fraction: 1]
[neg_bagging_fraction: 1]
[bagging_freq: 1]
[bagging_seed: 3]
[bagging_by_query: 0]
[feature_fraction: 0.85]
[feature_fraction_bynode: 1]
[feature_fraction_seed: 2]
[extra_trees: 0]
[extra_seed: 6]
[early_stopping_round: 0]
[early_stopping_min_delta: 0]
[first_metric_only: 0]
[max_delta_step: 0]
[lambda_l1: 0]
[lambda_l2: 0]
[linear_lambda: 0]
[min_gain_to_split: 0]
[drop_rate: 0.1]
[max_drop: 50]
[skip_drop: 0.5]
[xgboost_dart_mode: 0]
[uniform_drop: 0]
[drop_seed: 4]
[top_rate: 0.2]
[other_rate: 0.1]
[min_data_per_group: 100]
[max_cat_threshold: 32]
[cat_l2: 10]
[cat_smooth: 10]
[max_cat_to_onehot: 4]
[top_k: 20]
[monotone_constraints: ]
[monotone_constraints_method: basic]
[monotone_penalty: 0]
[feature_contri: ]
[forcedsplits_filename: ]
[refit_decay_rate: 0.9]
[cegb_tradeoff: 1]
[cegb_penalty_split: 0]
[cegb_penalty_feature_lazy: ]
[cegb_penalty_feature_coupled: ]
[path_smooth: 0]
[interaction_constraints: ]
[verbosity: -1]
[saved_feature_importance_type: 0]
[use_quantized_grad: 0]
[num_grad_quant_bins: 4]
[quant_train_renew_leaf: 0]
[stochastic_rounding: 1]
[linear_tree: 0]
[max_bin: 255]
[max_bin_by_feature: ]
[min_data_in_bin: 3]
[bin_construct_sample_cnt: 200000]
[data_random_seed: 1]
[is_enable_sparse: 1]
[enable_bundle: 1]
[use_missing: 1]
[zero_as_missing: 0]
[feature_pre_filter: 1]
[pre_partition: 0]
[two_round: 0]
[header: 0]
[label_column: ]
[weight_column: ]
[group_column: ]
[ignore_column: ]
[categorical_feature: 0,1,2,3,46,47,50,51,52,53,55,56,70]
[forcedbins_filename: ]
[precise_float_parser: 0]
[parser_config_file: ]
[objective_seed: 5]
[num_class: 1]
[is_unbalance: 0]
[scale_pos_weight: 1]
[sigmoid: 1]
[boost_from_average: 1]
[reg_sqrt: 0]
[alpha: 0.9]
[fair_c: 1]
[poisson_max_delta_step: 0.7]
[tweedie_variance_power: 1.5]
[lambdarank_truncation_level: 30]
[lambdarank_norm: 1]
[label_gain: ]
[lambdarank_position_bias_regularization: 0]
[eval_at: ]
[multi_error_top_k: 1]
[auc_mu_weights: ]
[num_machines: 1]
[local_listen_port: 12400]
[time_out: 120]
[machine_list_filename: ]
[machines: ]
[gpu_platform_id: -1]
[gpu_device_id: -1]
[gpu_use_dp: 0]
[num_gpu: 1]

end of parameters

pandas_categorical:[["korean"], ["cvvc"], ["cv", "cv_head"], ["cv", "cv_glide", "cv_head", "cv_head_glide"], ["other", "plosive", "sibilant", "sonorant"], ["unknown", "voiced", "voiceless"], ["none"], ["", "a", "e", "eo", "eu", "eui", "i", "o", "u", "wa", "we", "weo", "wi", "ya", "ye", "yeo", "yo", "yu"], ["head", "mid", "tail"], [""], ["", "cv", "cv_head", "vc"], [""], ["unknown"]]
