tree
version=v4
num_class=1
num_tree_per_iteration=1
label_index=0
max_feature_idx=49
objective=regression
feature_names=language format_type alias_type alias_group candidate_mode candidate_index mapping_confidence jump_blocked_flag used_alias_based_syllables used_nuclei_fallback words_vs_alias_score_margin wav_duration_ms expected_anchor_ms base_offset_to_expected_ms base_pre_to_expected_ms base_cutoff_to_next_anchor_ms prev_phone_gap_ms next_phone_gap_ms energy_mean db_silence_ratio local_peak_db local_valley_db mel_window_energy_mean mel_window_silence_ratio coda_type vowel_class bridge_type mora_position onset_class voicing_class mapping_reason_code prev_alias_type next_alias_type cand_offset cand_cons cand_cutoff_abs cand_pre cand_ovl cand_pre_abs cand_cons_gap cand_cut_gap cand_ovl_ratio cand_offset_to_expected_ms cand_pre_to_expected_ms cand_cutoff_to_next_anchor_ms cand_delta_from_base_total cand_delta_from_base_anchor cand_overlap_margin cand_pre_cons_margin cand_leak_risk
feature_infos=none none -1:0:1 -1:1:2:0:3 -1:0:1:2:4:5:3 [0:5] [0.78000520133827089:1] none none none [-8.9279999999999973:873.322] [0:8160] [1010:6300] [-142:28.840000000000146] [-22.489999999999782:202.62000000000037] [-4401.3299999999999:2756.0300000000002] [0:440] [0:1740] [0:1] [0:0.1666666666666666] [-37.588423285502643:0] [-93.956797914033842:0] [0:1] [0:0.1666666666666666] none -1:8:1:13:7:2:14:3:17:9:6:10:11:16:0:15:12:5 none -1:1:0:2 -1:1:3:2:0 -1:1:2:0 none -1:1:2:0:3 none [944:6231.6400000000003] [149.34:298.31] [1183:10315.5] [27.25:173.78] [5.0800000000000001:88.269999999999996] [1035.4835:6317.3800000000001] [75.600000000000009:154.84879999999998] [983.98000000000002:10098.41] [0.073085682669171495:0.70903243218928524] [-142:28.840000000000146] [-26.780600000000049:202.62000000000037] [-8285.5:2756.0300000000002] [0:3888.8074999999999] [0:10.426800000000185] [21.210000000000001:105.47] [75.600000000000009:154.84879999999998] [0:8285.5]
tree_sizes=2675 2707 2701 2676 2714 2688 2768 2708 2689 2673 2649 2649 2692 2685 2639 2655 2701 2625 2659 2711 2673 2712 2708 2701 2679 2669 2652 2681 2662 2693 2724 2676

Tree=0
num_leaves=31
num_cat=9
split_feature=49 25 42 2 42 11 37 25 10 27 42 6 10 29 31 20 18 39 21 42 10 14 18 29 6 29 45 18 42 29
split_gain=2.64431e+08 8.1471e+06 2.05296e+06 3.70253e+06 3.0879e+06 2.96396e+06 1.61432e+06 1.4944e+06 1.38589e+06 1.55601e+06 1.3603e+06 1.14703e+06 961303 743517 718795 629474 614387 762959 608516 603317 596805 565388 553898 507563 424256 409741 402802 352191 352145 371517
threshold=2273.1600000000012 0 -74.005000000000095 1 -73.894999999999854 6870.9750566893426 27.485000000000003 2 -3.6305000000000005 3 -67.74499999999999 0.91118860445910588 40.64050000000001 4 5 -22.294939175768619 0.8562098456500884 120.66890000000002 -34.697642678832558 -48.469999999999906 62.630000000000003 12.805000000000293 0.88933509076573614 6 0.86294230769230784 7 77.193649999999693 0.87111140770455131 -90.04999999999994 8
decision_type=2 9 2 1 2 2 2 9 2 1 2 2 2 1 1 2 2 2 2 2 2 2 2 1 2 1 2 2 2 1
left_child=1 26 3 7 18 6 -5 22 9 -6 13 15 -8 -10 23 28 17 21 -4 -11 25 -12 -3 -14 -25 -15 -1 -13 -9 -30
right_child=-2 2 4 5 8 -7 12 11 10 19 16 27 14 20 -16 -17 -18 -19 -20 -21 -22 -23 -24 24 -26 -27 -28 -29 29 -31
leaf_value=-254.51489981301168 -390.05528631180192 -267.02102841708057 -256.50896365044747 -261.90847762017398 -261.51777449399191 -258.04584139637501 -270.47397410044732 -264.347707236193 -264.09316586288907 -274.49454466004812 -269.64285498657063 -277.12564652327967 -260.36102036196229 -263.22496149028063 -268.10574848311205 -270.97174472987706 -262.4872779779576 -263.17699103839954 -260.94832360925267 -267.95309163063433 -268.7692979045658 -264.83994009430211 -261.93195773264131 -264.47325781596629 -267.22200157938096 -268.97392178407108 -259.27578254056493 -271.80093892294406 -264.371513216979 -269.52024474762607
leaf_weight=215 42 124 96 323 58 170 105 80 327 71 94 53 60 111 194 176 985 470 394 70 256 176 94 582 185 43 56 75 46 147
leaf_count=215 42 124 96 323 58 170 105 80 327 71 94 53 60 111 194 176 985 470 394 70 256 176 94 582 185 43 56 75 46 147
internal_value=-265.045 -264.146 -264.568 -265.664 -263.726 -264.292 -265.024 -268.458 -264.398 -268.411 -264.073 -269.749 -265.918 -265.871 -265.45 -268.64 -263.305 -264.394 -260.079 -271.247 -267.29 -266.512 -264.836 -264.793 -265.136 -264.83 -255.838 -274.006 -267.137 -268.293
internal_weight=5878 5836 5565 2414 3151 1619 1449 795 2661 199 2462 577 1126 737 1021 449 1725 740 490 141 410 270 218 827 767 154 271 128 273 193
internal_count=5878 5836 5565 2414 3151 1619 1449 795 2661 199 2462 577 1126 737 1021 449 1725 740 490 141 410 270 218 827 767 154 271 128 273 193
cat_boundaries=0 1 2 3 4 5 6 7 8 9
cat_threshold=1 1 4620 2 2 3 1 4 2
is_linear=0
shrinkage=1


Tree=1
num_leaves=31
num_cat=6
split_feature=35 25 13 2 13 11 34 37 10 27 13 44 10 34 47 21 41 35 10 2 13 25 31 11 34 15 37 6 21 12
split_gain=2.17601e+08 7.53097e+06 1.87932e+06 3.32885e+06 2.66548e+06 2.57132e+06 1.64305e+06 1.58204e+06 1.17739e+06 1.29627e+06 1.20568e+06 1.0112e+06 888938 887255 776524 727210 748776 580098 602082 560826 503572 429518 403287 401363 365427 337885 324230 318366 280291 282307
threshold=6272.2000000000016 0 -74.005000000000095 1 -73.894999999999854 6870.9750566893426 192.68500000000003 27.485000000000003 -3.6305000000000005 2 -67.74499999999999 -158.49499999999986 40.64050000000001 182.75500000000002 62.1556 -36.024009297729791 0.6045582368624155 2662.4550000000004 62.630000000000003 3 -48.469999999999906 4 5 5968.2086167800462 188.15000000000001 -288.9550000000001 27.105000000000004 0.84153890116096919 -31.118666983372261 3525.0000000000005
decision_type=2 9 2 1 2 2 2 2 2 1 2 2 2 2 2 2 2 2 2 1 2 9 1 2 2 2 2 2 2 2
left_child=1 25 3 6 19 7 23 -5 9 -6 17 -8 -9 -12 22 -13 -17 18 -10 -4 -11 -15 -14 -3 -20 -1 -19 -24 -23 -30
right_child=-2 2 4 5 8 -7 11 12 10 20 13 15 14 21 -16 16 -18 26 24 -21 -22 28 27 -25 -26 -27 -28 -29 29 -31
leaf_value=5.0332013418508135 -116.14531538963318 -5.7256283054506873 3.6430196825224117 3.0451108167185628 3.2902803278355686 6.6589459593703113 2.4835957827738357 -5.2241114328492371 -0.10549308033112217 -9.0379686267559354 -1.2175671183947843 0.44437668938946917 -0.35234167430928709 2.9963785238949572 3.418684852225149 -4.7966420812768567 1.8757427803551157 1.92993982196958 -6.6366019689119788 7.4925697807251943 -2.814120762898372 -0.32865166996144557 -4.9706223740297206 -10.686178613881596 -2.2819540786364723 9.8570829628874819 -1.3851664121129685 -0.6281023353338242 2.2071817158255729 -1.3651860979295547
leaf_weight=43 40 123 371 337 54 164 105 106 204 65 233 123 698 705 117 339 48 216 78 127 65 206 102 61 126 233 112 72 512 62
leaf_count=43 40 123 371 337 54 164 105 106 204 65 233 123 698 705 117 339 48 216 78 127 65 206 102 61 126 233 112 72 512 62
internal_value=0.0744509 0.875 0.463454 -0.590348 1.26973 0.728581 -3.22491 0.049405 0.636379 -3.22125 0.925622 -1.9847 -0.872561 1.65102 -0.406166 -2.90464 -3.96906 -0.767627 -2.02623 4.62473 -5.92604 2.10111 -0.919363 -7.37016 -3.94697 8.78716 0.797952 -3.00123 1.23764 1.82132
internal_weight=5847 5807 5531 2395 3136 1596 799 1432 2638 184 2454 615 1095 1718 989 510 387 736 408 498 130 1485 872 184 204 276 328 174 780 574
internal_count=5847 5807 5531 2395 3136 1596 799 1432 2638 184 2454 615 1095 1718 989 510 387 736 408 498 130 1485 872 184 204 276 328 174 780 574
cat_boundaries=0 1 2 3 4 5 6
cat_threshold=1 1 2 1 11086 3
is_linear=0
shrinkage=0.05


Tree=2
num_leaves=31
num_cat=7
split_feature=40 25 13 2 13 11 34 47 10 27 48 10 25 10 29 41 13 10 31 21 21 13 11 33 21 17 21 34 21 2
split_gain=2.31707e+08 6.77635e+06 1.75644e+06 3.00932e+06 2.61203e+06 2.54568e+06 1.54484e+06 1.34403e+06 1.11622e+06 1.29859e+06 1.00799e+06 1.19371e+06 951913 889758 669830 583985 560170 554858 587516 517002 502072 491236 446516 400726 392218 363588 358151 354359 354286 333733
threshold=6811.8700000000017 0 -74.005000000000095 1 -73.894999999999854 6870.9750566893426 192.68500000000003 62.1556 -3.6305000000000005 2 118.71775000000001 62.630000000000003 3 41.590500000000013 4 0.20790158218791119 -69.264999999999858 31.925000000000008 5 -34.697642678832558 -35.266859629075348 -48.469999999999906 6870.9750566893426 1045.6400000000001 -25.408178765227373 105.00000000000001 -49.936150283972722 203.35000000000005 -35.436248898127474 6
decision_type=2 9 2 1 2 2 2 2 2 1 2 2 9 2 1 2 2 2 1 2 2 2 2 2 2 2 2 2 2 1
left_child=1 -1 3 6 19 7 22 17 9 -6 11 23 -8 -9 -14 -13 25 -5 26 -4 -16 -11 -3 -10 -25 -12 -19 -28 -18 -30
right_child=-2 2 4 5 8 -7 12 13 10 21 16 15 14 -15 20 -17 28 18 -20 -21 -22 -23 -24 24 -26 -27 27 -29 29 -31
leaf_value=8.4386827733972876 -115.68630257539972 -5.6455109149012079 7.7964484572410591 -5.2648314634810633 2.9887060655014857 6.4459282964993934 2.3287606688264089 -1.7556745840281978 -2.6337338241480168 -8.5349795235527903 1.2431904370704907 1.3709701050882757 2.2737125470720492 4.2434011124994653 -0.364726076889964 -3.7538372497666965 0.027427165775016988 -3.222146063278883 -2.987267082699304 3.7201704808415439 -4.3361792671808175 -2.6311472077300584 -11.299337138300357 2.775698057728917 -1.0235070754211029 -1.8860363838246128 2.0866924057617076 -0.31710522419864867 2.7883963638745803 0.56982613733181597
leaf_weight=267 43 145 96 67 63 170 107 82 59 72 209 69 58 251 103 286 187 78 193 410 350 69 46 268 91 167 210 568 916 208
leaf_count=267 43 145 96 67 63 170 107 82 59 72 209 69 58 251 103 286 187 78 193 410 350 69 46 268 91 167 210 568 916 208
internal_value=-0.0434538 0.804397 0.424442 -0.586787 1.20031 0.657529 -3.07696 -0.0215792 0.574797 -2.97931 0.869528 -0.62567 -1.86228 2.76615 -2.73197 -2.75775 1.55464 -0.853402 -0.571642 4.49354 -3.43318 -5.64587 -7.00717 1.18507 1.81267 -0.146652 0.0078086 0.331735 2.04258 2.37784
internal_weight=5908 5865 5598 2428 3170 1619 809 1449 2664 204 2460 773 618 333 511 355 1687 1116 1049 506 453 141 191 418 359 376 856 778 1311 1124
internal_count=5908 5865 5598 2428 3170 1619 809 1449 2664 204 2460 773 618 333 511 355 1687 1116 1049 506 453 141 191 418 359 376 856 778 1311 1124
cat_boundaries=0 1 2 3 4 5 6 7
cat_threshold=1 1 2 524 2 3 1
is_linear=0
shrinkage=0.05


Tree=3
num_leaves=31
num_cat=9
split_feature=40 25 42 2 42 11 37 29 10 27 49 42 10 6 29 31 21 21 25 42 29 10 35 15 38 15 15 21 25 10
split_gain=1.80297e+08 5.9393e+06 1.65289e+06 2.72621e+06 2.03922e+06 1.89998e+06 1.30327e+06 1.25838e+06 1.21492e+06 1.12272e+06 949533 891701 774728 679098 677896 624262 621823 507562 490116 459926 400647 389988 368622 361867 341200 293254 291950 289542 287701 282965
threshold=6811.8700000000017 0 -74.005000000000095 1 -73.894999999999854 6870.9750566893426 27.485000000000003 2 -3.6305000000000005 3 159.95999999999984 -67.74499999999999 40.64050000000001 0.91118860445910588 4 5 -36.024009297729791 -34.697642678832558 6 -48.469999999999906 7 62.630000000000003 1315.7450000000001 304.93000000000001 1115.0905000000002 -218.75500000000031 -132.57500000000002 -27.481242846940351 8 5.1970000000000036
decision_type=2 9 2 1 2 2 2 1 2 1 2 2 2 2 1 1 2 2 9 2 1 2 2 2 2 2 2 2 9 2
left_child=1 25 3 7 17 6 27 -3 9 -6 13 14 -8 16 28 20 -9 -4 24 -11 -14 -16 -22 29 -13 -1 -18 -5 -10 -20
right_child=-2 2 4 5 8 -7 12 10 11 19 -12 18 15 -15 21 -17 26 -19 23 -21 22 -23 -24 -25 -26 -27 -28 -29 -30 -31
leaf_value=5.1904082725787992 -105.77863082885743 1.8063286947022226 7.4334145849877657 3.6261332698378386 2.5885426571867507 5.6982793454195093 -4.8404864315633418 -0.73387815396588552 2.9795681472808599 -8.2171652730306004 1.5541715197979589 -0.64318367869213777 4.1320522411924889 -7.8324127701688404 0.10536084744921873 -2.8849099263623361 -7.6654125766477721 3.30921968040259 -2.6152409761846069 -2.5818458931786674 -1.2373983426267903 -3.1757775047659873 0.97593423024595249 1.7328956017077273 2.7789008148811263 9.2284718954563143 -4.0330633644455229 0.25576044126998548 -0.098187772098642143 0.37403007724959603
leaf_weight=58 40 116 91 246 61 163 108 133 116 75 73 81 61 121 142 190 69 414 100 70 360 250 394 443 723 200 279 86 198 380
leaf_count=58 40 116 91 246 61 163 108 133 116 75 73 81 61 121 142 190 69 414 100 70 360 250 394 443 723 200 279 86 198 380
internal_value=0.0106153 0.74007 0.386532 -0.6012 1.14144 0.58097 0.00372286 -3.0044 0.5844 -3.1025 -3.83113 0.896567 -0.816392 -4.48416 -0.600539 -0.383952 -3.64188 4.05239 1.50859 -5.49667 0.231648 -1.9872 -0.0808293 0.694834 2.40424 8.01022 -4.75327 2.75308 1.13058 -0.248735
internal_weight=5841 5801 5543 2399 3144 1608 1445 791 2639 206 675 2433 1113 602 706 1005 481 505 1727 145 815 392 754 923 804 258 348 332 314 480
internal_count=5841 5801 5543 2399 3144 1608 1445 791 2639 206 675 2433 1113 602 706 1005 481 505 1727 145 815 392 754 923 804 258 348 332 314 480
cat_boundaries=0 1 2 3 4 5 6 7 8 9
cat_threshold=1 1 2 2 2 3 11086 1 10816
is_linear=0
shrinkage=0.05


Tree=4
num_leaves=31
num_cat=5
split_feature=40 25 13 2 11 13 34 37 39 27 14 10 44 10 47 29 21 10 10 13 21 11 34 45 25 34 41 20 14 10
split_gain=1.92497e+08 5.30931e+06 1.47068e+06 2.30007e+06 2.01615e+06 1.88834e+06 1.18096e+06 1.03962e+06 876080 1.02456e+06 751144 745622 742402 704576 683945 595446 611235 553052 606050 451993 416153 380927 339521 329853 317619 322318 304665 286955 278484 274297
threshold=6811.8700000000017 0 -74.005000000000095 1 6870.9750566893426 -73.894999999999854 192.68500000000003 27.485000000000003 119.61880000000001 2 9.5050000000001109 -4.9294999999999947 -158.49499999999986 40.64050000000001 62.1556 3 -36.024009297729791 5.1970000000000036 73.846500000000006 -69.264999999999858 -34.697642678832558 6870.9750566893426 197.79500000000004 77.193649999999693 4 204.37000000000003 0.23264161197844022 -25.785384688051824 8.0899999999999199 32.77450000000001
decision_type=2 9 2 1 2 2 2 2 2 1 2 2 2 2 2 1 2 2 2 2 2 2 2 2 9 2 2 2 2 2
left_child=1 23 3 6 7 20 21 -5 10 11 26 -10 -8 -9 24 -14 -17 -12 22 28 -4 27 -19 -1 -15 -26 29 -3 -11 -7
right_child=-2 2 5 4 -6 8 12 13 9 19 17 -13 15 14 -16 16 -18 18 -20 -21 -22 -23 -24 -25 25 -27 -28 -29 -30 -31
leaf_value=8.6110445168096685 -103.09794731987847 -1.6523853388699619 6.9825959258027126 2.4100298432126324 5.694667662671332 -3.464989875083746 2.2681917060505259 -4.536266987724642 -7.8551851450010792 1.9022545174837113 -2.2370413483889857 -0.52674799842966935 2.0889281732044997 -2.1655611464459645 3.1540073750925459 -0.031708457787372489 -4.2133023339569977 3.1225754596039934 -1.4940530233439946 2.1487146269226214 3.2381626995345254 -10.378354910917061 -1.2273209695462828 4.3286676005313272 2.2459436727421624 -0.72487516335573676 -3.9115055295847814 -6.512893162941447 -1.1004557947674305 1.8872462634687073
leaf_weight=213 45 44 91 327 169 43 99 113 43 125 161 180 63 294 121 119 329 265 147 1177 402 43 54 57 112 494 196 98 202 54
leaf_count=213 45 44 91 327 169 43 99 113 43 125 161 180 63 294 121 119 329 265 147 1177 402 43 54 57 112 494 196 98 202 54
internal_value=-0.0813158 0.713157 0.373163 -0.551089 0.52432 1.08815 -2.75602 -0.0737555 0.558979 1.22289 -0.687305 -1.93985 -1.69475 -0.789979 -0.375356 -2.46252 -3.10257 0.289342 1.16219 1.69184 3.92933 -6.25534 2.38623 7.43174 -0.849859 -0.172959 -2.77726 -5.00682 0.0473692 -0.485394
internal_weight=5880 5835 5565 2425 1630 3140 795 1461 2647 1727 920 223 610 1134 1021 511 448 627 466 1504 493 185 319 270 900 606 293 142 327 97
internal_count=5880 5835 5565 2425 1630 3140 795 1461 2647 1727 920 223 610 1134 1021 511 448 627 466 1504 493 185 319 270 900 606 293 142 327 97
cat_boundaries=0 1 2 3 4 5
cat_threshold=1 1 1 2 138244
is_linear=0
shrinkage=0.05


Tree=5
num_leaves=31
num_cat=5
split_feature=44 31 15 13 6 12 10 45 10 29 29 10 14 47 39 6 10 10 21 10 29 14 13 12 14 37 29 21 14 15
split_gain=1.30854e+08 2.541e+06 1.24145e+06 1.47141e+06 898528 1.02457e+06 870585 732893 706765 704219 696792 683063 915719 873932 628464 605765 542732 524029 483375 478412 366034 352315 342234 334758 321558 340742 305969 493231 297637 458887
threshold=-605.73999999999967 0 717.21500000000003 -74.194999999999922 0.86671153632094289 3610.0000000000005 -3.6305000000000005 22.320000000000078 92.732000000000014 1 2 5.1970000000000036 8.2750000000000927 60.79375000000001 119.81295000000001 0.90894672442789404 33.291000000000018 41.803000000000004 -49.439059368038386 123.81250000000001 3 5.9449999999999372 -80.749999999999986 3785.0000000000005 11.500000000000002 39.085000000000008 4 -32.731119223044409 11.615000000000125 614.5150000000001
decision_type=2 1 2 2 2 2 2 2 2 1 1 2 2 2 2 2 2 2 2 2 1 2 2 2 2 2 1 2 2 2
left_child=-1 -2 4 15 7 11 -5 8 16 -10 -7 18 13 14 17 -4 20 21 -6 28 -3 -13 -22 -12 -11 -26 27 -18 -14 -30
right_child=1 2 3 6 5 10 -8 -9 9 24 23 12 19 -15 -16 -17 26 -19 -20 -21 22 -23 -24 -25 25 -27 -28 -29 29 -31
leaf_value=-87.904926790509919 7.2760334390989492 -6.138590063699862 -2.658964239481699 -6.6875932926084944 -4.6918062286376951 0.71257607165076164 0.92512464952973916 4.1669366425938081 1.6169336500702447 -4.6674723679369148 7.707824164942692 1.7232518129001715 3.5961571316350396 3.9990024174037191 1.0977475560092174 -7.6428960079616974 6.8263358115857731 -2.8611578211471902 -0.03822864476215402 -0.52304547516990907 -3.4993004562530445 -2.5429093407912995 0.52823006981889975 3.2751679490594308 0.61289838596626567 -4.604360326131185 0.44133431062367934 0.32160577861701745 2.5429286694402276 -0.80601649963855737
leaf_weight=42 132 41 189 41 75 92 447 99 97 176 114 152 443 138 455 90 51 289 218 139 85 71 139 68 81 51 1108 68 563 125
leaf_count=42 132 41 189 41 75 92 447 99 97 176 114 152 443 138 455 90 51 289 218 139 85 71 139 68 81 51 1108 68 563 125
internal_value=0.0340288 0.666792 0.500239 -1.37036 0.791805 1.34735 0.285532 -0.0270398 -0.245914 -2.0983 4.25898 1.04833 1.32933 0.276788 -0.254407 -4.26668 0.256912 -1.45603 -1.22942 2.24513 -1.79509 0.364967 -1.00007 6.05167 -3.26835 -1.40286 0.70009 3.10935 2.58534 1.93447
internal_weight=5879 5837 5705 767 4938 2942 488 1996 1897 405 274 2668 2375 1105 967 279 1492 512 293 1270 265 223 224 182 308 132 1227 119 1131 688
internal_count=5879 5837 5705 767 4938 2942 488 1996 1897 405 274 2668 2375 1105 967 279 1492 512 293 1270 265 223 224 182 308 132 1227 119 1131 688
cat_boundaries=0 1 2 3 4 5
cat_threshold=8 2 2 1 1
is_linear=0
shrinkage=0.05


Tree=6
num_leaves=31
num_cat=1
split_feature=35 11 41 21 15 39 41 10 34 34 13 13 34 34 17 47 10 33 13 41 28 35 10 14 33 41 11 34 33 38
split_gain=1.33032e+08 4.00133e+06 1.93168e+06 1.32116e+06 1.22295e+06 1.20153e+06 1.30629e+06 827319 924096 797220 674719 667771 583434 525066 484460 559590 454031 358821 328013 268301 252379 276366 273221 249174 245897 232694 228478 222039 288046 216952
threshold=6272.2000000000016 6870.9750566893426 0.34171506613615338 -26.569177260724334 732.8599999999999 139.96770000000012 0.26236073692867851 -4.1570000000000045 192.68500000000003 181.35000000000005 -73.664999999999949 -66.009999999999977 197.51000000000002 230.50500000000002 95.000000000000014 62.316750000000006 62.630000000000003 5606.0100000000011 -74.194999999999922 0.35731504506303086 0 2139.6150000000002 41.457000000000015 -8.9999999999999982 2167.0950000000007 0.29153985664582099 5405.7596371882091 191.87000000000003 3119.5400000000004 3689.2984000000001
decision_type=2 2 2 2 2 2 2 2 2 2 2 2 2 2 2 2 2 2 2 2 1 2 2 2 2 2 2 2 2 2
left_child=1 5 4 -4 29 6 9 19 16 26 -11 14 -12 -7 15 18 25 -5 23 -8 -16 22 -22 -10 -23 -9 -1 28 -18 -3
right_child=-2 2 3 17 -6 13 7 8 11 10 12 -13 -14 -15 20 -17 27 -19 -20 -21 21 24 -24 -25 -26 -27 -28 -29 -30 -31
leaf_value=-4.1104036464009965 -88.662107758294979 4.3757737178428497 6.8926985562552234 3.1526161459020594 -7.8928277709267363 3.1326970769236375 -8.1483006684676464 2.4272586001290217 2.1429872816887454 4.1707317910977268 1.4933854805257556 2.045589138218912 -1.6731470452161397 -0.84883650580384584 -0.1845944645189217 2.4103475927722222 -4.3235882477571739 -2.1860131710159538 1.2631165237951674 -2.585803752701457 -2.4534168226378306 -5.015965961274647 2.2933529205322265 -0.96031907174260689 -1.939192726807808 -1.6818590282177439 -0.64724448787285982 -7.2236913771856397 -0.40947716385126115 -0.17164050362728261
leaf_weight=70 42 51 423 88 44 440 46 45 69 201 1008 295 170 102 197 204 177 49 243 41 77 126 50 1034 134 147 149 42 64 54
leaf_count=70 42 51 423 88 44 440 46 45 69 201 1008 295 170 102 197 204 177 49 243 41 77 126 50 1034 134 147 149 42 64 54
internal_value=0.00587086 0.643552 4.16437 5.51058 -0.895225 0.157046 -0.105906 -0.722518 -0.578585 1.04821 1.49327 -0.184161 1.03642 2.3834 -0.492397 -0.0299713 -2.59554 1.24318 -0.399827 -5.52689 -1.71973 -2.43352 -0.58461 -0.766187 -3.43024 -0.718785 -1.75419 -3.86882 -3.28416 2.0371
internal_weight=5882 5840 709 560 149 5131 4589 2991 2904 1598 1379 2429 1178 542 2134 1550 475 137 1346 87 584 387 127 1103 260 192 219 283 241 105
internal_count=5882 5840 709 560 149 5131 4589 2991 2904 1598 1379 2429 1178 542 2134 1550 475 137 1346 87 584 387 127 1103 260 192 219 283 241 105
cat_boundaries=0 1
cat_threshold=12
is_linear=0
shrinkage=0.05


Tree=7
num_leaves=31
num_cat=6
split_feature=49 25 10 13 3 13 11 27 37 34 13 25 34 20 25 25 14 14 34 11 49 6 45 15 6 33 21 15 21 6
split_gain=1.07172e+08 3.8506e+06 1.12271e+06 1.27601e+06 2.06077e+06 1.37446e+06 1.34173e+06 1.16343e+06 986966 936398 733110 614409 614362 520142 465230 360062 326153 358953 322260 258142 256009 255981 249166 246820 246733 226679 226629 205003 201302 196778
threshold=605.7399999999999 0 -4.4679999999999938 -74.005000000000095 1 -73.894999999999854 6870.9750566893426 2 27.485000000000003 194.24000000000004 -69.264999999999858 3 182.75500000000002 -26.809281217648039 4 5 12.200000000000047 8.2750000000000927 219.17500000000004 5405.7596371882091 165.46999999999994 0.87057435805980521 77.193649999999693 484.15000000000015 0.86671153632094289 1584.8950000000002 -29.594552276233561 289.14000000000004 -29.53837747758752 0.84690759568075691
decision_type=2 9 2 2 1 2 2 1 2 2 2 9 2 2 9 9 2 2 2 2 2 2 2 2 2 2 2 2 2 2
left_child=1 22 7 4 6 16 8 -3 29 13 18 -11 19 -6 20 23 17 26 24 -12 -10 -16 -1 -14 -7 -21 -5 -26 -13 -4
right_child=-2 2 3 5 9 10 -8 -9 14 11 12 28 15 -15 21 -17 -18 -19 -20 25 -22 -23 -24 -25 27 -27 -28 -29 -30 -31
leaf_value=7.564806876159067 -79.520711517333993 1.3461635279258093 0.59956531755385867 4.316094613453699 -0.53396240870157885 -2.9243945326431691 4.8137713195271576 -6.7151242814622485 -1.4048849719017744 0.64458329201153308 -3.2725451445754836 -0.87600489814455307 -0.69102650749481331 -6.3817371014037425 0.79821421468929465 2.1379263380440259 0.49752598621628502 5.038029604217634 1.4921886697769167 -1.2871645835816861 -5.5828220498561869 -1.9653593788146975 3.7149144476314762 1.3677195453918296 0.47367819618207946 2.1898352775573731 0.37838606928614366 -1.9815366509376755 -3.600122142728273 3.3135035116775629
leaf_weight=203 42 75 93 63 48 166 173 111 440 227 85 96 236 183 517 993 77 294 125 125 40 100 53 380 198 75 87 149 231 237
leaf_count=203 42 75 93 63 48 166 173 111 440 227 85 96 236 183 517 993 77 294 125 125 40 100 53 380 198 75 87 149 231 237
internal_value=0.0659302 0.634406 0.35459 0.485873 -0.380682 1.16282 0.651255 -3.46461 0.151183 -2.46094 0.681588 -1.37718 1.17538 -5.16662 -0.570029 1.55438 3.50158 4.02255 -0.784305 -0.964296 -1.71727 0.344722 6.51333 0.56973 -1.33901 0.0167104 2.03222 -0.580578 -2.71728 2.54867
internal_weight=5922 5880 5624 5438 2385 3053 1600 186 1427 785 2532 554 1894 231 1097 1609 521 444 638 285 480 617 256 616 513 200 150 347 327 330
internal_count=5922 5880 5624 5438 2385 3053 1600 186 1427 785 2532 554 1894 231 1097 1609 521 444 638 285 480 617 256 616 513 200 150 347 327 330
cat_boundaries=0 1 2 3 4 5 6
cat_threshold=1 12 2 6732 138564 249888
is_linear=0
shrinkage=0.05


Tree=8
num_leaves=31
num_cat=8
split_feature=40 25 13 2 13 11 25 37 18 10 39 10 13 47 41 10 13 29 20 29 25 44 44 18 33 25 29 13 14 20
split_gain=1.31219e+08 3.64701e+06 1.02587e+06 1.60359e+06 1.56653e+06 1.3874e+06 1.03959e+06 1.02062e+06 658741 674115 638955 587685 533806 526371 489273 445263 435659 332424 315767 303242 291145 378781 290577 283894 271056 267389 245482 237131 213416 200192
threshold=6811.8700000000017 0 -74.005000000000095 1 -73.894999999999854 6870.9750566893426 2 27.485000000000003 0.8562098456500884 -4.4679999999999938 114.80180000000001 40.64050000000001 -67.74499999999999 63.154499999999999 0.61015556405017157 62.630000000000003 -89.114999999999995 3 -25.489369380444241 4 5 289.14000000000004 614.5150000000001 0.88933509076573614 1929.2000000000003 6 7 -49.764999999999979 2.6450000000002096 -22.529844285985771
decision_type=2 9 2 1 2 2 9 2 2 2 2 2 2 2 2 2 2 1 2 1 9 2 2 2 2 9 1 2 2 2
left_child=1 -1 3 6 17 7 23 -5 9 24 15 -9 22 20 16 -11 18 -4 -8 -12 21 -13 -10 -3 -6 26 27 -14 -18 -7
right_child=-2 2 4 5 8 29 14 11 12 10 19 13 25 -15 -16 -17 28 -19 -20 -21 -22 -23 -24 -25 -26 -27 -28 -29 -30 -31
leaf_value=6.2920090558344155 -87.036672973632818 -0.87330860081931638 5.182825932054075 2.3695256101544842 -6.5020439782763946 3.3161133662308799 1.6364306698952402 -4.2223692503842445 0.5731290788663661 -0.22383366674184801 -1.5763132056882305 -2.3484121161743245 2.3769369942254772 3.3209094945680016 1.651381871269809 -4.042936609832334 -5.9051529912721543 2.5268024700137506 -3.5432683129464433 1.1150759974719426 0.10099712666160628 1.886373846761642 -2.250566523440563 2.7819039790606013 -1.2824229707205019 0.97227258618295187 4.127655796714909 -1.5932340708645909 -3.6152130740947386 6.7953326797485349
leaf_weight=261 43 116 182 342 59 101 56 110 272 165 124 356 259 88 45 142 168 334 62 671 500 62 137 98 43 583 181 44 258 70
leaf_count=261 43 116 182 342 59 101 56 110 272 165 124 356 259 88 45 142 168 334 62 671 500 62 137 98 43 583 181 44 258 70
internal_value=-0.00952755 0.625923 0.351352 -0.42188 0.940844 0.47955 -2.25056 -0.0201741 0.455116 -0.412825 -0.0528824 -0.752501 1.16311 -0.373092 -3.30304 -1.99032 -3.77359 3.46362 -1.08511 0.695287 -0.727202 -1.68009 -0.372705 0.764834 -4.30162 1.75182 2.61666 1.80041 -4.51829 4.74036
internal_weight=5932 5889 5628 2432 3196 1629 803 1458 2680 1204 1102 1116 1476 1006 589 307 544 516 118 795 918 418 409 214 102 1067 484 303 426 171
internal_count=5932 5889 5628 2432 3196 1629 803 1458 2680 1204 1102 1116 1476 1006 589 307 544 516 118 795 918 418 409 214 102 1067 484 303 426 171
cat_boundaries=0 1 2 3 4 5 6 7 8
cat_threshold=1 1 4620 4 1 138564 11052 2
is_linear=0
shrinkage=0.05


Tree=9
num_leaves=31
num_cat=7
split_feature=44 25 13 2 13 25 10 29 25 34 6 34 38 27 25 18 12 12 37 34 41 21 10 34 6 41 21 18 12 39
split_gain=9.3275e+07 3.36936e+06 886006 1.62121e+06 1.24666e+06 929340 858738 952912 725219 587678 580967 562772 548908 444091 427517 354385 432646 369054 307120 354518 286396 304158 279916 279285 263964 262860 259894 248756 239387 310888
threshold=-605.73999999999967 0 -74.005000000000095 1 -73.894999999999854 2 31.925000000000008 3 4 194.24000000000004 0.88787849873253955 188.15000000000001 1115.0905000000002 5 6 0.91246443252578691 3695.0000000000005 2175.0000000000005 27.655000000000005 213.97500000000005 0.6045582368624155 -32.422844449838749 123.81250000000001 205.84500000000006 0.92808528683406211 0.45811648717379549 -42.476278616313031 0.68631520289441783 3835.0000000000005 123.32485000000001
decision_type=2 9 2 1 2 9 2 1 9 2 2 2 2 1 9 2 2 2 2 2 2 2 2 2 2 2 2 2 2 2
left_child=-1 -2 3 5 24 18 -5 27 15 -7 11 -6 -12 -13 -14 16 -9 -17 -3 -20 21 -11 26 -15 -4 -10 -16 -8 29 -29
right_child=1 2 4 6 10 9 7 8 25 20 12 13 14 23 22 17 -18 -19 19 -21 -22 -23 -24 -25 -26 -27 -28 28 -30 -31
leaf_value=-71.702490641276043 5.9037365284678778 2.8064906897809774 3.5574337691678246 -3.7519737277179956 -3.4155591318756344 -5.6572308009379624 1.9908950428167982 -0.20215738164751151 2.7999482118366847 -0.0049789678747765723 -2.1290547465865917 0.61114858832653407 2.1349355929419054 -0.6908166841224388 -1.7735373991776955 0.14761303727825484 5.58780830214421 -6.0071018684201123 -3.1880322072509824 1.9879961559035142 1.5563747687773271 -3.5064049611569965 -1.8631446853280069 -6.0572240200909704 -0.14666335770377406 5.8864812918270344 1.0297964231455203 -1.2923348042310454 -4.022157217474545 1.0032137523610871
leaf_weight=45 271 90 440 111 160 185 96 114 366 80 141 454 638 54 91 60 45 41 77 58 44 276 112 44 54 85 904 408 51 231
leaf_count=45 271 90 440 111 160 185 96 114 366 80 141 454 638 54 91 60 45 41 77 58 44 276 112 44 54 85 904 408 51 231
internal_value=0.00466669 0.562844 0.288922 -0.427529 0.850134 -2.25168 0.491355 0.805991 2.13235 -3.27105 0.412342 -0.804565 0.871746 -0.0477545 1.11422 -0.0334406 1.43651 -2.35084 0.520891 -0.964257 -2.24921 -2.71957 0.502123 -3.10022 3.15253 3.30831 0.773411 -0.39381 -0.725595 -0.462489
internal_weight=5826 5781 5510 2418 3092 810 1608 1497 711 585 2598 712 1886 552 1745 260 159 101 225 135 400 356 1107 98 494 451 995 786 690 639
internal_count=5826 5781 5510 2418 3092 810 1608 1497 711 585 2598 712 1886 552 1745 260 159 101 225 135 400 356 1107 98 494 451 995 786 690 639
cat_boundaries=0 1 2 3 4 5 6 7
cat_threshold=1 1 4620 2 7780 2 11020
is_linear=0
shrinkage=0.05


Tree=10
num_leaves=31
num_cat=9
split_feature=35 25 10 42 2 42 11 34 37 42 34 31 14 42 44 29 25 25 25 37 29 21 10 29 14 45 42 11 44 10
split_gain=7.46016e+07 2.97203e+06 945887 1.00616e+06 1.47768e+06 1.13939e+06 1.03443e+06 856806 823892 613742 547224 487584 512006 471752 463890 365320 354780 353437 345907 326054 324113 299105 276247 312945 279642 244489 242402 235665 226441 214007
threshold=6272.2000000000016 0 3.5039999999999965 -74.005000000000095 1 -73.894999999999854 6870.9750566893426 194.24000000000004 27.485000000000003 -67.74499999999999 182.75500000000002 2 14.875000000000002 -48.469999999999906 -159.47 3 4 5 6 22.940000000000001 7 -35.266859629075348 40.752000000000002 8 6.5949999999999145 114.43365000000045 -78.809999999999931 5405.7596371882091 -165.27499999999984 62.630000000000003
decision_type=2 9 2 2 1 2 2 2 2 2 2 1 2 2 2 1 9 9 9 2 1 2 2 1 2 2 2 2 2 2
left_child=1 25 11 4 7 20 8 19 -6 16 27 12 -3 -13 -9 -16 -7 -12 28 -4 -5 -17 -20 24 -24 -1 -23 -11 -10 -18
right_child=-2 2 3 5 6 9 -8 14 18 10 17 13 -14 -15 15 21 29 -19 22 -21 -22 26 23 -25 -26 -27 -28 -29 -30 -31
leaf_value=6.4469207949342993 -66.318505841209785 -3.8591105133295063 -0.80989817529916763 4.9426072136739672 2.3234077160702422 1.9465577066203821 4.2765611540703548 2.2360605884056826 -4.6219634472269497 -3.7733247026801111 0.33744643342739794 -6.6099666077157728 2.385717411858312 -1.6368113748352937 1.7496884677446252 0.07919502973255485 -0.24759134277469275 2.0106347650333887 -3.1403874882945306 -5.6011264295681666 2.3104326126862129 -4.0870539546012878 -0.94253285002872289 2.5485078998748829 1.9697849507435508 2.4479221789733225 -0.87426009234927948 -0.13827584208477112 -1.1599439952131962 -2.1634526073821028
leaf_weight=226 42 52 44 178 329 105 168 91 53 64 483 92 89 99 66 99 321 998 54 184 341 195 291 151 115 46 84 147 434 267
leaf_count=226 42 52 44 178 329 105 168 91 53 64 483 92 89 99 66 99 321 998 54 184 341 195 291 151 115 46 84 147 434 267
internal_value=0.0818356 0.557256 0.303221 0.467077 -0.300203 1.0901 0.565502 -2.1099 0.128601 0.628091 1.14141 -2.28466 0.0771861 -3.83165 -1.0161 -1.68264 -0.625201 1.48081 -0.529042 -4.6765 3.21318 -2.28194 0.269713 0.605158 -0.117615 5.56599 -3.11976 -1.24085 -1.50579 -1.09886
internal_weight=5908 5866 5594 5262 2358 2904 1595 763 1427 2385 1692 332 141 191 535 444 693 1481 1098 228 519 378 611 557 406 272 279 211 487 588
internal_count=5908 5866 5594 5262 2358 2904 1595 763 1427 2385 1692 332 141 191 535 444 693 1481 1098 228 519 378 611 557 406 272 279 211 487 588
cat_boundaries=0 1 2 3 4 5 6 7 8 9
cat_threshold=1 1 6 2 2560 218144 138564 4 2
is_linear=0
shrinkage=0.05


Tree=11
num_leaves=31
num_cat=8
split_feature=40 25 10 13 2 11 13 34 27 13 44 31 34 10 29 13 13 21 25 41 29 21 6 21 29 48 21 13 41 6
split_gain=9.25693e+07 2.7386e+06 801988 765110 1.19396e+06 894246 890043 747868 571878 527095 465465 462490 427888 417494 747475 396687 392346 350436 318939 316748 286939 328065 283209 274751 269179 262378 244489 237453 229763 219478
threshold=6811.8700000000017 0 2.6045000000000074 -74.005000000000095 1 6870.9750566893426 -73.894999999999854 194.24000000000004 2 -69.264999999999858 -159.47 3 182.75500000000002 41.02000000000001 4 -48.469999999999906 -67.74499999999999 -28.335300157641161 5 0.29628840296025832 6 -35.266859629075348 0.84153890116096919 -49.936150283972722 7 138.66549999999998 -32.953292211068494 -78.809999999999931 0.29960901673162216 0.87316003135864784
decision_type=2 9 2 2 1 2 2 2 1 2 2 1 2 2 1 2 2 2 9 2 1 2 2 2 1 2 2 2 2 2
left_child=1 -1 8 4 7 11 24 19 16 25 -9 13 -11 28 26 -10 -3 23 -14 -4 -12 -22 -13 -16 -5 29 -15 -23 -6 -8
right_child=-2 2 3 6 5 -7 9 10 15 12 20 22 18 14 17 -17 -18 -19 -20 -21 21 27 -24 -25 -26 -27 -28 -29 -30 -31
leaf_value=5.3771765330359074 -75.780648574829101 -2.8823102478615263 -0.201461071819067 4.6475952465303489 0.99437653260926406 3.9788778338515969 -2.3891060322746638 2.3126400264263269 -6.2629791930481638 -1.0564346934427264 1.5524534720363041 -3.7943168754556349 0.095850334257175707 -1.518656902831129 0.0057998780281313007 -1.6784876790277814 3.3122118324529932 -1.1019452781053418 1.7383180815135102 -5.1036409817914921 0.33807476278808385 -3.8254483721043808 0.046318695658729196 3.6509727176194979 2.1311367316711585 1.8535067027874206 0.52077001149443503 -0.66225235206740241 -3.1573247126483044 -0.29593216337374789
leaf_weight=269 40 44 40 155 48 171 200 97 91 216 66 112 410 230 62 98 61 59 1149 187 108 202 84 311 338 89 407 84 109 335
leaf_count=269 40 44 40 155 48 171 200 97 91 216 66 112 410 230 62 98 61 59 1149 187 108 202 84 311 338 89 407 84 109 335
internal_value=0.0228436 0.542758 0.298785 0.441133 -0.223455 0.562685 0.987373 -1.8208 -2.24218 0.589738 -0.834955 0.151877 1.02917 0.515406 0.873208 -3.88584 0.716412 2.4787 1.31813 -4.23982 -1.49869 -2.00979 -2.04404 3.04507 2.92232 -0.660251 -0.215601 -2.8964 -1.88801 -1.07843
internal_weight=5872 5832 5563 5269 2377 1593 2892 784 294 2399 557 1422 1775 1226 1069 189 105 432 1559 227 460 394 196 373 493 624 637 286 157 535
internal_count=5872 5832 5563 5269 2377 1593 2892 784 294 2399 557 1422 1775 1226 1069 189 105 432 1559 227 460 394 196 373 493 624 637 286 157 535
cat_boundaries=0 1 2 3 4 5 6 7 8
cat_threshold=1 1 2 3 2 217088 2 4
is_linear=0
shrinkage=0.05


Tree=12
num_leaves=31
num_cat=7
split_feature=40 25 13 2 13 11 37 20 34 39 27 21 25 10 44 47 25 18 13 25 31 21 21 20 45 20 44 44 44 47
split_gain=7.95102e+07 2.40055e+06 768026 1.09558e+06 1.00864e+06 900379 696733 564568 526840 437127 533655 527262 510118 413403 342921 334395 290275 280786 268915 257563 256167 253145 247268 219121 212442 211943 202601 282637 198902 188669
threshold=6811.8700000000017 0 -74.005000000000095 1 -73.894999999999854 6870.9750566893426 27.485000000000003 -26.897351318783837 194.03500000000003 122.70070000000001 2 -21.129784654119089 3 40.64050000000001 289.14000000000004 63.154499999999999 4 0.74346079979932578 -90.710000000000022 5 6 -29.952261103625386 -51.377652837790485 -26.766302159169594 6.6374999999999469 -26.686823920545063 -219.2049999999999 151.39500000000001 300.97000000000008 49.075500000000034
decision_type=2 9 2 1 2 2 2 2 2 2 1 2 9 2 2 2 9 2 2 9 1 2 2 2 2 2 2 2 2 2
left_child=1 -1 3 7 26 6 23 18 -9 11 17 12 14 -8 24 20 -12 -11 -3 -10 22 -22 -15 -5 -6 -18 -4 -28 -13 -14
right_child=-2 2 4 5 9 -7 13 8 19 10 16 28 29 15 -16 -17 25 -19 -20 -21 21 -23 -24 -25 -26 -27 27 -29 -30 -31
leaf_value=5.1254939134441209 -69.371404024449802 2.648234272067036 6.1512121111847637 3.3365919363932521 5.7200687892853272 3.8775560361583064 -3.5680819043406737 -5.1738429341171726 -3.4428756281733515 -4.4885920977592475 2.1288883355600601 -3.2466543489574704 2.1962173300404704 -3.7853823705153036 -1.3008008485753091 2.7473062522527649 -0.36690412268186307 -0.062906615787677561 -0.95253729795850806 -0.68024149096285214 -5.084660991869475 -1.0787775130476802 0.08001835767830176 0.74278579144960366 2.1133076191542606 1.3723650729520587 1.0796269181085394 3.6203738481943848 -0.47438225520467303 -0.69897054606828424
leaf_weight=258 41 70 43 158 63 164 108 165 136 60 587 174 62 44 50 82 311 89 200 241 57 128 693 168 116 401 188 262 103 609
leaf_count=258 41 70 43 158 63 164 108 165 136 60 587 174 62 44 50 82 311 89 200 241 57 128 693 168 116 401 188 262 103 609
internal_value=0.0122492 0.503567 0.278243 -0.390809 0.797125 0.367542 -0.032766 -1.88697 -2.8175 0.4074 0.989118 -0.308257 0.278845 -0.628675 2.26137 -0.312484 1.31421 -1.84506 -0.0190039 -1.78621 -0.584613 -2.19441 -0.148734 1.99991 3.38273 0.604171 2.87223 2.55891 -2.21581 -0.425121
internal_weight=5831 5790 5532 2414 3118 1602 1438 812 542 2625 1448 1177 900 1112 229 1004 1299 149 270 377 922 185 737 326 179 712 493 450 277 671
internal_count=5831 5790 5532 2414 3118 1602 1438 812 542 2625 1448 1177 900 1112 229 1004 1299 149 270 377 922 185 737 326 179 712 493 450 277 671
cat_boundaries=0 1 2 3 4 5 6 7
cat_threshold=1 1 1 3844 41550 148608 3
is_linear=0
shrinkage=0.05


Tree=13
num_leaves=31
num_cat=5
split_feature=40 25 21 13 2 13 11 47 29 10 40 39 10 13 27 18 21 21 21 12 31 21 10 41 18 21 21 39 14 35
split_gain=7.74468e+07 2.19324e+06 608274 607698 1.31013e+06 822800 767847 704855 607320 459359 419999 395738 463528 572707 551114 361968 314527 277445 241283 227679 222421 257508 300530 214052 211712 204673 315219 203274 216191 188446
threshold=6811.8700000000017 0 -29.71908034282102 -74.005000000000095 1 -73.894999999999854 6870.9750566893426 62.1556 2 41.590500000000013 1692.9200000000003 139.96770000000012 -4.4679999999999938 -66.009999999999977 3 0.8580367078753498 -46.588141069123772 -24.851919468381535 -30.301401564399097 2965.0000000000005 4 -49.936150283972722 31.925000000000008 0.38512617756024187 0.83689709178843985 -29.952261103625386 -27.700941713998365 121.44825000000002 11.875000000000115 2659.5750000000003
decision_type=2 9 2 2 1 2 2 2 1 2 2 2 2 2 1 2 2 2 2 2 1 2 2 2 2 2 2 2 2 2
left_child=1 2 -1 4 8 18 7 20 -3 -9 23 12 14 29 -7 27 -12 -4 -5 -17 21 -6 -23 -10 -22 -26 -27 28 -15 -14
right_child=-2 3 17 5 6 11 -8 9 10 -11 16 -13 13 15 -16 19 -18 -19 -20 -21 24 22 -24 -25 25 26 -28 -29 -30 -31
leaf_value=5.2319034133767186 -66.870807488020077 1.6069133538515012 2.8149642176342451 4.2726879826792468 -2.8793403864958709 1.3868667663146672 3.5849598336362556 -1.2942650753259661 1.4731891731172801 3.0545415605462733 -7.5059320124184215 2.2084897179156542 -1.53822967910487 -3.3062219694455468 -5.09206678197625 1.9234902547874366 -2.9492008738026341 -0.74844913176988093 1.8045817303685299 -0.45998060609829627 0.49249857112213419 -3.8107647592822711 0.27479572947372788 -2.8072742130445398 -5.7293609156328094 0.78023469507131937 -4.9450573140924625 0.80187517897728788 -0.21323807609458678 0.089175003230571759
leaf_weight=265 43 94 217 143 85 52 167 80 80 252 41 240 437 75 89 664 496 73 322 118 54 48 723 46 51 53 44 341 229 300
leaf_count=265 43 94 217 143 85 52 167 80 80 252 41 240 437 75 89 664 496 73 322 118 54 48 723 46 51 53 44 341 229 300
internal_value=-0.0125537 0.476459 3.43834 0.160937 -0.448012 0.629614 0.381551 -0.00331844 -2.15426 2.00664 -2.68752 0.276255 0.0750674 0.256057 -2.70267 0.840617 -3.29711 1.91797 2.56359 1.56384 -0.634041 -0.264415 0.0204418 -0.0895197 -2.08412 -3.16505 -1.8168 -0.0362151 -0.97631 -0.875785
internal_weight=5922 5879 555 5324 2314 3010 1557 1390 757 332 663 2545 2305 2164 141 1427 537 290 465 782 1058 856 771 126 202 148 97 645 304 737
internal_count=5922 5879 555 5324 2314 3010 1557 1390 757 332 663 2545 2305 2164 141 1427 537 290 465 782 1058 856 771 126 202 148 97 645 304 737
cat_boundaries=0 1 2 3 4 5
cat_threshold=513 1 2 2 3
is_linear=0
shrinkage=0.05


Tree=14
num_leaves=31
num_cat=9
split_feature=40 25 13 2 13 11 29 34 47 10 18 13 44 10 48 10 29 29 25 34 48 13 25 34 13 27 33 18 25 38
split_gain=6.09474e+07 2.06079e+06 606455 976391 814712 689936 529438 495784 489508 469549 409890 413031 390336 373362 380574 383816 268279 244741 232254 225289 324150 291085 279698 216330 211462 355638 185974 184178 235251 179878
threshold=6811.8700000000017 0 -74.005000000000095 1 -73.894999999999854 6870.9750566893426 2 192.68500000000003 62.1556 41.590500000000013 0.8562098456500884 -66.009999999999977 -158.49499999999986 -4.4679999999999938 117.87949999999996 62.630000000000003 3 4 5 202.50500000000002 124.56974999999998 -111.49499999999988 6 202.70500000000001 -63.514999999999979 7 1929.2000000000003 0.8906092633006103 8 1108.3386000000003
decision_type=2 9 2 1 2 2 1 2 2 2 2 2 2 2 2 2 1 1 9 2 2 2 9 2 2 1 2 2 9 2
left_child=1 -1 3 6 17 8 -3 -8 19 23 13 27 -9 26 15 29 -16 -4 -14 22 -21 -22 -5 -10 25 -13 -6 -12 -29 -15
right_child=-2 2 4 5 10 -7 7 12 9 -11 11 24 18 14 16 -17 -18 -19 -20 20 21 -23 -24 -25 -26 -27 -28 28 -30 -31
leaf_value=4.691115087424131 -61.488597621917727 1.4403478257699844 4.1390155174114085 -1.1066451524817644 -5.0726042312080581 3.4152961102927608 -4.7887367331351234 1.9547739045256201 0.84752471914271954 2.7540596302628284 1.9042186036705973 1.8964852478175329 -0.75824368122220043 -2.9818141448788529 -1.5958197236708973 -3.1662875558210146 1.0447868938918929 1.7753139418257764 -3.1111170597258928 -1.6835353632956858 -1.5977520854660758 1.7255113680246315 1.8071622688947295 -4.1472589399756457 0.97243400487553877 6.6287146609762448 -0.65631778117269279 1.2861085959306853 -1.2395280057123923 0.68227070067383233
leaf_weight=262 40 109 162 134 59 164 156 68 46 252 88 290 215 41 115 165 588 338 248 526 108 169 187 41 589 46 40 117 341 183
leaf_count=262 40 109 162 134 59 164 156 68 46 252 88 290 215 41 115 165 588 338 248 526 108 169 187 41 589 46 40 117 341 183
internal_value=0.0201821 0.440971 0.232774 -0.362008 0.689284 0.340042 -1.79698 -2.31061 -0.00468885 1.66068 0.34145 0.899727 -1.58258 -0.348075 -0.0815209 -1.33634 0.612824 2.54115 -2.1021 -0.506967 -0.954527 0.429799 0.612629 -1.50634 1.54342 2.54435 -3.28825 -0.190783 -0.593316 0.0116123
internal_weight=5887 5847 5585 2423 3162 1627 796 687 1463 339 2662 1471 531 1191 1092 389 703 500 463 1124 803 277 321 87 925 336 99 546 458 224
internal_count=5887 5847 5585 2423 3162 1627 796 687 1463 339 2662 1471 531 1191 1092 389 703 500 463 1124 803 277 321 87 925 336 99 546 458 224
cat_boundaries=0 1 2 3 4 5 6 7 8 9
cat_threshold=1 1 2 1 4 69958 3236 2 2688
is_linear=0
shrinkage=0.05


Tree=15
num_leaves=31
num_cat=7
split_feature=35 25 10 13 3 11 13 25 29 13 37 37 29 27 10 41 13 35 10 47 10 14 14 18 39 27 10 14 15 11
split_gain=4.96573e+07 1.86464e+06 555060 653061 829876 686055 651327 493665 506791 473740 442713 382754 371729 351676 301150 300207 281686 262925 232504 314351 232432 214724 199873 197252 259553 195703 214642 193386 262184 186662
threshold=6272.2000000000016 0 3.9870000000000005 -74.005000000000095 1 6870.9750566893426 -73.894999999999854 2 3 -66.009999999999977 27.485000000000003 28.735000000000003 4 5 -4.4679999999999938 0.22222822271426268 -58.154999999999966 1259.6200000000001 40.752000000000002 62.1556 142.71100000000004 12.200000000000047 6.5949999999999145 0.77321720641621994 121.44825000000002 6 53.873999999999917 0.71000000000026386 219.48000000000005 6870.9750566893426
decision_type=2 9 2 2 1 2 2 9 1 2 2 2 1 1 2 2 2 2 2 2 2 2 2 2 2 1 2 2 2 2
left_child=1 -1 13 4 5 10 21 -6 -9 12 -4 29 -8 16 -15 -14 -3 -11 -12 22 23 -5 27 24 -19 26 -25 -20 -29 -10
right_child=-2 2 3 6 7 -7 9 8 11 17 18 -13 15 14 -16 -17 -18 20 19 -21 -22 -23 -24 25 -26 -27 -28 28 -30 -31
leaf_value=4.5162691464451585 -53.502749343251075 -1.18242927405081 1.6619594108145517 2.9083357698492218 1.4514393520864759 3.4381928239549908 0.77387637075142657 1.5145211798094569 -3.3602810116134645 -2.3903838777198243 -2.5145360088449418 -1.2805287250868269 1.9841975837457377 -4.9181798458099371 -1.2303194627526306 -1.7639980086597593 3.1521743854261794 -1.2683194897097092 -0.2350090312229639 2.3408423129502718 -1.3131726212089969 0.015375033835570019 0.96940462590857635 0.61476079673009432 1.4109905526070423 3.7315455353667595 2.3224196276457403 -4.5714918833039704 -0.98417670771399934 -6.9470909663609097
leaf_weight=256 43 128 333 443 111 168 387 84 266 52 118 274 61 100 124 430 53 138 440 111 84 75 187 343 262 117 397 70 187 42
leaf_count=256 43 128 333 443 111 168 387 84 266 52 118 274 61 100 124 430 53 138 440 111 84 75 187 343 262 117 397 70 187 42
internal_value=0.0318595 0.425968 0.229982 0.369771 -0.236569 0.411328 0.889585 -1.56751 -2.0847 0.524662 0.0625034 -2.64 -0.384958 -1.55226 -2.87669 -1.29834 0.0868193 1.09799 -0.41604 -0.167173 1.23326 2.48947 -0.482094 1.40343 0.486629 1.83134 1.5309 -0.87152 -1.96127 -3.84939
internal_weight=5884 5841 5585 5180 2391 1614 2789 777 666 2271 1446 582 878 405 224 491 181 1393 1113 995 1341 518 884 1257 400 857 740 697 257 308
internal_count=5884 5841 5585 5180 2391 1614 2789 777 666 2271 1446 582 878 405 224 491 181 1393 1113 995 1341 518 884 1257 400 857 740 697 257 308
cat_boundaries=0 1 2 3 4 5 6 7
cat_threshold=1 12 524 2 2 2 2
is_linear=0
shrinkage=0.05


Tree=16
num_leaves=31
num_cat=4
split_feature=49 11 37 39 41 39 15 21 13 20 10 21 10 29 6 10 14 29 10 12 18 21 17 25 12 21 15 15 29 6
split_gain=5.55786e+07 1.76072e+06 1.22579e+06 595189 563303 513845 473499 433216 386384 360787 360227 296608 296591 429167 293155 293522 292876 290040 255998 250170 236747 235470 208231 210474 251129 201502 190209 182422 181031 166443
threshold=2273.1600000000012 6870.9750566893426 26.115000000000006 144.27320000000006 0.26236073692867851 125.89125 732.8599999999999 -26.569177260724334 -73.664999999999949 -28.40042875937301 22.319499999999998 -51.377652837790485 91.885500000000022 0 0.79751315870688677 162.32000000000002 1.4099999999999684 1 132.10950000000005 3525.0000000000005 0.94902115868436254 -49.439059368038386 110.00000000000013 2 2945.0000000000005 -22.892399893107694 -140.90499999999994 102.43000000000008 3 0.86549055746896764
decision_type=2 2 2 2 2 2 2 2 2 2 2 2 2 1 2 2 2 1 2 2 2 2 2 9 2 2 2 2 1 2
left_child=1 3 6 4 8 9 27 -4 29 16 -7 -10 22 -14 -12 17 26 -16 -5 20 -13 -18 23 -11 -25 -9 -6 -3 -26 -1
right_child=-2 2 7 18 5 10 -8 25 11 12 14 19 13 -15 15 -17 21 -19 -20 -21 -22 -23 -24 24 28 -27 -28 -29 -30 -31
leaf_value=0.50291712985884762 -56.647939784027812 -1.3247401900210622 4.5532032683767651 2.500535582760234 -0.38214877188926744 -2.2697320529058866 -5.7753245154092481 -0.037826901281272973 -2.7808387824467253 -1.6713945443194955 -1.1866303777505816 0.39123603602297496 0.97526041915422523 -3.1787397856175348 -1.3572298222166652 -1.3498153438833027 -4.0389726042747496 2.1136540147724725 -1.6483549838974363 -2.7430285226215019 2.2012071379280966 0.016267522020886341 -1.8524511267204542 -0.45596501467459993 0.52387428510756728 3.9937930968213586 2.9877062396485679 2.9572804281877918 4.3480225722400512 3.5827618446250762
leaf_weight=62 43 59 432 324 62 102 43 91 70 259 142 1055 77 323 68 90 44 524 42 55 218 192 370 637 84 47 129 43 49 150
leaf_count=62 43 59 432 324 62 102 43 91 70 259 142 1055 77 323 68 90 44 524 42 55 218 192 370 637 84 47 129 43 49 150
internal_value=-0.0112918 0.40551 2.72995 0.0814125 -0.0679251 -0.456582 -1.37473 3.77412 0.692973 -0.868334 0.533224 0.391339 -1.17846 -2.37909 0.880192 1.31053 0.438242 1.71497 2.02443 0.558547 0.701192 -0.739794 -0.83517 -0.469384 -0.0428092 1.33526 1.89383 0.480425 1.93277 2.68205
internal_weight=5886 5843 715 5128 4762 3152 145 570 1610 2226 926 1398 1799 400 824 682 427 592 366 1328 1273 236 1399 1029 770 138 191 102 133 212
internal_count=5886 5843 715 5128 4762 3152 145 570 1610 2226 926 1398 1799 400 824 682 427 592 366 1328 1273 236 1399 1029 770 138 191 102 133 212
cat_boundaries=0 1 2 3 4
cat_threshold=2 1 136196 2
is_linear=0
shrinkage=0.05


Tree=17
num_leaves=31
num_cat=10
split_feature=40 25 25 15 13 2 13 29 49 20 29 14 12 29 25 14 2 38 6 2 34 20 18 20 13 17 25 20 15 15
split_gain=5.54402e+07 1.54511e+06 514932 450507 298463 536957 382970 333021 284192 267465 238521 241788 368021 234804 270216 464577 234715 229013 232468 297434 262733 223208 209372 204027 199512 187852 180668 199890 171034 167278
threshold=6811.8700000000017 0 1 717.21500000000003 -74.194999999999922 2 -73.894999999999854 3 166.785 -26.41756301578453 4 8.4200000000000745 3005.0000000000005 5 6 -5.3500000000000218 7 1117.0130000000001 0.88787849873253955 8 185.55500000000004 -22.6209738592046 0.88933509076573614 -28.926957454064091 -87.270000000000081 85.000000000000014 9 -21.923280740214715 -288.9550000000001 770.1550000000002
decision_type=2 9 9 2 2 1 2 1 2 2 1 2 2 1 9 2 1 2 2 1 2 2 2 2 2 2 9 2 2 2
left_child=1 28 3 10 5 7 16 9 13 24 -3 12 23 21 15 -15 -6 -8 19 20 -19 -7 -9 -12 -4 -21 27 -20 -1 -28
right_child=-2 2 4 -5 6 8 17 22 -10 -11 11 -13 -14 14 -16 -17 -18 18 26 25 -22 -23 -24 -25 -26 -27 29 -29 -30 -31
leaf_value=1.256439841361273 -57.946598257669592 -0.67712856455649617 1.6378849919702188 -1.1733583165603934 1.0008662116706373 -0.91713521408068177 -2.2984516500234604 -1.2010542292019417 -2.8497473692686501 -3.0812235236645789 2.4873407400962786 2.4276274044731347 2.6617087314882624 -4.509212834101457 1.8875733285277747 0.82147913955893204 3.8469115182465199 -3.1937341612212515 0.99972868236326851 -1.3070876912015383 0.72689509836588795 1.5348987546174424 3.289099048807266 -0.24588132301966348 -1.9575269650667906 -4.7928571545347882 -0.1963320902661701 4.3269069372438915 4.7309978978330296 2.0689108297389041
leaf_weight=42 41 132 61 206 250 481 100 58 79 343 82 482 223 52 325 191 102 49 393 183 334 115 47 408 105 49 659 51 226 93
leaf_count=42 41 132 61 206 250 481 100 58 79 343 82 482 223 52 325 191 102 49 393 183 334 115 47 408 105 49 659 51 226 93
internal_value=-0.00479326 0.396425 0.216362 0.995611 -0.0752954 -0.545267 0.310027 -1.75499 0.0522943 -2.28387 1.33982 1.56261 0.977845 0.249254 0.976691 -0.306627 1.82557 0.0308683 0.159489 -0.630499 0.2253 -0.444008 0.808824 0.211515 -0.636321 -2.04331 0.565712 1.35147 4.03588 0.0827111
internal_weight=5962 5921 5653 1533 4120 1857 2263 614 1243 509 1327 1195 713 1164 568 243 352 1911 1811 615 383 596 105 490 166 232 1196 444 268 752
internal_count=5962 5921 5653 1533 4120 1857 2263 614 1243 509 1327 1195 713 1164 568 243 352 1911 1811 615 383 596 105 490 166 232 1196 444 268 752
cat_boundaries=0 1 2 3 4 5 6 7 8 9 10
cat_threshold=1 41728 1 4 1 2 7236 1 1 3180
is_linear=0
shrinkage=0.05


Tree=18
num_leaves=31
num_cat=7
split_feature=49 25 10 14 10 34 21 11 37 37 25 25 25 11 27 6 41 13 10 47 13 20 18 29 12 14 25 35 47 10
split_gain=4.977e+07 1.49492e+06 441528 402653 556711 443332 392795 380183 379826 460421 359999 345765 319135 345139 288526 274786 274284 228376 216521 286617 214220 212973 177896 173704 270343 173047 167515 167476 159281 187561
threshold=2273.1600000000012 0 2.6045000000000074 8.2000000000001609 152.77000000000001 192.465 -24.851919468381535 7800.0000000000009 16.480000000000004 35.495000000000012 1 2 3 6870.9750566893426 4 0.90521284665151047 0.26959540069605981 -67.74499999999999 40.752000000000002 63.154499999999999 -48.469999999999906 -27.334991147815842 0.89662350315659867 5 3065.0000000000005 6.5949999999999145 6 2353.9400000000001 62.424200000000006 50.32950000000001
decision_type=2 9 2 2 2 2 2 2 2 2 9 9 9 2 1 2 2 2 2 2 2 2 2 1 2 2 9 2 2 2
left_child=1 6 14 5 7 8 21 11 26 10 -10 28 -7 16 17 23 25 -3 -18 -20 -16 -1 -9 -13 -25 -14 -4 -23 29 -5
right_child=-2 2 3 4 -6 12 -8 22 9 -11 -12 15 13 -15 20 -17 18 -19 19 -21 -22 27 -24 24 -26 -27 -28 -29 -30 -31
leaf_value=1.8410963594913483 -53.614705693444549 -2.4151620537735696 -1.0279463266420108 0.63430949675731174 -1.509530041037106 -1.0394656084819081 -0.69256865228667408 5.6504324722290038 -0.27958236320180374 1.9790402508551077 -3.5349371555543714 -2.611515031723266 2.7666570386019624 3.5527725328339472 -5.0349281576615352 0.9945964293784284 -1.875330807383244 2.4889267676843789 -0.032407314591570591 2.4932925599952078 -1.4284844606421716 1.1545394618336748 1.4916515099340018 0.55071817415929025 -2.1376283629496298 -0.67232100354864244 1.4295147791455189 4.5738074519161414 3.3374652484028609 2.0107383818476352
leaf_weight=146 43 43 120 585 261 394 66 60 132 62 300 94 165 90 79 470 130 53 869 129 86 41 45 315 133 47 140 283 97 429
leaf_count=146 43 43 120 585 261 394 66 60 132 62 300 94 165 90 79 470 130 53 869 129 86 41 45 315 133 47 140 283 97 429
internal_value=-0.0186378 0.374376 0.11812 0.221644 0.675261 -0.216312 2.86596 0.931199 -1.23612 -2.05026 -2.62854 0.785945 0.205255 0.551617 -1.88716 0.108757 0.354164 0.292304 0.0440424 0.294061 -3.15521 3.42665 3.8681 -0.6574 -0.247385 2.00424 0.310747 4.14112 1.38931 1.21664
internal_weight=5907 5864 5328 5067 2489 2578 536 2228 754 494 432 2123 1824 1430 261 1012 1340 96 1128 998 165 470 105 542 448 212 260 324 1111 1014
internal_count=5907 5864 5328 5067 2489 2578 536 2228 754 494 432 2123 1824 1430 261 1012 1340 96 1128 998 165 470 105 542 448 212 260 324 1111 1014
cat_boundaries=0 1 2 3 4 5 6 7
cat_threshold=513 165896 43398 136192 2 1 147784
is_linear=0
shrinkage=0.05


Tree=19
num_leaves=31
num_cat=3
split_feature=40 11 15 39 41 21 29 34 20 21 13 10 29 14 10 15 14 10 20 21 12 20 45 6 15 15 20 29 41 41
split_gain=4.17232e+07 1.1212e+06 853958 460816 614387 456786 420942 392490 381303 314364 280731 263352 348189 256904 255974 219536 211907 281627 198630 189966 177541 205235 165874 164342 156101 162945 178059 163886 151790 144160
threshold=6811.8700000000017 6870.9750566893426 339.40000000000003 124.07980000000002 0.26126320568823724 -47.944037331748866 0 181.35000000000005 -28.466009626515774 -25.227839975602794 -73.664999999999949 91.885500000000022 1 1.4099999999999684 162.32000000000002 -140.90499999999994 4.74000000000001 53.873999999999917 -22.980020575009082 -43.41374638827569 3115.0000000000005 -23.238797914010529 17.475599999999897 0.90982044060689193 339.40000000000003 303.83499999999987 -21.178420685331165 2 0.39190497412091785 0.17468372857793538
decision_type=2 2 2 2 2 2 1 2 2 2 2 2 1 2 2 2 2 2 2 2 2 2 2 2 2 2 2 1 2 2
left_child=1 3 9 4 7 -5 -4 22 13 18 -9 20 -13 15 16 -6 -7 -18 28 -15 24 -22 -1 -19 25 26 27 -10 -3 -12
right_child=-2 2 6 5 8 14 -8 10 11 -11 29 12 -14 19 -16 -17 17 23 -20 -21 21 -23 -24 -25 -26 -27 -28 -29 -30 -31
leaf_value=-1.9693988710237915 -49.672950998942063 0.39526469777612128 -4.8030295079214538 -2.8112097389242621 -0.64704318645375747 -0.4662747223057398 1.149767807799001 2.7896661918720991 2.1410392878147273 0.39463676947589016 1.6401996574271474 1.1462738515129167 -2.9203301196219402 -2.396197488478252 -1.0115797785941714 3.1634099029359364 0.59377361527776806 1.0251056603603199 4.3761993313996532 0.64099775668149617 -0.4811344505967321 3.8949321187677839 1.5819883018005187 2.5888915020876526 -1.9604925999230993 0.89076360975568358 -2.4315773527878219 -0.78389305634548578 3.181198954376681 0.10668503339490239
leaf_weight=166 42 68 57 89 54 205 62 202 52 102 240 63 320 84 167 126 779 277 267 133 74 42 41 427 289 148 156 606 174 424
leaf_count=166 42 68 57 89 54 205 62 202 52 102 240 63 320 84 167 126 779 277 267 133 74 42 41 427 289 148 156 606 174 424
internal_value=-0.0145777 0.339282 2.17345 0.0799986 -0.286997 0.687882 -1.70157 0.689969 -0.775252 2.92816 1.1575 -1.09262 -2.25141 0.623732 0.855763 2.02027 1.04051 1.24879 3.43586 -0.534691 -0.767957 1.1033 -1.26598 1.9736 -0.941471 -0.635341 -0.912815 -0.552743 2.39837 0.660967
internal_weight=5936 5894 730 5164 3220 1944 119 1073 2147 611 866 1750 383 397 1855 180 1688 1483 509 217 1367 116 207 704 1251 962 814 658 242 664
internal_count=5936 5894 730 5164 3220 1944 119 1073 2147 611 866 1750 383 397 1855 180 1688 1483 509 217 1367 116 207 704 1251 962 814 658 242 664
cat_boundaries=0 1 2 3
cat_threshold=4 2 1
is_linear=0
shrinkage=0.05


Tree=20
num_leaves=31
num_cat=6
split_feature=49 25 21 10 27 14 11 2 39 10 11 11 37 6 25 6 13 25 18 10 47 14 47 10 25 20 15 41 13 44
split_gain=4.05595e+07 1.2039e+06 418202 366664 510278 425694 440212 417806 509893 364628 351232 313107 298930 293849 326968 292570 246722 218330 210283 324817 246903 189847 164146 224296 160341 172506 159948 144968 142499 141427
threshold=2273.1600000000012 0 -24.851919468381535 -4.4679999999999938 1 8.2000000000001609 7800.0000000000009 2 116.10124999999999 142.64700000000002 6870.9750566893426 6870.9750566893426 27.485000000000003 0.9078930020985595 3 0.93737073010294591 -91.74499999999999 4 0.64118633767489541 49.949500000000008 62.1556 5.5900000000000327 62.214999999999989 53.873999999999917 5 -25.785384688051824 261.94499999999999 0.45811648717379549 -93.194999999999922 -165.27499999999984
decision_type=2 9 2 2 1 2 2 1 2 2 2 2 2 2 9 2 2 9 2 2 2 2 2 2 9 2 2 2 2 2
left_child=1 2 15 4 -3 7 9 8 10 13 16 12 21 14 -7 -1 -5 26 -14 28 24 -9 23 -19 25 29 -15 -13 -20 -21
right_child=-2 3 -4 5 -6 6 -8 11 -10 -11 -12 27 18 17 -16 -17 -18 22 19 20 -22 -23 -24 -25 -26 -27 -28 -29 -30 -31
leaf_value=3.3438937320901427 -48.42540680641352 1.0246781465254331 -0.80695241834353482 0.79107107857623737 -4.2833907246589664 1.2183608203323837 3.8825499619098056 1.7471011389234512 0.058778600194473042 -1.2336779292305593 -5.7778594906047243 -0.13263425709203233 2.6013225536346436 -1.2124980420551517 -0.64937296954561574 1.1273863359480292 -2.191045662054298 0.74275239190201703 -5.1580565365878019 -4.6188691214995181 2.1084605005880195 -1.5715555742675185 4.033834966591427 2.5930483241081239 0.20136139088384422 1.0916919115854771 1.110306713182325 3.2784661518591167 -1.8316105412443482 -1.499168095616624
leaf_weight=452 43 76 103 83 112 366 97 278 506 284 59 43 50 132 612 222 422 405 44 47 96 51 70 275 279 49 169 113 120 160
leaf_count=452 43 76 103 83 112 366 97 278 506 284 59 43 50 132 612 222 422 405 44 47 96 51 70 275 279 49 169 113 120 160
internal_value=-0.0447913 0.315445 2.13291 0.0285729 -2.13758 0.113297 0.582697 -0.358059 -1.09356 0.444312 -2.1274 0.233663 -0.0459898 0.67918 0.0554128 2.61383 -1.70092 1.25962 -0.543831 -0.741639 -0.226395 1.23266 1.70562 1.49103 -0.64536 -1.51677 0.0887206 2.33823 -2.72407 -2.20751
internal_weight=5818 5775 777 4998 188 4810 2410 2400 1070 2313 564 1330 1174 2029 978 674 505 1051 845 795 631 329 750 680 535 256 301 156 164 207
internal_count=5818 5775 777 4998 188 4810 2410 2400 1070 2313 564 1330 1174 2029 978 674 505 1051 845 795 631 329 750 680 535 256 301 156 164 207
cat_boundaries=0 1 2 3 4 5 6
cat_threshold=33281 2 1 2438 200832 137668
is_linear=0
shrinkage=0.05


Tree=21
num_leaves=31
num_cat=4
split_feature=49 11 37 39 47 34 21 37 6 25 44 20 29 20 34 39 21 21 14 25 34 44 13 37 12 13 6 14 25 22
split_gain=4.47407e+07 1.17163e+06 952124 410517 650341 410414 357636 291276 280972 280044 262312 256751 242900 492373 286918 212257 198665 229465 189715 188190 239672 229057 185436 178525 150796 148049 140666 147381 137128 129400
threshold=4432.2300000000014 6870.9750566893426 26.115000000000006 123.91474999999998 61.390300000000003 180.91500000000002 -42.476278616313031 16.480000000000004 0.79248766473028687 0 289.14000000000004 -26.611193625049697 1 -28.246582633400411 203.14500000000001 123.50125000000003 -24.851919468381535 -22.892399893107694 13.814999999999829 2 182.75500000000002 294.74000000000007 -90.710000000000022 51.115000000000002 3505.0000000000005 -62.105000000000011 0.86584995958853983 1.1100000000000139 3 0.92676611976597201
decision_type=2 2 2 2 2 2 2 2 2 9 2 2 1 2 2 2 2 2 2 9 2 2 2 2 2 2 2 2 9 2
left_child=1 3 5 4 7 -3 -5 19 -8 -10 26 18 14 22 25 -7 -4 -18 24 21 -21 -1 -14 -15 -11 -9 27 -6 -16 -20
right_child=-2 2 16 6 10 15 8 12 9 11 -12 -13 13 23 28 -17 17 -19 29 20 -22 -23 -24 -25 -26 -27 -28 -29 -30 -31
leaf_value=2.521853678977048 -52.73287435531617 2.3285135307312013 3.5453960953280332 -2.0303671179181442 1.5389674364278714 -5.1351738525649253 -1.7514284166959255 1.1666515827273869 1.9191407056542891 0.7422038488989644 -0.46731852122272061 1.2032329031301199 2.8244450805610732 -1.7018454767347451 -1.7639152346497924 -0.41711879089474685 -1.1677821989048203 3.5541985132694247 -2.4791152089361161 -2.3740815324638533 0.68765762561226484 -0.76196559908080708 -0.33713469949840502 -4.7990225422139074 -2.4426157717193879 -1.9942255502655393 2.5228151375814982 -1.4430342541228642 -0.0079614457799427555 0.50595023675876505
leaf_weight=162 40 50 478 118 168 59 101 314 521 323 192 640 76 922 279 40 53 50 126 106 161 79 119 49 42 42 255 55 191 51
leaf_count=162 40 50 478 118 168 59 101 314 521 323 192 640 76 922 279 40 53 50 126 106 161 79 119 49 42 42 255 55 191 51
internal_value=-0.0336299 0.32844 2.20176 0.0598771 -0.289696 -1.36399 0.636437 -0.660444 0.810873 0.962836 1.09369 0.520676 -0.93299 -1.3977 -0.276998 -3.22889 3.11621 1.12444 -0.275688 0.408278 -0.508808 1.38783 0.895071 -1.85814 0.375731 0.793739 1.72071 0.803496 -1.08803 -1.61901
internal_weight=5862 5822 730 5092 3170 149 1922 2500 1804 1703 670 1182 1992 1166 826 99 581 103 542 508 267 241 195 971 365 356 478 223 470 177
internal_count=5862 5822 730 5092 3170 149 1922 2500 1804 1703 670 1182 1992 1166 826 99 581 103 542 508 267 241 195 971 365 356 478 223 470 177
cat_boundaries=0 1 2 3 4
cat_threshold=41664 2 88838 147790
is_linear=0
shrinkage=0.05


Tree=22
num_leaves=31
num_cat=5
split_feature=35 25 37 21 39 15 11 41 6 37 34 25 41 13 14 34 21 37 2 45 25 21 17 6 25 33 20 40 39 49
split_gain=2.22762e+07 1.032e+06 351143 334070 259768 251080 420409 382654 311874 279688 369890 321647 224420 195600 190706 284410 210982 185874 292126 185782 174217 173557 166261 147050 185712 146024 145365 147373 144301 143665
threshold=6272.2000000000016 0 5.5100000000000007 -24.851919468381535 139.96770000000012 702.97500000000025 6870.9750566893426 0.36136046748492257 0.95483143593037212 27.485000000000003 182.75500000000002 1 0.50040087776450315 -83.03499999999984 8.4200000000000745 187.16000000000005 -41.771602720280455 28.735000000000003 2 14.18075000000009 3 -46.046124698552411 29.99999999999989 0.79098417204184046 4 1056.6650000000002 -27.334991147815842 2157.6800000000007 130.04270000000002 165.30999999999997
decision_type=2 9 2 2 2 2 2 2 2 2 2 9 2 2 2 2 2 2 1 2 9 2 2 2 9 2 2 2 2 2
left_child=1 3 -3 26 5 6 9 -8 21 10 20 -12 -9 -13 15 -15 -16 18 -11 -6 -4 -7 -20 25 -25 -19 -1 -28 29 -26
right_child=-2 2 4 -5 19 8 7 12 -10 17 11 13 -14 14 16 -17 -18 23 22 -21 -22 -23 -24 24 28 -27 27 -29 -30 -31
leaf_value=1.5615921024968025 -36.245662344069707 4.2544032516479495 0.38519347874464188 -0.83174977174827047 1.3818285199731715 -3.6671024425609695 -2.3198152420421443 3.6535330143553271 1.6579354984551362 -4.9054534472402977 -0.79509922276738609 2.2369823469320935 0.73553283454643359 -2.7787469726450307 -0.87458021825757515 0.4138722079669564 1.4267777977638287 -0.022302069946578365 -2.2302784428452003 -2.1654306849464775 -2.1499485387385469 -1.0736468328917528 1.6609257794441061 1.0599110757596182 -0.62177873246672011 -2.7692402604020252 0.89396032436440387 3.8925397644298414 0.67917742749764809 -3.4182952080834279
leaf_weight=147 42 50 103 70 478 74 48 169 97 61 351 225 108 85 116 389 704 82 66 40 196 503 47 234 732 118 48 280 210 49
leaf_count=147 42 50 103 70 478 74 48 169 97 61 351 225 108 85 116 389 704 82 66 40 196 503 47 234 732 118 48 280 210 49
internal_value=0.0387988 0.297974 0.0838038 2.34982 0.0445054 -0.0710479 0.0762044 1.80164 -0.965267 -0.0726191 0.297248 0.558339 2.51583 0.870585 0.639724 -0.158644 1.10122 -0.574334 -2.11705 1.10791 -1.33566 -1.40626 -0.611813 -0.385959 -0.180729 -1.643 2.86816 3.45372 -0.479532 -0.797232
internal_weight=5922 5880 5335 545 5285 4767 4093 325 674 3768 2169 1870 277 1519 1294 474 820 1599 174 518 299 577 113 1425 1225 200 475 328 991 781
internal_count=5922 5880 5335 545 5285 4767 4093 325 674 3768 2169 1870 277 1519 1294 474 820 1599 174 518 299 577 113 1425 1225 200 475 328 991 781
cat_boundaries=0 1 2 3 4 5
cat_threshold=513 214016 1 90372 41000
is_linear=0
shrinkage=0.05


Tree=23
num_leaves=31
num_cat=3
split_feature=40 25 10 37 40 10 29 14 12 39 25 47 14 11 34 10 20 15 12 11 37 13 37 33 40 18 11 6 20 6
split_gain=2.95724e+07 865401 356501 317428 314529 251641 316301 273607 336076 214420 263611 217520 282607 381754 242843 217376 216069 192975 173479 233942 223680 208136 165296 159615 158724 155804 155038 131155 130367 139610
threshold=6811.8700000000017 0 -5.8154999999999974 5.5100000000000007 1108.6650000000002 105.10000000000001 1 10.494999999999893 3920.0000000000005 144.27320000000006 2 62.1556 8.2000000000001609 7800.0000000000009 191.49500000000003 41.799999999999905 -29.437850574759903 294.74000000000007 3785.0000000000005 6870.9750566893426 22.270000000000007 -75.69000000000004 28.470000000000002 1065.6500000000003 2023.6300000000003 0.94712781249523392 8000.0000000000009 0.82804194320897395 -20.496233074304033 0.93757258795984966
decision_type=2 9 2 2 2 2 1 2 2 2 9 2 2 2 2 2 2 2 2 2 2 2 2 2 2 2 2 2 2 2
left_child=1 4 -3 -4 -1 9 -7 8 -8 10 11 12 14 16 15 -5 -14 -13 19 20 21 -12 -22 -23 -9 -18 28 -20 29 -6
right_child=-2 2 3 5 26 6 7 24 -10 -11 18 17 13 -15 -16 -17 25 -19 27 -21 22 23 -24 -25 -26 -27 -28 -29 -30 -31
leaf_value=-1.5191715329070576 -41.325633026832762 -3.2013076830251386 4.0666601734161381 -0.038977140315035561 2.72959546944608 0.67348824508171745 -3.5102024831745808 -2.097709876696269 1.2594417285919191 1.6233386134283216 3.2687627086513924 2.3974144896342149 -1.7093894709705968 5.3627307467990448 0.1010267023828888 -3.2440554969690063 0.61208791260663453 -0.073266319371759897 0.3527777989705404 2.129962123375313 -1.9044309938693365 -2.5698152156437146 -0.40308600104010356 0.36849908307043583 0.460098894593376 2.5867847851963126 4.5075198430863637 -2.9670709728756375 -0.0081788223547240094 1.1076728311959159
leaf_weight=64 43 83 50 94 383 259 206 90 45 255 57 248 88 45 636 121 683 116 42 102 264 51 600 493 186 117 63 102 78 203
leaf_count=64 43 83 50 94 383 259 206 90 45 255 57 248 88 45 636 121 683 116 42 102 264 51 600 493 186 117 63 102 78 203
internal_value=-0.013085 0.291935 0.0483504 0.102937 1.81823 0.0624911 -0.757263 -1.46042 -2.65509 0.219109 0.126319 0.493848 0.26887 0.869889 -0.390061 -1.84277 0.642211 1.61005 -0.336003 -0.185345 -0.346548 0.394225 -0.86183 0.0930321 -0.373969 0.900887 2.13704 -1.99878 1.91213 2.16773
internal_weight=5867 5824 5033 4950 791 4900 786 527 251 4114 3859 2148 1784 933 851 215 888 364 1711 1567 1465 601 864 544 276 800 727 144 664 586
internal_count=5867 5824 5033 4950 791 4900 786 527 251 4114 3859 2148 1784 933 851 215 888 364 1711 1567 1465 601 864 544 276 800 727 144 664 586
cat_boundaries=0 1 2 3
cat_threshold=33281 2 10694
is_linear=0
shrinkage=0.05


Tree=24
num_leaves=31
num_cat=6
split_feature=49 25 21 10 14 10 2 39 35 47 16 18 10 25 6 13 25 33 20 39 10 6 15 21 18 2 21 6 25 10
split_gain=3.68077e+07 867980 320064 281441 343320 381481 331589 446190 312699 255966 250282 217018 242501 203636 234588 194181 173782 168073 164835 162141 144731 132180 127380 127105 156222 120665 127837 119937 126243 113104
threshold=4432.2300000000014 0 -24.851919468381535 2.6045000000000074 8.2000000000001609 142.64700000000002 1 115.67040000000001 5461.1150000000007 55.513200000000012 45.000000000000007 0.88833484331505019 41.590500000000013 2 0.9078930020985595 -50.230000000000011 3 1056.6650000000002 -28.499062177185426 114.09630000000001 22.319499999999998 0.87832977852496941 282.55500000000012 -34.866288587464318 0.94004628574106686 4 -30.184655362772052 0.92246912427753947 5 247.07950000000002
decision_type=2 9 2 2 2 2 1 2 2 2 2 2 2 9 2 2 9 2 2 2 2 2 2 2 2 1 2 2 9 2
left_child=1 2 18 10 6 8 7 9 13 -5 15 12 17 20 25 -3 -13 -8 -1 -14 -6 -19 -21 -20 -25 -15 -27 -16 -29 -9
right_child=-2 3 -4 4 5 -7 11 29 -10 -11 -12 16 19 14 27 -17 -18 21 23 22 -22 -23 -24 24 -26 26 -28 28 -30 -31
leaf_value=-0.14359742815190174 -47.249406302847518 -3.9961117134299329 -0.97476099193960009 -2.4922973665750199 -0.46111462560968591 -1.0972874094799314 -3.4854018543077552 -0.14983258000194702 5.2110838514566424 -0.094753645090876443 1.3949911295357398 1.3231546794289146 1.9362483033346107 0.30773482651420636 2.0622385275763508 -0.93521313519559368 -0.84156164843453818 -1.3827220823921142 4.0649364887584341 -0.34575209266373091 1.429257639135125 2.1894642162323001 2.0432720731943848 1.5250446722936379 4.1968554552499349 0.35829485475525757 -1.913135147279071 -0.96135458382112648 1.1220452856655434 1.9975292057230853
leaf_weight=47 41 93 69 416 113 291 46 551 40 152 59 106 373 256 179 117 472 61 165 196 974 45 78 189 77 91 194 102 204 69
leaf_count=47 41 93 69 416 113 291 46 551 40 152 59 106 373 256 179 117 472 61 165 196 974 45 78 189 77 91 194 102 204 69
internal_value=-0.0404582 0.291828 2.16894 0.093003 0.177791 0.601861 -0.226274 -0.838322 0.831518 -1.8507 -1.48236 0.301767 0.835644 0.748611 0.23342 -2.29075 -0.43624 -0.961504 2.66811 1.25785 1.22151 0.133772 0.334335 2.97472 2.29846 -0.480154 -1.18787 1.0342 0.43283 0.089148
internal_weight=5866 5825 547 5278 5009 2444 2565 1188 2153 568 269 1377 799 2113 1026 210 578 152 478 647 1087 106 274 431 266 541 285 485 306 620
internal_count=5866 5825 547 5278 5009 2444 2565 1188 2153 568 269 1377 799 2113 1026 210 578 152 478 647 1087 106 274 431 266 541 285 485 306 620
cat_boundaries=0 1 2 3 4 5 6
cat_threshold=513 1 43398 57376 1 196608
is_linear=0
shrinkage=0.05


Tree=25
num_leaves=31
num_cat=4
split_feature=40 31 15 13 37 40 47 13 33 47 39 18 45 47 29 47 27 29 44 13 18 20 37 6 15 35 14 37 35 33
split_gain=2.60575e+07 404756 290842 283395 207586 195854 189277 280919 240379 224420 283585 202678 199329 183736 176655 162214 160095 147435 133739 133405 132512 129148 127214 125958 154435 123419 137644 121590 118983 115729
threshold=6811.8700000000017 0 717.21500000000003 -74.194999999999922 5.5100000000000007 1008.985 49.424599999999892 -94.075000000000031 1947.3000000000002 62.1556 122.82020000000001 0.92842783560238951 19.452600000000583 55.10125 1 55.436500000000002 2 3 -150.56000000000014 -70.295000000000059 0.92538321957595004 -28.246582633400411 31.475000000000005 0.8957612686868911 754.22000000000014 1368.1350000000004 12.049999999999956 47.345000000000006 3868.4850000000006 3566.7800000000002
decision_type=2 1 2 2 2 2 2 2 2 2 2 2 2 2 1 2 1 1 2 2 2 2 2 2 2 2 2 2 2 2
left_child=1 -1 4 23 -3 -6 7 28 20 10 12 19 13 14 21 -12 -5 -17 -14 27 -9 -8 -21 24 -4 -11 -27 -10 -7 -15
right_child=-2 2 3 16 5 6 9 8 11 25 15 -13 18 29 -16 17 -18 -19 -20 22 -22 -23 -24 -25 -26 26 -28 -29 -30 -31
leaf_value=2.8334206826244763 -38.788372483364377 3.4918318019463466 -3.2341652463983608 0.5004275331989323 -3.0048792218620126 -0.012448824116748251 0.61514138896414572 -1.1289752557873727 2.5432679698809864 1.9004303563330602 0.91071578424838884 0.026364976402880904 2.7996632519440774 -0.042356847807750599 0.14923294240778143 0.31570817107955618 -1.6147751150477647 -1.5463629018198304 -0.31148471822661739 2.5534045638782636 1.9947348937392235 -2.1762845573827092 6.2453027057647708 -3.2969417587188738 0.095915537129859549 1.0791357136082531 -1.4171211542267548 0.40452080693509845 -2.9618236719175828 -2.2496718777550591
leaf_weight=141 43 52 54 380 44 167 47 116 254 268 1010 108 78 1034 154 432 117 141 62 56 48 350 40 112 98 202 76 90 43 63
leaf_count=141 43 52 54 380 44 167 47 116 254 268 1010 108 78 1034 154 432 117 141 62 56 48 350 40 112 98 202 76 90 43 63
internal_value=-0.00834446 0.27734 0.208726 -0.700748 0.349394 0.315929 0.346124 0.990668 1.46465 0.194409 0.0420946 1.96724 -0.389413 -0.543284 -1.28821 0.529483 0.00248244 -0.142498 1.42187 2.44364 -0.214719 -1.84581 4.0917 -2.02463 -1.08714 1.1348 0.396706 1.98371 -0.616368 -0.169122
internal_weight=5880 5837 5696 761 4935 4883 4839 922 712 3917 3371 548 1788 1648 551 1583 497 573 140 440 164 397 96 264 152 546 278 344 210 1097
internal_count=5880 5837 5696 761 4935 4883 4839 922 712 3917 3371 548 1788 1648 551 1583 497 573 140 440 164 397 96 264 152 546 278 344 210 1097
cat_boundaries=0 1 2 3 4
cat_threshold=8 4 2 2
is_linear=0
shrinkage=0.05


Tree=26
num_leaves=31
num_cat=9
split_feature=40 25 40 13 3 13 29 28 29 21 13 34 6 21 6 21 25 14 14 22 25 20 12 21 25 34 37 13 29 21
split_gain=1.91793e+07 633642 279375 268209 395341 254575 248722 220077 242091 218181 179040 226309 171515 167765 164463 184014 159044 214743 156979 150963 149646 149115 143589 134616 141203 133701 177647 127275 125234 111272
threshold=6811.8700000000017 0 1108.6650000000002 -74.194999999999922 1 -73.894999999999854 2 3 4 -24.851919468381535 -69.459999999999795 181.80000000000004 0.93757258795984966 -42.873360265175613 0.91118860445910588 -32.953292211068494 5 -5.3500000000000218 12.200000000000047 0.85457212640411429 6 -22.6209738592046 3695.0000000000005 -33.132069316671981 7 212.29000000000005 9.3200000000000021 -77.920000000000059 8 -31.155697909394586
decision_type=2 9 2 2 1 2 1 1 1 2 2 2 2 2 2 2 9 2 2 2 9 2 2 2 9 2 2 2 1 2
left_child=1 2 -1 4 7 18 -6 8 21 12 -7 -12 -4 19 15 -8 17 -10 -5 -13 25 22 23 -3 -25 26 28 -17 -15 -26
right_child=-2 3 9 5 6 10 14 -9 16 -11 11 13 -14 20 -16 27 -18 -19 -20 -21 -22 -23 -24 24 29 -27 -28 -29 -30 -31
leaf_value=-1.6670704239277079 -32.892724470658742 -1.3562935593133236 2.7621859103458899 1.8960355817776309 1.3211422466887879 -0.62472776603418501 0.12134063786102667 -2.050686133015263 -2.8743411148587867 -0.47417865702882411 -0.9346588728192089 -2.3520537000543933 1.0050522922677696 1.1012949533462526 -3.2965431214332583 -2.4912131743311421 1.5420339805407908 0.75822221370357457 -0.70680270830938685 0.92365085401882741 0.29357392800158466 1.2821885235670234 -3.3370575585321562 1.415680052235093 1.5928669165074827 2.7457482287112409 0.55175907458895923 -0.37571142960567866 4.6227451305763401 -1.1981495568001201
leaf_weight=61 44 237 422 361 78 561 162 101 54 88 273 85 207 50 125 259 414 165 69 60 764 119 46 132 45 136 435 98 51 173
leaf_count=61 44 237 422 361 78 561 162 101 54 88 273 85 207 50 125 259 414 165 69 60 764 119 46 132 45 136 435 98 51 173
internal_value=-0.00548426 0.242679 1.56126 0.0364982 -0.376928 0.357486 -1.32706 0.0930136 0.262921 1.85769 0.157908 0.394725 2.18392 0.624277 -1.66841 -1.27628 0.985331 -0.131475 1.47837 -0.99659 0.787944 -0.341676 -0.646952 -0.436143 0.186931 1.3259 0.990373 -1.91049 2.87945 -0.594741
internal_weight=5875 5831 778 5053 2208 2845 722 1486 1385 717 2415 1854 629 1581 644 519 633 219 430 145 1436 752 633 587 350 672 536 357 101 218
internal_count=5875 5831 778 5053 2208 2845 722 1486 1385 717 2415 1854 629 1581 644 519 633 219 430 145 1436 752 633 587 350 672 536 357 101 218
cat_boundaries=0 1 2 3 4 5 6 7 8 9
cat_threshold=33281 12 2 10 2 138308 11596 66788 2
is_linear=0
shrinkage=0.05


Tree=27
num_leaves=31
num_cat=5
split_feature=45 11 37 10 39 37 34 20 16 42 45 10 29 34 14 15 29 21 10 29 10 12 33 39 29 18 18 20 29 21
split_gain=1.9325e+07 641845 650017 266105 249202 310893 241638 218989 203443 203717 200675 183316 181356 160463 160189 171924 159029 167764 153924 146114 153063 145188 132334 127517 118610 118427 116950 142904 112861 111800
threshold=175.33460000000002 6870.9750566893426 26.115000000000006 3.5039999999999965 123.91474999999998 16.480000000000004 180.91500000000002 -28.466009626515774 45.000000000000007 -44.624999999999993 19.556950000000118 71.536000000000001 0 181.35000000000005 4.74000000000001 -162.13000000000008 1 -32.808973990983226 183.16100000000003 2 53.873999999999917 5495.0000000000009 1035.5000000000002 123.50125000000003 3 0.7554408414367767 0.82244193198688087 -26.0132230887363 4 -28.812376933529475
decision_type=2 2 2 2 2 2 2 2 2 2 2 2 1 2 2 2 1 2 2 1 2 2 2 2 1 2 2 2 1 2
left_child=1 3 6 8 5 13 -3 16 9 -1 14 22 -13 -5 -6 -16 17 -7 19 -17 -21 24 29 -8 -4 -18 27 -15 -28 -9
right_child=-2 2 21 4 10 7 23 11 -10 -11 -12 12 -14 26 15 18 25 -19 -20 20 -22 -23 -24 -25 -26 -27 28 -29 -30 -31
leaf_value=-3.0675098336547433 -31.951075052707751 1.7254704785346986 0.15223691338716552 -0.73383480927441269 -0.55018957779459332 -1.7626297750927156 -4.2161147890419803 -0.85052505496253328 1.0737324789166451 0.20752724764952021 -2.7392824037508534 0.43780785150695273 -1.7767549940303984 -2.1438049832168891 2.7331513909786418 -0.83404734778089518 -1.0015915545385059 1.5694943679970201 -1.1662592365157487 0.45053880373983812 1.5852342192219737 0.19140806333787408 -0.094992613482197785 -0.6691921186447144 2.8955022064775164 1.944529273445383 0.61969148937585583 1.192737356308968 2.4559523360881697 -3.639856409896975
leaf_weight=163 47 45 43 128 230 105 58 164 64 67 44 114 489 49 114 116 41 59 101 587 602 67 1133 45 471 203 137 93 215 46
leaf_count=163 47 45 43 128 230 105 58 164 64 67 44 114 489 49 114 116 41 59 101 587 602 67 1133 45 471 203 137 93 215 46
internal_value=-0.019107 0.239965 1.62709 0.0402776 0.130261 -0.150335 -1.3311 -0.413029 -1.41966 -2.11348 0.595732 -0.633849 -1.35808 0.84385 0.679584 0.865668 0.640192 -0.563878 0.71425 0.859791 1.02504 2.38064 -0.308672 -2.66649 2.66601 1.44948 1.25264 0.0413953 1.74127 -1.46152
internal_weight=5840 5793 729 5064 4770 2976 148 2354 294 230 1794 1946 603 622 1750 1520 408 164 1406 1305 1189 581 1343 103 514 244 494 142 352 210
internal_count=5840 5793 729 5064 4770 2976 148 2354 294 230 1794 1946 603 622 1750 1520 408 164 1406 1305 1189 581 1343 103 514 244 494 142 352 210
cat_boundaries=0 1 2 3 4 5
cat_threshold=2 2 1 2 2
is_linear=0
shrinkage=0.05


Tree=28
num_leaves=31
num_cat=7
split_feature=49 25 13 2 13 49 12 21 13 20 38 29 14 14 37 15 12 6 25 34 2 17 20 25 13 39 37 20 29 14
split_gain=1.84351e+07 647589 225357 366510 219309 212321 215827 210488 208000 212399 189935 167502 169572 296527 145397 143173 142678 137635 179534 178359 167635 239215 134779 144870 128447 123897 121680 121492 117087 145027
threshold=2273.1600000000012 0 -74.589999999999904 1 -73.894999999999854 165.30999999999997 1965.0000000000002 -24.851919468381535 -91.024999999999963 -27.300225197085343 1118.6501000000003 2 -5.3500000000000218 -8.9999999999999982 28.735000000000003 289.14000000000004 1235.0000000000002 0.89114960102510443 3 212.29000000000005 4 85.000000000000014 -22.6209738592046 5 -72.000000000000213 114.46345000000001 27.570000000000004 -28.499062177185426 6 14.804999999999838
decision_type=2 9 2 1 2 2 2 2 2 2 2 1 2 2 2 2 2 2 9 2 1 2 2 9 2 2 2 2 1 2
left_child=1 7 3 8 -4 11 -7 27 9 -3 -6 22 13 -13 26 -14 -17 20 19 28 25 -22 23 -5 -20 -12 -10 -1 29 -19
right_child=-2 2 4 5 10 6 -8 -9 14 -11 17 12 15 -15 -16 16 -18 18 24 -21 21 -23 -24 -25 -26 -27 -28 -29 -30 -31
leaf_value=-0.21465199252833492 -33.854787921905519 2.6532193090580405 1.2801909937878007 -2.1963547677519908 -1.4830598068516156 0.18342368199544795 -4.4165235832625749 -0.70619270392826627 -1.9245177367076218 -1.1545175730865054 -1.3092375428701688 1.1891704176209474 1.6334168024576901 -3.6308562755584717 -0.79669982607182099 -1.6300243237020471 1.4148144402503968 3.8943169287781219 -1.5437586497778844 4.4946948051452642 -0.50513830164877271 -4.0436332510363675 1.1178944711052978 -0.21848256023358084 0.33435002904228606 0.66544866560687943 -4.2861440103394646 2.4876972380287365 0.50169399777681623 0.19950695579702205
leaf_weight=46 40 60 491 108 171 51 51 70 247 94 101 76 423 55 231 79 75 67 99 42 208 62 136 466 1132 372 70 434 271 44
leaf_count=46 40 60 491 108 171 51 51 70 247 94 101 76 423 55 231 79 75 67 99 42 208 62 136 466 1132 372 70 434 271 44
internal_value=-0.0265778 0.20544 0.0335929 -0.349605 0.31196 0.0867976 -2.11655 1.82206 -1.29452 0.329016 0.126906 0.245289 0.789484 -0.834505 -1.75077 1.15819 -0.147148 0.241712 0.49552 1.36966 -0.323634 -1.31768 -0.297372 -0.632696 0.181831 0.243793 -2.44601 2.22872 1.06193 2.42971
internal_weight=5872 5832 5282 2222 3060 1520 102 550 702 154 2569 1418 708 131 548 577 154 2398 1655 424 743 270 710 574 1231 473 317 480 382 111
internal_count=5872 5832 5282 2222 3060 1520 102 550 702 154 2569 1418 708 131 548 577 154 2398 1655 424 743 270 710 574 1231 473 317 480 382 111
cat_boundaries=0 1 2 3 4 5 6 7
cat_threshold=513 1 2 2408 1 133128 4
is_linear=0
shrinkage=0.05


Tree=29
num_leaves=31
num_cat=7
split_feature=40 25 37 39 11 41 37 13 34 13 37 37 2 2 25 25 33 18 44 37 14 25 49 40 20 37 37 29 20 44
split_gain=1.59386e+07 543814 193692 150910 154126 677526 185946 242255 185686 194160 285026 167259 187142 156716 177723 153592 131817 131505 130817 119567 108863 101839 191381 132392 123310 98847.2 96136.9 115790 130643 95260.6
threshold=6811.8700000000017 0 5.5100000000000007 140.83500000000001 6870.9750566893426 0.36136046748492257 27.485000000000003 -83.03499999999984 181.35000000000005 -64.129999999999868 16.350000000000005 28.735000000000003 1 2 3 4 1042.5950000000003 0.90437792205707035 416.26000000000005 51.115000000000002 24.419999999999963 5 165.30999999999997 2947.5850000000005 -28.466009626515774 13.985000000000001 33.520000000000003 6 -26.350627013632444 115.55999999999997
decision_type=2 9 2 2 2 2 2 2 2 2 2 2 1 1 9 9 2 2 2 2 2 9 2 2 2 2 2 1 2 2
left_child=1 18 -3 4 6 -6 7 15 -9 10 -10 12 -8 14 -12 -4 -15 -11 -1 29 21 22 26 24 -23 -19 -13 -28 -29 -7
right_child=-2 2 3 -5 5 19 11 8 9 17 13 20 -14 16 -16 -17 -18 25 -20 -21 -22 23 -24 -25 -26 -27 27 28 -30 -31
leaf_value=2.0492906261397708 -31.460073852539065 3.3210569453239445 0.0051124068419054411 0.86394358006473948 -2.897844354046716 4.6772408464219835 -3.950224347909292 -1.411352639329863 1.932096603869373 0.15317753293104686 -0.11424355141720491 0.35666326969393891 -0.71035501183862371 -1.8732080805464648 -1.7679949226130789 2.5109240856547301 1.0809910255531638 0.63940228057884374 -0.26918759644031526 0.25344229289463588 -2.4075557788449622 0.93841165123360892 -4.0533555093265718 1.4131382076832273 -0.56275677806784452 2.2347477858477247 -2.1261063168994312 -0.95158455179418844 1.9693328311248703 2.105213852475087
leaf_weight=465 40 45 108 488 90 45 72 222 117 692 294 191 117 48 379 153 177 238 70 70 63 178 42 149 591 164 145 175 49 180
leaf_count=465 40 45 108 488 90 45 72 222 117 692 294 191 117 48 379 153 177 238 70 70 63 178 42 149 591 164 145 175 49 180
internal_value=-0.00603054 0.21026 0.0546117 0.0266484 -0.0593908 0.899609 -0.143995 0.125862 -0.0358852 0.108901 -0.389166 -0.538731 -1.94459 -0.691602 -1.07352 1.57044 0.450762 0.571001 1.7139 2.05815 -0.370881 -0.286466 -0.785022 0.0484974 -0.215282 1.29024 -0.553916 -1.02524 -0.312634 2.61962
internal_weight=5857 5817 5282 5237 4749 385 4364 2592 2331 2109 1015 1772 189 898 673 261 225 1094 535 295 1583 1520 602 918 769 402 560 369 224 225
internal_count=5857 5817 5282 5237 4749 385 4364 2592 2331 2109 1015 1772 189 898 673 261 225 1094 535 295 1583 1520 602 918 769 402 560 369 224 225
cat_boundaries=0 1 2 3 4 5 6 7
cat_threshold=513 1 1 170240 131146 215360 4
is_linear=0
shrinkage=0.05


Tree=30
num_leaves=31
num_cat=2
split_feature=40 25 10 21 10 21 25 21 35 17 16 13 44 13 37 10 37 35 35 11 20 45 6 6 10 39 39 20 21 34
split_gain=1.33347e+07 532708 246632 233377 186682 228215 206856 189655 253446 183672 178431 169955 168390 162743 121099 118197 107494 107133 192141 103238 109020 102944 101063 98869.8 92743.1 89449.8 82183 169687 161161 142809
threshold=6811.8700000000017 0 2.6045000000000074 -24.851919468381535 105.10000000000001 -30.91128586724928 1 -43.775707650303239 1266.6950000000004 309.99999999999994 45.000000000000007 -74.730000000000004 -164.98499999999987 -50.230000000000011 28.735000000000003 61.177 42.115000000000009 3868.4850000000006 3652.7600000000007 7800.0000000000009 -24.874676764587864 17.145699999999966 0.82435295317039303 0.84153890116096919 41.590500000000013 112.03725000000001 122.70070000000001 -27.475434113055318 -27.396642528133992 195.50000000000003
decision_type=2 9 2 2 2 2 9 2 2 2 2 2 2 2 2 2 2 2 2 2 2 2 2 2 2 2 2 2 2 2
left_child=1 3 10 15 6 -6 7 8 -4 16 13 14 -9 -3 -7 -1 -10 18 26 20 -14 25 -19 -16 -20 -13 28 -28 29 -8
right_child=-2 2 4 -5 5 11 17 12 9 -11 -12 21 19 -15 23 -17 -18 22 24 -21 -22 -23 -24 -25 -26 -27 27 -29 -30 -31
leaf_value=2.9410452386736874 -27.106609836154515 -3.5482947819695188 -2.2027210219462794 -1.0020199977080613 -2.1775623206531303 -2.7597563561939058 0.73906136944215506 -1.0880351163446904 0.40525782383734088 -2.8372653054028021 1.0119215665325043 -1.2418326643797069 1.2965881040667073 -0.83624667406089481 -1.4615069750193004 1.3516056163471286 3.1352046227455141 0.75401187851315454 0.503886694603778 3.0973101011358879 0.47582115540809433 -1.9416146127552523 -2.0988507922206607 1.4166322889328002 3.5547581806497757 0.98357416401581943 -0.78637070624804017 0.85546633080195711 -1.5789101045768141 -0.77244561732961581
leaf_weight=230 45 98 124 68 170 84 301 106 366 41 62 52 826 127 74 238 40 42 47 55 793 41 119 50 53 343 245 440 236 325
leaf_count=230 45 98 124 68 170 84 301 106 366 41 62 52 826 127 74 238 40 42 47 55 793 41 119 50 53 343 245 440 236 325
internal_value=0.00632939 0.216834 0.062008 1.70327 0.144375 -0.548084 0.279904 0.587715 -0.202684 0.352136 -1.36306 -0.117943 0.844566 -2.01749 -1.29394 2.13274 0.674218 -0.122924 -0.0032671 0.966941 0.894569 0.443084 -1.35463 -0.300967 2.12085 0.690609 -0.140573 0.26824 -0.465441 -0.0456667
internal_weight=5841 5796 5260 536 4973 814 4159 2351 571 447 287 644 1780 225 208 468 406 1808 1647 1674 1619 436 161 124 100 395 1547 685 862 626
internal_count=5841 5796 5260 536 4973 814 4159 2351 571 447 287 644 1780 225 208 468 406 1808 1647 1674 1619 436 161 124 100 395 1547 685 862 626
cat_boundaries=0 1 2
cat_threshold=513 43466
is_linear=0
shrinkage=0.05


Tree=31
num_leaves=31
num_cat=6
split_feature=40 25 21 37 47 39 21 3 29 34 21 6 40 25 25 39 40 34 15 35 13 20 34 25 20 37 12 14 38 39
split_gain=1.18746e+07 422555 196200 168773 149142 214201 197926 196529 419287 219479 208031 174588 173969 160800 149065 148352 146658 185112 131596 126882 126755 124356 121998 121604 114865 112503 108505 108425 92928.1 102645
threshold=6811.8700000000017 0 -29.71908034282102 5.5100000000000007 62.974500000000056 122.70070000000001 -43.775707650303239 1 2 198.49500000000003 -21.129784654119089 0.80146153846153767 1955.5850000000003 3 4 116.88685 2036.8650000000002 193.49000000000004 -145.19000000000014 3158.7350000000001 -94.734999999999999 -22.294939175768619 196.49000000000004 5 -26.66303111289395 20.48 2225.0000000000005 14.020000000000097 1202.5105500000002 110.0780000000001
decision_type=2 9 2 2 2 2 2 1 1 2 2 2 2 9 9 2 2 2 2 2 2 2 2 9 2 2 2 2 2 2
left_child=1 2 -1 -3 5 7 -7 9 -9 10 21 19 -12 15 18 20 17 -10 -13 -8 -11 -5 -4 28 27 -18 -15 -16 29 -6
right_child=-2 3 22 4 23 6 11 8 16 13 12 14 -14 26 24 -17 25 -19 -20 -21 -22 -23 -24 -25 -26 -27 -28 -29 -30 -31
leaf_value=2.5441966533660891 -26.506089092436294 2.9034883026983227 3.0423972085464834 0.5209179676020691 0.72455418105397762 -1.5189362516869671 -0.24368303056436644 1.120900916381621 -1.4857886262154312 -2.0677171828530052 0.56042514917751152 -1.6556926530599594 -3.1871529539115731 -0.43388311609787789 0.092382010089569408 -2.1137000928856127 -0.47371242297665472 1.0246132958710195 1.2917532394329707 -3.248654192686081 0.91541381646500963 2.1355228150615821 0.13474231721567256 -0.0036297781837426805 0.63835986325944793 -2.1557819218487495 1.4934409247937603 -1.6274763748845982 0.15704856762519251 3.3637014617424201
leaf_weight=254 42 51 43 614 58 138 131 213 178 55 60 40 64 230 305 242 126 125 711 48 101 148 224 210 610 471 107 131 65 101
leaf_count=254 42 51 43 614 58 138 131 213 178 55 60 40 64 230 305 242 126 125 711 48 101 148 224 210 610 471 107 131 65 101
internal_value=-0.014857 0.175207 1.52021 0.0408811 0.0133188 -0.0661753 0.311785 -0.358424 -0.866165 -0.00443242 0.52545 0.439639 -1.37381 -0.643235 0.587972 -1.30584 -1.34606 -0.450144 1.11985 -1.04949 -0.136331 0.834516 0.603016 0.901308 0.193538 -1.80077 0.172925 -0.424364 1.67507 2.40099
internal_weight=5896 5854 521 5333 5282 4848 2114 2734 1113 1621 886 1976 124 735 1797 398 900 303 751 179 156 762 267 434 1046 597 337 436 224 159
internal_count=5896 5854 521 5333 5282 4848 2114 2734 1113 1621 886 1976 124 735 1797 398 900 303 751 179 156 762 267 434 1046 597 337 436 224 159
cat_boundaries=0 1 2 3 4 5 6
cat_threshold=513 12 2 202830 47300 422
is_linear=0
shrinkage=0.05


end of trees

feature_importances:
vowel_class=84
words_vs_alias_score_margin=82
base_offset_to_expected_ms=77
local_valley_db=68
voicing_class=55
cand_cons=47
cand_ovl=46
base_pre_to_expected_ms=41
local_peak_db=38
mapping_confidence=36
wav_duration_ms=36
cand_cons_gap=31
base_cutoff_to_next_anchor_ms=29
alias_type=25
energy_mean=25
cand_cut_gap=25
cand_ovl_ratio=23
cand_overlap_margin=23
cand_cutoff_to_next_anchor_ms=21
expected_anchor_ms=20
cand_cutoff_abs=18
mora_position=16
cand_offset_to_expected_ms=15
cand_offset=14
cand_leak_risk=14
cand_delta_from_base_total=12
prev_alias_type=10
next_phone_gap_ms=7
cand_pre_abs=7
alias_group=4
cand_pre_cons_margin=4
prev_phone_gap_ms=3
mel_window_energy_mean=2
onset_class=2

parameters:
[boosting: gbdt]
[objective: regression]
[metric: l2]
[tree_learner: serial]
[device_type: cpu]
[data_sample_strategy: bagging]
[data: ]
[valid: ]
[num_iterations: 400]
[learning_rate: 0.05]
[num_leaves: 31]
[num_threads: 0]
[seed: 0]
[deterministic: 0]
[force_col_wise: 0]
[force_row_wise: 0]
[histogram_pool_size: -1]
[max_depth: -1]
[min_data_in_leaf: 40]
[min_sum_hessian_in_leaf: 0.001]
[bagging_fraction: 0.85]
[pos_bagging_fraction: 1]
[neg_bagging_fraction: 1]
[bagging_freq: 1]
[bagging_seed: 3]
[bagging_by_query: 0]
[feature_fraction: 0.85]
[feature_fraction_bynode: 1]
[feature_fraction_seed: 2]
[extra_trees: 0]
[extra_seed: 6]
[early_stopping_round: 0]
[early_stopping_min_delta: 0]
[first_metric_only: 0]
[max_delta_step: 0]
[lambda_l1: 0]
[lambda_l2: 0]
[linear_lambda: 0]
[min_gain_to_split: 0]
[drop_rate: 0.1]
[max_drop: 50]
[skip_drop: 0.5]
[xgboost_dart_mode: 0]
[uniform_drop: 0]
[drop_seed: 4]
[top_rate: 0.2]
[other_rate: 0.1]
[min_data_per_group: 100]
[max_cat_threshold: 32]
[cat_l2: 10]
[cat_smooth: 10]
[max_cat_to_onehot: 4]
[top_k: 20]
[monotone_constraints: ]
[monotone_constraints_method: basic]
[monotone_penalty: 0]
[feature_contri: ]
[forcedsplits_filename: ]
[refit_decay_rate: 0.9]
[cegb_tradeoff: 1]
[cegb_penalty_split: 0]
[cegb_penalty_feature_lazy: ]
[cegb_penalty_feature_coupled: ]
[path_smooth: 0]
[interaction_constraints: ]
[verbosity: -1]
[saved_feature_importance_type: 0]
[use_quantized_grad: 0]
[num_grad_quant_bins: 4]
[quant_train_renew_leaf: 0]
[stochastic_rounding: 1]
[linear_tree: 0]
[max_bin: 255]
[max_bin_by_feature: ]
[min_data_in_bin: 3]
[bin_construct_sample_cnt: 200000]
[data_random_seed: 1]
[is_enable_sparse: 1]
[enable_bundle: 1]
[use_missing: 1]
[zero_as_missing: 0]
[feature_pre_filter: 1]
[pre_partition: 0]
[two_round: 0]
[header: 0]
[label_column: ]
[weight_column: ]
[group_column: ]
[ignore_column: ]
[categorical_feature: 0,1,2,3,4,24,25,26,27,28,29,30,31,32]
[forcedbins_filename: ]
[precise_float_parser: 0]
[parser_config_file: ]
[objective_seed: 5]
[num_class: 1]
[is_unbalance: 0]
[scale_pos_weight: 1]
[sigmoid: 1]
[boost_from_average: 1]
[reg_sqrt: 0]
[alpha: 0.9]
[fair_c: 1]
[poisson_max_delta_step: 0.7]
[tweedie_variance_power: 1.5]
[lambdarank_truncation_level: 30]
[lambdarank_norm: 1]
[label_gain: ]
[lambdarank_position_bias_regularization: 0]
[eval_at: ]
[multi_error_top_k: 1]
[auc_mu_weights: ]
[num_machines: 1]
[local_listen_port: 12400]
[time_out: 120]
[machine_list_filename: ]
[machines: ]
[gpu_platform_id: -1]
[gpu_device_id: -1]
[gpu_use_dp: 0]
[num_gpu: 1]

end of parameters

pandas_categorical:[["korean"], ["cvvc"], ["cv", "cv_head"], ["cv", "cv_glide", "cv_head", "cv_head_glide"], ["anchor_soft", "anchor_tight", "base", "cv_guard", "kr_cvvc_cv_hold", "next_safe"], ["none"], ["", "a", "e", "eo", "eu", "eui", "i", "o", "u", "wa", "we", "weo", "wi", "ya", "ye", "yeo", "yo", "yu"], [""], ["head", "mid", "tail"], ["other", "plosive", "sibilant", "sonorant"], ["unknown", "voiced", "voiceless"], ["unknown"], ["", "cv", "cv_head", "vc"], [""]]
