tree
version=v4
num_class=1
num_tree_per_iteration=1
label_index=0
max_feature_idx=74
objective=regression_l1
feature_names=language format_type alias_type alias_group row_index_in_wav row_ratio_in_wav is_head_row is_tail_row wav_duration_ms base_offset base_cons base_cutoff_abs base_pre base_ovl base_cons_gap base_cut_gap base_ovl_ratio curr_phone_start_ms curr_phone_end_ms curr_phone_len_ms curr_vowel_start_ms curr_vowel_end_ms curr_vowel_len_ms syllable_start_ms syllable_end_ms syllable_len_ms prev_phone_gap_ms next_phone_gap_ms expected_anchor_ms base_offset_to_expected_ms base_pre_to_expected_ms base_cutoff_to_next_anchor_ms energy_mean energy_min energy_max energy_slope_pre energy_slope_post valley_energy valley_dist_from_cutoff_ms db_mean db_min db_silence_ratio f0_voicing_mean f0_voicing_near_pre zcr_mean spectral_flux_mean onset_class voicing_class is_tense is_diphthong coda_type vowel_class mora_position bridge_type is_nasal_or_sonorant prev_alias_type next_alias_type prev_base_pre next_base_pre prev_base_offset next_base_offset prev_base_cutoff_abs next_base_cutoff_abs mapping_confidence used_alias_occurrence_mapping used_exact_vowel_fix used_nuclei_fallback used_alias_based_syllables words_vs_alias_score_margin jump_blocked_flag mapping_reason_code local_peak_db local_valley_db mel_window_energy_mean mel_window_silence_ratio
feature_infos=none none -1:0:1 -1:1:2:0:3 [0:23] [0:1] [0:1] none [0:8160] [944:6231.6400000000003] [141.46000000000001:298.31] [1186.5799999999999:6483.9500000000007] [37.149999999999999:173.78] [5.0800000000000001:88.269999999999996] [33.540000000000006:149.99000000000001] [26.449999999999989:220.00000000000003] [0.079933008526187496:0.66649048625792806] [980:6300] [1050:6880] [9.9999999999997726:3010] [1010:6300] [1040:6880] [29.999999999999091:3010] [520:6290] [1060:6880] [30:3010] none [0:1740] [1010:6300] [-142:28.840000000000146] [-22.489999999999782:202.62000000000037] [-4401.3299999999999:2756.0300000000002] [0:1] [0:1] [0:1] [-0.32412148433181709:1] [-0.31941502079215611:0.7589590709170877] [0:1] [0:402.81641723356097] [-37.588423285502643:0] [-93.956797914033842:0] [0:0.1666666666666666] [0:1] [0:1] [0:0.49390416784802949] [0:0.0850263663864914] -1:1:3:0:2 -1:1:2:0 [0:1] [0:1] none -1:8:1:13:7:2:14:3:17:9:0:6:10:11:16:15:12:5 -1:1:0:2 none [0:1] -1:1:2:0:3 none [0:194.41] [0:360] [0:6232.6700000000001] [0:6198] [0:6484.3199999999997] [0:6400.3699999999999] [0.78000520133827089:1] none [0:1] none none [-8.9279999999999973:873.322] none none [-37.588423285502643:0] [-93.956797914033842:0] [0:1] [0:0.1666666666666666]
tree_sizes=1650 1640 1643 1733 1714 1714 1656 1567 1581 1642 1731 1736 1656 1645 1719 1628 1817

Tree=0
num_leaves=19
num_cat=2
split_feature=39 51 47 58 8 25 15 62 15 15 33 15 14 62 57 31 31 10
split_gain=70.5611 69.7146 23.946 27.1425 22.3788 36.2148 24.6706 19.4898 13.0779 23.45 17.5681 12.5405 24.0127 7.88179 2.99221 2.90513 1.19617 0.880899
threshold=-20.310142594314957 0 1 94.370000000000019 5530.7482993197291 475.00000000000006 36.664999999999999 3429.1950000000002 39.979999999999983 36.664999999999999 0.7083201164021008 36.664999999999999 121.49500000000002 2280.6900000000005 81.310000000000016 586.6450000000001 224.51500000000013 205.84500000000006
decision_type=2 9 1 2 2 2 2 2 2 2 2 2 2 2 2 2 2 2
left_child=1 7 17 -4 8 6 -6 11 9 -3 -11 13 -13 -1 -9 -14 -7 -2
right_child=2 4 3 -5 5 16 -8 14 -10 10 -12 12 15 -15 -16 -17 -18 -19
leaf_value=103.94949855804444 108.18819847106934 103.9608736038208 105.30182361602783 108.14669837951661 104.84697360992432 107.86589889526367 107.94499855041504 102.83299865722657 103.71067361831665 107.72624855041504 105.27404861450195 106.51399879455566 103.19784870147706 104.77219848632812 101.11759865283966 105.0095235824585 107.6288990020752 106.87227363586426
leaf_weight=58 49 68 68 41 46 40 43 40 60 65 40 69 43 47 70 40 55 40
leaf_count=58 49 68 68 41 46 40 43 40 60 65 40 69 43 47 70 40 55 40
internal_value=105.697 105.69 105.723 105.708 105.704 105.717 105.694 105.674 105.694 105.701 105.716 105.681 105.69 105.668 105.656 105.672 105.739 105.743
internal_weight=982 784 198 109 417 184 89 367 233 173 105 257 152 105 110 83 95 89
internal_count=982 784 198 109 417 184 89 367 233 173 105 257 152 105 110 83 95 89
cat_boundaries=0 1 2
cat_threshold=41643 2
is_linear=0
shrinkage=1


Tree=1
num_leaves=18
num_cat=2
split_feature=32 15 8 25 15 47 10 8 47 33 57 62 72 63 31 19 12
split_gain=58.2077 44.3954 49.733 58.0757 25.075 24.2897 34.6666 19.7056 16.2453 14.9149 13.6554 8.5769 6.89796 5.16678 4.90391 9.15733 3.68059
threshold=0.5760205373039643 41.190000000000019 5530.7482993197291 454.99999999999994 36.664999999999999 0 215.06000000000003 6870.9750566893426 1 0.50320980088378919 83.280000000000015 2702.8600000000001 -29.160689091459695 0.85652349222497459 306.98500000000018 225.00000000000003 86.350000000000009
decision_type=2 2 2 2 2 1 2 2 1 2 2 2 2 2 2 2 2
left_child=8 2 5 4 11 14 9 16 -1 -7 -10 -4 -11 -8 15 -2 -5
right_child=1 -3 3 7 -6 6 13 -9 10 12 -12 -13 -14 -15 -16 -17 -18
leaf_value=1.828340320587158 -0.90590995788574213 -6.2982799112796783 -0.4290987110137941 1.4643047142028807 1.3159287881851196 1.8507877922058107 -1.4838999938964847 0.12816503524780246 1.6968587398529054 -0.68496240615844717 -0.26534104347229004 -3.4040499877929693 0.5806000328063966 -2.2453837060928343 -0.94714998245239246 -2.63896179497242 2.433585147857666
leaf_weight=77 53 53 47 73 52 77 57 46 47 49 43 41 49 52 43 60 66
leaf_count=77 53 53 47 73 52 77 57 46 47 49 43 41 49 52 43 60 66
internal_value=-0.000253807 -0.00574572 -0.00267974 0.0121538 -0.0121429 -0.0136364 -0.00492958 0.0305405 0.0266467 0.00885714 0.0122222 -0.0284091 -0.00408163 -0.0270642 -0.0294872 -0.0349558 0.0399281
internal_weight=985 818 765 325 140 440 284 185 167 175 90 88 98 109 156 113 139
internal_count=985 818 765 325 140 440 284 185 167 175 90 88 98 109 156 113 139
cat_boundaries=0 1 2
cat_threshold=4 2
is_linear=0
shrinkage=0.05


Tree=2
num_leaves=18
num_cat=1
split_feature=39 15 8 14 22 47 62 45 15 22 45 30 9 13 14 9 14
split_gain=60.2697 42.2542 41.9375 38.435 26.561 24.1683 18.9634 18.1827 32.1015 16.8779 12.5006 10.062 8.75152 6.83623 3.13601 2.06809 1.23931
threshold=-20.310142594314957 41.190000000000019 5530.7482993197291 109.89000000000001 384.99999999999994 0 3385.0850000000005 0.016836232222822704 36.664999999999999 525.00000000000011 0.023765080193854451 4.74000000000001 1490.7700000000002 23.010000000000002 123.72500000000002 2431.7850000000003 114.72000000000001
decision_type=2 2 2 2 2 1 2 2 2 2 2 2 2 2 2 2 2
left_child=1 2 7 6 -5 15 -4 11 12 -7 -10 -1 -9 -13 16 -2 -6
right_child=5 -3 3 4 14 9 -8 8 10 -11 -12 13 -14 -15 -16 -17 -18
leaf_value=-0.52520435619354233 2.3241240177154538 -5.9388409122824672 0.22878004121780365 -0.24319639897346479 2.4861465845108031 -0.24849904775619508 -2.889597381591797 -2.1696768473088746 -0.22742310190200785 1.8432238459587098 1.5680979509353641 -1.6356661968231201 -0.48559806632995617 -2.7495618352890019 0.98020390772819543 1.2089234266281126 2.246307693481445
leaf_weight=55 54 50 62 60 51 70 43 48 70 40 76 58 40 74 45 40 44
leaf_count=55 54 50 62 60 51 70 43 48 70 40 76 58 40 74 45 40 44
internal_value=0.000816327 -0.00554124 -0.00247934 0.0116393 0.0245 0.025 -0.0128571 -0.0127078 -0.0034188 0.00909091 0.0109589 -0.0243316 -0.0272727 -0.0318182 0.0364286 0.043617 0.0415789
internal_weight=980 776 726 305 200 204 105 421 234 110 146 187 88 132 140 94 95
internal_count=980 776 726 305 200 204 105 421 234 110 146 187 88 132 140 94 95
cat_boundaries=0 1
cat_threshold=2
is_linear=0
shrinkage=0.05


Tree=3
num_leaves=19
num_cat=3
split_feature=39 51 47 49 57 31 48 33 48 8 47 58 62 62 10 39 10 32
split_gain=60.4899 50.9239 29.222 23.4113 19.6689 18.6311 13.7759 21.2175 13.0706 12.5628 10.7887 9.60317 7.6441 7.20031 7.77067 5.37085 1.98028 1.58202
threshold=-20.310142594314957 0 1 1.0000000180025095e-35 74.535000000000011 743.90999999999997 1.0000000180025095e-35 0.52751715234968366 1.0000000180025095e-35 5530.7482993197291 2 73.315000000000012 3429.1950000000002 3184.4500000000003 209.66500000000002 -24.971342632751355 205.84500000000006 0.90742815130598031
decision_type=2 9 1 2 2 2 2 2 2 2 1 2 2 2 2 2 2 2
left_child=1 4 16 -4 8 6 7 10 9 11 -3 -1 15 14 -9 -6 -2 -14
right_child=2 5 3 -5 12 -7 -8 13 -10 -11 -12 -13 17 -15 -16 -17 -18 -19
leaf_value=0.18899338068962096 2.1521166398048401 0.062810529899596901 -0.38984931051731098 2.1991109066009522 -1.8327400024890901 1.8202654994606968 -0.83693289043903363 0.51058903591036831 -1.8115728819608692 1.3922460658073428 2.2719443361282354 -1.4758071820974352 -5.2244488916546103 -0.90895547739863403 -0.52765539516210536 -0.57228684124946627 1.0597631623268129 -2.555068496650458
leaf_weight=45 53 55 55 50 43 43 77 40 40 41 74 60 44 76 41 53 41 45
leaf_count=45 53 55 55 50 43 43 77 40 40 41 74 60 44 76 41 53 41 45
internal_value=-0.00122951 -0.00752896 0.0233668 0.0052381 -0.0206037 0.00480769 0.00123967 0.00629371 -0.00967742 -0.00273973 0.0213178 -0.0119048 -0.0327027 -0.00605096 0.00432099 -0.0229167 0.043617 -0.0432584
internal_weight=976 777 199 105 371 406 363 286 186 146 129 105 185 157 81 96 94 89
internal_count=976 777 199 105 371 406 363 286 186 146 129 105 185 157 81 96 94 89
cat_boundaries=0 1 2 3
cat_threshold=41643 2 4
is_linear=0
shrinkage=0.05


Tree=4
num_leaves=19
num_cat=0
split_feature=15 15 33 25 8 71 14 10 33 44 60 25 68 31 32 27 15 14
split_gain=54.0525 49.1318 58.53 44.3353 37.9232 19.9835 11.2974 10.7975 10.4379 6.28654 5.74157 6.07749 5.66605 5.0271 4.29605 3.13436 1.66652 1.25
threshold=41.190000000000019 36.664999999999999 0.50320980088378919 504.99999999999994 5530.7482993197291 -26.61761290792904 121.49500000000002 215.06000000000003 0.0027817023493893005 0.045222568755316113 3129.2250000000004 415.00000000000006 72.924500000000009 620.60000000000002 0.93778137960436558 120.00000000000013 37.589999999999996 115.99500000000002
decision_type=2 2 2 2 2 2 2 2 2 2 2 2 2 2 2 2 2 2
left_child=1 3 6 8 7 -5 9 14 -1 16 11 -10 -9 -8 -4 -7 -3 -18
right_child=-2 2 4 5 -6 15 13 12 10 -11 -12 -13 -14 -15 -16 -17 17 -19
leaf_value=-0.22015657338500036 -5.4252014255188401 2.6278662423157702 0.065835263642817665 -1.2387406299459933 1.1556434394551816 1.0249422628784182 0.44047987097740138 -1.5794697797217965 -1.5195744179224968 1.9275563116002083 -3.0899844550234081 -0.33709529940158167 -2.6373278639489417 0.51283486896991659 -0.84239849786371013 2.2772708679947256 2.7323422417306902 1.6867178598129748
leaf_weight=41 51 49 56 51 78 47 68 45 69 63 50 51 47 41 43 40 40 40
leaf_count=41 51 49 56 51 78 47 68 45 69 63 50 51 47 41 43 40 40 40
internal_value=0.000103093 0.00288357 0.0119298 -0.0118911 -0.00501859 0.0101449 0.0270764 -0.0170157 -0.0263033 0.034375 -0.0317647 -0.0258333 -0.0293478 0.0142202 -0.00555556 0.0247126 0.0406977 0.03625
internal_weight=970 919 570 349 269 138 301 191 211 192 170 120 92 109 99 87 129 80
internal_count=970 919 570 349 269 138 301 191 211 192 170 120 92 109 99 87 129 80
is_linear=0
shrinkage=0.05


Tree=5
num_leaves=19
num_cat=3
split_feature=39 51 47 58 49 27 15 33 31 10 38 15 47 13 68 39 13 10
split_gain=61.4366 45.8691 29.3942 20.066 18.2162 16.5729 15.6429 22.0305 13.582 12.6083 10.3107 9.3134 8.48926 7.09836 5.31269 5.31156 4.05 1.90254
threshold=-20.647915705328035 0 1 73.200000000000017 1.0000000180025095e-35 365.00000000000006 33.160000000000018 0.52751715234968366 652.95500000000004 215.06000000000003 186.73938775510217 39.990000000000002 2 18.315000000000001 41.336500000000008 -27.226489570036232 25.245000000000005 200.41000000000003
decision_type=2 9 1 2 2 2 2 2 2 2 2 2 1 2 2 2 2 2
left_child=1 3 17 10 -4 6 -3 12 11 13 -1 14 -8 -9 -5 -16 -14 -2
right_child=2 5 4 8 -6 -7 7 9 -10 -11 -12 -13 16 -15 15 -17 -18 -19
leaf_value=-0.82854400965484987 1.9779498782028555 -0.77888840575379137 -0.52374873556047707 -0.92023054914808999 1.8017737079061644 1.7036104810391657 0.16652232826936242 -0.58613505870293847 -0.036707812175393428 -1.8242651119990201 1.5904732829252481 -4.7583749236879802 1.7932366052199606 0.46798194293979201 -2.1208172283597295 -0.998829466446161 2.3662334882770182 1.0056006200366021
leaf_weight=46 50 55 65 43 60 41 65 40 45 57 42 51 40 62 71 68 40 51
leaf_count=46 50 55 65 43 60 41 65 40 45 57 42 51 40 62 71 68 40 51
internal_value=0.000100806 -0.00665796 0.0230088 -0.0191489 0.0068 0.00512195 0.00181058 0.00625 -0.026259 -0.00660377 0.00113636 -0.0311159 0.0203448 0.00392157 -0.0258242 -0.0305755 0.03125 0.0430693
internal_weight=992 766 226 366 125 400 359 304 278 159 88 233 145 102 182 139 80 101
internal_count=992 766 226 366 125 400 359 304 278 159 88 233 145 102 182 139 80 101
cat_boundaries=0 1 2 3
cat_threshold=41771 2 4
is_linear=0
shrinkage=0.05


Tree=6
num_leaves=18
num_cat=1
split_feature=31 47 33 22 10 62 22 14 39 35 39 68 39 61 33 17 22
split_gain=49.0533 42.9371 54.4374 26.0928 18.0668 16.7898 19.1542 10.0373 9.16255 8.68107 8.45 6.50511 5.14429 5.54077 4.27333 3.57294 1.9011
threshold=696.26500000000021 0 0.34781069087492161 165.00000000000003 215.53500000000003 3429.1950000000002 375.00000000000006 108.53500000000001 -27.669071665926069 0.16524013376690747 -26.881879294658045 82.600000000000122 -25.198918604400919 2169.6300000000006 0.71430445354494532 1645.0000000000002 405.00000000000006
decision_type=2 1 2 2 2 2 2 2 2 2 2 2 2 2 2 2 2
left_child=1 2 8 -3 14 6 7 -5 -1 -7 -6 15 -2 -14 -4 -8 -10
right_child=12 3 4 5 10 9 11 -9 16 -11 -12 -13 13 -15 -16 -17 -18
leaf_value=1.1928496125017958 0.76537968366782183 1.7430045482371488 1.1174281437215503 -0.49947566797482817 -2.1127872862800263 -1.4537305428735028 -0.047410071515733426 -1.5964551987000561 1.5545547647352636 -3.4361456857258172 -0.43350340133812182 -0.50882982575659452 1.58490171294287 0.91826798810682964 -0.26118348587091411 0.92071962048977918 2.113371126144147
leaf_weight=40 49 66 68 58 72 58 43 77 47 70 48 40 52 48 48 45 55
leaf_count=40 49 66 68 58 72 58 43 77 47 70 48 40 52 48 48 45 55
internal_value=-0.00193089 -0.00664671 0.00582011 -0.0169584 -0.00889831 -0.021867 -0.0146388 -0.0277778 0.0302817 -0.0367188 -0.0225 -0.00078125 0.0244966 0.031 0.00517241 0.00681818 0.0382353
internal_weight=984 835 378 457 236 391 263 135 142 128 120 128 149 100 116 88 102
internal_count=984 835 378 457 236 391 263 135 142 128 120 128 149 100 116 88 102
cat_boundaries=0 1
cat_threshold=2
is_linear=0
shrinkage=0.05


Tree=7
num_leaves=17
num_cat=1
split_feature=15 15 33 27 8 47 14 14 25 10 16 39 29 14 38 60
split_gain=50.5596 44.4374 43.706 26.031 24.3996 19.157 15.5003 11.0873 10.5878 8.92769 6.61668 7.90724 5.34729 7.19186 3.54722 3.44348
threshold=41.190000000000019 35.250000000000021 0.47977934037570175 275.00000000000006 5671.3605442176877 0 121.49500000000002 125.35000000000001 475.00000000000006 195.61500000000004 0.33945765215184637 -24.892304758904224 -66.560000000000159 115.45500000000003 210.68897959183667 2904.5000000000005
decision_type=2 2 2 2 2 1 2 2 2 2 2 2 2 2 2 2
left_child=1 3 5 10 7 8 12 9 -3 -4 11 -1 13 -7 -9 -8
right_child=-2 2 4 -5 -6 6 15 14 -10 -11 -12 -13 -14 -15 -16 -17
leaf_value=-1.1827115985707672 -4.9568403027913739 -0.31984965159822176 -0.77285222461131298 1.284093281307904 0.83390735021410056 2.6667834160649431 -0.0030163062499344306 -2.3221636103712728 1.1177193707701072 0.32773690494919738 -2.3068317300298324 -0.14941050584117549 1.9167640392439205 1.3692021600442985 -1.2032454866875906 0.37830139454483569
leaf_weight=68 50 70 79 40 79 43 44 61 63 66 57 43 73 52 46 46
leaf_count=68 50 70 79 40 79 43 44 61 63 66 57 43 73 52 46 46
internal_value=-0.00102041 0.0016129 0.00747922 -0.01875 -0.00589124 0.018798 0.0267442 -0.0134921 0.00338346 -0.00448276 -0.027381 -0.0202703 0.0357143 0.0278947 -0.0257009 0.01
internal_weight=980 930 722 208 331 391 258 252 133 145 168 111 168 95 107 90
internal_count=980 930 722 208 331 391 258 252 133 145 168 111 168 95 107 90
cat_boundaries=0 1
cat_threshold=4
is_linear=0
shrinkage=0.05


Tree=8
num_leaves=17
num_cat=2
split_feature=38 39 51 48 8 22 54 9 38 62 38 62 19 39 47 59
split_gain=47.8162 38.6366 32.3539 28.4009 26.9492 17.4648 17.4418 19.5803 11.9272 9.60665 9.29145 9.93437 9.15102 6.65839 5.44226 3.65815
threshold=220.38143990929692 -21.178420685331165 0 1.0000000180025095e-35 5671.3605442176877 405.00000000000006 1.0000000180025095e-35 1066.4050000000002 182.0296485260773 4157.2300000000005 181.67484126984098 3140.1950000000002 399.99999999999972 -27.915584187100901 1 1075.9250000000002
decision_type=2 2 9 2 2 2 2 2 2 2 2 2 2 2 1 2
left_child=1 2 10 4 6 -3 7 -4 -6 14 11 -1 -12 -9 -7 -5
right_child=-2 5 3 15 8 9 -8 13 -10 -11 12 -13 -14 -15 -16 -17
leaf_value=1.3819301356315401 -4.0085784583446857 0.065670619328115271 0.79414063903091625 -1.8868326002183378 -0.49600437758931443 1.6789732783229938 -2.2462949550595295 -1.0921105166751084 1.7639643909476335 0.58393634736285094 0.57351494825346028 -0.44821760548482353 1.3022425131166244 -0.086167862197021355 1.6323852362080729 -1.0087169155931421
leaf_weight=41 61 79 56 74 46 64 70 68 60 45 59 66 61 53 47 45
leaf_count=41 61 79 56 74 46 64 70 68 60 45 59 66 61 53 47 45
internal_value=-0.000552764 0.00224839 -0.00364807 -0.0109959 -0.00410765 0.0197872 -0.0131579 -0.00480226 0.0169811 0.0294872 0.0116034 0.00140187 0.0216667 -0.0161157 0.0373874 -0.0323529
internal_weight=995 934 699 472 353 235 247 177 106 156 227 107 120 121 111 119
internal_count=995 934 699 472 353 235 247 177 106 156 227 107 120 121 111 119
cat_boundaries=0 1 2
cat_threshold=219200 2
is_linear=0
shrinkage=0.05


Tree=9
num_leaves=18
num_cat=2
split_feature=15 39 51 15 8 22 31 40 15 33 14 36 8 35 47 29 21
split_gain=48.4694 40.628 34.1009 21.501 25.8731 20.1785 18.05 16.5243 11.1677 10.2483 8.88681 8.76996 8.72633 8.14593 6.20606 3.91075 3.57908
threshold=41.190000000000019 -21.335733921096374 0 36.664999999999999 5530.7482993197291 405.00000000000006 234.4200000000001 -32.826631753239873 35.250000000000021 0.66468517217203604 126.58500000000002 0.066751108554348168 5671.3605442176877 0.24759031373790971 1 -70.024999999999963 1750.0000000000002
decision_type=2 2 9 2 2 2 2 2 2 2 2 2 2 2 1 2 2
left_child=1 2 8 12 7 6 -3 -5 -1 13 14 15 16 -10 -7 -9 -4
right_child=-2 5 3 4 -6 10 -8 11 9 -11 -12 -13 -14 -15 -16 -17 -18
leaf_value=-0.23382322895357605 -4.4820943643531006 1.2526573838677448 -1.9899251169188412 0.81738054291378437 1.6621945011373631 1.7957612266639273 -0.82059875818707551 -1.1220726947461874 1.3864132296627127 -0.12013567084707333 0.20248608964468531 -0.16323525505624981 -0.75002691596314686 0.71386630747635282 1.676013017304252 -1.7853172862201179 -1.4345057041630362
leaf_weight=55 49 40 45 51 72 44 40 64 61 65 43 48 70 71 66 45 51
leaf_count=55 49 40 45 51 72 44 40 64 61 65 43 48 70 71 66 45 51
internal_value=-0.00153061 0.00102041 -0.00501433 -0.0131579 -0.005 0.0190987 -0.00125 -0.0139423 0.00954198 0.0154822 0.0297386 -0.0219745 -0.0277108 0.0234848 0.0372727 -0.0298165 -0.0375
internal_weight=980 931 698 446 280 233 80 208 252 197 153 157 166 132 110 109 96
internal_count=980 931 698 446 280 233 80 208 252 197 153 157 166 132 110 109 96
cat_boundaries=0 1 2
cat_threshold=217156 4
is_linear=0
shrinkage=0.05


Tree=10
num_leaves=19
num_cat=0
split_feature=15 15 33 25 8 22 25 63 25 22 63 38 15 38 15 19 71 13
split_gain=49.3999 42.2361 39.6024 26.0744 25.4062 13.6886 21.1369 11.9626 10.736 9.17455 7.95531 7.17448 7.43771 4.9461 4.46354 3.94949 3.88889 2.79462
threshold=41.190000000000019 35.745000000000012 0.50003452081604716 504.99999999999994 5530.7482993197291 405.00000000000006 185.00000000000003 0.86150223633303269 630.00000000000023 375.00000000000006 0.90657507803998072 192.5446031746034 39.165000000000013 210.68897959183667 39.159999999999989 324.99999999999994 -22.743084911034899 32.430000000000007
decision_type=2 2 2 2 2 2 2 2 2 2 2 2 2 2 2 2 2 2
left_child=1 3 5 7 11 6 -3 17 -5 -8 -6 12 -4 -13 16 -9 -7 -1
right_child=-2 2 4 8 10 14 9 15 -10 -11 -12 13 -14 -15 -16 -17 -18 -19
leaf_value=-0.037692494600786476 -4.2044907183198532 2.7979104096019061 0.19016578614653348 1.1106967454810566 1.9829852787892752 1.2603058478300753 -0.37606329286993978 -0.98701122079995907 -0.32005057125937669 0.57000539415042339 0.28867117767580414 -1.3543183930560128 -1.9084601893832602 -0.72796398491610548 0.71581438522693908 -2.0172091824934073 1.9221655905649162 -0.64694168653461837
leaf_weight=42 50 41 64 59 40 45 60 45 50 50 41 65 44 42 67 61 60 41
leaf_count=42 50 41 64 59 40 45 60 45 50 50 41 65 44 42 67 61 60 41
internal_value=-0.0016029 0.00103599 0.00848142 -0.0144295 -0.00472973 0.0205882 0.00960265 -0.0256614 0.00504587 -0.00181818 0.0191358 -0.0137209 -0.00462963 -0.0228972 0.0302326 -0.0367925 0.0366667 -0.0114458
internal_weight=967 917 619 298 296 323 151 189 109 110 81 215 108 107 172 106 105 83
internal_count=967 917 619 298 296 323 151 189 109 110 81 215 108 107 172 106 105 83
is_linear=0
shrinkage=0.05


Tree=11
num_leaves=19
num_cat=2
split_feature=15 15 33 5 47 23 51 14 25 15 35 39 16 29 63 12 14 13
split_gain=45.5875 40.5888 40.7648 18.0353 17.9419 17.5492 18.4706 14.4638 12.2769 10.1735 8.63596 7.89934 7.72497 5.57196 5.33698 2.47384 1.81111 1.29518
threshold=41.190000000000019 35.250000000000021 0.50003452081604716 0.21980676328502413 0 3395.0000000000005 1 121.49500000000002 504.99999999999994 39.160000000000018 0.095874097358386867 -23.120169920564511 0.33945765215184637 -66.250000000000099 0.86150223633303269 85.480000000000004 117.03500000000001 26.115000000000006
decision_type=2 2 2 2 1 2 9 2 2 2 2 2 2 2 2 2 2 2
left_child=1 3 4 12 8 6 10 11 14 -8 -4 16 -1 -9 -3 -11 -6 -13
right_child=-2 2 5 -5 7 -7 9 13 -10 15 -12 17 -14 -15 -16 -17 -18 -19
leaf_value=-0.75891253663724856 -3.8616151315817575 0.081331546993721207 -0.34221917533035084 0.18924726346161266 1.7689948412330985 1.5583017808398738 -0.4192014239705717 -0.10443434987564829 1.2595154959297965 -2.0833843420639488 0.40799770155900961 1.6018560752944737 -2.2787955534914839 0.7804809351116504 -0.71809452383439665 -1.6496077416146051 1.4446873798922191 2.2278815208362683
leaf_weight=79 47 40 68 66 43 41 76 44 59 42 41 43 50 47 41 51 44 40
leaf_count=79 47 40 68 66 43 41 76 44 59 42 41 43 50 47 41 51 44 40
internal_value=-0.00197505 0.000491803 0.00597222 -0.0197436 0.0165835 -0.00736677 -0.0118705 0.0243295 0.00214286 -0.0215084 0.00462185 0.0329412 -0.0306202 0.00824176 -0.0104938 -0.033871 0.0224138 0.0439759
internal_weight=962 915 720 195 401 319 278 261 140 169 109 170 129 91 81 93 87 83
internal_count=962 915 720 195 401 319 278 261 140 169 109 170 129 91 81 93 87 83
cat_boundaries=0 1 2
cat_threshold=4 217344
is_linear=0
shrinkage=0.05


Tree=12
num_leaves=18
num_cat=2
split_feature=8 39 8 22 47 47 45 25 49 27 37 30 29 13 58 57 4
split_gain=42.2523 40.6564 33.7214 24.229 16.1535 15.9288 16.8157 8.53398 8.11101 7.82515 6.90105 10.2841 7.99219 5.60889 4.56557 5.54203 0.809877
threshold=6870.9750566893426 -22.506916589084579 5671.3605442176877 445.00000000000006 0 1 0.023765080193854451 454.99999999999994 1.0000000180025095e-35 95.000000000000014 0.58118319080493797 7.0800000000001555 -72.590000000000018 29.525000000000002 74.175000000000011 77.940000000000012 6.5000000000000009
decision_type=2 2 2 2 1 1 2 2 2 2 2 2 2 2 2 2 2
left_child=1 2 5 16 9 13 10 -4 -6 -3 -7 -12 -13 14 -1 -16 -2
right_child=3 4 7 -5 8 6 -8 -9 -10 -11 11 12 -14 -15 15 -17 -18
leaf_value=-1.1445149890443163 -2.5348844846486225 1.402863187241806 0.066182570437391064 0.24263805086173384 -0.17744035205900346 -0.76029759989487788 1.0892016240007958 1.2938360221928642 1.4675180784543607 0.74359464825344124 0.51426324572018633 -2.0188564822441974 -0.57013833627579413 -0.48038397975389668 -0.34718091806410883 -1.846681664591963 -3.8367343910243976
leaf_weight=41 40 73 73 40 61 64 72 68 63 41 57 40 58 40 42 41 41
leaf_count=41 40 73 73 40 61 64 72 68 63 41 57 40 58 40 42 41 41
internal_value=-0.00172775 0.00227818 -0.00469799 -0.0293388 0.0197479 -0.0113187 -0.00429553 0.0166667 0.00725806 0.0333333 -0.0111872 -0.00548387 -0.0153061 -0.0237805 -0.0290323 -0.0222892 -0.0450617
internal_weight=955 834 596 121 238 455 291 141 124 114 219 155 98 164 124 83 81
internal_count=955 834 596 121 238 455 291 141 124 114 219 155 98 164 124 83 81
cat_boundaries=0 1 2
cat_threshold=2 4
is_linear=0
shrinkage=0.05


Tree=13
num_leaves=18
num_cat=2
split_feature=15 15 33 2 8 14 63 15 8 10 12 33 47 19 31 68 44
split_gain=56.663 41.1691 43.9918 23.5556 18.6572 14.2627 13.5413 12.1084 10.4141 8.04762 7.73556 6.95553 6.78533 6.61702 5.16005 4.17862 3.65548
threshold=41.190000000000019 35.745000000000012 0.5084965210552953 0 5530.7482993197291 121.49500000000002 0.87210441837315045 38.374999999999993 5671.3605442176877 195.02000000000004 83.045000000000002 0.79409535620796345 1 405.00000000000006 291.61500000000007 72.924500000000009 0.046640204139495302
decision_type=2 2 2 9 2 2 2 2 2 2 2 2 1 2 2 2 2
left_child=1 3 5 8 7 12 -5 9 10 -4 -1 15 -3 -7 16 -9 -14
right_child=-2 2 4 6 -6 13 -8 11 -10 -11 -12 -13 14 -15 -16 -17 -18
leaf_value=-0.47239076947002268 -3.4766976554514493 0.43511595530041519 -0.52007235873503321 -0.34329830919610488 0.92023984445350426 -0.26558599526587834 -1.884693009774749 -0.51955310959675038 0.69566897812116046 1.0375333421096191 0.70274439395128718 -1.9434516703438278 1.7590793804380676 0.58128126453541928 1.572213126420499 -1.4171455781971489 1.0304562503586945
leaf_weight=50 53 53 42 77 79 46 76 49 62 42 40 41 74 66 59 43 42
leaf_count=50 53 53 42 77 79 46 76 49 62 42 40 41 74 66 59 43 42
internal_value=0.000301811 0.00313496 0.0103774 -0.0119672 -0.00371622 0.0226471 -0.025817 -0.0112903 0.00197368 0.00357143 -0.00888889 -0.0206767 0.0298246 0.00803571 0.0345714 -0.0130435 0.0284483
internal_weight=994 941 636 305 296 340 153 217 152 84 90 133 228 112 175 92 116
internal_count=994 941 636 305 296 340 153 217 152 84 90 133 228 112 175 92 116
cat_boundaries=0 1 2
cat_threshold=1 4
is_linear=0
shrinkage=0.05


Tree=14
num_leaves=19
num_cat=2
split_feature=38 48 39 2 72 14 14 27 9 51 39 12 10 34 59 18 68 22
split_gain=49.228 33.5879 27.6133 24.7892 23.5099 18.1396 12.6024 12.3598 10.8215 10.5544 8.4 8.22939 6.31697 6.2544 8.00862 7.03893 4.46377 4.20317
threshold=222.630544217687 1.0000000180025095e-35 -22.381062847072087 0 -31.411554964692836 106.34500000000001 116.23000000000002 95.000000000000014 2409.5300000000002 1 -26.05205553224798 93.905000000000015 215.53500000000003 0.9734562094096243 1394.6800000000001 1625.0000000000002 84.600000000000009 405.00000000000006
decision_type=2 2 2 9 2 2 2 2 2 9 2 2 2 2 2 2 2 2
left_child=1 2 4 6 5 -1 -3 8 -4 12 16 -5 -6 -7 15 -15 -11 -10
right_child=-2 3 7 11 9 13 -8 -9 17 10 -12 -13 -14 14 -16 -17 -18 -19
leaf_value=-0.41472213674641445 -3.1652628276105177 0.84924313462730516 1.8411582684402945 -1.6027046680823602 0.36853464834507293 1.556683885873638 -1.0832595000537715 0.17061852959360169 0.38336420707619329 -0.87407655707435061 0.094553963408948866 -0.40914979213383806 -1.0950401924309661 1.3583738170030857 0.91316765911819431 -0.3923807235838922 -1.8679417375326688 0.86462316060013933
leaf_weight=48 51 59 61 71 74 44 41 66 43 66 48 41 40 52 45 45 46 45
leaf_count=48 51 59 61 71 74 44 41 66 43 66 48 41 40 52 45 45 46 45
internal_value=-0.00020284 0.00240642 0.00753804 -0.0150943 0.0011811 0.0128205 0.003 0.0225581 0.0305369 -0.00875912 -0.0164706 -0.03125 0.00322581 0.0198925 0.0147887 0.00670103 -0.025 0.0193182
internal_weight=986 935 723 212 508 234 100 215 149 274 160 112 114 186 142 97 112 88
internal_count=986 935 723 212 508 234 100 215 149 274 160 112 114 186 142 97 112 88
cat_boundaries=0 1 2
cat_threshold=1 72964
is_linear=0
shrinkage=0.05


Tree=15
num_leaves=18
num_cat=0
split_feature=15 15 33 8 31 14 8 8 25 12 22 68 10 30 68 33 42
split_gain=49.697 38.4393 39.7682 21.8759 20.4701 13.9878 13.6913 22.6299 9.61268 7.75604 10.3533 5.8834 5 4.83563 6.1989 7.082 1.10411
threshold=41.190000000000019 35.745000000000012 0.34781069087492161 5530.7482993197291 539.34000000000026 123.11500000000001 6870.9750566893426 5671.3605442176877 495.00000000000006 80.595000000000013 405.00000000000006 50.640000000000022 212.71500000000003 10.990000000000011 92.571999999999903 0.62782322646715227 0.60318626383215668
decision_type=2 2 2 2 2 2 2 2 2 2 2 2 2 2 2 2 2
left_child=1 4 5 13 6 9 7 11 -5 16 -11 -1 -7 14 15 -4 -3
right_child=-2 2 3 8 -6 12 -8 -9 -10 10 -12 -13 -14 -15 -16 -17 -18
leaf_value=-1.2814429973486932 -3.3307496099360465 0.97795697843797602 -0.73500262011958528 -0.31758415769457643 0.77138529774862263 -0.22838394008986676 -2.0604514624869945 0.12314889504371679 1.156879043494867 0.59743491214933897 1.8495324757999043 -0.82062995650078041 0.46854559870584467 -1.3092939900818779 -0.94028854932250638 0.47975104072597113 1.5951462049326779
leaf_weight=62 49 53 43 43 62 40 42 69 72 53 51 74 40 72 54 62 45
leaf_count=62 49 53 43 43 62 40 42 69 72 53 51 74 40 72 54 62 45
internal_value=-0.000912779 0.00165422 0.00875796 -0.00260116 -0.0127832 0.022695 -0.0192308 -0.0139024 0.0152174 0.029703 0.0201923 -0.0257353 0.005 -0.0114719 -0.00660377 0.00047619 0.0397959
internal_weight=986 937 628 346 309 282 247 205 115 202 104 136 80 231 159 105 98
internal_count=986 937 628 346 309 282 247 205 115 202 104 136 80 231 159 105 98
is_linear=0
shrinkage=0.05


Tree=16
num_leaves=20
num_cat=1
split_feature=15 15 33 10 31 47 30 31 27 39 39 5 10 38 25 9 33 30 9
split_gain=52.7955 45.3814 29.3925 23.7187 18.5729 14.8631 13.5452 12.9127 9.03057 11.6384 8.22553 8.11128 7.83683 6.91231 6.61607 6.1303 4.40187 3.42688 1.42473
threshold=41.190000000000019 35.745000000000012 0.7083201164021008 220.39000000000001 299.32999999999998 0 7.0800000000001555 200.8599999999997 95.000000000000014 -23.120169920564511 -24.971342632751355 0.21980676328502413 199.04000000000005 184.15139455782312 485.00000000000006 2066.1450000000004 0.21502644550554978 -1.6249999999997724 2407.8300000000004
decision_type=2 2 2 2 2 1 2 2 2 2 2 2 2 2 2 2 2 2 2
left_child=1 4 3 5 7 11 -4 10 9 13 17 -3 -6 -7 -8 -5 -15 -1 -11
right_child=-2 2 6 15 12 8 14 -9 -10 18 -12 -13 -14 16 -16 -17 -18 -19 -20
leaf_value=-0.099330437984208333 -2.9520228495133241 -0.35442166268999742 0.3416309659218989 -1.3017100663623502 -0.43633520932741021 1.947668185287553 -1.5035184995478876 -1.6493220093195373 0.33499126200218543 1.75705585200991 0.072589952167340141 0.45415510673637416 0.82122966337772496 1.4268862043566815 -1.0002108670919452 0.21318218132098146 0.98091941196149257 -1.5646591414005593 0.8138178802512599
leaf_weight=48 52 43 45 40 44 43 46 74 71 53 44 41 52 45 72 44 50 44 40
leaf_count=48 52 43 45 40 44 43 46 74 71 53 44 41 52 45 72 44 50 44 40
internal_value=-0.000958628 0.00175719 0.00939968 0.0157447 -0.0140523 0.0209845 -0.00889571 -0.022381 0.0261589 0.0309524 -0.0132353 0.00238095 0.00416667 0.0217391 -0.0177966 -0.00833333 0.0142105 -0.0217391 0.0446237
internal_weight=991 939 633 470 306 386 163 210 302 231 136 84 96 138 118 84 95 92 93
internal_count=991 939 633 470 306 386 163 210 302 231 136 84 96 138 118 84 95 92 93
cat_boundaries=0 1
cat_threshold=4
is_linear=0
shrinkage=0.05


end of trees

feature_importances:
base_cut_gap=32
db_mean=19
wav_duration_ms=18
energy_min=18
base_cons_gap=17
voicing_class=17
base_cons=14
curr_vowel_len_ms=12
syllable_len_ms=12
base_cutoff_to_next_anchor_ms=12
valley_dist_from_cutoff_ms=9
next_base_cutoff_abs=9
vowel_class=7
words_vs_alias_score_margin=7
base_offset=6
base_ovl=6
next_phone_gap_ms=6
base_pre=5
base_pre_to_expected_ms=5
mapping_confidence=5
curr_phone_len_ms=4
base_offset_to_expected_ms=4
is_tense=4
prev_base_pre=4
next_base_pre=4
energy_mean=3
energy_slope_pre=3
spectral_flux_mean=3
is_diphthong=3
alias_type=2
row_ratio_in_wav=2
base_ovl_ratio=2
zcr_mean=2
prev_base_offset=2
next_base_offset=2
local_peak_db=2
local_valley_db=2
row_index_in_wav=1
curr_phone_start_ms=1
curr_phone_end_ms=1
curr_vowel_end_ms=1
syllable_start_ms=1
energy_max=1
energy_slope_post=1
valley_energy=1
db_min=1
f0_voicing_mean=1
is_nasal_or_sonorant=1
prev_base_cutoff_abs=1

parameters:
[boosting: gbdt]
[objective: regression_l1]
[metric: l1]
[tree_learner: serial]
[device_type: cpu]
[data_sample_strategy: bagging]
[data: ]
[valid: ]
[num_iterations: 500]
[learning_rate: 0.05]
[num_leaves: 31]
[num_threads: 0]
[seed: 0]
[deterministic: 0]
[force_col_wise: 0]
[force_row_wise: 0]
[histogram_pool_size: -1]
[max_depth: -1]
[min_data_in_leaf: 40]
[min_sum_hessian_in_leaf: 0.001]
[bagging_fraction: 0.85]
[pos_bagging_fraction: 1]
[neg_bagging_fraction: 1]
[bagging_freq: 1]
[bagging_seed: 3]
[bagging_by_query: 0]
[feature_fraction: 0.85]
[feature_fraction_bynode: 1]
[feature_fraction_seed: 2]
[extra_trees: 0]
[extra_seed: 6]
[early_stopping_round: 0]
[early_stopping_min_delta: 0]
[first_metric_only: 0]
[max_delta_step: 0]
[lambda_l1: 0]
[lambda_l2: 0]
[linear_lambda: 0]
[min_gain_to_split: 0]
[drop_rate: 0.1]
[max_drop: 50]
[skip_drop: 0.5]
[xgboost_dart_mode: 0]
[uniform_drop: 0]
[drop_seed: 4]
[top_rate: 0.2]
[other_rate: 0.1]
[min_data_per_group: 100]
[max_cat_threshold: 32]
[cat_l2: 10]
[cat_smooth: 10]
[max_cat_to_onehot: 4]
[top_k: 20]
[monotone_constraints: ]
[monotone_constraints_method: basic]
[monotone_penalty: 0]
[feature_contri: ]
[forcedsplits_filename: ]
[refit_decay_rate: 0.9]
[cegb_tradeoff: 1]
[cegb_penalty_split: 0]
[cegb_penalty_feature_lazy: ]
[cegb_penalty_feature_coupled: ]
[path_smooth: 0]
[interaction_constraints: ]
[verbosity: -1]
[saved_feature_importance_type: 0]
[use_quantized_grad: 0]
[num_grad_quant_bins: 4]
[quant_train_renew_leaf: 0]
[stochastic_rounding: 1]
[linear_tree: 0]
[max_bin: 255]
[max_bin_by_feature: ]
[min_data_in_bin: 3]
[bin_construct_sample_cnt: 200000]
[data_random_seed: 1]
[is_enable_sparse: 1]
[enable_bundle: 1]
[use_missing: 1]
[zero_as_missing: 0]
[feature_pre_filter: 1]
[pre_partition: 0]
[two_round: 0]
[header: 0]
[label_column: ]
[weight_column: ]
[group_column: ]
[ignore_column: ]
[categorical_feature: 0,1,2,3,46,47,50,51,52,53,55,56,70]
[forcedbins_filename: ]
[precise_float_parser: 0]
[parser_config_file: ]
[objective_seed: 5]
[num_class: 1]
[is_unbalance: 0]
[scale_pos_weight: 1]
[sigmoid: 1]
[boost_from_average: 1]
[reg_sqrt: 0]
[alpha: 0.9]
[fair_c: 1]
[poisson_max_delta_step: 0.7]
[tweedie_variance_power: 1.5]
[lambdarank_truncation_level: 30]
[lambdarank_norm: 1]
[label_gain: ]
[lambdarank_position_bias_regularization: 0]
[eval_at: ]
[multi_error_top_k: 1]
[auc_mu_weights: ]
[num_machines: 1]
[local_listen_port: 12400]
[time_out: 120]
[machine_list_filename: ]
[machines: ]
[gpu_platform_id: -1]
[gpu_device_id: -1]
[gpu_use_dp: 0]
[num_gpu: 1]

end of parameters

pandas_categorical:[["korean"], ["cvvc"], ["cv", "cv_head", "vc"], ["cv", "cv_glide", "cv_head", "cv_head_glide", "vc_other"], ["other", "plosive", "sibilant", "sonorant"], ["unknown", "voiced", "voiceless"], ["none", "other"], ["", "a", "e", "eo", "eu", "eui", "i", "o", "u", "wa", "we", "weo", "wi", "ya", "ye", "yeo", "yo", "yu"], ["head", "mid", "tail"], ["", "vc"], ["", "cv", "cv_head", "vc"], [""], ["unknown"]]
