tree
version=v4
num_class=1
num_tree_per_iteration=1
label_index=0
max_feature_idx=74
objective=regression_l1
feature_names=language format_type alias_type alias_group row_index_in_wav row_ratio_in_wav is_head_row is_tail_row wav_duration_ms base_offset base_cons base_cutoff_abs base_pre base_ovl base_cons_gap base_cut_gap base_ovl_ratio curr_phone_start_ms curr_phone_end_ms curr_phone_len_ms curr_vowel_start_ms curr_vowel_end_ms curr_vowel_len_ms syllable_start_ms syllable_end_ms syllable_len_ms prev_phone_gap_ms next_phone_gap_ms expected_anchor_ms base_offset_to_expected_ms base_pre_to_expected_ms base_cutoff_to_next_anchor_ms energy_mean energy_min energy_max energy_slope_pre energy_slope_post valley_energy valley_dist_from_cutoff_ms db_mean db_min db_silence_ratio f0_voicing_mean f0_voicing_near_pre zcr_mean spectral_flux_mean onset_class voicing_class is_tense is_diphthong coda_type vowel_class mora_position bridge_type is_nasal_or_sonorant prev_alias_type next_alias_type prev_base_pre next_base_pre prev_base_offset next_base_offset prev_base_cutoff_abs next_base_cutoff_abs mapping_confidence used_alias_occurrence_mapping used_exact_vowel_fix used_nuclei_fallback used_alias_based_syllables words_vs_alias_score_margin jump_blocked_flag mapping_reason_code local_peak_db local_valley_db mel_window_energy_mean mel_window_silence_ratio
feature_infos=none none -1:0:1 -1:1:2:0:3 [0:23] [0:1] [0:1] none [0:8160] [944:6231.6400000000003] [141.46000000000001:298.31] [1186.5799999999999:6483.9500000000007] [37.149999999999999:173.78] [5.0800000000000001:88.269999999999996] [33.540000000000006:149.99000000000001] [26.449999999999989:220.00000000000003] [0.079933008526187496:0.66649048625792806] [980:6300] [1050:6880] [9.9999999999997726:3010] [1010:6300] [1040:6880] [29.999999999999091:3010] [520:6290] [1060:6880] [30:3010] none [0:1740] [1010:6300] [-142:28.840000000000146] [-22.489999999999782:202.62000000000037] [-4401.3299999999999:2756.0300000000002] [0:1] [0:1] [0:1] [-0.32412148433181709:1] [-0.31941502079215611:0.7589590709170877] [0:1] [0:402.81641723356097] [-37.588423285502643:0] [-93.956797914033842:0] [0:0.1666666666666666] [0:1] [0:1] [0:0.49390416784802949] [0:0.0850263663864914] -1:1:3:0:2 -1:1:2:0 [0:1] [0:1] none -1:8:1:13:7:2:14:3:17:9:0:6:10:11:16:15:12:5 -1:1:0:2 none [0:1] -1:1:2:0:3 none [0:194.41] [0:360] [0:6232.6700000000001] [0:6198] [0:6484.3199999999997] [0:6400.3699999999999] [0.78000520133827089:1] none [0:1] none none [-8.9279999999999973:873.322] none none [-37.588423285502643:0] [-93.956797914033842:0] [0:1] [0:0.1666666666666666]
tree_sizes=1593 1418 1556 1732 1723 1559 1750 1729 1707 1640 1638 1663 1662 1741 1715 1731 1825 1740 1638 1663 1660 1583 1633 1658 1668 1643 1732 1746 1744 1744 1605 1815 1597 1675 1647 1771 1649 1660 1824 1743 1755 1831 1809 1829 1748 1680 1737 1821 1737 1671 1752 1688

Tree=0
num_leaves=18
num_cat=2
split_feature=47 30 2 18 14 27 68 58 9 40 31 32 10 39 32 9 10
split_gain=167.741 97.1497 81.3211 26.8771 24.493 23.6283 18.7768 13.8353 15.0482 13.253 9.69287 7.2 3.08074 2.98888 2.42018 0.074026 0.0666667
threshold=0 11.725000000000025 1 3445.0000000000005 104.60000000000001 65.000000000000014 102.5185 73.315000000000012 1979.9550000000002 -27.501086542030588 160.36999999999992 0.80386713548239508 205.39500000000001 -27.310798725738753 0.89959332639789891 2926.9800000000005 197.09500000000006
decision_type=1 2 9 2 2 2 2 2 2 2 2 2 2 2 2 2 2
left_child=2 6 13 5 -4 10 9 -6 -9 12 -3 -11 16 -1 -14 -15 -2
right_child=1 3 4 -5 7 -7 -8 8 -10 11 -12 -13 14 15 -16 -17 -18
leaf_value=-23.231223773956298 -19.4928738117218 -21.52567377090454 -23.19744873046875 -23.450623893737792 -19.987473821640016 -23.06939878463745 -20.894473791122437 -22.551473808288574 -20.713773822784425 -20.259923809766768 -20.497998809290586 -21.197548818588256 -20.400823811342708 -24.236248779296876 -17.881573867797851 -24.336898803710938 -17.896798801422118
leaf_weight=68 80 51 48 61 40 44 67 49 47 40 50 40 56 114 47 40 40
leaf_count=68 80 51 48 61 40 44 67 49 47 40 50 40 56 114 47 40 40
internal_value=-21.475 -21.4577 -21.4996 -21.4852 -21.475 -21.4735 -21.4423 -21.4642 -21.4745 -21.437 -21.4601 -21.4545 -21.4308 -21.52 -21.4371 -21.5238 -21.4253
internal_weight=982 576 406 206 184 145 370 136 96 303 101 80 223 222 103 154 120
internal_count=982 576 406 206 184 145 370 136 96 303 101 80 223 222 103 154 120
cat_boundaries=0 1 2
cat_threshold=4 1
is_linear=0
shrinkage=1


Tree=1
num_leaves=15
num_cat=1
split_feature=47 30 5 45 27 14 42 15 9 9 11 12 45 72
split_gain=148.646 98.7218 76.6558 27.7351 21.6637 17.8075 12.6916 12.4324 11.7427 8.98038 8.13563 3.84127 1.23803 0.506347
threshold=0 12.049999999999956 0.083916083916083919 0.0075940435064772013 65.000000000000014 109.04000000000001 0.9947037138924808 32.170000000000009 2425.0550000000007 1107.3350000000003 2282.7050000000004 88.865000000000023 0.026273673933499355 -29.048350675145667
decision_type=1 2 2 2 2 2 2 2 2 2 2 2 2 2
left_child=2 3 5 -2 8 9 11 -4 -3 -1 -8 -5 13 -9
right_child=1 4 7 6 -6 -7 10 12 -10 -11 -12 -13 -14 -15
leaf_value=-1.0839775085449219 0.080771201550960472 0.35789993283513477 -1.4728887701034548 2.2441737055778503 -1.9205743956565859 1.1056061935424804 1.5065436911582948 -2.4457376098632815 -0.97201874732971205 0.19115557909011846 0.59780682206153868 1.4979411711121795 -1.7062887334823609 -2.9508374786376956
leaf_weight=47 74 77 59 121 70 50 48 71 45 44 70 77 41 91
leaf_count=47 74 77 59 121 70 50 48 71 45 44 70 77 41 91
internal_value=-0.00035533 0.0158076 -0.0236973 0.0302564 -0.0135417 0.00602837 0.0367089 -0.0396947 -0.000819672 -0.00714286 0.0237288 0.0444444 -0.0455665 -0.0475309
internal_weight=985 582 403 390 192 141 316 262 122 91 118 198 203 162
internal_count=985 582 403 390 192 141 316 262 122 91 118 198 203 162
cat_boundaries=0 1
cat_threshold=4
is_linear=0
shrinkage=0.05


Tree=2
num_leaves=17
num_cat=2
split_feature=47 30 2 45 9 14 14 12 15 30 40 13 73 31 36 45
split_gain=157.799 88.803 65.3694 52.2596 28.4038 28.1408 14.609 14.812 8.41528 7.76536 5.58008 4.57911 2.15641 1.5423 1.07692 2.12121
threshold=0 7.6599999999998554 1 0.021341703705954652 2936.0500000000006 109.04000000000001 135.83500000000004 73.335000000000008 35.495000000000012 12.200000000000047 -27.239730506309815 19.185000000000002 0.81816791177937198 232.19500000000008 0.013470128655818052 0.020493216384692151
decision_type=1 2 9 2 2 2 2 2 2 2 2 2 2 2 2 2
left_child=2 10 11 4 6 8 7 -3 -4 -5 12 -1 -2 -13 15 -14
right_child=1 3 5 9 -6 -7 -8 -9 -10 -11 -12 13 14 -15 -16 -17
leaf_value=-1.2607480900287629 0.94501913200849974 0.28707179878963507 -0.22146907103061669 2.5493413406348555 -1.8815029655442268 0.8640433826446533 0.46331399303924992 -1.2091901007890702 -1.5207786178588867 1.0046968177439122 1.0147833484506701 -2.3090241854190832 1.3220007432699203 -2.7231687909364704 2.0960500246286395 3.429306604316706
leaf_weight=40 40 48 49 45 74 61 61 73 65 40 45 75 44 108 72 40
leaf_count=40 40 48 49 45 74 61 61 73 65 40 45 75 44 108 72 40
internal_value=-0.000612245 0.0159794 -0.0248744 -0.000439883 -0.0117188 -0.002 -0.0010989 -0.011157 -0.0166667 0.0335294 0.0392116 -0.0428251 0.0428571 -0.0461749 0.0455128 0.0416667
internal_weight=980 582 398 341 256 175 182 121 114 85 241 223 196 183 156 84
internal_count=980 582 398 341 256 175 182 121 114 85 241 223 196 183 156 84
cat_boundaries=0 1 2
cat_threshold=4 1
is_linear=0
shrinkage=0.05


Tree=3
num_leaves=19
num_cat=1
split_feature=47 5 45 29 14 13 60 12 42 44 45 8 38 38 27 68 31 11
split_gain=143.743 73.3884 71.4327 26.7326 21.3165 20.0804 15.8671 14.7624 14.0649 15.4539 10.0735 16.571 9.71275 4.43815 3.54606 1.71628 2.88 0.281481
threshold=0 0.083916083916083919 0.013979138980590852 -88.595000000000013 109.04000000000001 27.205000000000002 2936.8050000000003 88.215000000000018 0.96747501935297198 0.040969662602778505 0.019000594789162852 5671.3605442176877 180.19977324263041 195.43904761904767 29.99999999999989 96.196500000000029 275.36500000000007 1307.6650000000002
decision_type=1 2 2 2 2 2 2 2 2 2 2 2 2 2 2 2 2 2
left_child=1 4 3 -2 7 6 -5 -1 12 13 15 -12 -4 -10 -7 16 -3 -14
right_child=2 10 8 5 -6 14 -8 -9 9 -11 11 -13 17 -15 -16 -17 -18 -19
leaf_value=0.55270486629009263 2.89048127890372 -2.2275583100676535 1.6962659077917104 0.53373545957743396 1.1383912086963655 -0.87429276544578072 -0.55510494618356909 -1.0081498562633993 0.76506400546431541 -0.12693233822894695 -0.55488704184293758 -2.1806209110647439 3.2903821552642429 1.1188764459616534 -1.1487305957496168 -2.6872263466477393 -2.3728796578347686 1.5785825353562832
leaf_weight=41 40 40 41 58 44 44 79 48 47 45 51 48 40 40 43 82 50 95
leaf_count=41 40 40 41 58 44 44 79 48 47 45 51 48 40 40 43 82 50 95
internal_value=0.000307377 -0.0225248 0.0164336 -0.00265152 0.00789474 -0.009375 0.00255474 -0.00617978 0.0327922 0.0204545 -0.0374539 -0.0247475 0.0420455 0.0327586 -0.0281609 -0.0447674 -0.04 0.0485185
internal_weight=976 404 572 264 133 224 137 89 308 132 271 99 176 87 87 172 90 135
internal_count=976 404 572 264 133 224 137 89 308 132 271 99 176 87 87 172 90 135
cat_boundaries=0 1
cat_threshold=4
is_linear=0
shrinkage=0.05


Tree=4
num_leaves=19
num_cat=1
split_feature=47 5 30 45 58 21 27 60 12 19 45 8 30 40 10 33 15 9
split_gain=148.533 76.4875 70.3018 42.9693 17.8 16.5299 12.504 15.4286 8.59044 12.1898 8.22294 16.2 7.47536 5.04436 3.86259 2.11672 0.45 0.0655172
threshold=0 0.083916083916083919 9.3750000000000018 0.018128176382996752 73.315000000000012 2425.0000000000005 50.000000000000121 2946.6800000000007 75.045000000000002 475.00000000000006 0.014675877016602801 5671.3605442176877 12.414999999999965 -27.703478848822645 207.62500000000003 0.53601939270575027 35.740000000000002 2934.0650000000001
decision_type=1 2 2 2 2 2 2 2 2 2 2 2 2 2 2 2 2 2
left_child=1 4 8 6 -1 -6 7 -4 -2 13 17 -12 -5 14 -10 -8 -13 -3
right_child=2 10 3 12 5 -7 15 -9 9 -11 11 16 -14 -15 -16 -17 -18 -19
leaf_value=1.3204662113356591 1.7029405879963997 -2.5826419121876363 0.26680635199845792 2.3222651031510382 -1.0051965762946011 0.35374008639886984 -0.55935185906138407 -1.0554454864954548 1.5135612977667394 0.37777593192368458 -0.74552046782359482 -2.0973723146109284 0.56872180943542594 0.8572563372002755 3.02103274517648 -1.143653584944536 -2.1620502143381537 -2.4909357329264288
leaf_weight=40 73 76 64 42 57 40 42 48 57 52 64 40 47 40 68 40 40 40
leaf_count=40 73 76 64 42 57 40 42 48 57 52 64 40 47 40 68 40 40 40
internal_value=0.000206186 -0.0232997 0.0164921 -0.00123675 0.00693431 -0.00463918 -0.014433 -0.00357143 0.0337931 0.0288018 -0.0392308 -0.03125 0.0275281 0.0354545 0.0404 -0.0292683 -0.04625 -0.0491379
internal_weight=970 397 573 283 137 97 194 112 290 217 260 144 89 165 125 82 80 116
internal_count=970 397 573 283 137 97 194 112 290 217 260 144 89 165 125 82 80 116
cat_boundaries=0 1
cat_threshold=4
is_linear=0
shrinkage=0.05


Tree=5
num_leaves=17
num_cat=2
split_feature=47 30 2 15 68 38 14 33 27 9 13 10 16 38 39 15
split_gain=156.948 100.602 66.5111 29.7799 19.2699 17.1317 13.5458 13.0325 10.4835 9.0237 7.22607 5.96433 7.04381 1.82886 1.57509 0.293333
threshold=0 11.725000000000025 1 32.170000000000009 102.5185 187.93411564625845 106.72500000000001 0.47977934037570175 325.00000000000006 2436.7000000000003 19.185000000000002 210.11000000000004 0.41255067113526572 173.16273242630385 -27.650670384268064 39.159999999999989
decision_type=1 2 9 2 2 2 2 2 2 2 2 2 2 2 2 2
left_child=2 4 10 -4 8 9 -5 -7 11 -3 -1 13 -13 -2 -12 -16
right_child=1 5 3 6 -6 7 -8 -9 -10 -11 14 12 -14 -15 15 -17
leaf_value=-1.0884308485957235 0.96359859302100992 -0.82788762495017465 0.93622060298608245 -1.2512279029405935 0.32320154684276936 0.66249122300297536 0.36383148341821131 -0.88358959390526182 0.15050613563166754 -1.6718239276175249 -1.3993040274255799 0.80522554179247718 3.2950839745459968 1.6842331324066944 -2.5714247975069693 -1.0766038927362114
leaf_weight=41 40 70 65 74 67 40 41 47 44 44 40 70 50 109 110 40
leaf_count=41 40 70 65 74 67 40 41 47 44 44 40 70 50 109 110 40
internal_value=-0.000806452 0.0159208 -0.0244526 -0.00166667 0.0310526 -0.0126866 -0.0169565 0.00402299 0.036262 -0.0254386 -0.0422078 0.0399628 0.0316667 0.0466443 -0.0463158 -0.0486667
internal_weight=992 581 411 180 380 201 115 87 313 114 231 269 120 149 190 150
internal_count=992 581 411 180 380 201 115 87 313 114 231 269 120 149 190 150
cat_boundaries=0 1 2
cat_threshold=4 1
is_linear=0
shrinkage=0.05


Tree=6
num_leaves=19
num_cat=1
split_feature=47 30 5 45 58 24 14 45 10 40 10 30 29 27 12 60 39 9
split_gain=114.695 82.3385 71.9734 42.1271 19.0973 22.9478 16.3809 12.8405 11.5108 11.2988 7.78436 6.46876 5.90694 4.55844 4.18766 1.64537 0.944017 0.0615385
threshold=0 9.3750000000000018 0.083916083916083919 0.018128176382996752 73.315000000000012 1635.0000000000002 134.83000000000001 0.027552828472654455 190.96500000000003 -27.501086542030588 207.62500000000003 12.414999999999965 -99.590000000000131 29.99999999999989 79.555000000000021 3039.6200000000003 -27.266123686230753 2897.0000000000005
decision_type=1 2 2 2 2 2 2 2 2 2 2 2 2 2 2 2 2 2
left_child=2 9 4 6 -1 -6 8 14 -3 10 15 -5 -12 -10 -4 -2 -16 -18
right_child=1 3 7 11 5 -7 -8 -9 13 -11 12 -13 -14 -15 16 -17 17 -19
leaf_value=1.3171499062473246 1.9080536310909229 -0.11299029654097269 -1.8693874814707692 2.3251335358984235 -1.3056103630819429 0.42054271384921338 0.12758013575085184 -0.97879376532539342 -1.4143693397423669 0.51983402896466946 3.0496037559077678 0.57739309003554717 0.52713644234827661 -2.0945238704290001 -1.7291625116872564 0.65927432714411527 -2.0889786928087299 -2.0638177292929423
leaf_weight=40 85 40 71 40 40 55 64 49 46 60 58 42 44 65 40 41 64 40
leaf_count=40 85 40 71 40 40 55 64 49 46 60 58 42 44 65 40 41 64 40
internal_value=-0.00050813 0.0135897 -0.0211779 -0.00488215 0.00851852 -0.00368421 -0.0165116 -0.0363636 -0.0254967 0.0326389 0.0377193 0.0256098 0.027451 -0.0337838 -0.0416279 0.0460317 -0.0465278 -0.0490385
internal_weight=984 585 399 297 135 95 215 264 151 288 228 82 102 111 215 126 144 104
internal_count=984 585 399 297 135 95 215 264 151 288 228 82 102 111 215 126 144 104
cat_boundaries=0 1
cat_threshold=4
is_linear=0
shrinkage=0.05


Tree=7
num_leaves=19
num_cat=2
split_feature=47 30 2 14 14 31 40 9 15 38 12 29 49 45 45 8 14 10
split_gain=113.548 68.4968 52.9634 27.7672 24.6633 23.834 19.8003 19.1146 12.2443 9.8513 10.0597 8.08283 5.29106 2.68791 2.15703 3.37375 2.05976 0.0583333
threshold=0 11.725000000000025 1 109.04000000000001 143.50500000000002 267.87999999999994 -27.352596109646328 2425.0550000000007 35.495000000000012 184.15139455782312 88.865000000000023 -67.009999999999977 1.0000000180025095e-35 0.012960506515514952 0.021212396504856502 5468.2539682539691 111.93500000000002 194.87500000000003
decision_type=1 2 9 2 2 2 2 2 2 2 2 2 2 2 2 2 2 2
left_child=2 4 11 8 6 7 9 -3 -4 10 -2 13 -7 -1 15 -11 -15 -16
right_child=1 5 3 -5 -6 12 -8 -9 -10 14 -12 -13 -14 16 17 -17 -18 -19
leaf_value=-2.32723427315304 1.3561602093389071 0.82170305693373147 0.052253531325177432 0.8271204214886172 -0.082951394949136781 -0.41560088048912686 0.63195031078465425 -1.1771273783838825 -1.3030804276228531 2.2085452079763983 0.63184410541627667 -0.41665412718204609 -1.5328900427946177 -2.390027415419532 1.7415602648918871 0.59435594582723583 -0.96559513550897924 2.8685561916642111
leaf_weight=76 41 62 52 65 44 44 77 47 59 43 40 60 49 41 40 40 44 56
leaf_count=76 41 62 52 65 44 44 77 47 59 43 40 60 49 41 40 40 44 56
internal_value=-0.000408163 0.0136364 -0.0210327 -0.000568182 0.0261155 -0.00990099 0.0307122 0.0059633 -0.0157658 0.0373077 0.0228395 -0.0373303 -0.0284946 -0.0431677 0.0438547 0.0379518 -0.0370588 0.0489583
internal_weight=980 583 397 176 381 202 337 109 111 260 81 221 93 161 179 83 85 96
internal_count=980 583 397 176 381 202 337 109 111 260 81 221 93 161 179 83 85 96
cat_boundaries=0 1 2
cat_threshold=4 1
is_linear=0
shrinkage=0.05


Tree=8
num_leaves=19
num_cat=2
split_feature=47 30 2 11 68 58 60 38 12 27 29 8 18 9 38 31 17 9
split_gain=118.173 71.5052 56.0416 24.7206 19.5482 17.83 14.6016 12.7222 11.6138 16.2538 10.608 9.86298 5.98437 4.88849 3.81863 2.35202 0.855814 0.607317
threshold=0 11.725000000000025 1 1831.0550000000001 102.5185 73.315000000000012 3377.3100000000009 195.49800453514732 73.805000000000021 75.000000000000014 -67.009999999999977 5671.3605442176877 3065.0000000000005 2930.5750000000003 184.49346938775514 -138.06499999999991 1155.0000000000002 2006.6500000000003
decision_type=1 2 9 2 2 2 2 2 2 2 2 2 2 2 2 2 2 2
left_child=2 4 10 -3 8 -4 11 13 -2 12 15 -7 14 -5 -10 -1 -16 -17
right_child=1 3 5 7 -6 6 -8 -9 9 -11 -12 -13 -14 -15 16 17 -18 -19
leaf_value=-1.1800355039616421 1.4834511288634185 0.68431471339730665 1.0135497657294146 -0.69333855624655616 0.27949715103206357 -0.69921987737697633 0.29059295223868492 0.21663587387991898 1.7163497101076564 0.047815596256679305 -0.38068647590717231 -1.798146736773867 0.45776650258946533 -1.6504155782736392 3.050565941433971 -2.0809569145352818 0.56022675453333215 -2.2010202162571475
leaf_weight=44 78 64 44 54 67 42 56 41 56 58 54 44 43 41 46 40 40 83
leaf_count=44 78 64 44 54 67 42 56 41 56 58 54 44 43 41 46 40 40 83
internal_value=-5.02513e-05 0.0142857 -0.0207617 -0.01 0.0268041 -0.000537634 -0.00915493 -0.0220588 0.0319315 0.0265432 -0.0377828 -0.022093 0.0337838 -0.0321053 0.0387324 -0.044012 0.0453488 -0.047561
internal_weight=995 588 407 200 388 186 142 136 321 243 221 86 185 95 142 167 86 123
internal_count=995 588 407 200 388 186 142 136 321 243 221 86 185 95 142 167 86 123
cat_boundaries=0 1 2
cat_threshold=4 1
is_linear=0
shrinkage=0.05


Tree=9
num_leaves=18
num_cat=2
split_feature=47 2 38 8 38 15 68 68 17 29 31 62 27 39 39 33 15
split_gain=117.457 49.9053 49.767 27.8861 44.8564 26.93 26.328 18.0305 12.548 11.1321 10.56 9.86985 7.50341 6.41078 2.78825 2.65882 0.594584
threshold=0 1 113.69833333333349 5671.3605442176877 221.68812925170076 35.244999999999983 88.54000000000002 22.765000000000004 2995.0000000000005 -67.009999999999977 271.96499999999997 3304.8650000000002 50.000000000000121 -26.855599378874668 -27.491630641537185 0.7281720505502759 34.205000000000005
decision_type=1 9 2 2 2 2 2 2 2 2 2 2 2 2 2 2 2
left_child=1 9 7 6 11 10 12 -2 -9 14 -3 -5 15 -7 -1 -4 -16
right_child=2 5 3 4 -6 13 -8 8 -10 -11 -12 -13 -14 -15 16 -17 -18
leaf_value=-1.5080856970396905 -1.4088768441509083 1.0682660917258784 2.8858462694937774 0.0802253888661415 0.46290911795441425 -0.43199404851045009 0.059797816566292905 0.41570456427082281 -0.80087500671180578 -0.31877070196026058 -0.015705660204547733 -0.64672514245749602 0.90850057869744782 -1.9237638238293107 -1.6653036674879873 2.5165464701306028 -2.3562001052623724
leaf_weight=40 40 48 113 72 42 46 59 69 43 57 41 46 55 42 41 40 86
leaf_count=40 40 48 113 72 42 46 59 69 43 57 41 46 55 42 41 40 86
internal_value=-0.00102041 -0.0218204 0.0133851 0.0221311 0.005625 -0.0019774 0.0320225 -0.0111842 -0.000892857 -0.0375 0.0174157 -0.0101695 0.0403846 -0.0215909 -0.044012 0.0460784 -0.0476378
internal_weight=980 401 579 427 160 177 267 152 112 224 89 118 208 88 167 153 127
internal_count=980 401 579 427 160 177 267 152 112 224 89 118 208 88 167 153 127
cat_boundaries=0 1 2
cat_threshold=4 1
is_linear=0
shrinkage=0.05


Tree=10
num_leaves=18
num_cat=3
split_feature=47 30 5 23 3 38 40 12 30 15 34 29 47 45 45 9 9
split_gain=126.243 76.8518 47.8241 23.6186 14.4806 14.4847 14.2261 9.97532 9.21126 8.438 7.26343 5.99741 5.63072 3.81552 0.819323 0.609677 0.0574468
threshold=0 9.3750000000000018 0.045548654244306409 1135.0000000000002 1 188.70675736961473 -27.239730506309815 89.995000000000019 12.349999999999911 32.170000000000009 0.9734562094096243 -64.019999999999968 2 0.025717562219167753 0.016836232222822704 2939.3650000000002 1115.0000000000002
decision_type=1 2 2 2 9 2 2 2 2 2 2 2 1 2 2 2 2
left_child=2 6 7 -3 5 -5 10 -1 -6 -4 -2 13 14 15 -12 -11 -16
right_child=1 3 9 4 8 -7 -8 -9 -10 11 12 -13 -14 -15 16 -17 -18
leaf_value=0.78776211263756479 0.69459812781701002 2.5480876775459707 -0.71308303530197414 -0.66889902870044249 -0.089602188106511271 0.50524282294964706 0.62545997487326277 -0.59909774571671337 -1.7309656512854303 -2.2896151900261095 1.27941767880032 -0.87404851180664989 0.37972392707005664 -1.2491480950868021 2.943242082688152 -1.9961630513710149 1.43277638639196
leaf_weight=72 41 46 54 68 47 61 57 52 57 84 58 43 46 47 40 40 54
leaf_count=72 41 46 54 68 47 61 57 52 57 84 58 43 46 47 40 40 54
internal_value=-0.000568769 0.0143478 -0.022449 -0.00448029 -0.0109442 0.00107914 0.0320946 0.00322581 -0.0236842 -0.0343284 0.0374477 -0.038785 0.0414141 -0.0429825 0.0460526 -0.0475806 0.0489362
internal_weight=967 575 392 279 233 129 296 124 104 268 239 214 198 171 152 124 94
internal_count=967 575 392 279 233 129 296 124 104 268 239 214 198 171 152 124 94
cat_boundaries=0 1 2 3
cat_threshold=4 9 2
is_linear=0
shrinkage=0.05


Tree=11
num_leaves=18
num_cat=1
split_feature=15 30 5 23 51 12 18 68 45 30 12 8 15 8 15 15 30
split_gain=100.999 94.2209 48.1185 36.2051 23.9289 18.3996 14.9974 12.2722 9.925 8.10526 5.81574 6.86878 5.41882 5.1142 2.29527 1.83108 0.0622642
threshold=36.664999999999999 9.3750000000000018 0.083916083916083919 1105.0000000000002 0 89.995000000000019 3235.0000000000005 23.700000000000006 0.021499633661190651 4.7950000000000736 78.795000000000016 5671.3605442176877 35.495000000000012 5530.7482993197291 39.979999999999983 32.664999999999999 6.6649999999999645
decision_type=2 2 2 2 9 2 2 2 2 2 2 2 2 2 2 2 2
left_child=2 6 5 -3 7 -1 13 -5 15 -8 -6 -12 -10 14 16 -4 -2
right_child=1 3 8 4 10 -7 9 -9 12 -11 11 -13 -14 -15 -16 -17 -18
leaf_value=0.58682440568982386 2.4112891026947318 2.3772572443369397 -1.5950915932637084 -0.87290046894625994 -0.14715124157538215 -0.79475392706671488 0.59840517923597403 0.30144045783661166 -0.47531198277196424 0.0017391840201081976 -0.47298754501307561 -1.3045528320994049 -1.2503828256907172 0.41219156465652179 2.678227156921372 -2.3495670719750228 1.3860022530495191
leaf_weight=65 66 46 49 48 49 59 57 72 40 42 77 43 42 46 40 81 40
leaf_count=65 66 46 49 48 49 59 57 72 40 42 77 43 42 46 40 81 40
internal_value=-0.0002079 0.0116613 -0.0223214 -0.00641791 -0.0129758 0.00241935 0.0324742 0.00461538 -0.0367925 0.0166667 -0.0243017 -0.0316667 -0.0231707 0.040625 0.0452055 -0.0453846 0.0490566
internal_weight=962 626 336 335 289 124 291 120 212 99 169 120 82 192 146 130 106
internal_count=962 626 336 335 289 124 291 120 212 99 169 120 82 192 146 130 106
cat_boundaries=0 1
cat_threshold=8589
is_linear=0
shrinkage=0.05


Tree=12
num_leaves=18
num_cat=1
split_feature=47 30 5 45 14 18 12 30 36 44 29 8 18 25 22 58 9
split_gain=89.2178 62.4647 38.9664 37.7718 21.3574 21.1125 13.8165 21.071 9.80372 9.54806 7.3304 6.77583 6.45647 5.58743 3.53327 0.45447 0.209524
threshold=0 7.464999999999919 0.083916083916083919 0.021341703705954652 109.04000000000001 3515.0000000000005 82.435000000000016 17.310000000000176 0.11643450327478622 0.047490785370002807 -64.019999999999968 5671.3605442176877 3215.0000000000005 430.00000000000028 510.00000000000017 73.200000000000017 2124.1550000000002
decision_type=1 2 2 2 2 2 2 2 2 2 2 2 2 2 2 2 2
left_child=2 11 4 5 9 6 7 -3 10 -1 13 12 15 -4 16 -2 -15
right_child=1 3 8 -5 -6 -7 -8 -9 -10 -11 -12 -13 -14 14 -16 -17 -18
leaf_value=-0.84342643977613874 2.3814063060088873 0.39953670366633215 -1.0348287236791911 1.4524388887747 0.8157025791368776 -0.94053764478771318 -0.41367710862405294 -0.62323621113918726 -0.43879270840869522 0.28621842153079113 -0.44249552424192251 0.33987983653535936 0.94268516343797304 -1.8127826104096174 -1.538401830365913 1.9516241593736714 -1.9472511706689191
leaf_weight=44 51 65 40 76 44 74 76 43 40 41 44 70 47 44 53 63 40
leaf_count=44 51 65 40 76 44 74 76 43 40 41 44 70 47 44 53 63 40
internal_value=0.00172775 0.0144248 -0.0166667 0.000598802 0.00581395 -0.00852713 0.000543478 0.012037 -0.0277778 -0.00882353 -0.0319005 0.0344156 0.0400621 -0.0364407 -0.0412409 0.0464912 -0.047619
internal_weight=955 565 390 334 129 258 184 108 261 85 221 231 161 177 137 114 84
internal_count=955 565 390 334 129 258 184 108 261 85 221 231 161 177 137 114 84
cat_boundaries=0 1
cat_threshold=4
is_linear=0
shrinkage=0.05


Tree=13
num_leaves=19
num_cat=1
split_feature=15 30 2 49 15 68 21 31 62 9 23 16 62 8 40 57 44 9
split_gain=96.0873 79.7837 43.8486 37.6734 32.8493 22.57 15.7512 12.17 11.2864 10.1808 9.08651 8.78181 8.03202 6.89282 5.01302 3.42109 0.457697 0.0615385
threshold=36.664999999999999 9.3750000000000018 0 1.0000000180025095e-35 32.664999999999999 5.5000000000000009 3515.0000000000005 -158.54499999999982 3601.3300000000004 2946.3250000000003 2155.0000000000005 0.24839211213861698 2273.7400000000002 5671.3605442176877 -35.304099096633486 73.750000000000014 0.04380493337113691 2431.7850000000003
decision_type=2 2 9 2 2 2 2 2 2 2 2 2 2 2 2 2 2 2
left_child=2 6 4 5 8 -3 13 -8 -1 10 -5 -4 -7 15 -13 16 -2 -16
right_child=1 3 11 9 -6 12 7 -9 -10 -11 -12 14 -14 -15 17 -17 -18 -19
leaf_value=0.152878271878719 1.3388392272098883 -1.1495927715840051 -0.44090579173720529 -0.27390255302496513 -0.93938694413982948 1.7124428479706588 0.54696575875669551 -0.062863521943500311 0.50014805196621948 -1.6148657949277716 0.12433448285424245 -1.2303322783323098 0.33540555844458741 0.32288584470859139 -1.9771505403339782 1.3104604299306075 2.4884098760495279 -2.1338490885628572
leaf_weight=48 66 48 43 72 73 44 41 48 41 66 40 42 75 44 64 40 59 40
leaf_count=48 66 48 43 72 73 44 41 48 41 66 40 42 75 44 64 40 59 40
internal_value=0.000100604 0.0115863 -0.0209402 -0.00478261 -0.00185185 0.0122754 0.0305369 0.0129213 0.0185393 -0.0207865 -0.0116071 -0.0373016 0.0239496 0.0380383 -0.0431507 0.0427273 0.0468 -0.0490385
internal_weight=994 643 351 345 162 167 298 89 89 178 112 189 119 209 146 165 125 104
internal_count=994 643 351 345 162 167 298 89 89 178 112 189 119 209 146 165 125 104
cat_boundaries=0 1
cat_threshold=2
is_linear=0
shrinkage=0.05


Tree=14
num_leaves=19
num_cat=2
split_feature=47 30 2 68 14 31 49 38 30 68 29 31 16 38 58 72 19 45
split_gain=77.4454 54.6148 44.8214 23.196 20.5658 18.0053 16.2106 14.5274 12.5374 11.3323 8.67118 11.0095 7.91774 7.60042 7.79249 7.08485 5.04701 2.41973
threshold=0 11.875000000000115 1 88.54000000000002 104.60000000000001 692.5 1.0000000180025095e-35 190.94919501133793 7.3199999999999372 41.590500000000013 -74.005000000000095 249.38500000000002 0.21730482876662327 191.20041950113378 76.730000000000004 -26.569177260724334 399.99999999999972 0.016567945293197103
decision_type=1 2 9 2 2 2 2 2 2 2 2 2 2 2 2 2 2 2
left_child=2 3 10 5 -4 12 7 -3 -5 -6 17 -12 -2 14 -14 -8 -15 -1
right_child=1 6 4 8 9 -7 15 -9 -10 -11 11 -13 13 16 -16 -17 -18 -19
leaf_value=-1.8409684923915863 1.3274791215191521 -0.27460867750642032 -1.0240683572078717 0.43289010574151787 -0.28210605335280425 -0.060122934913400088 -0.87649567797198336 0.58267188120775959 -0.31601375359336065 0.82972684804271291 -0.22776328356810716 -1.2343263158624502 1.8559883092614946 2.1725991966960687 0.55029833663972327 -1.2446276426354217 0.39013411798214315 -1.4207204548687025
leaf_weight=64 57 65 45 40 63 40 51 42 47 69 45 63 51 51 59 42 43 49
leaf_count=64 57 65 45 40 63 40 51 42 47 69 45 63 51 51 59 42 43 49
internal_value=-0.00030426 0.0112245 -0.0173367 0.0221649 0.00141243 0.0287375 -0.01 0.00327103 -0.000574713 0.0113636 -0.0323529 -0.0222222 0.0335249 0.0289216 0.02 -0.0252688 0.0393617 -0.0420354
internal_weight=986 588 398 388 177 301 200 107 87 132 221 108 261 204 110 93 94 113
internal_count=986 588 398 388 177 301 200 107 87 132 221 108 261 204 110 93 94 113
cat_boundaries=0 1 2
cat_threshold=4 1
is_linear=0
shrinkage=0.05


Tree=15
num_leaves=19
num_cat=1
split_feature=15 30 15 45 68 51 8 18 31 39 68 30 31 13 25 14 11 9
split_gain=101.887 57.4546 39.6402 30.6176 28.7708 27.2199 19.818 12.828 13.0861 10.7968 10.6667 10.5474 9.41388 8.24508 2.56504 1.32741 0.572727 0.0565217
threshold=36.664999999999999 11.875000000000115 32.664999999999999 0.018691088093297854 102.5185 0 5530.7482993197291 3505.0000000000005 299.32999999999998 -22.466446722424376 22.620499999999996 -3.0900000000000314 200.8599999999997 16.675000000000004 444.99999999999994 116.33500000000002 1795.9400000000003 2409.5300000000002
decision_type=2 2 2 2 2 9 2 2 2 2 2 2 2 2 2 2 2 2
left_child=2 4 3 -1 7 10 -5 8 15 12 -3 -4 -7 -10 -13 -2 -17 -16
right_child=1 5 11 6 -6 9 -8 -9 13 -11 -12 14 -14 -15 17 16 -18 -19
leaf_value=-0.84493161566629471 0.75829787975948815 -0.092772294737877029 -0.52760949425061365 1.2591594495431591 -0.11713503812969449 0.100039491395155 -0.14498643358057225 0.19158882978542288 0.70507091943357081 -1.1665253048525228 0.58289681031694351 -1.4847887370637192 -0.52214570356498324 0.1184924700066846 -1.8576983830238376 2.3746259480978167 1.4575987140293731 -2.3302908219142231
leaf_weight=63 47 40 44 41 64 50 58 56 41 63 60 54 48 55 52 70 40 40
leaf_count=63 47 40 44 41 64 50 58 56 41 63 60 54 48 55 52 70 40 40
internal_value=-0.00030426 0.0116719 -0.021875 -0.0037037 0.0242627 -0.00632184 0.0136364 0.0305825 0.0353755 -0.0184211 0.0136364 -0.0373684 -0.00918367 0.0208333 -0.0438356 0.0442675 0.0472727 -0.048913
internal_weight=986 634 352 162 373 261 99 309 253 161 100 190 98 96 146 157 110 92
internal_count=986 634 352 162 373 261 99 309 253 161 100 190 98 96 146 157 110 92
cat_boundaries=0 1
cat_threshold=391
is_linear=0
shrinkage=0.05


Tree=16
num_leaves=20
num_cat=1
split_feature=15 30 2 15 9 10 11 30 38 13 29 16 33 9 18 16 72 36 9
split_gain=91.7964 64.6086 37.1078 28.8482 27.0889 14.6859 13.9066 11.4908 9.34309 13.3277 10.1088 9.00855 8.72908 7.54584 15.896 10.4965 4.7321 3.06822 0.235052
threshold=36.664999999999999 9.3750000000000018 0 32.664999999999999 1068.0300000000002 188.78500000000005 2139.6150000000002 5.5900000000000327 220.03185941043105 21.800000000000001 -89.324999999999974 0.24839211213861698 0.79591832786675942 2946.3250000000003 2865.0000000000005 0.32891544207273787 -33.353654503528794 0.010910233041080752 2436.7000000000003
decision_type=2 2 9 2 2 2 2 2 2 2 2 2 2 2 2 2 2 2 2
left_child=2 6 3 7 -3 -6 17 -1 9 -8 -11 -4 13 14 15 -7 -13 -2 -18
right_child=1 4 11 -5 5 12 8 -9 -10 10 -12 16 -14 -15 -16 -17 18 -19 -20
leaf_value=1.1301576580703496 2.0960269366875983 2.150035820446202 -0.36783632288498486 -0.79357800086315811 0.30322087388183194 0.029741424919116799 0.56689864990568606 -0.018266997728416712 0.244486907104707 1.355618106301459 -0.19995297251703975 -0.75296353062686228 -1.1069943237001976 -0.8426462686940932 0.28525417597167085 -0.60595493834810388 -1.7716497443496555 1.7141689727373313 -1.8436001577684564
leaf_weight=47 67 41 40 78 57 46 70 46 40 42 41 40 43 58 50 48 57 40 40
leaf_count=47 67 41 40 78 57 46 70 46 40 42 41 40 43 58 50 48 57 40 40
internal_value=0.000857719 0.0120529 -0.0198276 -0.00321637 -0.00276968 -0.00794702 0.029 0.0155914 0.0209845 0.0153595 0.00180723 -0.0358757 -0.0132653 -0.00891089 -0.00277778 -0.0148936 -0.0419708 0.0434579 -0.0479381
internal_weight=991 643 348 171 343 302 300 93 193 153 83 177 245 202 144 94 137 107 97
internal_count=991 643 348 171 343 302 300 93 193 153 83 177 245 202 144 94 137 107 97
cat_boundaries=0 1
cat_threshold=2
is_linear=0
shrinkage=0.05


Tree=17
num_leaves=19
num_cat=1
split_feature=15 30 58 18 15 30 51 58 12 12 18 27 14 42 45 38 12 19
split_gain=81.2152 56.4883 39.5423 32.3595 28.6281 18.3234 18.1317 11.8029 10.7212 9.77968 9.58366 9.06185 8.2915 7.85347 5.36508 5.10275 3.58209 0.990476
threshold=36.664999999999999 7.7250000000001373 73.315000000000012 1995.0000000000002 33.160000000000018 5.5900000000000327 0 78.890000000000015 82.080000000000013 83.690000000000012 3505.0000000000005 35.000000000000007 119.95000000000002 0.99522354965493276 0.028048265664590153 204.54689342403634 97.040000000000006 265.00000000000006
decision_type=2 2 2 2 2 2 9 2 2 2 2 2 2 2 2 2 2 2
left_child=2 10 -1 7 5 -4 8 -3 -5 -7 11 16 -8 -14 17 -15 -2 -6
right_child=1 3 4 6 14 9 12 -9 -10 -11 -12 -13 13 15 -16 -17 -18 -19
leaf_value=0.84807855744311444 1.5133447965879094 1.9657905970228216 0.21115765018403368 0.27490911645771549 -1.7730812722676683 -0.23292157900747032 -1.4354639596191983 0.10727328257452125 -0.14827519791262525 -1.2702935765641477 0.22312360143478804 0.40879917239596902 0.0051918638131459366 -0.98715752882781205 -0.87584882496004224 -0.22641857071812341 2.0041798944103877 -1.6235436404759249
leaf_weight=43 80 47 66 64 40 46 49 42 47 40 72 42 50 42 45 41 54 65
leaf_count=43 80 47 66 64 40 46 49 42 47 40 72 42 50 42 45 41 54 65
internal_value=0.00138462 0.0120635 -0.0181159 0 -0.0245033 -0.00921053 -0.00802048 0.0264045 0.00785124 -0.0244186 0.0306452 0.0369318 -0.0171875 -0.0116541 -0.04 -0.0210843 0.0432836 -0.0461905
internal_weight=975 630 345 382 302 152 293 89 111 86 248 176 182 133 150 83 134 105
internal_count=975 630 345 382 302 152 293 89 111 86 248 176 182 133 150 83 134 105
cat_boundaries=0 1
cat_threshold=12423
is_linear=0
shrinkage=0.05


Tree=18
num_leaves=18
num_cat=0
split_feature=15 30 45 15 45 23 31 8 29 29 30 19 60 39 68 18 9
split_gain=75.7756 46.0527 42.6419 37.8697 26.9979 17.6966 14.592 13.3822 10.2815 9.03187 10.4292 9.81335 7.48693 7.16803 4.90555 3.12195 0.202469
threshold=36.664999999999999 10.990000000000011 0.018691088093297854 32.664999999999999 0.014402058673229653 1915.0000000000002 267.87999999999994 5530.7482993197291 -91.024999999999963 -72.454999999999913 6.4750000000001373 65.000000000000014 2946.6800000000007 -26.61761290792904 70.495999999999995 3535.0000000000005 2431.7850000000003
decision_type=2 2 2 2 2 2 2 2 2 2 2 2 2 2 2 2 2
left_child=2 5 14 7 12 13 -6 -4 -5 10 11 -7 -3 -2 -1 -14 -16
right_child=1 4 3 8 6 9 -8 -9 -10 -11 -12 -13 15 -15 16 -17 -18
leaf_value=-1.0184832875716574 2.1218400102793149 -0.21288999619416199 1.2050289533017826 -0.18267324676927929 0.67065973396223066 0.46434219364910528 -0.21001787360270152 0.010778003719637575 -1.3427884440933027 0.5639600224852328 -0.13764458986105785 0.12587037859772257 -0.37596335657374458 1.368574432496537 -1.6108503421400588 -1.2633489919951864 -1.8176982027141344
leaf_weight=55 71 78 44 48 70 51 47 61 67 79 51 49 41 55 41 41 40
leaf_count=55 71 78 44 48 70 51 47 61 67 79 51 49 41 55 41 41 40
internal_value=0.000758342 0.0111374 -0.0176966 -0.00409091 -0.00415162 0.0230337 0.0141026 0.017619 -0.023913 0.0147826 0.00761589 0.017 -0.0175 0.0380952 -0.0397059 -0.0280488 -0.0475309
internal_weight=989 633 356 220 277 356 117 105 115 230 151 100 160 126 136 82 81
internal_count=989 633 356 220 277 356 117 105 115 230 151 100 160 126 136 82 81
is_linear=0
shrinkage=0.05


Tree=19
num_leaves=18
num_cat=1
split_feature=47 30 5 20 8 68 12 40 18 45 58 68 9 32 10 68 58
split_gain=65.5666 39.3465 36.1975 22.7159 18.3128 16.5069 16.6047 16.4516 17.2589 11.3576 9.6321 8.89702 10.8023 8.36701 8.25203 8.12698 3.23167
threshold=0 7.56000000000006 0.083916083916083919 3015.0000000000005 5671.3605442176877 32.541000000000018 89.995000000000019 -30.488926104447454 2875.0000000000005 0.0080757829742508017 139.37500000000003 111.62500000000001 1989.2950000000003 0.86002918497742464 196.06000000000003 86.600000000000009 81.990000000000023
decision_type=1 2 2 2 2 2 2 2 2 2 2 2 2 2 2 2 2
left_child=2 4 5 7 15 -1 -7 13 9 -9 11 12 -4 -3 -14 16 -2
right_child=1 3 10 -5 -6 6 -8 8 -10 -11 -12 -13 14 -15 -16 -17 -18
leaf_value=-0.77533846209811663 1.9607005573243932 1.0513969082929788 -0.15598904861167606 -0.87463220278666187 0.11626532332082909 1.1235670867778527 -0.073368953606249315 -1.2319803826089508 0.36303140538239287 0.00089229934960206598 -0.32939572697920316 -1.4954751540902789 -1.3692141809918645 0.15422207696553847 -0.60051479814390241 0.43758784222011615 1.0381447847679108
leaf_weight=45 75 49 45 74 75 43 48 51 43 69 47 60 60 51 53 42 51
leaf_count=45 75 49 45 74 75 43 48 51 43 69 47 60 60 51 53 42 51
internal_value=0.000458716 0.0112069 -0.0150873 0.000148368 0.0265432 0.00588235 0.0181319 0.00703422 -0.00276074 -0.0125 -0.0258491 -0.0302752 -0.0240506 0.023 -0.0323009 0.0357143 0.0420635
internal_weight=981 580 401 337 243 136 91 263 163 120 265 218 158 100 113 168 126
internal_count=981 580 401 337 243 136 91 263 163 120 265 218 158 100 113 168 126
cat_boundaries=0 1
cat_threshold=4
is_linear=0
shrinkage=0.05


Tree=20
num_leaves=18
num_cat=1
split_feature=15 15 30 45 17 8 68 51 40 60 12 40 29 14 58 30 10
split_gain=68.2035 46.0138 44.9069 27.6043 25.6151 17.8596 17.571 19.545 14.5325 13.4027 12.1104 7.19953 6.61175 4.86 3.38824 2.28143 0.211765
threshold=36.664999999999999 32.664999999999999 7.7250000000001373 0.018691088093297854 1125.0000000000002 5671.3605442176877 22.590500000000002 0 -36.10957808368412 3213.4300000000007 80.855000000000004 -28.686821697681488 -58.154999999999966 132.00500000000002 112.18500000000002 2.799999999999955 206.17500000000004
decision_type=2 2 2 2 2 2 2 9 2 2 2 2 2 2 2 2 2
left_child=1 3 5 -1 -4 11 12 13 -3 -5 -9 14 -6 -8 16 -10 -2
right_child=2 8 4 9 6 -7 7 10 15 -11 -12 -13 -14 -15 -16 -17 -18
leaf_value=-0.68812089838559032 1.5414980298251955 -0.45467874457755891 1.8251390508132639 0.10179686609406571 -1.3305217224054311 0.10870952427451049 -0.86156577552832303 0.37554574809141794 -1.4622979998094401 0.8910426206840214 -0.014296813525293928 0.4749277347967138 -0.49554911555708969 -0.045378419989213992 0.81546961122320671 -1.4488402363997843 2.0880358204457807
leaf_weight=63 40 71 40 69 46 76 60 79 41 40 77 49 45 40 40 76 45
leaf_count=63 40 71 40 69 46 76 60 79 41 40 77 49 45 40 40 76 45
internal_value=0.000451354 -0.0169444 0.0102826 0.00174419 -0.000387597 0.0268 -0.00475504 0.00195312 -0.0340426 0.0169725 0.0126506 0.0356322 -0.0236264 -0.0145455 0.042 -0.0448718 0.0476471
internal_weight=997 360 637 172 387 250 347 256 188 109 156 174 91 100 125 117 85
internal_count=997 360 637 172 387 250 347 256 188 109 156 174 91 100 125 117 85
cat_boundaries=0 1
cat_threshold=232992
is_linear=0
shrinkage=0.05


Tree=21
num_leaves=17
num_cat=1
split_feature=15 30 15 51 39 43 27 29 39 49 18 25 18 29 9 16
split_gain=66.8087 40.6925 35.1972 26.0244 16.4103 16.6407 14.9996 14.63 13.0285 9.52914 9.31717 6.72343 6.43512 7.02293 6.06226 0.229787
threshold=36.664999999999999 9.2849999999999699 32.664999999999999 0 -21.750845678626685 0.81749731900583922 35.000000000000007 -91.74499999999999 -26.027184062001616 1.0000000180025095e-35 1995.0000000000002 420.00000000000017 1615.0000000000002 -72.454999999999913 2936.0500000000006 0.29436409264158619
decision_type=2 2 2 9 2 2 2 2 2 2 2 2 2 2 2 2
left_child=2 8 4 14 5 -1 10 -4 12 -10 -5 -9 -2 -14 -3 -13
right_child=1 3 7 6 -6 -7 -8 11 9 -11 -12 15 13 -15 -16 -17
leaf_value=1.0099051874044915 1.9722065098777273 -0.074353474538417438 -0.20528805120858051 1.3714666919689262 -0.532738479113262 -0.18951457715380418 -0.17644456399898212 -0.6316599563600791 0.26066246397709264 -0.039304722828899796 0.10484342740826376 -1.2774585799921436 0.37493496954794997 0.64365871070539249 -1.2534282897044726 -1.7343753264681607
leaf_weight=42 52 73 48 59 52 66 78 42 71 59 74 40 52 55 56 54
leaf_count=42 52 73 48 59 52 66 78 42 71 59 74 40 52 55 56 54
internal_value=0.000565262 0.0102544 -0.0171512 -0.00147059 0 0.0111111 0.00927602 -0.0320652 0.0240484 0.0123077 0.0199248 -0.0404412 0.0336478 0.0266355 -0.0183453 -0.0478723
internal_weight=973 629 344 340 160 108 211 184 289 130 133 136 159 107 129 94
internal_count=973 629 344 340 160 108 211 184 289 130 133 136 159 107 129 94
cat_boundaries=0 1
cat_threshold=247328
is_linear=0
shrinkage=0.05


Tree=22
num_leaves=18
num_cat=0
split_feature=15 45 30 15 28 27 40 14 60 45 8 15 5 15 31 42 39
split_gain=55.8942 38.9393 37.174 27.3888 23.0269 16.8459 12.1161 12.7111 11.2344 11.1555 11.9023 10.1491 7.83049 5.57932 5.41882 5.0764 0.688008
threshold=36.664999999999999 0.018601075511075704 7.7250000000001373 32.170000000000009 3015.0000000000005 40.000000000000121 -27.862251716529055 115.17 2819.7950000000005 0.012017406474430952 5530.7482993197291 32.664999999999999 0.083916083916083919 39.589999999999996 1.0000000180025095e-35 0.99499948248767789 -27.226489570036232
decision_type=2 2 2 2 2 2 2 2 2 2 2 2 2 2 2 2 2
left_child=1 11 6 -3 5 9 7 -2 -7 -4 -11 -1 -5 -10 -6 16 -9
right_child=2 3 4 12 14 8 -8 15 13 10 -12 -13 -14 -15 -16 -17 -18
leaf_value=-0.58043989780601968 0.07866836011844669 0.77988954614668904 0.052994416471141385 -0.05815288740492424 -0.11953429579835478 -0.95075160433708372 0.24762934077823801 1.8336739938905773 -0.059841421287931774 1.4980013186817194 0.26204147640524456 -1.3883442011451912 -0.60648581433178927 0.18063664049886061 -1.199887317387778 0.59082653859071277 1.0589002978139224
leaf_weight=56 42 74 66 57 40 41 61 45 62 57 43 79 77 40 42 55 46
leaf_count=56 42 74 66 57 40 41 61 45 62 57 43 79 77 40 42 55 46
internal_value=0.00127162 -0.0150146 0.01 -0.00144231 0.000383632 0.0066343 0.0251004 0.031383 -0.00594406 0.0174699 0.028 -0.0359259 -0.0149254 0.00294118 -0.0231707 0.0383562 0.0456044
internal_weight=983 343 640 208 391 309 249 188 143 166 100 135 134 102 82 146 91
internal_count=983 343 640 208 391 309 249 188 143 166 100 135 134 102 82 146 91
is_linear=0
shrinkage=0.05


Tree=23
num_leaves=18
num_cat=2
split_feature=58 47 51 8 23 36 36 12 12 29 31 68 68 62 38 32 38
split_gain=59.6377 34.6955 25.2441 18.5966 15.4511 14.0065 13.2364 12.9092 12.3908 10.0903 9.55232 9.21416 8.49123 11.5104 6.25153 3.75159 0.476471
threshold=76.210000000000022 0 1 5530.7482993197291 1555.0000000000002 0.088662816801312563 0.12884240761162138 78.795000000000016 93.550000000000011 -64.019999999999968 286.13500000000005 68.450000000000017 60.562500000000121 3400.9500000000003 179.12410430839 0.92590984824285294 192.21850340136066
decision_type=2 1 9 2 2 2 2 2 2 2 2 2 2 2 2 2 2
left_child=3 6 5 4 14 7 9 -3 -9 12 11 -4 13 -2 -1 -14 -16
right_child=1 2 10 -5 -6 -7 -8 8 -10 -11 -12 -13 15 -15 16 -17 -18
leaf_value=0.88601497137449714 -0.87170184824684849 0.35346449056815804 0.49731124863953319 -0.051832882612022284 0.28747124774512062 0.27203694973553899 0.042480678462837762 -0.38249381053188292 0.40257435382252238 -0.031110045137308973 -0.4150229454317389 -0.45770412617870965 -1.2818885141694749 0.13358733746174242 1.530597745276177 -1.1088663885283341 1.7477144631265007
leaf_weight=40 72 72 47 62 72 64 52 73 40 49 62 41 66 42 40 48 45
leaf_count=40 72 72 47 62 72 64 52 73 40 49 62 41 66 42 40 48 45
internal_value=5.06586e-05 -0.00728022 0.00263158 0.0206564 0.0281726 0.0121622 -0.0193009 0.00567568 -0.00486726 -0.0236462 -0.013125 -0.00340909 -0.0280702 -0.0184211 0.0388 -0.0377193 0.0464706
internal_weight=987 728 399 259 197 249 329 185 113 277 150 88 228 114 125 114 85
internal_count=987 728 399 259 197 249 329 185 113 277 150 88 228 114 125 114 85
cat_boundaries=0 1 2
cat_threshold=4 158279
is_linear=0
shrinkage=0.05


Tree=24
num_leaves=18
num_cat=1
split_feature=15 15 30 51 45 8 8 40 62 12 15 30 30 39 40 19 33
split_gain=68.207 45.121 36.7214 23.0712 19.5887 22.4928 15.0506 11.8225 11.746 11.6498 25.0475 11.5317 8.34044 6.32475 3.95122 1.53812 0.896703
threshold=36.664999999999999 33.165000000000013 7.7250000000001373 0 0.018691088093297854 5530.7482993197291 5671.3605442176877 -36.583340304712713 3114.7550000000006 82.080000000000013 39.589999999999996 12.049999999999956 20.305000000000067 -23.592017285541818 -29.561957791935637 245.00000000000003 0.49233185284480502
decision_type=2 2 2 9 2 2 2 2 2 2 2 2 2 2 2 2 2
left_child=1 4 6 11 -1 -6 8 -3 16 12 -11 -4 13 -5 -10 -9 -2
right_child=2 7 3 9 5 -7 -8 15 14 10 -12 -13 -14 -15 -16 -17 -18
leaf_value=-0.59197393260138875 1.5788029847375042 -0.589599232387646 0.0067715063548655866 0.7384058901142877 0.94578873540680286 -0.067626180386615789 0.042490083838068876 -1.4531367162271818 0.76762278428004926 -1.3804216939231022 0.25571306593976778 -0.63787769677411166 -0.029554542880443437 0.19962030475621548 0.35506302960402825 -1.174924690076331 1.5929031926933055
leaf_weight=66 51 59 41 54 44 65 73 41 41 43 73 68 43 57 41 70 40
leaf_count=66 51 59 41 54 44 65 73 41 41 43 73 68 43 57 41 70 40
internal_value=0.000309278 -0.0175362 0.01016 0.000395778 0.000285714 0.0133028 0.0252033 -0.0358824 0.033237 0.00821429 -0.00344828 -0.0180672 0.0175325 0.0247748 0.0195122 -0.0454955 0.0456044
internal_weight=970 345 625 379 175 109 246 170 173 270 116 109 154 111 82 111 91
internal_count=970 345 625 379 175 109 246 170 173 270 116 109 154 111 82 111 91
cat_boundaries=0 1
cat_threshold=115744
is_linear=0
shrinkage=0.05


Tree=25
num_leaves=18
num_cat=1
split_feature=58 15 14 16 2 60 30 33 18 62 29 31 16 17 31 68 11
split_gain=67.11 42.1555 26.0584 20.4867 19.6809 28.9584 16.8972 15.2841 14.631 13.1756 11.9859 8.85652 6.97954 6.59361 3.27868 1.25904 0.0534884
threshold=76.210000000000022 39.589999999999996 116.33500000000002 0.23153875805171692 0 3313.0000000000005 7.56000000000006 0.6390733401101365 2025.0000000000002 1772.2650000000001 -64.650000000000077 169.82999999999996 0.27729634154420318 2175.0000000000005 -134.72999999999999 61.177 1301.6650000000002
decision_type=2 2 2 2 9 2 2 2 2 2 2 2 2 2 2 2 2
left_child=2 3 9 6 5 11 -2 13 16 -1 12 -5 -6 -3 -14 -16 -4
right_child=1 7 8 4 10 -7 -8 -9 -10 -11 -12 -13 14 -15 15 -17 -18
leaf_value=0.70543325174223259 0.582963030328013 0.098621270683831336 1.6175811995299139 -0.11713282461288631 -0.47210229225645861 0.23415782335801749 -0.24696231287132342 -0.060542180443727035 0.2486441274731348 -0.16204156356538735 -0.0064636974091147438 -1.5536330923937347 -0.91493427791948079 0.32121932414651622 -0.85632140379418387 -1.3865568704625646 1.3455718335798499
leaf_weight=45 42 48 40 43 47 68 68 75 60 75 43 53 41 73 40 71 46
leaf_count=45 42 48 40 43 47 68 68 75 60 75 43 53 41 73 40 71 46
internal_value=0 -0.00800562 0.0214286 -0.0155039 -0.0206897 -0.00731707 0.00363636 0.0117347 0.0356164 0.00416667 -0.0297521 -0.025 -0.0349246 0.0227273 -0.0401316 -0.0445946 0.0488372
internal_weight=978 712 266 516 406 164 110 196 146 120 242 96 199 121 152 111 86
internal_count=978 712 266 516 406 164 110 196 146 120 242 96 199 121 152 111 86
cat_boundaries=0 1
cat_threshold=2
is_linear=0
shrinkage=0.05


Tree=26
num_leaves=19
num_cat=1
split_feature=15 15 40 8 45 38 27 65 39 40 2 27 10 18 10 19 18 11
split_gain=59.6174 38.6766 38.3454 26.8353 26.725 19.4966 19.4645 27.0775 15.1 14.0038 13.4105 13.2578 7.84482 5 4.05 3.08772 2.80182 0.222222
threshold=36.664999999999999 32.664999999999999 -27.352596109646328 5671.3605442176877 0.018408493331181653 204.82006802721082 95.000000000000014 1.0000000180025095e-35 -21.750845678626685 -36.10957808368412 0 50.000000000000121 204.49500000000003 2885.0000000000005 199.12500000000003 295.00000000000006 2025.0000000000002 1292.4750000000001
decision_type=2 2 2 2 2 2 2 2 2 2 9 2 2 2 2 2 2 2
left_child=1 8 3 4 10 14 7 -4 11 -3 12 -1 -2 -8 -5 -11 17 -6
right_child=2 9 6 5 16 -7 13 -9 -10 15 -12 -13 -14 -15 -16 -17 -18 -19
leaf_value=0.78204265082140734 0.35592525586924567 -0.33985106515563646 0.32889609250303675 -0.019388035983297993 1.5148202476224222 0.10199586338262563 -1.4584688980710538 -0.65856908681446569 -0.47274971752962558 -1.3891089134056518 1.5268795905550736 -0.27084869871246886 -0.13447670880556759 -0.30094811165515811 -0.84447098971883783 -1.0830543499103895 0.78804694750565185 1.341764621887569
leaf_weight=64 42 67 71 40 40 52 40 59 49 48 65 44 53 40 40 66 46 50
leaf_count=64 42 67 71 40 40 52 40 59 49 48 65 44 53 40 40 66 46 50
internal_value=0.000409836 -0.016568 0.00940439 0.0179907 0.0263514 -0.000757576 -0.00809524 0.00384615 0.00159236 -0.0323204 0.0125 0.012037 0.000526316 -0.0275 -0.01625 -0.0429825 0.0426471 0.0477778
internal_weight=976 338 638 428 296 132 210 130 157 181 160 108 95 80 80 114 136 90
internal_count=976 338 638 428 296 132 210 130 157 181 160 108 95 80 80 114 136 90
cat_boundaries=0 1
cat_threshold=1
is_linear=0
shrinkage=0.05


Tree=27
num_leaves=19
num_cat=1
split_feature=58 15 51 14 45 68 18 30 21 15 40 42 68 15 44 59 32 9
split_gain=59.9419 40.1679 25.5039 23.4087 21.6895 18.0156 17.9181 17.6187 16.0527 15.8816 13.1773 8.9552 8.729 6.86097 4.47666 2.26683 0.8 0.054023
threshold=76.210000000000022 36.664999999999999 0 116.16500000000001 0.018601075511075704 31.600500000000004 2025.0000000000002 5.5900000000000327 2085.0000000000005 32.664999999999999 -26.524639029545408 0.99056020367152475 79.748500000000021 32.664999999999999 0.033881485681882602 1897.8300000000002 0.88499587579000016 1047.0000000000002
decision_type=2 2 9 2 2 2 2 2 2 2 2 2 2 2 2 2 2 2
left_child=3 4 5 7 13 -3 17 -1 -6 -10 11 -4 15 -2 -13 -7 -15 -5
right_child=1 2 10 6 8 12 -8 -9 9 -11 -12 14 -14 16 -16 -17 -18 -19
leaf_value=0.59659681913723384 -0.58757735693261681 -0.099802379442102226 0.40830046018442734 1.4606596435989809 -0.57174532528641264 0.97654872930090242 0.21834997702231154 -0.402864971333109 0.20707396034884173 -0.78436042399636363 -0.58656706548483584 -0.00108970004704112 0.082921510538245979 -1.0739156061929582 -0.28727969199125242 0.23760942209361927 -1.2493018129431381 1.1752842482047392
leaf_weight=64 58 66 47 40 60 41 60 52 50 43 63 51 77 40 41 47 40 47
leaf_count=64 58 66 47 40 60 41 60 52 50 43 63 51 77 40 41 47 40 47
internal_value=0.000658561 -0.00676796 0.00288684 0.0211027 -0.021134 0.0139004 0.0343537 0.00431034 -0.00816993 0.00483871 -0.00990566 -0.00179856 0.0233333 -0.0355072 -0.0108696 0.0340909 -0.045 0.0488506
internal_weight=987 724 433 263 291 231 147 116 153 93 202 139 165 138 92 88 80 87
internal_count=987 724 433 263 291 231 147 116 153 93 202 139 165 138 92 88 80 87
cat_boundaries=0 1
cat_threshold=27079
is_linear=0
shrinkage=0.05


Tree=28
num_leaves=19
num_cat=1
split_feature=58 15 23 45 51 9 13 21 15 15 30 17 68 40 14 15 16 8
split_gain=54.8104 41.8567 21.675 20.611 19.7189 19.2224 16.2222 15.496 19.4198 13.8972 12.6481 10.278 7.73665 10.2224 6.36987 5.68405 4.88025 3.69308
threshold=72.915000000000006 36.664999999999999 1105.0000000000002 0.018601075511075704 0 1934.6500000000003 22.570000000000004 2535.0000000000005 32.664999999999999 39.589999999999996 9.5050000000001109 2205.0000000000005 32.77450000000001 -28.192385554041497 116.93000000000002 32.664999999999999 0.36006223482498451 5890.0907029478467
decision_type=2 2 2 2 9 2 2 2 2 2 2 2 2 2 2 2 2 2
left_child=5 3 -3 15 9 14 10 17 -9 12 -6 -11 -4 -14 -1 -2 -8 -5
right_child=1 2 4 7 6 -7 16 8 -10 11 -12 -13 13 -15 -16 -17 -18 -19
leaf_value=0.6575482807020121 -0.6084386613530951 1.6924292989316827 -0.44630898811548791 -0.35592064107542964 0.34720479598276072 -0.018219582387096447 -0.45282204996466247 0.57315086106752278 -0.60017834125546199 0.01291241035290073 -0.17040176775221366 0.35687987767349744 0.44582852001583578 -0.14447039954583948 1.3179846119619478 -1.2331704489836797 -0.488532737511299 -0.83050403987762622
leaf_weight=62 59 48 44 51 40 50 50 44 50 44 42 64 41 44 72 77 63 40
leaf_count=62 59 48 44 51 40 50 50 44 50 44 42 64 41 44 72 77 63 40
internal_value=-0.000152284 -0.00580524 0.00354167 -0.0197819 0 0.0244565 -0.0114634 -0.00891892 0.00531915 0.00951417 0.00487805 0.0231481 -0.00116279 0.00764706 0.0343284 -0.0345588 -0.0243363 -0.0236264
internal_weight=985 801 480 321 432 184 195 185 94 237 82 108 129 85 134 136 113 91
internal_count=985 801 480 321 432 184 195 185 94 237 82 108 129 85 134 136 113 91
cat_boundaries=0 1
cat_threshold=161861
is_linear=0
shrinkage=0.05


Tree=29
num_leaves=19
num_cat=1
split_feature=15 45 9 30 15 8 3 14 25 25 29 60 18 5 13 73 39 33
split_gain=54.8327 35.0876 29.4655 25.4292 21.8477 15.5771 14.9316 12.601 9.82843 8.47603 8.17929 7.92293 6.58934 6.38709 5.45399 5.06144 5 0.876623
threshold=36.664999999999999 0.018601075511075704 1048.8750000000002 7.56000000000006 32.664999999999999 5530.7482993197291 0 134.83000000000001 235.00000000000003 575.00000000000011 -91.74499999999999 2854.0250000000005 2105.0000000000005 0.34891304347826085 21.660000000000004 0.89902639201356971 -22.506916589084579 0.54889384064901503
decision_type=2 2 2 2 2 2 9 2 2 2 2 2 2 2 2 2 2 2
left_child=1 14 15 11 5 -3 12 8 -8 -10 -6 -4 -5 -13 -1 -2 -11 -16
right_child=2 4 3 6 10 -7 7 -9 9 16 -12 13 -14 -15 17 -17 -18 -19
leaf_value=-0.57186426564462911 1.3144577393288719 0.83704710572264873 0.52605967303074463 0.039590838571508517 -0.054168189562884633 -0.027700713903532039 0.065064742012507892 0.12292518198951151 -1.1111180883541583 0.046372871428941136 -0.9079975251454897 -0.012545614422085625 0.33853185983950579 0.29560457241092836 -0.77160590030360832 1.3640729453834284 -0.54616216882970725 -0.96446187080515144
leaf_weight=50 45 47 75 46 43 60 43 57 73 40 67 43 57 78 44 40 40 40
leaf_count=50 45 47 75 46 43 60 43 57 73 40 67 43 57 78 44 40 40 40
internal_value=0.000910931 -0.0149573 0.00965463 0.00543478 -0.00253456 0.0135514 -0.00252809 -0.00893536 -0.0153061 -0.0212418 -0.0181818 0.019898 0.0128319 0.0119835 -0.0350746 0.0370588 -0.01 -0.0428571
internal_weight=988 351 637 552 217 107 356 253 196 153 110 196 103 121 134 85 80 84
internal_count=988 351 637 552 217 107 356 253 196 153 110 196 103 121 134 85 80 84
cat_boundaries=0 1
cat_threshold=1
is_linear=0
shrinkage=0.05


Tree=30
num_leaves=17
num_cat=1
split_feature=58 15 63 12 18 39 15 51 39 39 27 62 40 14 42 40
split_gain=46.7422 41.2791 25.2583 17.6563 16.3632 15.8766 15.6692 13.6554 9.69199 9.66898 9.93908 9.06956 11.2741 7.46166 5.58905 3.54595
threshold=72.915000000000006 39.589999999999996 0.8606772100197847 73.805000000000021 2025.0000000000002 -26.855599378874668 39.990000000000002 0 -26.448382869533454 -20.698939212823948 75.000000000000014 3383.2500000000005 -29.451274720906792 116.93000000000002 0.97927963401222085 -31.268959894632445
decision_type=2 2 2 2 2 2 2 9 2 2 2 2 2 2 2 2
left_child=4 3 6 8 13 -4 -3 9 -2 10 14 15 -13 -1 -5 -9
right_child=1 2 5 7 -6 -7 -8 11 -10 -11 -12 12 -14 -15 -16 -17
leaf_value=0.61299418571566455 0.33539522344046518 1.4735255383151831 -0.32229367521434071 0.52612978359738249 0.046301404969378984 0.06236011536309756 0.044119481042878973 -0.52386885200758548 -0.080799663212049219 -0.59217353102931158 -0.52979363474518271 0.055968199486686479 -0.56694209619131941 1.0818914492709208 -0.23473448089522053 -0.92653448491540547
leaf_weight=47 61 66 46 73 67 77 41 60 53 62 59 50 64 61 40 63
leaf_count=47 61 66 46 73 67 77 41 60 53 62 59 50 64 61 40 63
internal_value=-0.00030303 -0.00533742 0.0126087 -0.0123932 0.0231429 -0.00284553 0.0303738 -0.0166667 0.00526316 -0.00696721 -0.00116279 -0.0248988 -0.0157895 0.0351852 0.00752212 -0.0353659
internal_weight=990 815 230 585 175 123 107 471 114 234 172 237 114 108 113 123
internal_count=990 815 230 585 175 123 107 471 114 234 172 237 114 108 113 123
cat_boundaries=0 1
cat_threshold=59140
is_linear=0
shrinkage=0.05


Tree=31
num_leaves=20
num_cat=0
split_feature=15 68 45 31 38 14 30 18 33 68 42 12 16 40 44 42 73 16 19
split_gain=46.7034 32.8446 28.9175 18.879 20.2723 15.3763 14.6505 14.2709 13.3402 12.6374 11.1148 9.17248 8.679 6.84986 6.54124 11.848 3.42164 3.35911 3.09711
threshold=36.664999999999999 71.536000000000001 0.011935304741901803 267.87999999999994 192.21850340136066 134.83000000000001 7.464999999999919 2015.0000000000002 0.36417014581038409 41.02000000000001 0.9808129028804693 77.010000000000019 0.31928514115167683 -28.342600673878589 0.033314431528210904 0.94704542044348661 0.87360687437377693 0.28446718869857418 495.00000000000006
decision_type=2 2 2 2 2 2 2 2 2 2 2 2 2 2 2 2 2 2 2
left_child=1 8 5 7 -5 6 -2 16 9 -1 -6 -8 -11 17 -9 -16 -4 -3 -13
right_child=2 13 3 4 10 -7 11 14 -10 12 -12 18 -14 -15 15 -17 -18 -19 -20
leaf_value=-0.31366955635929794 0.18852021894402618 -0.27967401315729584 1.1359372516463995 -0.36491482762115607 0.73341893459183494 0.43023842396929929 -0.057835783892252836 0.46957160621209404 -0.51110030358602965 0.74629310034084173 -0.056629656396173594 -1.4964715539446218 0.018745503098409701 -0.89783550727551864 0.18841013085279432 -0.044559335864672353 1.0126731149515802 -1.486255873663719 -0.81425502663478722
leaf_weight=66 46 40 45 46 51 64 48 58 60 44 42 44 47 43 43 47 59 41 43
leaf_count=66 46 40 45 46 51 64 48 58 60 44 42 44 47 43 43 47 59 41 43
internal_value=0.00158649 -0.0133431 0.00959119 0.0180307 0.00323741 -0.00387755 -0.011326 0.0261905 -0.0016129 0.00605096 0.0166667 -0.0196296 0.0181319 -0.033871 0.0162162 0.00777778 0.0403846 -0.0253086 -0.0293103
internal_weight=977 341 636 391 139 245 181 252 217 157 93 135 91 124 148 90 104 81 87
internal_count=977 341 636 391 139 245 181 252 217 157 93 135 91 124 148 90 104 81 87
is_linear=0
shrinkage=0.05


Tree=32
num_leaves=17
num_cat=1
split_feature=58 10 21 51 45 15 35 12 14 25 57 33 27 62 31 14
split_gain=43.7812 30.5799 23.5435 21.508 26.2969 11.5533 13.8692 8.77207 8.43566 6.5656 8.02482 6.03207 6.54322 5.95055 5.2069 3.92267
threshold=72.915000000000006 236.49500000000003 2535.0000000000005 0 0.012427349675024402 36.664999999999999 0.4258266898456658 75.780000000000015 116.93000000000002 644.99999999999989 86.40000000000002 0.75722864099231912 35.000000000000007 3193.4850000000001 286.13500000000005 110.54500000000003
decision_type=2 2 2 9 2 2 2 2 2 2 2 2 2 2 2 2
left_child=2 3 8 4 11 6 15 -7 -1 10 13 12 -2 -6 -9 -5
right_child=1 -3 -4 5 9 7 -8 14 -10 -11 -12 -13 -14 -15 -16 -17
leaf_value=0.50392478575410082 0.11171104377129355 1.5125950403923341 -0.12680697271277483 -0.9400477745088367 0.067913807757311109 0.22274776541405919 -0.076693827197533801 -0.047027086445106316 1.0226397908014755 0.39785444870854286 -0.016567702897239658 -0.77354227530304775 -0.3084225507251539 0.24657355084861532 -0.40617470613423273 -0.57323542996780186
leaf_weight=66 48 46 46 65 56 56 59 72 72 44 73 51 63 52 61 48
leaf_count=66 48 46 46 65 56 56 59 72 72 44 73 51 63 52 61 48
internal_value=0.000306748 -0.00478589 0.0222826 -0.00721925 0.0011335 -0.0157682 -0.0255814 -0.00767196 0.0326087 0.0122222 0.00801105 -0.0141975 -0.00765766 0.0166667 -0.0146617 -0.0358407
internal_weight=978 794 184 748 387 361 172 189 138 225 181 162 111 108 133 113
internal_count=978 794 184 748 387 361 172 189 138 225 181 162 111 108 133 113
cat_boundaries=0 1
cat_threshold=191233
is_linear=0
shrinkage=0.05


Tree=33
num_leaves=18
num_cat=1
split_feature=58 15 45 18 14 51 10 12 22 38 24 15 15 42 42 32 9
split_gain=45.8755 22.66 23.104 20.4048 22.1103 17.8869 14.218 20.3648 12.2029 13.6779 9.96944 11.7959 9.32581 7.87537 6.95538 5.46444 0.209524
threshold=76.210000000000022 36.664999999999999 0.018601075511075704 2005.0000000000002 116.93000000000002 0 226.62500000000003 78.795000000000016 399.99999999999972 204.16433106575974 2075.0000000000005 32.664999999999999 32.664999999999999 0.92732314796858806 0.99534951889749668 0.89277626604268601 1042.5950000000003
decision_type=2 2 2 2 2 9 2 2 2 2 2 2 2 2 2 2 2
left_child=3 2 12 4 -1 15 7 14 -9 -10 -4 -12 -2 -5 -7 -3 -6
right_child=1 5 10 13 16 6 -8 8 9 -11 11 -13 -14 -15 -16 -17 -18
leaf_value=0.39508172062440822 -0.29473905884804913 -0.52731464752283885 -0.41240935017837477 0.19809048072622926 1.1392659499371336 0.37130646483558349 0.55276111000789541 -0.32403795919359973 -0.37471434519087626 0.13191583108144084 0.50159139839510336 -0.48056310658446688 -0.88530207665452498 -0.095836823521174286 0.015275181559193119 -0.10591876899434971 1.0317925573895654
leaf_weight=69 57 48 57 56 40 74 50 67 53 45 49 49 76 60 40 65 44
leaf_count=69 57 48 57 56 40 74 50 67 53 45 49 49 76 60 40 65 44
internal_value=0.000750751 -0.00575342 -0.0166667 0.0184015 0.0303922 0.00135747 0.00722714 0.00304659 -0.00818182 0.00306122 -0.00354839 0.00612245 -0.0319549 0.00258621 0.0192982 -0.0150407 0.047619
internal_weight=999 730 288 269 153 442 329 279 165 98 155 98 133 116 114 113 84
internal_count=999 730 288 269 153 442 329 279 165 98 155 98 133 116 114 113 84
cat_boundaries=0 1
cat_threshold=99368
is_linear=0
shrinkage=0.05


Tree=34
num_leaves=18
num_cat=1
split_feature=15 68 17 30 68 33 68 10 33 8 68 40 47 15 22 14 15
split_gain=37.0238 33.2776 30.9683 21.3969 16.6909 14.0616 13.4532 16.0364 12.937 9.19039 16.5577 8.25714 7.95031 14.5384 5.53924 5.11881 2.19391
threshold=36.664999999999999 61.177 1115.0000000000002 9.2149999999999199 41.02000000000001 0.84143660554420585 4.5119999999999898 190.96500000000003 0.34781069087492161 5671.3605442176877 79.379500000000021 -29.700245885387698 0 39.979999999999983 434.99999999999994 109.04000000000001 35.250000000000021
decision_type=2 2 2 2 2 2 2 2 2 2 2 2 1 2 2 2 2
left_child=1 4 -2 9 -1 6 -5 -8 15 10 14 -3 -9 -14 -4 -6 -13
right_child=2 11 3 5 8 -7 7 12 -10 -11 -12 16 13 -15 -16 -17 -18
leaf_value=-0.39178888266945616 1.2059199929873916 -0.3915746117150587 0.99028168967462937 -0.75998158723519005 0.59125710911033924 -0.84052788852791738 0.30871345341852957 0.21329931161632443 -0.20200214190055227 0.0050366981143628881 0.016639902441646651 -0.78214404596403142 -0.38878867053194899 0.14552861026764577 0.28629460248863919 0.52509171042107516 -0.87410142093933851
leaf_weight=79 76 60 57 53 46 41 40 42 40 67 62 43 59 79 59 40 41
leaf_count=79 76 60 57 53 46 41 40 42 40 67 62 43 59 79 59 40 41
internal_value=0.0023374 -0.010745 0.00952756 0.00545617 0.00219512 -0.00318471 0.000915751 0.00636364 0.0134921 0.0165306 0.0224719 -0.0291667 0 -0.0057971 0.0336207 0.0244186 -0.0392857
internal_weight=984 349 635 559 205 314 273 220 126 245 178 144 180 138 116 86 84
internal_count=984 349 635 559 205 314 273 220 126 245 178 144 180 138 116 86 84
cat_boundaries=0 1
cat_threshold=4
is_linear=0
shrinkage=0.05


Tree=35
num_leaves=19
num_cat=1
split_feature=58 15 9 15 12 12 29 51 39 33 31 40 18 29 14 27 25 44
split_gain=44.2416 44.1282 25.0098 17.7088 16.5754 22.5446 11.206 11.1357 8.43879 7.17341 9.8041 7.11169 6.39925 6.08504 4.74548 5.73885 3.65455 3.20939
threshold=69.560000000000016 36.664999999999999 1036.4050000000002 33.160000000000018 78.795000000000016 100.19000000000001 -86.959999999999795 0 -27.013027295262908 0.46116076080995444 102.43000000000008 -36.78155438436962 1545.0000000000002 -72.000000000000213 134.10500000000002 1.0000000180025095e-35 475.00000000000006 0.029912106606180853
decision_type=2 2 2 2 2 2 2 9 2 2 2 2 2 2 2 2 2 2
left_child=12 3 -3 8 9 7 -5 13 -2 16 -11 -10 -1 -6 15 -9 -4 -8
right_child=1 2 4 6 5 -7 17 14 11 10 -12 -13 -14 -15 -16 -17 -18 -19
leaf_value=0.81876431233177138 0.16553863995453799 1.2931620802219854 0.25704178246595843 -0.22988916330277115 -0.0096387802361823458 1.1990833704738786 -0.76692300874324248 -0.24041179450171396 0.085948954088231944 0.32624835983414335 -0.079154461623796302 -0.39989454854900552 0.36833507463892162 0.25300320727899933 -0.037565952336259568 -1.0383135653987332 0.2953252735297639 -1.2743473857720979
leaf_weight=57 40 47 54 41 69 51 58 48 40 41 54 70 59 43 40 57 49 60
leaf_count=57 40 47 54 41 69 51 58 48 40 41 54 70 59 43 40 57 49 60
internal_value=0.00204499 -0.00185615 0.00660036 -0.0169903 0.00335968 -0.0038961 -0.0286164 -0.00992218 -0.00466667 0.0146465 0.00473684 -0.0118182 0.0310345 0.00245902 -0.0183871 -0.0252381 0.0237864 -0.0364407
internal_weight=978 862 553 309 506 308 159 257 150 198 95 110 116 112 145 105 103 118
internal_count=978 862 553 309 506 308 159 257 150 198 95 110 116 112 145 105 103 118
cat_boundaries=0 1
cat_threshold=209025
is_linear=0
shrinkage=0.05


Tree=36
num_leaves=18
num_cat=3
split_feature=58 36 8 35 8 38 51 44 47 42 8 19 23 40 57 2 31
split_gain=44.5377 23.8664 17.7505 21.4499 16.841 23.5373 15.905 17.0088 14.7368 12.6739 9.10504 7.86915 6.11028 5.38178 5.24489 2.33713 1.84052
threshold=76.210000000000022 0.23915775294088554 5671.3605442176877 0.008907579832715052 5671.3605442176877 170.13979591836724 0 0.041253189679614354 1 0.99442308566254456 5468.2539682539691 424.99999999999994 1535.0000000000002 -36.78155438436962 76.345000000000013 2 238.15000000000001
decision_type=2 2 2 2 2 2 9 2 1 2 2 2 2 2 2 9 2
left_child=4 2 3 8 5 -1 7 -4 14 -5 -11 -10 16 -8 -2 -15 -7
right_child=1 -3 6 9 -6 12 13 -9 11 10 -12 -13 -14 15 -16 -17 -18
leaf_value=0.018850313189212112 -0.06319665325269784 0.6814006800631196 0.18292481354074167 0.69051993062252071 -0.069396695382314258 0.92039459931555401 -0.6420927477543027 -0.084141697098656473 -0.83126506275681189 0.1240554503171333 -0.2579060868444028 -0.27791492516626731 0.37375826572817505 -0.62928012249307042 0.18805246290892513 -1.1287479659492292 0.85580724851570855
leaf_weight=65 41 41 51 70 52 63 62 63 68 62 41 67 40 49 57 45 48
leaf_count=65 41 41 51 70 52 63 62 63 68 62 41 67 40 49 57 45 48
internal_value=0.00238579 -0.00411437 -0.00636095 0.000246305 0.0197761 0.0259259 -0.0162963 -0.000806452 -0.00965665 0.0135838 0.00242718 -0.0203704 0.036755 -0.0259036 0.00510204 -0.0351064 0.0427928
internal_weight=985 717 676 406 268 216 270 114 233 173 103 135 151 156 98 94 111
internal_count=985 717 676 406 268 216 270 114 233 173 103 135 151 156 98 94 111
cat_boundaries=0 1 2 3
cat_threshold=90119 2 1
is_linear=0
shrinkage=0.05


Tree=37
num_leaves=18
num_cat=2
split_feature=8 38 68 31 51 44 10 15 23 40 38 13 12 15 47 58 35
split_gain=40.1168 61.2606 31.8206 18.7283 17.8433 13.511 13.3034 11.7009 11.7043 9.91551 8.61847 12.7737 11.2758 7.93565 6.35822 3.82816 0.972549
threshold=5671.3605442176877 53.563990929705376 92.571999999999903 -65.33000000000014 0 0.04182024383328601 213.77000000000001 37.580000000000005 1145.0000000000002 -29.915015805587448 193.97833333333338 29.525000000000002 95.055000000000021 32.664999999999999 1 85.235000000000014 0.071711905121963418
decision_type=2 2 2 2 9 2 2 2 2 2 2 2 2 2 1 2 2
left_child=1 6 7 -4 5 -2 14 13 16 -10 11 -6 -13 -3 -1 -16 -9
right_child=4 2 3 -5 10 -7 -8 8 9 -11 -12 12 -14 -15 15 -17 -18
leaf_value=-0.13843946733100906 0.19066414138084378 0.63215177653289056 0.37538905568938702 -0.70049243253468463 -0.98292805235968084 -0.031006455790169158 0.12134671994355913 1.044503387680771 0.72866837642722548 0.032540919673752458 -0.019228915734420496 0.017677782540324573 -0.96410412655865008 -0.02557490349229239 -0.7845477838713022 -0.54028256247959061 1.0663911076879344
leaf_weight=63 46 46 52 55 77 62 43 40 66 57 63 54 52 54 42 50 62
leaf_count=63 46 46 52 55 77 62 43 40 66 57 63 54 52 54 42 50 62
internal_value=0.00132114 0.00888889 0.0194444 -0.00420561 -0.0121469 0.00508475 -0.0141414 0.0272308 0.0335556 0.0231707 -0.0191406 -0.0254098 -0.0141509 0.013 -0.0209677 -0.0293478 0.0460784
internal_weight=984 630 432 107 354 108 198 325 225 123 246 183 106 100 155 92 102
internal_count=984 630 432 107 354 108 198 325 225 123 246 183 106 100 155 92 102
cat_boundaries=0 1 2
cat_threshold=73731 2
is_linear=0
shrinkage=0.05


Tree=38
num_leaves=20
num_cat=1
split_feature=58 47 14 18 30 40 18 29 38 25 62 63 12 42 39 30 31 44 32
split_gain=44.8401 19.3946 16.9136 15.7786 14.4613 11.382 11.3485 14.44 16.2 14.44 10.3034 9.37361 17.1987 6.50854 6.3913 5.68756 3.67834 3.429 0.838095
threshold=76.210000000000022 0 116.33500000000002 2005.0000000000002 12.200000000000047 -25.408178765227373 2565.0000000000005 -74.434999999999931 179.22323129251689 495.00000000000006 1775.2600000000002 0.82804194320897395 78.890000000000015 0.99995514624660331 -24.217978867731091 5.5900000000000327 286.13500000000005 0.028210944145165805 0.88203464152822553
decision_type=2 1 2 2 2 2 2 2 2 2 2 2 2 2 2 2 2 2 2
left_child=2 4 10 18 11 6 14 9 -9 -8 -1 -2 13 -13 15 -3 -7 -6 -4
right_child=1 5 3 -5 17 16 7 8 -10 -11 -12 12 -14 -15 -16 -17 -18 -19 -20
leaf_value=0.47552196923236378 0.66611223560418764 0.024524342665119117 0.84199644585127376 0.39212923732257698 -0.071546580681651276 -0.64533293783495227 0.022904713691925288 -0.09373170247170276 0.31989238053872993 -0.70049572307399943 -0.17247450491121086 0.39682010673480045 -0.18083567987762328 0.0087938519768327346 -0.56049927383467413 -0.39178727490312931 -0.41842503990941593 -0.4281862045726943 0.83926116052324495
leaf_weight=49 46 43 40 60 44 53 50 40 40 50 71 57 59 42 46 49 50 40 44
leaf_count=49 46 43 40 60 44 53 50 40 40 50 71 57 59 42 46 49 50 40 44
internal_value=0.00210689 -0.00444288 0.019697 0.03125 0.00555556 -0.0112827 -0.00660377 0.00166667 0.0175 -0.011 0.00583333 0.0127451 0.00696203 0.019697 -0.0173913 -0.00978261 -0.0257282 -0.0119048 0.0452381
internal_weight=973 709 264 144 288 421 318 180 80 100 120 204 158 99 138 92 103 84 84
internal_count=973 709 264 144 288 421 318 180 80 100 120 204 158 99 138 92 103 84 84
cat_boundaries=0 1
cat_threshold=2
is_linear=0
shrinkage=0.05


Tree=39
num_leaves=19
num_cat=1
split_feature=58 15 17 18 45 23 22 8 8 2 30 19 45 39 63 57 22 57
split_gain=41.45 27.8657 22.5046 13.3848 11.8762 17.6382 12.1885 14.277 9.89349 18.6712 12.8327 9.72229 6.63184 9.75947 6.14423 5.92883 5.60377 5.45878
threshold=69.560000000000016 37.580000000000005 1115.0000000000002 1545.0000000000002 0.018408493331181653 1565.0000000000002 414.99999999999994 5468.2539682539691 5671.3605442176877 0 7.56000000000006 399.99999999999972 0.0087456822536600021 -28.049091049792839 0.91622544546154283 86.085000000000022 525.00000000000011 77.240000000000023
decision_type=2 2 2 2 2 2 2 2 2 9 2 2 2 2 2 2 2 2
left_child=3 4 -3 -1 6 -6 -2 -8 10 11 16 -10 17 -14 15 -7 -4 -12
right_child=1 2 8 -5 5 14 7 -9 9 -11 12 -13 13 -15 -16 -17 -18 -19
leaf_value=0.67480630180391088 -0.68928911713661078 1.1328403451063112 0.65395737823874833 0.12085955087891452 -0.46254205192016296 0.68840508975559411 0.049378859219403638 -0.60211168908013457 -0.057566237076699792 -1.239598110061076 -0.60981431316574364 0.10272420296356373 -0.10080922964280443 0.19483705700303988 -0.19051588597644217 -0.0050666144986182635 0.29842041089538696 0.0071561046440020704
leaf_weight=56 60 51 49 65 75 43 51 40 43 53 46 64 42 43 40 40 44 65
leaf_count=56 60 51 49 65 75 43 51 40 43 53 46 64 42 43 40 40 44 65
internal_value=0.00113402 -0.00276796 0.0048 0.0285124 -0.0136103 -0.00555556 -0.0241722 -0.0126374 0.00122494 -0.00875 0.0067474 0.00327103 -0.000510204 0.01 0.00609756 0.0138554 0.022043 -0.00855856
internal_weight=970 849 500 121 349 198 151 91 449 160 289 107 196 85 123 83 93 111
internal_count=970 849 500 121 349 198 151 91 449 160 289 107 196 85 123 83 93 111
cat_boundaries=0 1
cat_threshold=1
is_linear=0
shrinkage=0.05


Tree=40
num_leaves=19
num_cat=1
split_feature=8 11 45 51 14 15 23 13 18 68 12 40 38 35 22 12 31 40
split_gain=36.1188 54.2111 22.4131 21.2519 13.7455 13.0464 11.378 15.8281 10.4277 7.54286 6.62404 6.45479 7.95755 6.62727 5.98215 11.5265 3.57908 2.15095
threshold=5671.3605442176877 1385.8450000000003 0.010530853786346002 0 134.83000000000001 37.580000000000005 2835.0000000000005 9.8100000000000023 2605.0000000000005 74.341000000000022 91.39500000000001 -36.98931356378592 193.97833333333338 0.57621417965078148 405.00000000000006 78.215000000000018 239.71500000000029 -31.094253042140064
decision_type=2 2 2 9 2 2 2 2 2 2 2 2 2 2 2 2 2 2
left_child=1 5 4 8 14 -1 7 -4 -2 -9 -8 13 16 -5 -3 -16 -13 -7
right_child=3 2 6 11 -6 17 10 9 -10 -11 -12 12 -14 -15 15 -17 -18 -19
leaf_value=0.31606839806721931 -0.15403276319156228 -0.55043263539495058 0.38551070290565415 0.026058918855367531 0.13797845187352298 0.94498863753006968 0.22619248232495021 0.02529890594322115 0.21385097972766598 -0.2959695446953613 1.4537176567787979 -0.84652124854034216 -0.077666587044381744 -0.45620758987365484 0.14918271945464132 -0.51619293140858347 -1.0130791647295667 0.91762282453455168
leaf_weight=55 42 68 40 54 41 58 64 40 72 44 40 40 48 40 40 78 45 59
leaf_count=55 42 68 40 54 41 58 64 40 72 44 40 40 48 40 40 78 45 59
internal_value=0.00268595 0.00980861 0.000769231 -0.0104106 -0.0103524 0.0337209 0.0118421 0.0016129 0.00725806 -0.0107143 0.0240385 -0.0187764 -0.0266917 -0.00957447 -0.016129 -0.00932203 -0.0358824 0.0431624
internal_weight=968 627 455 341 227 172 228 124 114 84 104 227 133 94 186 118 85 117
internal_count=968 627 455 341 227 172 228 124 114 84 104 227 133 94 186 118 85 117
cat_boundaries=0 1
cat_threshold=24579
is_linear=0
shrinkage=0.05


Tree=41
num_leaves=20
num_cat=1
split_feature=15 23 15 68 12 42 47 31 30 39 36 8 16 68 38 31 14 14 43
split_gain=37.6099 34.5478 21.363 20.8044 14.7976 14.5212 18.0137 12.8271 12.0665 11.0294 9.20899 8.26092 9.8709 7.45064 7.32241 4.329 4.1496 3.2292 2.3439
threshold=36.664999999999999 1105.0000000000002 33.165000000000013 32.610500000000009 71.170000000000016 0.99995514624660331 0 280.24499999999995 -2.9200000000000723 -28.654121605856187 0.016809013430252654 5530.7482993197291 0.31027479178931155 73.263500000000121 190.94919501133793 255.27000000000012 110.54500000000003 123.66500000000001 0.50516682914782041
decision_type=2 2 2 2 2 2 1 2 2 2 2 2 2 2 2 2 2 2 2
left_child=2 14 11 4 -3 6 -5 -6 -4 -7 -11 15 -13 17 -2 -1 18 -8 -10
right_child=1 3 8 5 7 9 13 -9 16 10 -12 12 -14 -15 -16 -17 -18 -19 -20
leaf_value=0.41835130290066402 0.57906889148388141 0.20816139964119562 -0.0228631402854532 -0.033359984522593797 -0.0082975790231754228 -0.32691508188250112 0.36366015129777773 -0.99281825665954582 -0.48826134816114575 -0.032971087634471256 0.18416934118434458 -0.76300385069006682 0.069235607621553896 0.066591379385326208 0.96974588788388505 -0.015143361444818383 -0.49494135524306487 0.81911658014597222 -0.97288017061260135
leaf_weight=44 59 46 46 42 54 40 68 70 41 54 42 41 51 70 56 40 47 49 40
leaf_count=44 59 46 46 42 54 40 68 70 41 54 42 41 51 70 56 40 47 49 40
internal_value=0.0015 0.00861538 -0.0117143 0.00327103 -0.0111765 0.01 0.0176856 -0.0201613 -0.0241379 -0.00294118 0.00625 0.000568182 -0.00978261 0.0243316 0.0334783 0.0119048 -0.0320313 0.0320513 -0.0388889
internal_weight=1000 650 350 535 170 365 229 124 174 136 96 176 92 187 115 84 128 117 81
internal_count=1000 650 350 535 170 365 229 124 174 136 96 176 92 187 115 84 128 117 81
cat_boundaries=0 1
cat_threshold=1
is_linear=0
shrinkage=0.05


Tree=42
num_leaves=20
num_cat=0
split_feature=58 38 14 15 35 12 12 33 11 48 30 15 23 58 15 40 63 60 42
split_gain=35.9375 26.3743 21.5219 16.1609 17.0279 13.1385 15.0539 12.2102 11.303 10.2808 9.32719 8.95877 8.18824 8.00296 6.98433 6.74381 6.05 4.05 3.04317
threshold=76.730000000000004 57.797596371882271 116.93000000000002 36.664999999999999 0.18206690780745438 78.795000000000016 100.19000000000001 0.50003452081604716 2221.5600000000004 1.0000000180025095e-35 14.960000000000038 39.990000000000002 1505.0000000000002 70.540000000000006 32.170000000000009 -26.524639029545408 0.9544445820116666 3377.3100000000009 0.92187625633895198
decision_type=2 2 2 2 2 2 2 2 2 2 2 2 2 2 2 2 2 2 2
left_child=1 -1 13 4 14 7 8 -5 -7 -6 11 15 -4 -3 -2 -10 -9 -11 -16
right_child=3 2 12 5 9 6 -8 16 10 17 -12 -13 -14 -15 18 -17 -18 -19 -20
leaf_value=-0.58850751736432882 -0.037541108042901297 0.32181213579972145 0.75514618323542604 0.35597346880797343 -0.38743936704727455 -0.95183602188039496 0.95698302583584827 0.1335975328556038 -0.038812899616086229 0.024048539792549308 0.24045954949280299 0.037053210897366462 0.19755496089380326 -0.17678016098932831 -0.41788088481850921 -0.66549142624748403 -0.10260855206050748 0.24594624810114177 -0.90179248111165622
leaf_weight=42 42 49 73 66 52 45 53 40 52 40 46 41 56 53 55 40 40 40 56
leaf_count=42 42 49 73 66 52 45 53 40 52 40 46 41 56 53 55 40 40 40 56
internal_value=0.00198777 0.0173993 0.024026 -0.0039548 -0.0131579 0.00224586 -0.00415162 0.0143836 -0.00982143 0 -0.00418994 -0.0109023 0.0375969 0.00686275 -0.0245098 -0.0195652 0.00125 0.01125 -0.0310811
internal_weight=981 273 231 708 285 423 277 146 224 132 179 133 129 102 153 92 80 80 111
internal_count=981 273 231 708 285 423 277 146 224 132 179 133 129 102 153 92 80 80 111
is_linear=0
shrinkage=0.05


Tree=43
num_leaves=20
num_cat=1
split_feature=58 17 10 10 12 10 45 60 14 29 38 57 40 62 29 39 14 47 30
split_gain=35.0548 16.6613 14.6035 13.1059 12.6048 15.6111 12.9544 11.8751 10.666 14.49 9.11478 8.94325 7.84676 6.88829 5.49376 5.12187 4.78732 4.72101 3.85933
threshold=76.210000000000022 1965.0000000000002 231.02000000000001 198.49500000000003 78.795000000000016 191.16500000000002 0.020982157963363505 3644.7150000000006 130.48000000000002 -91.74499999999999 184.80119047619053 91.350000000000009 -29.641093414186354 3400.9500000000003 -77.059999999999931 -24.069714190029082 111.28000000000002 0 7.1799999999999509
decision_type=2 2 2 2 2 2 2 2 2 2 2 2 2 2 2 2 2 1 2
left_child=1 3 4 10 5 12 8 15 9 -6 -1 -7 -2 -10 -11 16 -8 -16 -3
right_child=2 18 -4 -5 6 11 7 -9 13 14 -12 -13 -14 -15 17 -17 -18 -19 -20
leaf_value=-0.036190228370642223 0.16738704106650154 0.065876174047635599 0.62413890288264295 0.7041887194969535 0.065909773963197443 0.016667406284859698 -0.36760405848077582 0.15267727221465047 -0.090151819582317938 -1.0424982439829287 0.31633877220949103 0.48050208355768886 -0.25291388612451654 0.04051483938316576 -0.12201192269655081 -0.16365706545649364 0.31192437750880586 -0.66945981593745429 -0.32958157586823555
leaf_weight=50 40 41 41 78 43 65 43 40 41 69 43 49 59 43 41 46 41 53 43
leaf_count=50 40 41 41 78 43 65 43 40 41 69 43 49 59 43 41 46 41 53 43
internal_value=0.00232198 0.0182353 -0.00336134 0.027193 -0.0051263 0.00492958 -0.00978261 0.00117647 -0.0162069 -0.0223301 0.0145161 0.0175439 -0.00959596 -0.00119048 -0.0291411 -0.00615385 0.00119048 -0.0212766 0
internal_weight=969 255 714 171 673 213 460 170 290 206 93 114 99 84 163 130 84 94 84
internal_count=969 255 714 171 673 213 460 170 290 206 93 114 99 84 163 130 84 94 84
cat_boundaries=0 1
cat_threshold=4
is_linear=0
shrinkage=0.05


Tree=44
num_leaves=19
num_cat=1
split_feature=9 39 38 68 68 47 15 10 57 36 44 30 22 15 44 57 29 68
split_gain=28.5301 15.934 17.5661 11.2027 23.6002 14.6041 14.2107 12.2769 12.3812 9.48 8.08301 7.35108 7.31578 6.91293 5.39431 5.34294 4.51765 3.52667
threshold=1099.0300000000002 -24.246415342949785 178.1370634920635 73.846500000000006 32.610500000000009 0 37.580000000000005 188.53000000000003 74.595000000000013 0.051034801445651756 0.039835554295435158 5.5900000000000327 480.00000000000017 33.160000000000018 0.032180323220867557 76.660000000000011 -64.650000000000077 41.799999999999905
decision_type=2 2 2 2 2 1 2 2 2 2 2 2 2 2 2 2 2 2
left_child=1 2 -1 4 7 10 11 -2 -9 16 15 -5 -10 -7 -15 -6 -8 -4
right_child=3 -3 17 6 5 13 9 8 12 -11 -12 -13 -14 14 -16 -17 -18 -19
leaf_value=0.085367043423057995 0.1002279903862263 -0.16039418346658146 0.8186081355751551 -0.14006553779901978 0.0082576474912464445 0.070872932856352919 -0.20832348714790153 -1.1387151861067089 -0.26422799613962983 0.23374066557513445 0.70577755902795014 -0.56521223295992618 0.079432108892115494 -0.41514556794799234 0.010012182141303744 0.46034211013457438 0.049076233440655238 0.87468699101542369
leaf_weight=51 48 48 40 55 50 78 68 44 63 50 55 78 40 40 52 42 40 60
leaf_count=51 48 48 40 55 50 78 68 44 63 50 55 78 40 40 52 42 40 60
internal_value=0.00189621 0.0188442 0.0268212 -0.00230386 0.00214844 0.0105678 -0.0101375 -0.0115385 -0.0187075 0 0.0221088 -0.0221805 -0.0092233 0.000588235 -0.00869565 0.0130435 -0.00833333 0.039
internal_weight=1002 199 151 803 512 317 291 195 147 158 147 133 103 170 92 92 108 100
internal_count=1002 199 151 803 512 317 291 195 147 158 147 133 103 170 92 92 108 100
cat_boundaries=0 1
cat_threshold=2
is_linear=0
shrinkage=0.05


Tree=45
num_leaves=18
num_cat=2
split_feature=23 45 58 15 51 47 29 30 23 62 32 32 20 31 42 16 44
split_gain=30.4874 16.0524 12.5756 30.5562 11.8506 12.1963 13.0375 12.4036 10.2459 10.1261 9.3057 7.24684 6.8531 9.30186 5.91625 5.63389 4.99253
threshold=1105.0000000000002 0.030941322809303704 69.175000000000011 37.585000000000001 0 1 -67.694999999999922 10.285000000000084 2385.0000000000005 2781.2850000000003 0.88203464152822553 0.95262502268632698 2995.0000000000005 -126.92499999999994 0.99777496160147205 0.32891544207273787 0.024808619223135753
decision_type=2 2 2 2 9 1 2 2 2 2 2 2 2 2 2 2 2
left_child=2 4 -1 -4 10 8 7 15 14 -3 16 -12 -10 -14 -6 -7 -2
right_child=1 9 3 -5 5 6 -8 -9 12 -11 11 -13 13 -15 -16 -17 -18
leaf_value=0.40975788133671298 -0.46705872524403758 -0.029391837632948815 -0.45417562081170859 0.96939676555025545 0.053495031376580848 0.040857136762975005 0.075532998100142468 -1.0609406264680299 0.57325436866035007 0.61661279221813858 0.017331856896044242 -0.16499534557708737 0.41380777098583732 -0.021048599364410593 -0.062101875895505913 -0.076264771615105975 -0.20934477706263405
leaf_weight=51 70 46 49 62 68 72 75 50 40 51 68 41 42 40 54 70 44
leaf_count=51 70 46 49 62 68 72 75 50 40 51 68 41 42 40 54 70 44
internal_value=0.00176234 -0.0021059 0.0216049 0.0121622 -0.00463215 -0.000287908 -0.0076779 -0.0145833 0.00778689 0.0170103 -0.0139485 -0.00412844 0.0180328 0.0097561 -0.00245902 -0.00704225 -0.0245614
internal_weight=993 831 162 111 734 511 267 192 244 97 223 109 122 82 122 142 114
internal_count=993 831 162 111 734 511 267 192 244 97 223 109 122 82 122 142 114
cat_boundaries=0 1 2
cat_threshold=38056 2
is_linear=0
shrinkage=0.05


Tree=46
num_leaves=19
num_cat=0
split_feature=58 14 12 29 8 35 23 25 11 58 29 42 29 12 58 22 42 39
split_gain=27.8484 24.9499 13.1028 13.7073 14.2564 13.7349 11.4984 10.7532 10.1646 10.1338 9.70335 8.01659 7.65505 7.26426 6.00147 4.51146 12.1687 1.25
threshold=81.345000000000013 115.45500000000003 78.215000000000018 -88.595000000000013 5671.3605442176877 0.22000759176171858 1995.0000000000002 444.99999999999994 1353.8600000000004 72.915000000000006 -75.69000000000004 0.92920887855799472 -74.194999999999922 97.815000000000012 131.50000000000003 399.99999999999972 0.99480431848852902 -27.721423442949213
decision_type=2 2 2 2 2 2 2 2 2 2 2 2 2 2 2 2 2 2
left_child=1 7 15 4 -4 6 -5 9 17 -1 -8 -10 -7 -6 -12 -2 -17 -3
right_child=2 8 3 5 13 12 10 -9 11 -11 14 -13 -14 -15 -16 16 -18 -19
leaf_value=0.35349932487453245 -0.098114928329387008 0.64162565278074613 0.86163044333080474 -0.79102680275892301 0.017374881021082846 -0.27072935400239989 -0.51726950309534681 -0.24276682905379376 0.55659835390372159 -0.058506868290875681 -0.11907532395947698 0.015053605831146301 0.21926735272319242 -0.2321705894462717 0.11994836087077206 0.2816463205910848 -0.0062138809992736913 0.67224228881009473
leaf_weight=44 65 40 50 64 42 49 50 75 52 40 65 71 53 43 40 50 49 40
leaf_count=44 65 40 50 64 42 49 50 75 52 40 65 71 53 43 40 50 49 40
internal_value=0.00224033 0.0132597 -0.00419355 -0.00855263 0.00481481 -0.0141745 -0.0212329 -0.00157233 0.0248768 0.0107143 -0.013871 0.0158537 0.000980392 -0.00764706 -0.0052381 0.00792683 0.0146465 0.03875
internal_weight=982 362 620 456 135 321 219 159 203 84 155 123 102 85 105 164 99 80
internal_count=982 362 620 456 135 321 219 159 203 84 155 123 102 85 105 164 99 80
is_linear=0
shrinkage=0.05


Tree=47
num_leaves=20
num_cat=0
split_feature=62 8 29 14 21 45 49 44 68 57 33 27 68 31 61 57 68 61 30
split_gain=29.4427 20.9337 24.807 22.2775 22.0464 17.103 13.8728 10.0038 9.39962 9.05969 11.0788 8.23507 12.4151 7.83673 7.59669 6.43744 4.18301 4.12059 2.97674
threshold=1797.0400000000002 5530.7482993197291 -92.390000000000086 110.31500000000001 2065.0000000000005 0.023553283620246904 1.0000000180025095e-35 0.0477743124468386 41.590500000000013 90.405000000000015 0.48423613964720053 85.000000000000014 73.846500000000006 -125.97500000000012 3125.1950000000002 81.495000000000019 41.336500000000008 1783.6650000000002 9.9599999999999245
decision_type=2 2 2 2 2 2 2 2 2 2 2 2 2 2 2 2 2 2 2
left_child=8 2 -2 -4 18 11 7 -6 -1 10 -8 12 16 -10 -14 17 -5 -13 -3
right_child=1 4 3 5 6 -7 9 -9 13 -11 -12 15 14 -15 -16 -17 -18 -19 -20
leaf_value=0.050263568176612775 0.99996496402546953 -0.73399389364301015 -0.32972075381146526 0.1546672997933275 0.15630733234446839 0.50155632551624285 0.056604108152367161 -0.039012981599633657 0.1425192746139953 -0.43438426864308721 -0.4476744204700765 -0.11246047206459849 0.064782788100969851 0.48309481652183717 -0.28936490359768108 -0.48394928784046631 0.70134391939980034 0.11814471041630981 -0.67094407619821661
leaf_weight=69 62 43 65 40 64 44 51 40 42 46 56 62 42 56 41 40 45 43 43
leaf_count=69 62 43 65 40 64 44 51 40 42 46 56 62 42 56 41 40 45 43 43
internal_value=0.00150905 -0.00235792 0.00433884 0 -0.0118076 0.00490196 -0.00447471 0.00961538 0.0206587 -0.0140523 -0.00607477 0.000798722 0.00833333 0.0306122 -0.00542169 -0.00793103 0.0217647 -0.00142857 -0.0337209
internal_weight=994 827 484 422 343 357 257 104 167 153 107 313 168 98 83 145 85 105 86
internal_count=994 827 484 422 343 357 257 104 167 153 107 313 168 98 83 145 85 105 86
is_linear=0
shrinkage=0.05


Tree=48
num_leaves=19
num_cat=3
split_feature=8 11 47 47 15 15 51 38 22 45 44 30 39 15 33 15 45 58
split_gain=24.3504 37.3749 18.1686 17.262 14.4906 12.5172 11.1022 10.5089 9.39946 8.03434 7.86318 7.5956 6.59216 5.52218 4.24138 4.13842 3.97655 1.8
threshold=5671.3605442176877 1385.8450000000003 0 1 32.664999999999999 37.580000000000005 2 173.4458730158731 434.99999999999994 0.0070967863899735507 0.041536716756450202 15.465000000000147 -28.340230320605286 34.205000000000005 0.28783118146898051 39.165000000000013 0.0065715781534284512 82.460000000000022
decision_type=2 2 1 1 2 2 9 2 2 2 2 2 2 2 2 2 2 2
left_child=1 5 8 -2 -4 -1 10 11 9 -3 -5 -6 -10 -8 -7 17 -14 -15
right_child=3 2 4 6 7 14 13 -9 12 -11 -12 -13 16 15 -16 -17 -18 -19
leaf_value=0.24187360605257455 0.047750389767782057 0.034677211514493593 0.11223747489549396 0.10927666025266146 -0.70972094921716689 0.7713714954783879 -0.23165734038685371 -0.013285979326631826 -0.19677022615988893 0.65664014504475077 -0.18757964166639668 -0.46757161775894662 -0.012330645340223257 -0.36403095976148186 0.5652117358788985 -0.25255518227789853 0.18624608978640664 -0.60949005327156813
leaf_weight=58 65 45 53 52 65 41 45 54 45 56 62 40 50 40 75 44 58 40
leaf_count=58 65 45 53 52 65 41 45 54 45 56 62 40 50 40 75 44 58 40
internal_value=0.00202429 0.0078125 0.000429185 -0.00862069 -0.0103774 0.0275862 -0.0139576 -0.0179245 0.00944882 0.0212871 -0.000806452 -0.0271429 0.00163399 -0.0215084 0.037069 -0.0282258 0.00833333 -0.035
internal_weight=988 640 466 348 212 174 283 159 254 101 114 105 153 169 116 124 108 80
internal_count=988 640 466 348 212 174 283 159 254 101 114 105 153 169 116 124 108 80
cat_boundaries=0 1 2 3
cat_threshold=2 1 92226
is_linear=0
shrinkage=0.05


Tree=49
num_leaves=18
num_cat=1
split_feature=23 68 8 12 36 30 9 51 25 14 8 68 19 38 57 14 40
split_gain=28.352 14.2489 19.8363 24.1753 14.0678 13.8038 10.855 13.8236 10.2842 7.90687 9.60664 7.42341 7.01747 6.65628 6.25041 4.63194 3.95122
threshold=1065.0000000000002 77.90000000000002 5671.3605442176877 93.690000000000012 0.040969933875522203 14.524999999999977 1124.4300000000001 0 504.99999999999994 117.53500000000001 5468.2539682539691 50.809500000000007 384.99999999999994 183.71748299319748 84.345000000000013 117.03500000000001 -26.524639029545408
decision_type=2 2 2 2 2 2 2 9 2 2 2 2 2 2 2 2 2
left_child=13 2 3 5 9 8 -4 12 15 16 -11 -10 -8 -1 -9 -2 -3
right_child=1 4 6 -5 -6 -7 7 14 11 10 -12 -13 -14 -15 -16 -17 -18
leaf_value=0.2829232782713661 0.15236486911626912 -0.56551955879880189 -1.0210723962307451 1.1183567268955117 0.10625056443135464 -0.20581449094206974 -0.023986360955512872 -0.014121337625670095 -0.091623573213132817 0.045153801988956847 -0.24749094638554747 0.097216534496250881 0.25730480278063766 0.68829826262927407 -0.48372374165084048 0.48249322156250402 -0.57722154345207677
leaf_weight=40 79 41 50 74 76 75 45 53 47 63 46 43 59 44 56 53 41
leaf_count=40 79 41 50 74 76 75 45 53 47 63 46 43 59 44 56 53 41
internal_value=0.0019797 -0.000610433 0.00347003 0.0109164 -0.0102996 0.00454545 -0.00703422 -0.00211268 0.0108108 -0.0175393 -0.0087156 -0.00222222 0.0105263 0.0297619 -0.0138655 0.019697 -0.0292683
internal_weight=985 901 634 371 267 297 263 213 222 191 109 90 104 84 109 132 82
internal_count=985 901 634 371 267 297 263 213 222 191 109 90 104 84 109 132 82
cat_boundaries=0 1
cat_threshold=8643
is_linear=0
shrinkage=0.05


Tree=50
num_leaves=19
num_cat=1
split_feature=23 45 15 14 51 14 30 62 13 19 58 9 71 31 45 45 14 58
split_gain=26.3504 16.8646 19.236 13.5945 12.4994 17.6301 11.6878 9.71476 9.71314 9.2297 6.93027 9.9781 6.33626 6.26141 6.23177 5.98643 5.24396 3.64382
threshold=1105.0000000000002 0.020982157963363505 36.664999999999999 109.41000000000004 0 134.83000000000001 5.8249999999999327 3103.4600000000005 21.880000000000006 399.99999999999972 84.355000000000004 1519.5800000000002 -27.226489570036232 631.29500000000019 0.031206904660634655 0.010911957966185952 109.92500000000003 109.02500000000002
decision_type=2 2 2 2 9 2 2 2 2 2 2 2 2 2 2 2 2 2
left_child=3 2 8 -1 15 6 -6 10 -2 -8 11 -3 -5 -11 16 -4 -9 -10
right_child=1 7 4 12 5 -7 9 14 17 13 -12 -13 -14 -15 -16 -17 -18 -19
leaf_value=-0.12310315695251361 -0.2267332582622153 0.45836856048437868 -0.5763194679986382 0.52748827937377152 0.24570224734852034 0.37067045015218608 -0.86345975461017732 -0.018560698951621046 -0.37224945912665391 0.091281392618216731 -0.3841349235041131 -0.1223454901123735 0.2713582809829424 -0.092807754272879892 0.41479075847248342 -0.07366496465331783 0.1247727931162963 -0.77677554368403356
leaf_weight=41 59 41 50 70 41 67 65 57 47 53 40 48 60 55 44 52 49 40
leaf_count=41 59 41 50 70 41 67 65 57 47 53 40 48 60 55 44 52 49 40
internal_value=0.00117467 -0.00259901 -0.00784499 0.0190058 -0.00195822 0.00360825 -0.00327103 0.00734767 -0.0232877 -0.00895954 -0.00271318 0.00505618 0.0269231 0 0.016 -0.0160714 0.00943396 -0.033908
internal_weight=979 808 529 171 383 281 214 279 146 173 129 89 130 108 150 102 106 87
internal_count=979 808 529 171 383 281 214 279 146 173 129 89 130 108 150 102 106 87
cat_boundaries=0 1
cat_threshold=34344
is_linear=0
shrinkage=0.05


Tree=51
num_leaves=18
num_cat=1
split_feature=58 10 51 12 16 14 30 35 8 13 60 29 57 12 35 29 33
split_gain=18.6522 18.2893 14.4402 14.0307 13.7147 14.8021 13.6166 11.2611 8.23449 8.28448 8.84565 7.37399 5.68805 9.30773 5.19031 9.81774 7.08405
threshold=68.710000000000022 241.03500000000003 0 78.215000000000018 0.35632762011023111 113.87500000000001 6.3649999999997826 0.089633581954555855 5671.3605442176877 34.245000000000012 3609.4500000000003 -70.579999999999913 82.080000000000013 83.625000000000014 0.31493852457678423 -65.339999999999904 0.62055668024809829
decision_type=2 2 9 2 2 2 2 2 2 2 2 2 2 2 2 2 2
left_child=6 2 4 14 5 -2 -1 12 -9 -10 -11 -7 13 -5 15 -4 -17
right_child=1 -3 3 7 -6 11 -8 8 9 10 -12 -13 -14 -15 -16 16 -18
leaf_value=0.43590050070956432 -0.58612199132529497 0.8537731979434775 0.40548493746541703 -0.3253426721182191 0.065195578579292771 -0.17336569710256144 -0.012826954492133336 0.46217830676092453 0.083030525014966383 -0.23575458171652672 0.0059129467478722612 0.038735632779739154 -0.35870839287583361 0.025423506439815214 0.48083024270364477 0.096996095485082645 -0.1280579098017621
leaf_weight=68 72 42 54 50 76 42 40 70 75 41 40 51 66 59 41 63 40
leaf_count=68 72 42 54 50 76 42 40 70 75 41 40 51 66 59 41 63 40
internal_value=0.00353535 0.00113379 -0.00047619 0.00369458 -0.0105578 -0.0190909 0.0231481 -0.00162095 0.00575221 -0.000641026 -0.0117284 -0.00591398 -0.0111429 -0.00412844 0.0146465 0.0105096 0.00145631
internal_weight=990 882 840 599 241 165 108 401 226 156 81 93 175 109 198 157 103
internal_count=990 882 840 599 241 165 108 401 226 156 81 93 175 109 198 157 103
cat_boundaries=0 1
cat_threshold=5352
is_linear=0
shrinkage=0.05


end of trees

feature_importances:
base_cut_gap=75
base_pre_to_expected_ms=56
spectral_flux_mean=44
base_cons_gap=42
words_vs_alias_score_margin=41
base_pre=38
wav_duration_ms=35
next_base_pre=34
base_offset=31
base_offset_to_expected_ms=30
valley_dist_from_cutoff_ms=30
db_min=30
base_cutoff_to_next_anchor_ms=28
curr_phone_end_ms=26
voicing_class=26
db_mean=24
base_cons=21
vowel_class=21
syllable_start_ms=17
next_phone_gap_ms=17
f0_voicing_mean=17
energy_min=16
base_ovl_ratio=14
zcr_mean=14
alias_type=13
next_base_cutoff_abs=13
prev_base_pre=12
next_base_offset=12
base_cutoff_abs=11
base_ovl=11
curr_phone_len_ms=11
row_ratio_in_wav=10
syllable_len_ms=10
curr_vowel_len_ms=9
energy_mean=9
energy_slope_post=9
curr_phone_start_ms=8
energy_slope_pre=8
curr_vowel_end_ms=6
is_diphthong=5
mapping_confidence=4
local_valley_db=3
mel_window_energy_mean=3
alias_group=2
curr_vowel_start_ms=2
syllable_end_ms=2
f0_voicing_near_pre=2
prev_base_cutoff_abs=2
expected_anchor_ms=1
energy_max=1
is_tense=1
prev_base_offset=1
used_exact_vowel_fix=1
local_peak_db=1

parameters:
[boosting: gbdt]
[objective: regression_l1]
[metric: l1]
[tree_learner: serial]
[device_type: cpu]
[data_sample_strategy: bagging]
[data: ]
[valid: ]
[num_iterations: 500]
[learning_rate: 0.05]
[num_leaves: 31]
[num_threads: 0]
[seed: 0]
[deterministic: 0]
[force_col_wise: 0]
[force_row_wise: 0]
[histogram_pool_size: -1]
[max_depth: -1]
[min_data_in_leaf: 40]
[min_sum_hessian_in_leaf: 0.001]
[bagging_fraction: 0.85]
[pos_bagging_fraction: 1]
[neg_bagging_fraction: 1]
[bagging_freq: 1]
[bagging_seed: 3]
[bagging_by_query: 0]
[feature_fraction: 0.85]
[feature_fraction_bynode: 1]
[feature_fraction_seed: 2]
[extra_trees: 0]
[extra_seed: 6]
[early_stopping_round: 0]
[early_stopping_min_delta: 0]
[first_metric_only: 0]
[max_delta_step: 0]
[lambda_l1: 0]
[lambda_l2: 0]
[linear_lambda: 0]
[min_gain_to_split: 0]
[drop_rate: 0.1]
[max_drop: 50]
[skip_drop: 0.5]
[xgboost_dart_mode: 0]
[uniform_drop: 0]
[drop_seed: 4]
[top_rate: 0.2]
[other_rate: 0.1]
[min_data_per_group: 100]
[max_cat_threshold: 32]
[cat_l2: 10]
[cat_smooth: 10]
[max_cat_to_onehot: 4]
[top_k: 20]
[monotone_constraints: ]
[monotone_constraints_method: basic]
[monotone_penalty: 0]
[feature_contri: ]
[forcedsplits_filename: ]
[refit_decay_rate: 0.9]
[cegb_tradeoff: 1]
[cegb_penalty_split: 0]
[cegb_penalty_feature_lazy: ]
[cegb_penalty_feature_coupled: ]
[path_smooth: 0]
[interaction_constraints: ]
[verbosity: -1]
[saved_feature_importance_type: 0]
[use_quantized_grad: 0]
[num_grad_quant_bins: 4]
[quant_train_renew_leaf: 0]
[stochastic_rounding: 1]
[linear_tree: 0]
[max_bin: 255]
[max_bin_by_feature: ]
[min_data_in_bin: 3]
[bin_construct_sample_cnt: 200000]
[data_random_seed: 1]
[is_enable_sparse: 1]
[enable_bundle: 1]
[use_missing: 1]
[zero_as_missing: 0]
[feature_pre_filter: 1]
[pre_partition: 0]
[two_round: 0]
[header: 0]
[label_column: ]
[weight_column: ]
[group_column: ]
[ignore_column: ]
[categorical_feature: 0,1,2,3,46,47,50,51,52,53,55,56,70]
[forcedbins_filename: ]
[precise_float_parser: 0]
[parser_config_file: ]
[objective_seed: 5]
[num_class: 1]
[is_unbalance: 0]
[scale_pos_weight: 1]
[sigmoid: 1]
[boost_from_average: 1]
[reg_sqrt: 0]
[alpha: 0.9]
[fair_c: 1]
[poisson_max_delta_step: 0.7]
[tweedie_variance_power: 1.5]
[lambdarank_truncation_level: 30]
[lambdarank_norm: 1]
[label_gain: ]
[lambdarank_position_bias_regularization: 0]
[eval_at: ]
[multi_error_top_k: 1]
[auc_mu_weights: ]
[num_machines: 1]
[local_listen_port: 12400]
[time_out: 120]
[machine_list_filename: ]
[machines: ]
[gpu_platform_id: -1]
[gpu_device_id: -1]
[gpu_use_dp: 0]
[num_gpu: 1]

end of parameters

pandas_categorical:[["korean"], ["cvvc"], ["cv", "cv_head", "vc"], ["cv", "cv_glide", "cv_head", "cv_head_glide", "vc_other"], ["other", "plosive", "sibilant", "sonorant"], ["unknown", "voiced", "voiceless"], ["none", "other"], ["", "a", "e", "eo", "eu", "eui", "i", "o", "u", "wa", "we", "weo", "wi", "ya", "ye", "yeo", "yo", "yu"], ["head", "mid", "tail"], ["", "vc"], ["", "cv", "cv_head", "vc"], [""], ["unknown"]]
