tree
version=v4
num_class=1
num_tree_per_iteration=1
label_index=0
max_feature_idx=74
objective=regression_l1
feature_names=language format_type alias_type alias_group row_index_in_wav row_ratio_in_wav is_head_row is_tail_row wav_duration_ms base_offset base_cons base_cutoff_abs base_pre base_ovl base_cons_gap base_cut_gap base_ovl_ratio curr_phone_start_ms curr_phone_end_ms curr_phone_len_ms curr_vowel_start_ms curr_vowel_end_ms curr_vowel_len_ms syllable_start_ms syllable_end_ms syllable_len_ms prev_phone_gap_ms next_phone_gap_ms expected_anchor_ms base_offset_to_expected_ms base_pre_to_expected_ms base_cutoff_to_next_anchor_ms energy_mean energy_min energy_max energy_slope_pre energy_slope_post valley_energy valley_dist_from_cutoff_ms db_mean db_min db_silence_ratio f0_voicing_mean f0_voicing_near_pre zcr_mean spectral_flux_mean onset_class voicing_class is_tense is_diphthong coda_type vowel_class mora_position bridge_type is_nasal_or_sonorant prev_alias_type next_alias_type prev_base_pre next_base_pre prev_base_offset next_base_offset prev_base_cutoff_abs next_base_cutoff_abs mapping_confidence used_alias_occurrence_mapping used_exact_vowel_fix used_nuclei_fallback used_alias_based_syllables words_vs_alias_score_margin jump_blocked_flag mapping_reason_code local_peak_db local_valley_db mel_window_energy_mean mel_window_silence_ratio
feature_infos=none none -1:0:1:3:5:2 -1:1:0:3:2:5:9:4:6:7 [0:39] [0:1] [0:1] [0:1] [3636.8253968253966:12360.294784580499] [37.75:11216.309999999999] [114.92:295.80000000000001] [314.95999999999998:11490.41] [27.809999999999999:175.21000000000001] [0:154.22] [36.799999999999997:180.63] [7.9999999999999858:311.07000000000005] [0:0.9258198677302788] [70:11260] [420:11290] [10:4754.4699999999993] [0:11290] [0:11360] [0:4754.4699999999993] [0:11210] [420:12150] [30:4754.4699999999993] [0:550] [0:2150] [70:11290] [-176.59000000000017:41.509999999999991] [-35.700000000000045:166.25999999999999] [-2737.6400000000003:2550.1999999999998] [0.196690336444448:1] [0:1] [0.28487020037666078:1] [-0.74572408850357053:1] [-0.7444309601900263:0.95557281141629158] [0:1] [0.0040362811789691:479.83712018140608] [-62.685141072849696:-7.4360091880644568] [-96.888252737959206:-8.7785598918622547] [0:0.55384615384615388] [0:1] [0:1] [0.0079387581514034009:0.2489367734618656] [0:0.074589212064477203] -1:1:0:3:2 -1:1:0:2 [0:1] [0:1] -1:2:3:4:1 -1:0:1:6:2:11:8:7:13:17:16:10:18:15:19:3:12:5:4 -1:1:0:2 -1:0:1:3 [0:1] -1:1:0:4:2:5:6 none [0:360] [0:360.31] [0:11099.530000000001] [0:10349.85] [0:11367.5] [0:10642.889999999999] [0.75031053025493821:1] [0:1] [0:1] none none [-15.722000000000005:1596.9359999999999] none none [-62.685141072849696:-7.4360091880644568] [-96.888252737959206:-8.7785598918622547] [0.196690336444448:1] [0:0.55384615384615388]
tree_sizes=2700 2754 2745 2774 2793 2760 2756 2791 2774 2752 2756 2760 2797 2814 2750

Tree=0
num_leaves=31
num_cat=3
split_feature=3 5 47 8 8 39 51 8 32 32 48 60 14 11 22 58 62 68 22 10 8 42 44 39 68 14 4 35 32 14
split_gain=312.604 358.979 116.177 87.7292 75.7771 74.1912 58.9093 46.9972 36.9217 29.344 25.6418 21.6962 21.0376 30.2603 20.8006 20.5996 19.4821 18.2949 17.5826 15.5772 14.4171 14.9015 11.3786 11.25 10.6124 9.88291 9.68992 9.02252 8.9206 9.10548
threshold=0 0.38873626373626374 1 5292.6984126984134 5873.1065759637195 -18.619691696289973 2 5857.6643990929715 0.85842902565398138 0.83732865622987862 1.0000000180025095e-35 2097.5600000000004 92.465000000000018 1189.2650000000001 205.00000000000003 59.760000000000012 2415.7800000000002 54.64350000000001 405.00000000000006 189.03500000000003 5873.1065759637195 0.85421853417519777 0.025008763448816203 -35.591588331174101 108.89500000000002 117.00500000000001 2.5000000000000004 0.13004722568309393 0.84429661632928432 115.38500000000001
decision_type=9 2 1 2 2 2 9 2 2 2 2 2 2 2 2 2 2 2 2 2 2 2 2 2 2 2 2 2 2 2
left_child=12 3 6 9 24 8 7 17 14 -2 25 -7 -1 28 22 19 -10 -3 -8 -11 21 -16 -4 -15 26 -6 -5 -17 -14 -30
right_child=1 2 5 4 10 11 18 -9 16 15 -12 -13 13 23 20 27 -18 -19 -20 -21 -22 -23 -24 -25 -26 -27 -28 -29 29 -31
leaf_value=-9.7567497253417965 -14.780249786376952 -11.966749787330627 -13.563249778747558 -11.728749752044678 -13.552749824523925 -12.250249791145325 -14.78849983215332 -15.441999816894532 -10.996749782562256 -12.724749779701233 -12.935249805450439 -14.095749759674073 -11.361249828338623 -12.222249776124954 -13.109749794006348 -14.82574987411499 -12.431749781966209 -12.938249778747558 -13.455749797821046 -14.590499782562256 -13.327499771118164 -12.316249787807465 -12.825249791145325 -13.666749811172485 -13.741249752044677 -16.153749752044678 -12.570749783515931 -13.790249824523926 -11.873249769210815 -12.573499783873558
leaf_weight=134 512 100 43 86 69 45 166 58 281 49 53 110 239 40 53 195 129 139 77 42 50 247 57 40 43 145 43 87 71 128
leaf_count=134 512 100 43 86 69 45 166 58 281 49 53 110 239 40 53 195 129 139 77 42 50 247 57 40 43 145 43 87 71 128
internal_value=-13.1149 -13.122 -13.1057 -13.1411 -13.1229 -13.0957 -13.1244 -13.1093 -13.09 -13.1502 -13.1395 -13.1276 -13.0839 -13.088 -13.0999 -13.1395 -13.0791 -13.0993 -13.1421 -13.1188 -13.0941 -13.09 -13.12 -13.1162 -13.097 -13.1472 -13.0898 -13.1462 -13.0828 -13.0906
internal_weight=3531 2879 1555 1324 439 1015 540 297 860 885 267 155 652 518 450 373 410 239 243 91 350 300 100 80 172 214 129 282 438 199
internal_count=3531 2879 1555 1324 439 1015 540 297 860 885 267 155 652 518 450 373 410 239 243 91 350 300 100 80 172 214 129 282 438 199
cat_boundaries=0 1 2 3
cat_threshold=172 2 994304
is_linear=0
shrinkage=1


Tree=1
num_leaves=31
num_cat=3
split_feature=3 61 47 39 51 8 32 8 10 43 68 32 31 14 20 58 8 31 14 60 63 22 44 29 22 23 11 68 30 10
split_gain=313.325 304.883 138.152 92.1519 72.2253 64.3264 43.3294 34.1341 35.8233 31.1408 26.6347 22.615 22.3712 20.0475 29.4928 18.7546 18.2374 19.345 17.4332 17.2901 16.3031 15.7538 11.7308 11.0986 10.787 9.78475 8.56173 7.9325 11.6156 7.52166
threshold=0 1413.8950000000002 1 -18.912429466792073 2 5873.1065759637195 0.83561018075753846 5934.8299319727894 176.08500000000004 0.8639994588975991 54.420000000000009 0.85842902565398138 -189.6999999999999 91.480000000000004 1195.0000000000002 63.875000000000007 5292.6984126984134 -6.0049999999999946 109.67500000000003 2097.5600000000004 0.99996822332188595 244.99999999999991 0.038701445988091811 -48.160000000000018 405.00000000000006 1275.0000000000002 2299.9750000000008 97.249500000000026 38.680000000000071 195.47000000000003
decision_type=9 2 1 2 9 2 2 2 2 2 2 2 2 2 2 2 2 2 2 2 2 2 2 2 2 2 2 2 2 2
left_child=13 6 4 7 5 10 25 8 21 -8 -3 16 -6 -1 22 20 17 -10 -5 -13 -11 -4 -15 -17 -14 -2 -19 28 -12 -21
right_child=1 2 3 18 12 -7 9 -9 11 15 27 19 24 14 -16 23 -18 26 -20 29 -22 -23 -24 -25 -26 -27 -28 -29 -30 -31
leaf_value=3.1918375778198245 -1.5198625469207765 1.1228374779224397 -1.0115750411897897 0.74143748283386235 0.087106235027313253 -2.8869000244140626 0.18928749561309816 -0.23801877833902838 -0.17951254844665529 -1.4149749803543092 0.58466248869895932 2.1923374128341675 -1.8650750160217286 0.94611247926950459 -0.39066248655319219 -0.78553748846054083 1.1446749797463418 0.29748748868703839 -1.1386875182390213 1.2215874890983107 0.11887500822544098 0.36192499302327635 1.652162492275238 -2.0269624948501588 -0.93381260395050047 -0.98198741912841803 0.80856249034404759 -0.81408747673034676 -0.39858755111694344 0.53658748671412471
leaf_weight=130 399 109 40 61 40 78 75 88 77 79 62 231 214 271 41 100 182 92 145 74 72 64 217 212 77 45 54 53 60 75
leaf_count=130 399 109 40 61 40 78 75 88 77 79 62 231 214 271 41 100 182 92 145 74 72 64 217 212 77 45 54 53 60 75
internal_value=0.000355417 -0.00683403 0.00495736 0.0153423 -0.0127706 0.00295699 -0.0294297 0.0217503 0.0246907 -0.0198885 0.0140845 0.0283439 -0.0291789 0.0311659 0.0273157 -0.02473 0.0201235 0.0105381 -0.0150485 0.0371053 -0.0102649 -0.00288462 0.0307377 -0.0317308 -0.0348797 -0.040991 0.0212329 0.002 0.00901639 0.0238255
internal_weight=3517 2858 1876 1183 693 362 982 977 889 538 284 785 331 659 529 463 405 223 206 380 151 104 488 312 291 444 146 175 122 149
internal_count=3517 2858 1876 1183 693 362 982 977 889 538 284 785 331 659 529 463 405 223 206 380 151 104 488 312 291 444 146 175 122 149
cat_boundaries=0 1 2 3
cat_threshold=172 2 994304
is_linear=0
shrinkage=0.05


Tree=2
num_leaves=31
num_cat=4
split_feature=3 61 12 51 46 55 48 8 8 35 39 39 68 38 32 12 30 33 8 32 13 44 14 19 60 29 29 9 8 38
split_gain=310.597 268.118 111.446 77.2494 68.6936 50.6064 45.377 42.3231 40.8592 39.6012 37.9601 32.8972 25.1952 24.5959 23.9709 21.2684 20.5878 17.2345 16.2302 15.3795 14.1506 14.04 13.8839 12.0734 11.1631 20.329 10.6261 10.3944 13.2064 9.4015
threshold=0 1432.5250000000003 66.640000000000015 1 2 3 1.0000000180025095e-35 5873.1065759637195 5934.8299319727894 0.12562110689600067 -18.239959288713273 -20.530962045195817 132.61600000000001 218.07070294784586 0.83561018075753846 57.895000000000003 11.87999999999994 0.075832294503959161 5292.6984126984134 0.768396423701177 22.865000000000006 0.043771883423822155 118.81000000000002 45.000000000000007 2097.5600000000004 -22.645000000000092 -57.574999999999982 1666.1050000000002 4875.5555555555566 237.99995464852626
decision_type=9 2 2 9 1 9 2 2 2 2 2 2 2 2 2 2 2 2 2 2 2 2 2 2 2 2 2 2 2 2
left_child=1 5 3 7 8 9 29 12 10 15 13 16 -3 19 -2 -1 23 -11 20 27 -16 -18 -22 -5 -21 -26 -19 -4 -29 -6
right_child=14 2 4 11 6 -7 -8 -9 -10 17 -12 -13 -14 -15 18 -17 21 26 -20 24 22 -23 -24 -25 25 -27 -28 28 -30 -31
leaf_value=0.016714655622839959 1.7627568750828506 0.73469998574256901 -0.17842251839488746 -0.72206779515743258 -1.520658133506775 -1.4419943528175354 1.4385787594765427 -2.0104675111770631 -1.2682240877859294 0.70317717657983314 -0.33388315248489386 -1.9265497159212828 -0.88692472478002315 2.2862205269336702 -0.022936267413198985 -1.7473643434047699 -0.9326836946383118 -0.83972622370719907 -0.29910171801038088 1.6432205917835239 1.1638068648427724 0.0068912624306976871 0.34061936236917972 0.40177874748781328 0.94075811559706934 -0.16806189076602457 0.16429375383257866 0.77038436964154244 0.35530373160541062 -0.12846812920272352
leaf_weight=58 381 250 58 41 143 459 59 49 57 52 71 144 48 187 44 319 144 61 40 135 179 41 76 51 88 41 57 55 85 68
leaf_count=58 381 250 58 41 143 459 59 49 57 52 71 144 48 187 44 319 144 61 40 135 179 41 76 51 88 41 57 55 85 68
internal_value=9.88421e-05 -0.00740021 0.00404959 -0.0104167 0.0146609 -0.0281312 -0.00714286 0.00714286 0.0220457 -0.0167864 0.0255556 -0.024478 0.0144295 0.0293529 0.0291781 -0.0261273 -0.0149819 0.00294118 0.0199115 0.0231602 0.023913 -0.0245946 0.0284314 0.00434783 0.0310606 0.0205426 -0.00762712 0.0126263 0.02 -0.0182464
internal_weight=3541 2821 1815 768 1047 1006 270 347 777 547 720 421 298 649 720 377 277 170 339 462 299 185 255 92 264 129 118 198 140 211
internal_count=3541 2821 1815 768 1047 1006 270 347 777 547 720 421 298 649 720 377 277 170 339 462 299 185 255 92 264 129 118 198 140 211
cat_boundaries=0 1 2 3 4
cat_threshold=83 997377 3 3
is_linear=0
shrinkage=0.05


Tree=3
num_leaves=31
num_cat=3
split_feature=3 5 47 39 21 38 51 31 63 60 14 11 38 5 33 39 38 29 18 62 45 21 18 17 63 39 14 32 38 31
split_gain=295.898 301.359 97.556 72.988 69.7002 56.4433 55.6798 40.3646 39.3901 23.0216 21.6801 24.4186 17.9892 17.4264 19.9603 16.6273 16.5888 13.6846 12.0625 14.3992 11.9467 11.3067 11.1692 14.0467 10.9481 10.3914 11.7029 9.45274 9.84474 13.0819
threshold=0 0.38873626373626374 1 -18.912429466792073 2355.0000000000005 252.4093537414964 2 -16.275000000000315 0.95920861557394732 2097.5600000000004 91.480000000000004 1146.3200000000002 227.48126984126955 0.15192307692307691 0.084872800416076269 -34.355687930990747 229.95165532879824 -57.994999999999884 3235.0000000000005 1994.7500000000002 0.0064342982247554007 2955.0000000000005 2395.0000000000005 2175.0000000000005 0.96571702411734173 -22.467711947361881 116.93500000000002 0.85578420804885558 128.63515873015868 -161.69499999999991
decision_type=9 2 1 2 2 2 9 2 2 2 2 2 2 2 2 2 2 2 2 2 2 2 2 2 2 2 2 2 2 2
left_child=1 4 6 7 5 15 8 12 21 -5 -2 -12 27 14 -7 -1 -8 -6 19 -9 -15 -3 -21 -24 -13 26 -17 28 -4 -30
right_child=10 2 3 9 17 13 16 18 -10 -11 11 24 -14 20 -16 25 -18 -19 -20 22 -22 -23 23 -25 -26 -27 -28 -29 29 -31
leaf_value=-1.4153946275472642 2.7925553022809328 0.1451027747772633 -0.44748266950063409 0.64692644463777549 0.94062833400331458 0.8178142530389132 -1.4410267732049338 2.4744096531748774 0.82778761932253841 -1.0057202356517316 1.240316553566605 0.79235963644459839 1.6189096226572994 -0.1258233655244112 -0.58722431553602217 -0.33342671669162816 -0.3481658512303607 -0.21422761412169794 0.4455635538563133 1.0546746891034766 -1.2990601382602007 -0.98659409821406008 0.07518125036433343 0.64631354857757695 0.022776045160554315 -1.8399512306768451 -1.6308786057703195 0.81448666232433176 -0.15130207136496898 0.95335368841206647
leaf_weight=289 129 83 68 46 72 55 222 117 110 117 257 226 47 60 125 80 77 42 50 276 140 44 68 55 86 314 133 40 53 40
leaf_count=289 129 83 68 46 72 55 222 117 110 117 257 226 47 60 125 80 77 42 50 276 140 44 68 55 86 314 133 40 53 40
internal_value=0.000610622 -0.00661843 0.00855915 0.0179632 -0.0241985 -0.0277592 -0.00858209 0.0240786 0.00951417 -0.0125767 0.0295198 0.0257469 0.00725806 -0.0118421 -0.000555556 -0.0351716 -0.0224919 0.0131579 0.0314488 0.0337209 -0.022 -0.00905512 0.029198 0.0166667 0.0163462 -0.0298861 -0.0213615 0.000746269 -0.00465839 0.00591398
internal_weight=3521 2823 1513 977 1310 1196 536 814 237 163 698 569 248 380 180 816 299 114 566 516 200 127 399 123 312 527 213 201 161 93
internal_count=3521 2823 1513 977 1310 1196 536 814 237 163 698 569 248 380 180 816 299 114 566 516 200 127 399 123 312 527 213 201 161 93
cat_boundaries=0 1 2 3
cat_threshold=83 2 986144
is_linear=0
shrinkage=0.05


Tree=4
num_leaves=31
num_cat=3
split_feature=3 5 51 39 35 39 19 47 32 14 20 36 22 62 20 10 54 44 38 10 39 62 36 33 59 33 31 49 68 44
split_gain=265.025 256.308 89.2306 63.4878 52.7124 52.1507 45.3374 41.4701 25.8153 25.3343 27.5798 22.3276 20.573 17.4539 17.2124 24.6685 15.9435 15.2193 15.0267 13.7062 18.7674 13.5644 13.215 12.9599 11.5429 11.1164 10.083 9.83935 19.8645 9.08213
threshold=0 0.38873626373626374 1 -35.178788646983641 0.28732933063097021 -20.530962045195817 205.00000000000003 2 0.77002023494262339 91.480000000000004 945.00000000000011 0.046929377589758507 244.99999999999991 2415.7800000000002 2615.0000000000005 185.07500000000002 1.0000000180025095e-35 0.025594539353135052 252.4093537414964 178.73000000000005 -18.619691696289973 2415.7800000000002 0.029952512829498654 0.65243861379890578 1695.2750000000003 0.081331477250400117 137.70499999999996 1.0000000180025095e-35 94.058500000000024 0.021669551307821503
decision_type=9 2 9 2 2 2 2 1 2 2 2 2 2 2 2 2 2 2 2 2 2 2 2 2 2 2 2 2 2 2
left_child=9 3 6 -2 18 7 14 22 11 -1 17 -9 -6 -7 15 -3 19 -11 26 23 -21 -10 -4 -8 -18 -14 27 -5 -29 -20
right_child=1 2 5 4 12 13 16 8 21 10 -12 -13 25 -15 -16 -17 24 -19 29 20 -22 -23 -24 -25 -26 -27 -28 28 -30 -31
leaf_value=2.8014800213960935 -1.3346248580229283 1.1317006456054188 -0.73592067170097042 -2.0034086896619763 -0.92235072014693176 -0.01983446956813344 -0.067804178604185597 -0.28246665795790032 1.6718366436337775 0.51450104521494355 -0.30405039557973862 0.38711415613855471 0.33192539004104687 -1.6932581415795767 -1.1752478484929352 -0.38229554006547206 0.60907123402506114 1.1430821028346194 -1.6622788081904316 1.3505573097815458 0.092078935797065414 0.34939168781653979 0.14086431157728185 0.72807124570757153 -0.51708346871344391 -0.26310305148254143 -0.72324850356960679 0.10325139715233825 -1.3692486409946345 -0.31270497321709989
leaf_weight=131 287 90 150 211 41 61 47 67 132 139 58 56 134 166 73 68 58 332 87 333 43 71 59 45 40 90 101 54 156 141
leaf_count=131 287 90 150 211 41 61 47 67 132 139 58 56 134 166 73 68 58 332 87 333 43 71 59 45 40 90 101 54 156 141
internal_value=4.26015e-05 -0.00656566 0.00708788 -0.0229647 -0.0170936 -0.00518135 0.0186493 0.00327103 0.0144172 0.0283582 0.023913 -0.00365854 0.00207547 -0.0253304 0.00021645 0.00949367 0.0265018 0.0279193 -0.0238667 0.0303419 0.0345745 0.0253695 -0.0141148 0.0130435 0.00816327 0.00803571 -0.0285441 -0.0319477 -0.0242857 -0.0131579
internal_weight=3521 2861 1559 1302 1015 762 797 535 326 660 529 123 265 227 231 158 566 471 750 468 376 203 209 92 98 224 522 421 210 228
internal_count=3521 2861 1559 1302 1015 762 797 535 326 660 529 123 265 227 231 158 566 471 750 468 376 203 209 92 98 224 522 421 210 228
cat_boundaries=0 1 2 3
cat_threshold=172 1018177 2
is_linear=0
shrinkage=0.05


Tree=5
num_leaves=31
num_cat=4
split_feature=3 61 47 39 49 8 55 33 22 38 63 22 14 11 63 51 8 36 44 44 57 57 39 29 18 59 12 45 22 58
split_gain=251.778 236.874 102.342 86.8074 49.8685 58.8861 48.0358 38.8312 38.5783 28.6751 27.6249 25.8342 25.7809 26.2111 21.3998 18.9943 17.7307 16.9021 16.7589 14.7667 14.5973 14.2199 13.2508 12.2291 12.3614 12.5692 11.8471 11.7421 12.1602 10.7833
threshold=0 1424.6750000000002 1 -18.619691696289973 1.0000000180025095e-35 5857.6643990929715 2 0.084872800416076269 379.99999999999994 222.89160997732441 0.9881359203243143 205.00000000000003 91.480000000000004 1183.7450000000001 0.9323446721849008 3 4407.5510204081647 0.029952512829498654 0.025594539353135052 0.025594539353135052 77.690000000000012 94.435000000000016 -34.69626713107268 -45.820000000000043 1515.0000000000002 824.3950000000001 70.930000000000021 0.022247021235389353 309.99999999999994 53.795000000000009
decision_type=9 2 1 2 2 2 9 2 2 2 2 2 2 2 2 9 2 2 2 2 2 2 2 2 2 2 2 2 2 2
left_child=12 6 4 9 8 14 7 -2 -3 11 23 26 -1 19 -6 27 -17 -10 -11 -14 -5 -22 -15 24 -9 -26 -4 -13 -29 -16
right_child=1 2 3 20 5 -7 -8 10 17 18 -12 15 13 22 29 16 -18 -19 -20 -21 21 -23 -24 -25 25 -27 -28 28 -30 -31
leaf_value=2.6719060699173531 0.51746328527186347 -1.7533392504675249 -0.78676898441771148 0.097663091043367969 -0.25125901974135767 -2.234719190636993 -1.2148937371920945 -1.3034911155605862 -0.96493336521824336 0.97860082674985738 -0.013563714605262468 0.98302162478845245 0.62577599343103363 0.67609231162805628 1.1109159612179762 0.98023402607506294 0.057816162090610315 0.58340063915816631 1.9047857498243745 1.1279491366556194 -1.1778301860310825 -0.40300173526141292 -0.53790847452177626 -1.9446935751452203 0.31042584465573281 -0.961185478360013 0.2160903827636835 0.53304956718218155 -0.30940000095213804 0.36532731952112862
leaf_weight=138 80 163 40 61 108 86 463 64 80 106 134 214 115 49 63 79 211 41 166 309 88 53 44 192 53 45 64 66 42 144
leaf_count=138 80 163 40 61 108 86 463 64 80 106 134 214 115 49 63 79 211 41 166 309 88 53 44 192 53 45 64 66 42 144
internal_value=0.000435271 -0.00589849 0.00466667 0.0135294 -0.0107299 0.000623441 -0.0251697 -0.0145329 -0.0267606 0.0196356 -0.020082 0.0143855 0.0281955 0.023501 0.0106349 0.0183007 0.008 -0.0053719 0.0334559 0.0287736 -0.0163366 -0.0251773 -0.000537634 -0.0274011 -0.017284 -0.00612245 -0.00865385 0.026506 0.0138889 0.0200483
internal_weight=3561 2906 1875 1190 685 401 1031 568 284 988 488 716 655 517 315 612 290 121 272 424 202 141 93 354 162 98 104 322 108 207
internal_count=3561 2906 1875 1190 685 401 1031 568 284 988 488 716 655 517 315 612 290 121 272 424 202 141 93 354 162 98 104 322 108 207
cat_boundaries=0 1 2 3 4
cat_threshold=172 2 3 458947
is_linear=0
shrinkage=0.05


Tree=6
num_leaves=31
num_cat=3
split_feature=3 5 15 12 21 38 51 4 8 14 22 51 14 14 11 68 44 39 22 17 32 54 20 57 17 16 68 27 29 63
split_gain=228.272 241.727 81.8921 66.9777 64.9272 39.1843 36.4908 26.8056 25.7361 26.86 21.721 21.3125 19.1661 18.7292 25.9347 17.4127 15.7872 15.7203 14.5295 14.1538 12.2065 11.7782 11.685 10.6623 10.5862 10.2857 12.2979 14.9422 9.74523 9.5141
threshold=0 0.38873626373626374 75.765000000000001 66.640000000000015 2355.0000000000005 252.4093537414964 1 4.5000000000000009 5873.1065759637195 115.25500000000001 380.00000000000017 2 110.855 91.480000000000004 1143.0550000000003 105.5425 0.050609583215197006 -35.330554736339856 314.99999999999994 2175.0000000000005 0.65780686219643691 1.0000000180025095e-35 935.00000000000011 90.245000000000019 895.00000000000011 0.48093472431707734 86.033000000000001 1.0000000180025095e-35 -57.994999999999884 0.99666505033266317
decision_type=9 2 2 2 2 2 9 2 2 2 2 9 2 2 2 2 2 2 2 2 2 2 2 2 2 2 2 2 2 2
left_child=13 4 6 7 5 17 12 20 15 -10 -9 23 -3 -1 -15 19 25 -2 -13 -8 -4 24 29 -5 -19 -7 27 -27 -6 -16
right_child=1 2 3 11 28 16 8 10 9 -11 -12 18 -14 14 22 -17 -18 21 -20 -21 -22 -23 -24 -25 -26 26 -28 -29 -30 -31
leaf_value=2.4723106863128428 -1.2283989854826363 0.0028835087277078843 -0.06118109209982317 0.70234868056791333 0.80434213647321584 -1.3344274556393398 0.26962187725506237 -1.0116727380906605 0.60118726098935515 -2.5022545542573824 0.059081446266150466 0.50315758623605644 -1.5821489874829933 1.2189991181373956 0.71284552173849991 -0.27887381637747738 0.50779158978084427 -1.702843474348513 1.6132302888316614 0.71072484974497485 0.61957109056256954 -2.5150202238496338 -0.083655948472561026 -0.59015145285453452 -0.90940739304697549 0.31636231793302311 -1.0313963258207488 -0.55368685056125511 -0.19162362633586949 -0.053098680627124445
leaf_weight=131 270 71 40 76 83 48 79 79 40 47 76 166 188 234 173 89 48 72 313 114 141 118 64 42 351 72 141 75 44 46
leaf_count=131 270 71 40 76 83 48 79 79 40 47 76 166 188 234 173 89 48 72 313 114 141 118 64 42 351 72 141 75 44 46
internal_value=1.41603e-05 -0.0060318 0.00727098 0.0166667 -0.0217852 -0.0253975 -0.0066879 -0.00119048 0.00356201 -0.0201149 -0.0164516 0.0267169 -0.020632 0.0265957 0.0227273 0.0109929 -0.0122396 -0.0316276 0.0311861 0.0194301 0.0118785 -0.0267098 0.0125442 0.00546875 -0.0228132 -0.0160714 -0.0125 -0.00238095 0.0122047 0.0180365
internal_weight=3531 2883 1561 933 1322 1195 628 336 369 87 155 597 259 648 517 282 384 811 479 193 181 541 283 118 423 336 288 147 127 219
internal_count=3531 2883 1561 933 1322 1195 628 336 369 87 155 597 259 648 517 282 384 811 479 193 181 541 283 118 423 336 288 147 127 219
cat_boundaries=0 1 2 3
cat_threshold=172 8332 15392
is_linear=0
shrinkage=0.05


Tree=7
num_leaves=31
num_cat=2
split_feature=3 5 47 28 39 32 49 8 10 8 45 30 8 63 22 35 8 31 8 22 10 11 63 60 45 61 60 45 21 23
split_gain=204.3 232.215 86.7824 66.8995 55.5035 44.0981 39.3045 36.8155 34.5285 31.7514 29.1585 27.0902 33.9866 20.591 20.3846 19.6633 19.0406 20.4514 18.2932 17.7971 17.7817 18.5092 16.5939 16.1254 12.7352 11.0243 10.312 10.2245 13.2011 9.40377
threshold=0 0.38873626373626374 1 1735.0000000000002 -18.619691696289973 0.83561018075753846 1.0000000180025095e-35 5873.1065759637195 167.48000000000002 5934.8299319727894 0.016440777636548252 56.799999999999962 5857.6643990929715 0.9323446721849008 329.99999999999994 0.14149262688378952 5292.6984126984134 -3.1649999999999632 5292.6984126984134 405.00000000000006 135.49000000000004 1143.0550000000003 0.96365620593898793 2048.7500000000005 0.011568404542418703 1109.4300000000003 2123.0300000000002 0.027703051853462956 1535.0000000000002 1165.0000000000002
decision_type=9 2 1 2 2 2 2 2 2 2 2 2 2 2 2 2 2 2 2 2 2 2 2 2 2 2 2 2 2 2
left_child=20 3 6 5 8 18 19 13 -4 10 26 12 14 -8 29 -5 17 -12 27 -3 -1 -22 -23 -6 -14 -16 -10 -2 -29 -7
right_child=1 2 4 15 23 11 7 -9 9 -11 16 -13 24 -15 25 -17 -18 -19 -20 -21 21 22 -24 -25 -26 -27 -28 28 -30 -31
leaf_value=2.5516952206617511 -1.3400914711361098 -1.5030051446760102 -1.295835076980725 -0.67565997753602491 0.64301907291736859 0.011522353110174955 -0.37373429395131769 -2.0094570849605127 1.6431606013988802 -0.51596423492418664 -0.079431484367727914 -1.9019577044609399 -2.2383945409474904 0.56496353912127462 0.69830430741981431 0.56154642295041934 0.73935086793323479 0.46578267183000382 -0.36273110836344991 -0.037226429063690607 1.1206016666955096 0.7326951672559896 -0.055932013108284911 -0.83736106826871648 -0.23796530952677558 -0.3037802521880224 0.83810672998809044 -0.92728343562920479 -0.65522910105835774 -1.0143289449050243
leaf_weight=83 310 137 41 74 48 71 93 74 264 56 100 130 79 182 88 108 125 148 69 49 257 235 90 119 49 68 129 100 80 94
leaf_count=83 310 137 41 74 48 71 93 74 264 56 100 130 79 182 88 108 125 148 69 49 257 235 90 119 49 68 129 100 80 94
internal_value=0.000788732 -0.00499136 0.00801917 -0.0204545 0.0165049 -0.0249561 -0.00831776 0.00157593 0.0216107 0.0238443 0.0265013 -0.015285 -0.00946548 0.01 -0.000778816 0.00769231 0.0164879 0.00846774 -0.0349732 -0.0268817 0.0255556 0.0228522 0.0149231 -0.00988024 -0.03125 0.0121795 0.0360051 -0.0383673 -0.0288889 -0.0130303
internal_weight=3550 2885 1565 1320 1030 1138 535 349 863 822 766 579 449 275 321 182 373 248 559 186 665 582 325 167 128 156 393 490 180 165
internal_count=3550 2885 1565 1320 1030 1138 535 349 863 822 766 579 449 275 321 182 373 248 559 186 665 582 325 167 128 156 393 490 180 165
cat_boundaries=0 1 2
cat_threshold=172 2
is_linear=0
shrinkage=0.05


Tree=8
num_leaves=31
num_cat=3
split_feature=3 5 15 8 8 54 10 51 51 8 48 22 39 14 25 23 32 16 68 17 10 11 30 44 10 60 40 58 38 14
split_gain=210.483 222.572 72.6748 62.2546 76.3977 39.7642 42.6924 35.7911 34.6869 33.2726 30.7362 25.3282 24.4199 22.9227 21.872 19.6623 18.8444 25.8299 18.7799 27.218 19.0108 17.9247 16.9798 15.9916 15.9156 14.45 13.0564 12.6505 11.9241 11.2588
threshold=0 0.38873626373626374 83.815000000000012 5292.6984126984134 5873.1065759637195 1.0000000180025095e-35 177.92500000000004 1 2 5934.8299319727894 1.0000000180025095e-35 314.99999999999994 -20.530962045195817 114.96500000000002 369.99999999999994 1695.0000000000002 0.83561018075753846 0.69132930362727252 121.44200000000002 2175.0000000000005 191.31500000000003 1134.2550000000003 63.149999999999871 0.039552027218599302 202.58000000000001 2177.8350000000005 -32.712013756322094 69.640000000000015 220.68829931972783 118.91500000000002
decision_type=9 2 2 2 2 2 2 9 9 2 2 2 2 2 2 2 2 2 2 2 2 2 2 2 2 2 2 2 2 2
left_child=16 3 8 7 28 6 13 14 12 18 26 15 23 -4 -2 -8 -1 21 19 20 -10 -18 -7 -3 -16 -15 -6 -26 -5 -19
right_child=1 2 5 4 10 22 11 -9 9 -11 -12 -13 -14 25 24 -17 17 29 -20 -21 -22 -23 -24 -25 27 -27 -28 -29 -30 -31
leaf_value=1.4192912125303598 -1.1000523597939975 -0.92228993273625948 -0.57063675801410296 0.31026670829391478 -0.87743445930877084 0.17801100672477255 0.062108502197223907 -1.1710974532017679 0.42767203852108793 -1.7988917562598168 0.095677924671513023 1.450031268012288 -1.6483548798128151 0.66507676427276274 0.17095187267378373 1.1071267622348147 1.4973165802660611 1.2839174003965041 -0.36715814540458452 0.70985265019327981 -0.69161694640138727 -0.069561989211179759 -0.65563875287898399 0.34681569140025043 -1.3668933895158102 -0.12873369833717763 -2.5315607232000428 -0.097548782262695255 1.1903373589961359 0.19798846852064386
leaf_weight=360 84 73 55 75 137 132 137 596 69 54 55 324 118 40 111 94 41 75 109 141 49 133 66 56 41 40 91 51 93 41
leaf_count=360 84 73 55 75 137 132 137 596 69 54 55 324 118 40 111 94 41 75 109 141 49 133 66 56 41 40 91 51 93 41
internal_value=-0.000183564 -0.0059807 0.00684008 -0.0209895 -0.00587583 0.0162162 0.0218841 -0.0287089 -0.00560538 0.00324074 -0.0217314 0.028018 -0.0200389 -0.00333333 -0.0126263 0.015368 0.025303 0.0162069 0.00869565 0.0160232 -0.00169492 0.00402299 -0.00353535 -0.00581395 -0.00418719 0.01375 -0.0298246 -0.0195652 0.0208333 0.0344828
internal_weight=3541 2891 1557 1334 451 888 690 883 669 422 283 555 247 135 287 231 650 290 368 259 118 174 198 129 203 80 228 92 168 116
internal_count=3541 2891 1557 1334 451 888 690 883 669 422 283 555 247 135 287 231 650 290 368 259 118 174 198 129 203 80 228 92 168 116
cat_boundaries=0 1 2 3
cat_threshold=172 100352 172
is_linear=0
shrinkage=0.05


Tree=9
num_leaves=31
num_cat=4
split_feature=2 5 51 8 35 51 10 14 8 14 18 8 8 45 58 12 63 14 36 30 10 47 58 33 30 29 29 14 40 49
split_gain=198.133 209.756 74.9337 70.0138 62.318 36.5719 30.4659 35.7185 29.5587 29.36 28.2092 23.4061 23.0263 22.7357 22.2687 21.8979 19.7758 19.1449 17.7644 16.1801 15.5927 15.2826 14.8494 12.8433 12.1718 11.8442 11.301 12.7112 11.0839 9.00333
threshold=0 0.46291208791208799 1 4825.396825396826 0.088477209549185018 2 178.06000000000003 119.35000000000001 4500.3174603174621 129.72000000000003 3325.0000000000005 5919.3877551020423 5934.8299319727894 0.019229442340192804 54.935000000000009 104.81500000000001 0.97273181397740349 117.19000000000003 0.08416219661936282 60.424999999999962 188.67500000000004 3 70.040000000000006 0.0013854788136513502 3.5300000000000868 -63.184999999999938 -42.955000000000034 118.325 -27.672798627590723 1.0000000180025095e-35
decision_type=9 2 9 2 2 9 2 2 2 2 2 2 2 2 2 2 2 2 2 2 2 1 2 2 2 2 2 2 2 2
left_child=1 3 8 14 5 28 7 -4 17 13 21 20 26 -8 -1 16 29 22 -18 -19 -7 -10 -3 -16 -15 -23 27 -6 -5 -2
right_child=15 2 6 4 12 11 9 -9 10 -11 -12 -13 -14 24 23 -17 18 19 -20 -21 -22 25 -24 -25 -26 -27 -28 -29 -30 -31
leaf_value=0.17193022665300045 1.7481457845612276 1.7837469669058952 -0.34976049396073672 -1.1511046581214546 0.68416503573423637 0.59126879050578107 1.3369919941144823 0.87204395644811195 0.26779821785037927 -0.19013742425654759 -1.6417813348207606 -2.662705861665966 -1.4272820060198574 -0.49308778882497145 -1.1722397832498885 -0.02858437845712436 -0.28805958226775269 0.29755878128775476 0.87680456404559948 -0.72010759216265652 -0.29516756127244287 -1.6097143367698934 0.32886188249753273 -0.94666672629575466 0.42777019595624283 -0.16139745375657721 -0.17838936634090283 0.12432270191621662 -2.0977839452432443 0.61899240497598829
leaf_weight=40 239 46 79 111 120 54 312 41 94 61 74 41 79 43 184 88 64 61 73 53 122 77 80 434 131 132 85 126 132 249
leaf_count=40 239 46 79 111 120 54 312 41 94 61 74 41 79 43 184 88 64 61 73 53 122 77 80 434 131 132 85 126 132 249
internal_value=-0.000326241 -0.00630758 0.00856698 -0.0188482 -0.00954023 -0.0221739 0.0200148 -0.0025 -0.00406699 0.0253199 -0.0128647 -0.00594714 0.00463415 0.0294239 -0.031155 0.023029 0.02664 0.00958333 0.00985401 -0.00526316 0.00170455 -0.00610561 0.0230159 -0.0334951 0.0149425 -0.0136364 0.010423 0.0158537 -0.0349802 0.0313525
internal_weight=3525 2812 1284 1528 870 460 667 120 617 547 377 217 410 486 658 713 625 240 137 114 176 303 126 618 174 209 331 246 243 488
internal_count=3525 2812 1284 1528 870 460 667 120 617 547 377 217 410 486 658 713 625 240 137 114 176 303 126 618 174 209 331 246 243 488
cat_boundaries=0 1 2 3 4
cat_threshold=5 275624 65862 4
is_linear=0
shrinkage=0.05


Tree=10
num_leaves=31
num_cat=4
split_feature=3 5 12 8 8 15 51 51 40 39 22 68 58 46 22 12 35 32 15 60 8 10 57 13 12 30 30 57 40 36
split_gain=194.909 197.885 75.6192 54.906 51.5463 46.9993 42.4299 35.6442 29.9862 25.4762 24.9264 23.8489 23.0365 20.0088 21.6472 19.9194 18.173 17.8107 16.9462 14.3306 14.1457 13.6883 13.6449 23.3757 16.178 13.0731 11.4026 10.999 9.57662 8.58081
threshold=0 0.38873626373626374 66.640000000000015 4947.437641723357 5873.1065759637195 82.305000000000021 1 2 -37.174706126272049 -20.530962045195817 244.99999999999991 49.908000000000008 75.590000000000018 3 314.99999999999994 112.93500000000002 0.058439674430657708 0.83561018075753846 59.490000000000002 2157.3950000000004 4443.4920634920645 202.58000000000001 97.455000000000013 26.935000000000006 59.595000000000006 18.295000000000076 27.534999999999972 59.785000000000004 -29.888764724729985 0.039040084693721451
decision_type=9 2 2 2 2 2 9 9 2 2 2 2 2 1 2 2 2 2 2 2 2 2 2 2 2 2 2 2 2 2
left_child=1 3 7 6 16 12 10 9 -6 22 -1 28 -4 14 26 20 -5 -2 -14 -13 -15 27 23 -3 -24 -19 -7 -12 -9 -21
right_child=17 2 5 4 8 13 -8 11 -10 -11 21 19 18 15 -16 -17 -18 25 -20 29 -22 -23 24 -25 -26 -27 -28 -29 -30 -31
leaf_value=-1.0406099050905688 1.2733972900763273 -0.4474274545786342 -0.65560688015846169 -0.36394037433780513 0.060055858697879577 -0.11124516469134522 -1.0635657238919187 0.73744589023865614 -1.9319562026867907 -1.5445492646460903 0.46160101384957158 0.28011368179516083 0.60751041797789174 -0.68410221255452364 1.6616857430756102 1.7693314222341265 0.82771170614260159 0.12585385315843145 -0.017116166256025567 -0.83908101132174484 0.30400333995285123 -0.6885253284868299 0.024207331700378278 0.51072536202679097 -0.59384161806187297 0.64006943668237948 0.6555638818036994 -0.34409288887672462 0.15204027903655187 -0.0070748060599083121
leaf_weight=95 379 42 111 80 79 42 529 68 178 96 57 75 77 47 233 48 144 129 120 83 119 77 40 54 46 206 101 66 79 52
leaf_count=95 379 42 111 80 79 42 529 68 178 96 57 75 77 47 233 48 144 129 120 83 119 77 40 54 46 206 101 66 79 52
internal_value=0.000872748 -0.00502107 0.00714286 -0.0193487 -0.00592516 0.0164811 -0.0271845 -0.00606299 -0.0212062 -0.0190972 -0.0106557 0.00449591 0.000649351 0.0247458 0.0316062 0.0107143 0.0116071 0.0240331 0.0109137 -0.00619048 0.00301205 -0.001 -0.00879121 0.00416667 -0.0232558 0.0159701 0.0171329 0.00934959 0.020068 -0.0159259
internal_weight=3552 2838 1533 1305 481 898 824 635 257 278 295 357 308 590 376 214 224 714 197 210 166 200 182 96 86 335 143 123 147 135
internal_count=3552 2838 1533 1305 481 898 824 635 257 278 295 357 308 590 376 214 224 714 197 210 166 200 182 96 86 335 143 123 147 135
cat_boundaries=0 1 2 3 4
cat_threshold=83 362496 462 2
is_linear=0
shrinkage=0.05


Tree=11
num_leaves=31
num_cat=5
split_feature=3 5 8 35 51 58 51 8 14 23 21 14 9 46 10 32 40 57 44 45 60 11 8 11 30 51 71 10 71 58
split_gain=186.22 173.06 61.406 61.6618 60.2636 27.0992 26.937 25.8644 38.465 25.1144 24.389 22.13 21.8618 21.8159 20.7503 18.9872 16.0475 15.4533 15.3282 15.2786 22.2476 17.6181 14.6679 13.3191 12.0751 11.4992 11.3578 11.0081 13.0847 10.9724
threshold=0 0.46291208791208799 4825.396825396826 0.088477209549185018 1 56.125000000000007 2 5873.1065759637195 117.45500000000003 2645.0000000000005 3655.0000000000005 91.480000000000004 843.67500000000007 3 183.26500000000001 0.83393047826601818 -27.402225464007504 83.455000000000027 0.036433229373405103 0.018700668817674754 2157.3950000000004 2310.9350000000004 5898.8888888888896 1989.6450000000002 34.609999999999907 4 -16.541821164026025 181.12500000000003 -34.905122820249844 65.810000000000016
decision_type=9 2 2 2 9 2 9 2 2 2 2 2 2 1 2 2 2 2 2 2 2 2 2 2 2 9 2 2 2 2
left_child=1 2 5 6 10 -1 16 24 -9 19 13 -2 18 -3 -8 -15 -4 -11 -13 20 -6 23 -16 -21 -5 -7 -17 28 -14 -20
right_child=11 4 3 7 9 25 14 8 -10 17 -12 12 27 15 22 26 -18 -19 29 21 -22 -23 -24 -25 -26 -27 -28 -29 -30 -31
leaf_value=0.32066752893883727 2.0918186537175334 -0.67969234110623811 -0.99393440233277064 0.62188118115927937 1.3316029416306616 -0.69787930319042824 0.58031147453472764 0.2037116049299692 -1.9971633482271529 -1.1900137974630389 -1.4335022668394635 0.55502523657972169 0.36929830542633074 -0.073596131653764107 -0.23320198595675878 1.0521417014957866 -1.912856036335576 0.24521553972029819 0.42199765916983961 0.12771260420864164 0.34594224380058436 0.60962126297019092 -2.3297872199010996 -0.38439605785402464 -0.41514173642430974 -1.0458391334105086 -0.21731316616205767 0.46365716619870145 -0.60545560453927116 1.4702273797961436
leaf_weight=44 130 165 112 216 241 251 53 78 77 46 49 153 46 240 128 117 131 61 57 74 110 100 40 40 40 366 41 163 47 109
leaf_count=44 130 165 112 216 241 251 53 78 77 46 49 153 46 240 128 117 131 61 57 74 110 100 40 40 40 366 41 163 47 109
internal_value=-0.000212766 -0.00597173 -0.0173177 -0.00862857 0.00755452 -0.02882 -0.0211207 0.00547445 -0.0106452 0.0177419 -0.00385852 0.0225874 0.0186957 -0.000976909 -0.00714286 0.00539216 -0.0322134 -0.00420561 0.0274295 0.0222124 0.0286325 0.0116822 -0.0160714 -0.00175439 0.0152344 -0.0315235 0.0189873 0.0078125 -0.00591398 0.0379518
internal_weight=3525 2820 1536 875 1284 661 464 411 155 672 612 705 575 563 221 398 243 107 319 565 351 214 168 114 256 617 158 256 93 166
internal_count=3525 2820 1536 875 1284 661 464 411 155 672 612 705 575 563 221 398 243 107 319 565 351 214 168 114 256 617 158 256 93 166
cat_boundaries=0 1 2 3 4 5
cat_threshold=83 275624 65862 9 1015904
is_linear=0
shrinkage=0.05


Tree=12
num_leaves=31
num_cat=1
split_feature=2 5 15 39 35 12 18 49 5 14 15 54 37 14 39 17 11 59 15 29 68 63 44 63 60 40 29 12 14 38
split_gain=165.294 202.689 59.4171 40.6049 37.2554 28.1716 26.8478 24.2282 21.5367 23.6302 21.0824 18.9815 26.0875 17.6962 17.6436 17.3321 17.312 31.2791 15.9301 20.0556 14.8286 14.2647 12.897 12.1771 11.5073 10.1547 10.1392 11.6597 13.9256 11.2051
threshold=0 0.38873626373626374 79.320000000000007 -37.978106935711885 0.13324920844094693 66.640000000000015 3315.0000000000005 1.0000000180025095e-35 0.72077922077922085 113.63500000000001 13.000000000000002 1.0000000180025095e-35 0.59497502384979239 115.19500000000001 -22.467711947361881 855.00000000000011 1955.9250000000002 844.24000000000012 108.10000000000001 -18.705000000000037 125.54800000000004 0.98619953638157454 0.019613144824993701 0.95983787639081608 2103.8450000000007 -27.672798627590723 -91.055000000000049 71.220000000000013 118.825 258.22307256235848
decision_type=9 2 2 2 2 2 2 2 2 2 2 2 2 2 2 2 2 2 2 2 2 2 2 2 2 2 2 2 2 2
left_child=1 3 6 -1 7 13 8 14 9 25 -2 12 22 -4 -5 -12 17 -6 -15 -20 -10 -9 -7 -11 -14 -3 -17 29 -29 -28
right_child=10 2 5 4 16 11 -8 21 20 23 15 -13 24 18 -16 26 -18 -19 19 -21 -22 -23 -24 -25 -26 -27 27 28 -30 -31
leaf_value=-0.93628745316551487 1.9827027223668008 0.39353682161397474 -0.75736722398584755 -0.81219445620875375 0.064372616574645977 -0.22515944488883918 -1.2600186615565778 -0.85695873709650139 0.56219652623177885 -1.3171542335631881 1.2380263249241528 -0.16247299559698614 1.4733107508102667 0.46420362382779196 -1.885699582071424 -0.35779028459024098 0.39884874137803317 -0.72843991751170223 0.25049937431448227 -0.77069138725132236 -0.52101833935234976 -0.008147009912490245 0.48230222110819354 0.057581205119898997 0.87042918104020162 -0.20107099420794095 -0.57984219600261167 0.78476058298384999 0.056604939986848013 0.55929169918166
leaf_weight=225 118 90 45 116 202 45 69 227 134 157 93 58 191 181 157 47 116 131 40 50 58 112 237 59 58 40 48 241 67 92
leaf_count=225 118 90 45 116 202 45 69 227 134 157 93 58 191 181 157 47 116 131 40 50 58 112 237 59 58 40 48 241 67 92
internal_value=0.00048516 -0.00498575 0.00740741 -0.0195956 -0.0155042 0.0155249 -0.00469522 -0.0235294 -0.000929368 -0.0083815 0.0219274 0.0219864 0.0249529 0.00348101 -0.0346154 0.0183673 -0.0045657 -0.0103604 0.00830258 -0.00888889 0.0125 -0.0146018 0.014539 -0.0185185 0.036747 0.00846154 0.0146465 0.0169643 0.0224026 0.005
internal_weight=3504 2798 1512 1286 1061 905 607 612 538 346 706 589 531 316 273 588 449 333 271 90 192 339 282 216 249 130 495 448 308 140
internal_count=3504 2798 1512 1286 1061 905 607 612 538 346 706 589 531 316 273 588 449 333 271 90 192 339 282 216 249 130 495 448 308 140
cat_boundaries=0 1
cat_threshold=5
is_linear=0
shrinkage=0.05


Tree=13
num_leaves=31
num_cat=1
split_feature=3 5 8 8 8 49 39 14 12 49 58 39 32 38 5 14 68 40 19 63 39 61 22 61 40 17 42 59 8 14
split_gain=164.814 179.055 59.9334 59.7651 58.938 56.3041 49.4254 47.142 43.5815 22.1833 21.1678 20.0173 19.8062 18.9054 17.742 17.2831 20.3667 17.0554 16.6433 16.3204 16.1867 15.8929 15.5363 15.3022 14.1052 12.8486 12.7514 12.0333 11.1922 11.0843
threshold=0 0.46291208791208799 4973.2199546485272 5873.1065759637195 5873.1065759637195 1.0000000180025095e-35 -33.681528053551091 114.71500000000002 66.640000000000015 1.0000000180025095e-35 159.81500000000003 -18.090512256221473 0.6648066505285638 237.99995464852626 0.38873626373626374 111.24500000000002 77.530000000000015 -33.178349787710403 289.99999999999994 0.98619953638157454 -28.127346537787435 1583.8150000000003 379.99999999999994 2013.5550000000003 -29.380405773501497 825.00000000000011 0.99764277523864686 1579.6250000000002 4839.6145124716559 118.47500000000001
decision_type=9 2 2 2 2 2 2 2 2 2 2 2 2 2 2 2 2 2 2 2 2 2 2 2 2 2 2 2 2 2
left_child=1 2 5 26 8 15 -7 27 9 10 22 13 -2 21 20 16 -1 18 -9 28 25 -10 -3 -23 -11 -14 -4 -5 -8 -27
right_child=12 4 3 7 -6 6 19 17 11 24 -12 -13 14 -15 -16 -17 -18 -19 -20 -21 -22 23 -24 -25 -26 29 -28 -29 -30 -31
leaf_value=-0.85531733138985566 1.2128648267839084 -0.74991091268101051 1.1063460246979078 -0.035456965302995601 -1.5144711515994471 -0.88026508031128958 -0.58608733227612309 -2.3654014086178989 0.7035204902458867 0.64799481904685163 0.26378577076224441 -0.057187877992145447 1.3725959832068935 1.4938869896446301 -0.16248993044347282 -1.1645439440696499 0.27290522195158912 -2.3949347937572578 -0.048856293570640745 0.2495528543098387 1.1398425772839222 0.087942590737819515 0.030707512865359821 0.77548406139882919 0.0083476102232850746 0.62177239405696882 0.094368589700713212 0.61488704664462057 0.011021337491066064 0.11365499683496982
leaf_weight=42 112 144 129 49 120 178 125 61 133 71 41 86 40 166 68 345 45 100 72 154 153 179 79 176 105 177 90 56 99 162
leaf_count=42 112 144 129 49 120 178 125 61 133 71 41 86 40 166 68 345 45 100 72 154 153 179 79 176 105 177 90 56 99 162
internal_value=0.000126511 -0.00527145 -0.0167961 -0.00368043 0.00838462 -0.0241903 -0.0136691 -0.0168639 0.0117797 -0.000681818 -0.00984848 0.0191892 0.0214681 0.0221713 0.0181667 -0.0377315 -0.0178161 -0.0293991 -0.0176692 -0.00343915 0.0212406 0.0172131 -0.0159193 0.0116901 0.0130682 0.0156992 0.0166667 0.0109524 -0.0120536 0.0125369
internal_weight=3557 2845 1545 557 1300 988 556 338 1180 440 264 740 712 654 600 432 87 233 133 378 532 488 223 355 176 379 219 105 224 339
internal_count=3557 2845 1545 557 1300 988 556 338 1180 440 264 740 712 654 600 432 87 233 133 378 532 488 223 355 176 379 219 105 224 339
cat_boundaries=0 1
cat_threshold=83
is_linear=0
shrinkage=0.05


Tree=14
num_leaves=31
num_cat=6
split_feature=2 5 8 71 35 49 12 8 51 68 51 10 8 47 32 5 10 10 58 8 71 47 71 17 51 8 44 57 27 8
split_gain=122.323 176.534 54.9821 54.5728 45.2284 47.4449 43.413 32.7579 29.2912 26.1152 26.1051 23.445 23.2922 29.5058 22.7157 31.7764 21.5859 19.7643 18.1836 17.5163 16.173 18.4624 15.797 15.4859 15.5058 15.3191 12.9585 12.4408 11.1523 10.799
threshold=0 0.46291208791208799 5934.8299319727894 -38.973789089044068 0.088477209549185018 1.0000000180025095e-35 66.640000000000015 4764.4444444444462 1 83.066000000000017 2 169.56500000000003 5873.1065759637195 3 0.67579062857013728 0.40833333333333338 180.47500000000002 191.88500000000002 135.53000000000003 5292.6984126984134 -23.10333840281054 4 -25.729685272384497 825.00000000000011 5 5873.1065759637195 0.033593769175105405 78.565000000000012 29.99999999999989 5292.6984126984134
decision_type=9 2 2 2 2 2 2 2 9 2 9 2 2 1 2 2 2 2 2 2 2 1 2 2 9 2 2 2 2 2
left_child=14 3 6 -2 5 19 10 -6 16 28 18 -12 29 -14 -1 22 -8 -10 27 -5 21 -19 23 -16 -25 26 -11 -3 -7 -9
right_child=1 2 -4 4 7 9 8 12 17 25 11 -13 13 -15 15 -17 -18 20 -20 -21 -22 -23 -24 24 -26 -27 -28 -29 -30 -31
leaf_value=1.2452924169266051 -0.83809843966322772 -0.05929472591386982 -1.4720024900994391 -1.5803026853630016 -0.52271937773995969 0.51496097042340538 -0.052882645002463584 0.04343761424197861 0.97981710718542736 0.038294816186187935 -0.46355508433503334 0.57618745087639101 -2.0013048313150836 0.11059952042986243 1.4243681953990113 -0.61761332051372175 0.94064128982449469 1.107840612913916 0.24646310543248859 -0.70336307496414241 -0.99989980342190299 -0.22870941357791794 1.2277331619078273 -0.1464961819721913 0.4564329831561949 -1.9790418304680413 -0.55225975799303506 -0.66805664066211801 -0.11359279558949034 0.70799192700160818
leaf_weight=123 211 108 75 237 197 65 44 132 139 91 41 165 68 91 41 47 361 55 42 96 53 116 117 102 242 69 101 115 67 153
leaf_count=123 211 108 75 237 197 65 44 132 139 91 41 165 68 91 41 47 361 55 42 96 53 116 117 102 242 69 101 115 67 153
internal_value=-0.000140292 -0.00461751 0.00890411 -0.0159062 -0.0122531 -0.0207989 0.0114205 -0.0025741 0.01875 -0.00903308 -0.000530786 0.0125 0.00495495 -0.0103774 0.018915 0.0148452 0.0278313 0.00764075 -0.0107273 -0.0346847 -0.00133929 0.00614035 0.0185259 0.0136364 0.0101744 -0.0181992 -0.0109375 -0.0168161 0.00909091 0.0135088
internal_weight=3564 2892 1314 1578 1367 726 1239 641 768 393 471 206 444 159 672 549 405 363 265 333 224 171 502 385 344 261 192 223 132 285
internal_count=3564 2892 1314 1578 1367 726 1239 641 768 393 471 206 444 159 672 549 405 363 265 333 224 171 502 385 344 261 192 223 132 285
cat_boundaries=0 1 2 3 4 5 6
cat_threshold=10 459079 8682 2 4 526530
is_linear=0
shrinkage=0.05


end of trees

feature_importances:
wav_duration_ms=42
base_cons_gap=27
db_mean=22
vowel_class=20
base_cons=18
row_ratio_in_wav=16
curr_vowel_len_ms=16
energy_mean=16
words_vs_alias_score_margin=13
alias_group=12
base_pre=12
valley_dist_from_cutoff_ms=12
zcr_mean=12
mapping_confidence=12
next_base_pre=11
base_cutoff_abs=10
base_offset_to_expected_ms=10
next_base_offset=10
base_pre_to_expected_ms=9
energy_slope_pre=9
voicing_class=9
db_min=8
is_diphthong=8
base_cut_gap=7
curr_phone_start_ms=7
spectral_flux_mean=7
prev_base_pre=7
base_cutoff_to_next_anchor_ms=6
energy_min=6
prev_base_cutoff_abs=6
curr_phone_end_ms=5
curr_vowel_end_ms=5
energy_slope_post=5
local_peak_db=5
curr_vowel_start_ms=4
syllable_start_ms=4
is_nasal_or_sonorant=4
prev_base_offset=4
next_base_cutoff_abs=4
alias_type=3
curr_phone_len_ms=3
onset_class=3
is_tense=3
row_index_in_wav=2
base_offset=2
base_ovl=2
base_ovl_ratio=2
next_phone_gap_ms=2
f0_voicing_mean=2
prev_alias_type=2
syllable_len_ms=1
expected_anchor_ms=1
valley_energy=1
f0_voicing_near_pre=1

parameters:
[boosting: gbdt]
[objective: regression_l1]
[metric: l1]
[tree_learner: serial]
[device_type: cpu]
[data_sample_strategy: bagging]
[data: ]
[valid: ]
[num_iterations: 500]
[learning_rate: 0.05]
[num_leaves: 31]
[num_threads: 0]
[seed: 0]
[deterministic: 0]
[force_col_wise: 0]
[force_row_wise: 0]
[histogram_pool_size: -1]
[max_depth: -1]
[min_data_in_leaf: 40]
[min_sum_hessian_in_leaf: 0.001]
[bagging_fraction: 0.85]
[pos_bagging_fraction: 1]
[neg_bagging_fraction: 1]
[bagging_freq: 1]
[bagging_seed: 3]
[bagging_by_query: 0]
[feature_fraction: 0.85]
[feature_fraction_bynode: 1]
[feature_fraction_seed: 2]
[extra_trees: 0]
[extra_seed: 6]
[early_stopping_round: 0]
[early_stopping_min_delta: 0]
[first_metric_only: 0]
[max_delta_step: 0]
[lambda_l1: 0]
[lambda_l2: 0]
[linear_lambda: 0]
[min_gain_to_split: 0]
[drop_rate: 0.1]
[max_drop: 50]
[skip_drop: 0.5]
[xgboost_dart_mode: 0]
[uniform_drop: 0]
[drop_seed: 4]
[top_rate: 0.2]
[other_rate: 0.1]
[min_data_per_group: 100]
[max_cat_threshold: 32]
[cat_l2: 10]
[cat_smooth: 10]
[max_cat_to_onehot: 4]
[top_k: 20]
[monotone_constraints: ]
[monotone_constraints_method: basic]
[monotone_penalty: 0]
[feature_contri: ]
[forcedsplits_filename: ]
[refit_decay_rate: 0.9]
[cegb_tradeoff: 1]
[cegb_penalty_split: 0]
[cegb_penalty_feature_lazy: ]
[cegb_penalty_feature_coupled: ]
[path_smooth: 0]
[interaction_constraints: ]
[verbosity: -1]
[saved_feature_importance_type: 0]
[use_quantized_grad: 0]
[num_grad_quant_bins: 4]
[quant_train_renew_leaf: 0]
[stochastic_rounding: 1]
[linear_tree: 0]
[max_bin: 255]
[max_bin_by_feature: ]
[min_data_in_bin: 3]
[bin_construct_sample_cnt: 200000]
[data_random_seed: 1]
[is_enable_sparse: 1]
[enable_bundle: 1]
[use_missing: 1]
[zero_as_missing: 0]
[feature_pre_filter: 1]
[pre_partition: 0]
[two_round: 0]
[header: 0]
[label_column: ]
[weight_column: ]
[group_column: ]
[ignore_column: ]
[categorical_feature: 0,1,2,3,46,47,50,51,52,53,55,56,70]
[forcedbins_filename: ]
[precise_float_parser: 0]
[parser_config_file: ]
[objective_seed: 5]
[num_class: 1]
[is_unbalance: 0]
[scale_pos_weight: 1]
[sigmoid: 1]
[boost_from_average: 1]
[reg_sqrt: 0]
[alpha: 0.9]
[fair_c: 1]
[poisson_max_delta_step: 0.7]
[tweedie_variance_power: 1.5]
[lambdarank_truncation_level: 30]
[lambdarank_norm: 1]
[label_gain: ]
[lambdarank_position_bias_regularization: 0]
[eval_at: ]
[multi_error_top_k: 1]
[auc_mu_weights: ]
[num_machines: 1]
[local_listen_port: 12400]
[time_out: 120]
[machine_list_filename: ]
[machines: ]
[gpu_platform_id: -1]
[gpu_device_id: -1]
[gpu_use_dp: 0]
[num_gpu: 1]

end of parameters

pandas_categorical:[["korean"], ["cvc"], ["cv", "cv_head", "mono", "vc", "vcv", "vv"], ["cv", "cv_glide", "cv_head", "cv_head_glide", "mono", "vc_other", "vc_sonorant", "vc_stop", "vcv", "vv"], ["other", "plosive", "sibilant", "sonorant"], ["unknown", "voiced", "voiceless"], ["liquid", "nasal", "none", "other", "stop"], ["", "a", "e", "eo", "eu", "eui", "i", "o", "u", "ui", "wa", "we", "weo", "wi", "wo", "ya", "ye", "yeo", "yo", "yu"], ["head", "mid", "tail"], ["", "vc", "vcv", "vv"], ["", "cv", "cv_head", "mono", "vc", "vcv", "vv"], [""], ["unknown"]]
