tree
version=v4
num_class=1
num_tree_per_iteration=1
label_index=0
max_feature_idx=74
objective=regression_l1
feature_names=language format_type alias_type alias_group row_index_in_wav row_ratio_in_wav is_head_row is_tail_row wav_duration_ms base_offset base_cons base_cutoff_abs base_pre base_ovl base_cons_gap base_cut_gap base_ovl_ratio curr_phone_start_ms curr_phone_end_ms curr_phone_len_ms curr_vowel_start_ms curr_vowel_end_ms curr_vowel_len_ms syllable_start_ms syllable_end_ms syllable_len_ms prev_phone_gap_ms next_phone_gap_ms expected_anchor_ms base_offset_to_expected_ms base_pre_to_expected_ms base_cutoff_to_next_anchor_ms energy_mean energy_min energy_max energy_slope_pre energy_slope_post valley_energy valley_dist_from_cutoff_ms db_mean db_min db_silence_ratio f0_voicing_mean f0_voicing_near_pre zcr_mean spectral_flux_mean onset_class voicing_class is_tense is_diphthong coda_type vowel_class mora_position bridge_type is_nasal_or_sonorant prev_alias_type next_alias_type prev_base_pre next_base_pre prev_base_offset next_base_offset prev_base_cutoff_abs next_base_cutoff_abs mapping_confidence used_alias_occurrence_mapping used_exact_vowel_fix used_nuclei_fallback used_alias_based_syllables words_vs_alias_score_margin jump_blocked_flag mapping_reason_code local_peak_db local_valley_db mel_window_energy_mean mel_window_silence_ratio
feature_infos=none none -1:0:2:3:1 -1:12:6:9:0:7:10:2:11:5:8:4:3:1 [0:15] [0:1] [0:1] [0:1] [4246.3492063492067:5999.4557823129253] [438.20999999999998:5047.9200000000001] [39.460000000000001:398.60000000000002] [539.38:5194.2600000000002] [31.440000000000001:259.43000000000001] [9.7799999999999994:228.36000000000001] [4.2800000000000011:161.78] [0.0100000000000051:114.20999999999999] [0.28446771378708541:0.99422115447048898] [450:5060] [530:5610] [10:3040] [450:5060] [530:5610] [10:3040] [450:5060] [530:5610] [29.999999999999773:3070] [0:1500] [0:1190] [450:5060] [-254.16000000000031:42.389999999999873] [-39.619999999999891:238.58999999999992] [-3956.1100000000006:3036.1400000000003] [0.000112035901755:1] [0:1] [0.00070331211183659998:1] [-0.87805226914209944:1] [-0.95129347959133559:0.98573646943198179] [0:1] [-32.578798185941203:314.39247165532925] [-72.113136325761715:-9.9308719817785445] [-84.816403556884978:-11.203556039587015] [0:1] [0:1] [0:1] [0.0085470085470084993:0.50416982562547386] [0:0.189132822934269] -1:1:2:3:0 -1:0:1:2 none none none -1:0:3:2:1:6:5:4 -1:1:0:2 -1:0:1:2 [0:1] -1:3:0:4:1:2 none [0:271.13] [0:325.13] [0:4992.9799999999996] [0:5063.7399999999998] [0:5173.9199999999992] [0:5372.9700000000003] [0.72017804847290745:1] none [0:1] none none [-25.416000000000032:1541.5840000000001] none none [-72.113136325761715:-9.9308719817785445] [-84.816403556884978:-11.203556039587015] [0.000112035901755:1] [0:1]
tree_sizes=2114 1962 2089 2010 2089 2082 2251 2259 2314 2238 2330 2405 2419 2487 2670 2648 2484 2748 2729 2757 2580 2666 2757 2733 2751 2763 2748 2748 2767

Tree=0
num_leaves=24
num_cat=1
split_feature=3 29 30 61 4 31 18 43 15 16 40 45 16 18 30 25 22 37 68 40 31 38 9
split_gain=900.068 149.036 98.202 55.9557 61.9669 27.0023 22.5403 12.7174 12.6086 18.1357 11.25 9.13426 11.8076 6.96715 3.68182 2.68302 4.23773 1.59145 0.785029 1.54271 0.779419 0.41617 0.0583333
threshold=0 -34.819999999999929 3.0049999999999959 3212.2150000000006 2.5000000000000004 -10.91000000000008 1225.0000000000002 0.76240317402557412 72.189999999999998 0.62582775681881297 -30.485788812935265 0.056616624117693554 0.97976068343351186 2555.0000000000005 11.639999999999874 315.00000000000006 35.000000000000121 0.055939814519608007 -3.7980000000000014 -25.975832013503712 478.565 216.83027210884356 2593.1500000000005
decision_type=1 2 2 2 2 2 2 2 2 2 2 2 2 2 2 2 2 2 2 2 2 2 2
left_child=1 6 8 4 7 -4 10 -3 9 17 -1 15 -13 -6 -7 16 -8 -2 19 -17 -20 -10 -21
right_child=2 3 5 -5 13 14 11 -9 21 -11 -12 12 -14 -15 -16 18 -18 -19 20 22 -22 -23 -24
leaf_value=-35.942148208618164 -30.58439826965332 -35.093023204803465 -32.413898229598999 -46.299398231506345 -27.034398078918457 -35.431998252868652 -41.340148353576659 -38.708873176574706 -32.471898269653323 -34.075898218154904 -34.848398208618164 -41.659597969055177 -35.448448181152344 -26.513598442077637 -35.946023178100589 -39.148398399353027 -41.832898139953613 -32.931623232364657 -42.854148292541502 -41.155523109436032 -43.09244785308838 -32.148898220062257 -39.553398132324219
leaf_weight=40 57 52 40 41 71 44 41 40 75 45 40 59 43 40 44 63 45 60 324 40 41 489 56
leaf_count=40 57 52 40 41 71 44 41 40 75 45 40 59 43 40 44 63 45 60 324 40 41 489 56
internal_value=-35.0514 -35.0826 -35.0136 -35.0487 -35.038 -35.0536 -35.0934 -35.0683 -35.0061 -35.0184 -35.0682 -35.0962 -35.0824 -35.0128 -35.069 -35.0986 -35.0904 -35.008 -35.0999 -35.097 -35.1012 -35.0025 -35.101
internal_weight=1890 1036 854 244 203 128 792 92 726 162 80 712 102 111 88 610 86 117 524 159 365 564 96
internal_count=1890 1036 854 244 203 128 792 92 726 162 80 712 102 111 88 610 86 117 524 159 365 564 96
cat_boundaries=0 1
cat_threshold=7942
is_linear=0
shrinkage=1


Tree=1
num_leaves=22
num_cat=2
split_feature=2 13 3 19 68 68 8 30 60 33 15 33 30 38 33 35 14 35 31 10 26
split_gain=859.476 137.097 123.443 65.0948 23.6238 22.2585 30.5855 21.8199 14.559 13.0325 12.5939 12.9948 9.69167 7.93541 2.15237 0.985695 0.897868 0.646329 0.504396 0.351515 0.344649
threshold=0 77.64500000000001 1 195.00000000000003 66.917500000000004 -1.1404999999999972 4335.6689342403633 50.745000000000125 1100.5000000000002 0.38639768597827134 49.790000000000042 0.28750496272526066 1.875 39.197664399093021 0.75790210174266492 0.022494159119583201 8.3649999999999967 0.0032038305349174003 210.25000000000003 203.56500000000003 45.000000000000007
decision_type=1 2 1 2 2 2 2 2 2 2 2 2 2 2 2 2 2 2 2 2 2
left_child=3 2 5 12 -5 17 -7 -4 -3 -8 16 -12 14 -13 20 -15 -10 -2 -9 -18 -1
right_child=1 8 7 4 -6 6 9 18 10 -11 11 13 -14 15 -16 -17 19 -19 -20 -21 -22
leaf_value=2.9040199327468876 -4.6895802021026611 -1.9003924369812013 0.43129487276077261 1.0073473954200745 -1.1270744276046754 -1.0921425819396973 1.1643261623382568 6.610219812393189 -8.7979273509979254 -0.83474874973297131 -1.5813202571868896 -3.8439518499374388 2.5061949133872989 -5.9137928295135502 2.0341449308395387 -5.0104801177978517 -7.4076540803909303 -5.7771800756454468 8.1432199954986579 -5.3052675533294682 2.3701199531555175
leaf_weight=540 49 43 69 40 42 62 40 51 75 47 61 48 50 82 41 59 290 48 40 40 43
leaf_count=540 49 43 69 40 42 62 40 51 75 47 61 48 50 82 41 59 290 48 40 40 43
internal_value=0.000752688 -0.027289 -0.0044335 0.0415144 0 -0.0261719 -0.0151007 0.0288235 -0.0409742 0.00402299 -0.0428244 -0.034 0.047181 -0.0404762 0.0488782 -0.0464539 -0.0482716 -0.0458763 0.0467033 -0.0493939 0.0496569
internal_weight=1860 1104 406 756 82 246 149 160 698 87 655 250 674 189 624 141 405 97 91 330 583
internal_count=1860 1104 406 756 82 246 149 160 698 87 655 250 674 189 624 141 405 97 91 330 583
cat_boundaries=0 1 2
cat_threshold=1 4118
is_linear=0
shrinkage=0.05


Tree=2
num_leaves=23
num_cat=1
split_feature=3 10 19 19 13 11 30 8 68 33 4 14 31 14 29 59 36 68 18 26 10 23
split_gain=864 155.853 85.2878 60.5545 33.1553 28.2902 22.212 21.5435 18.0048 21.9979 11.4722 10.5188 8.71978 2.80869 2.65848 2.14545 1.27314 0.735547 0.722043 0.231828 0.0924528 0.0899749
threshold=0 98.690000000000012 195.00000000000003 185.00000000000003 76.930000000000021 1343.6450000000002 0.96500000000003194 4654.4444444444453 -8.3040000000000074 0.43744400785661486 1.0000000180025095e-35 129.84500000000006 210.25000000000003 126.61500000000002 -31.004999999999878 2049.9200000000005 -0.090017205476430592 -3.9460000000000028 1655.0000000000002 35.000000000000121 138.77500000000003 1565.0000000000002
decision_type=1 2 2 2 2 2 2 2 2 2 2 2 2 2 2 2 2 2 2 2 2 2
left_child=1 3 6 -1 15 7 10 12 9 -7 -2 -4 -3 -11 17 -5 -12 -10 -19 20 -18 -20
right_child=2 5 11 4 -6 8 -8 -9 14 13 16 -13 -14 -15 -16 -17 19 18 21 -21 -22 -23
leaf_value=-5.1818311142921445 0.89524829524755489 -0.50128543376922607 -1.364345150232315 4.4752090048789981 -9.7219510586261748 -0.29436415529251081 2.0251351553201675 0.40460736775398271 -6.1970992199182513 -2.653784826755524 3.068343901395798 0.76388005006313331 -5.4201599271297454 -3.9114232914447786 -7.0160368926525125 7.8346685957908635 3.218086996138096 -4.6938598783016205 -6.5315988615751266 2.3275063965320588 2.7045938727855687 -7.3427375874519356
leaf_weight=47 50 56 53 40 40 55 56 59 58 42 42 48 52 72 40 59 40 42 40 56 490 359
leaf_count=47 50 56 53 40 40 55 56 59 58 42 42 48 52 72 40 59 40 42 40 56 490 359
internal_value=0.000369198 -0.0294585 0.0381657 0.011828 0.0284173 -0.0385714 0.0445504 -0.0200599 -0.0429379 -0.0286982 0.0470501 -0.00445545 -0.0333333 -0.0412281 -0.0474026 0.0439394 0.0488854 -0.0483968 -0.049093 0.0494881 0.0498113 -0.0497494
internal_weight=1896 1061 835 186 139 875 734 167 708 169 678 101 108 114 539 99 628 499 441 586 530 399
internal_count=1896 1061 835 186 139 875 734 167 708 169 678 101 108 114 539 99 628 499 441 586 530 399
cat_boundaries=0 1
cat_threshold=7942
is_linear=0
shrinkage=0.05


Tree=3
num_leaves=22
num_cat=1
split_feature=3 29 19 29 8 21 31 17 42 30 45 62 9 58 57 35 30 62 36 38 39
split_gain=887.499 108.365 62.079 58.3219 52.1727 30.9545 24.9767 20.0805 18.6199 17.0945 12.2122 9.85855 8.58513 4.83973 2.94301 1.86025 0.725137 0.721464 0.362085 0.324687 0.0923225
threshold=0 -33.97000000000002 195.00000000000003 -16.624999999999996 4654.4444444444453 1695.0000000000002 170.80000000000021 615.00000000000011 0.61426272246248736 0.96500000000003194 0.024239734776953254 3603.5450000000005 2065.6900000000005 134.60500000000002 45.940000000000005 -0.095273429429845735 -1.7299999999996769 1847.6100000000004 0.12676301795218078 70.913594104308473 -35.791414853727538
decision_type=1 2 2 2 2 2 2 2 2 2 2 2 2 2 2 2 2 2 2 2 2
left_child=2 5 9 4 -3 6 7 -2 11 14 -5 -7 -4 15 -1 -10 19 -17 -19 -16 -21
right_child=1 3 12 10 -6 8 -8 -9 13 -11 -12 -13 -14 -15 16 17 -18 18 -20 20 -22
leaf_value=1.6425341088488701 -0.62672117352485657 7.1910555597543722 0.65425175679922121 -3.788441299641133 -7.2642091444730772 -3.8808231103837487 -5.4391590642571446 0.40710200928449647 -4.1203195181250569 2.0923283954560761 -0.28885003323853004 -0.83187758166790005 -0.46436155270934132 -4.4403163119077682 3.0818076615899805 -6.3065117321878672 1.5236892173409462 -6.6448430779695515 -5.9715022778034212 3.1170891914486889 2.600114215385914
leaf_weight=40 46 78 42 76 45 64 46 74 41 55 60 42 43 58 42 40 40 382 40 40 481
leaf_count=40 46 78 42 76 45 64 46 74 41 55 60 42 43 58 42 40 40 382 40 40 481
internal_value=8e-05 -0.0289474 0.0404161 -0.000965251 0.0239837 -0.0379952 -0.0186747 -0.00666667 -0.0428036 0.0458453 -0.0235294 -0.0235849 0.000588235 -0.0464349 0.0481337 -0.0480119 0.049005 -0.0489177 -0.0495261 0.0494671 0.0498081
internal_weight=1875 1092 783 259 123 833 166 120 667 698 136 106 85 561 643 503 603 462 422 563 521
internal_count=1875 1092 783 259 123 833 166 120 667 698 136 106 85 561 643 503 603 462 422 563 521
cat_boundaries=0 1
cat_threshold=233
is_linear=0
shrinkage=0.05


Tree=4
num_leaves=23
num_cat=1
split_feature=3 29 19 8 18 29 30 42 30 63 68 4 14 68 14 38 63 38 57 39 33 39
split_gain=828.735 117.957 85.0646 52.3626 31.0071 26.6347 23.5669 22.0037 19.3799 17.9021 16.3122 13.0038 10.2939 3.88728 4.15783 1.60087 1.57537 1.43377 1.25 0.888889 0.332751 0.0921569
threshold=0 -33.97000000000002 195.00000000000003 4654.4444444444453 1225.0000000000002 -18.794999999999842 -0.7399999999998953 0.61426272246248736 64.069999999999951 0.873397464935878 -8.3040000000000074 1.0000000180025095e-35 129.84500000000006 -5.3250000000000002 127.18500000000002 81.369818594104245 0.88833076366212083 1.0000000180025095e-35 87.795000000000016 -22.088917683144427 0.6826098400033398 -35.966642544289677
decision_type=1 2 2 2 2 2 2 2 2 2 2 2 2 2 2 2 2 2 2 2 2 2
left_child=1 4 6 5 9 -3 11 10 -5 -1 -6 -2 -4 14 -9 -13 17 -15 -18 -16 21 -17
right_child=2 3 12 8 7 -7 -8 13 -10 -11 -12 15 -14 16 19 20 18 -19 -20 -21 -22 -23
leaf_value=0.48614866154253494 1.1908910525008292 6.8327325924813751 -1.7455796321223673 0.11270664238706232 -0.0053785079815980913 -0.11112705165348942 1.6932547724479439 -2.9681089742743967 -9.2869541896322385 -1.1182738627874849 -4.1783791384795306 2.6566929413975773 0.38530663440793733 -8.0770560708606247 -3.2194572072210903 2.9612347318762544 -4.6513292299857731 -6.3584299020427473 -4.8194074541005492 -4.0340490486824505 2.0707022693985699 2.4659106896156078
leaf_weight=51 57 61 50 59 50 40 76 67 72 45 61 51 48 40 40 40 40 345 40 50 41 470
leaf_count=51 57 61 50 59 50 40 76 67 72 45 61 51 48 40 40 40 40 345 40 50 41 470
internal_value=0.000105597 -0.029085 0.0371886 0.00215517 -0.0381785 0.0292079 0.0434694 -0.041678 -0.0187023 -0.0114583 -0.0211712 0.0465099 -0.00612245 -0.0453376 -0.038535 0.0486711 -0.0476344 -0.048961 -0.04125 -0.0455556 0.0494555 0.0498039
internal_weight=1894 1061 833 232 829 101 735 733 131 96 111 659 98 622 157 602 465 385 80 90 551 510
internal_count=1894 1061 833 232 829 101 735 733 131 96 111 659 98 622 157 602 465 385 80 90 551 510
cat_boundaries=0 1
cat_threshold=7942
is_linear=0
shrinkage=0.05


Tree=5
num_leaves=23
num_cat=1
split_feature=2 10 18 19 45 39 17 29 30 68 58 68 36 27 36 30 38 38 31 45 39 63
split_gain=842.768 129.281 96.6 71.2484 46.4796 52.8863 37.3705 19.9747 18.705 18.05 17.2788 13.6135 6.89141 2.66372 1.87488 1.84698 1.53812 2.09455 0.667667 0.311816 0.0928315 0.0903614
threshold=0 98.690000000000012 1225.0000000000002 195.00000000000003 0.014742674612295602 -15.400177607697756 640.00000000000011 -53.940000000000047 -8.9549999999999255 67.363500000000002 148.78000000000003 -11.007000000000014 -0.11356592285539148 35.000000000000007 -0.060121312636507891 61.83499999999993 199.0887074829931 246.15301587301613 589.34999999999991 0.058329881099114606 -35.966642544289677 0.89374928792407926
decision_type=1 2 2 2 2 2 2 2 2 2 2 2 2 2 2 2 2 2 2 2 2 2
left_child=3 4 6 7 5 15 -3 14 -8 -5 11 -4 -13 16 -1 -2 18 -18 19 21 -16 -14
right_child=1 2 10 9 -6 -7 8 -9 -10 -11 -12 12 13 -15 20 -17 17 -19 -20 -21 -22 -23
leaf_value=2.3967635965689382 6.5286976221552493 -0.74997137593287244 -2.0172535362418293 0.78487625351149237 -3.7988059673822678 -9.105266393479809 1.9694964956796206 1.8713492458346785 0.18725225565708448 -1.2209592280217672 -1.6076249135965037 -4.9217686610435996 -5.9803591698746983 -4.9377964955226634 2.6015980093014544 6.1586360362520818 -2.3732699716046302 -3.9659629202233742 -6.6394387050743706 -5.2274585246698351 2.3397129626018107 -5.2565993972936687
leaf_weight=66 44 49 46 40 42 45 41 67 50 40 72 41 375 48 40 57 55 45 41 42 518 40
leaf_count=66 44 49 46 40 42 45 41 67 50 40 72 41 375 48 40 57 55 45 41 42 518 40
internal_value=0.000367647 -0.0269904 -0.0347619 0.0403969 0.0106383 0.0239726 0.00357143 0.0460926 0.0225275 -0.00375 -0.0414286 -0.0437244 -0.0454876 -0.0467492 0.0488782 0.0440594 -0.0476589 -0.042 -0.0487952 -0.0493435 0.0498208 -0.049759
internal_weight=1904 1133 945 771 188 146 140 691 91 80 805 733 687 646 624 101 598 100 498 457 558 415
internal_count=1904 1133 945 771 188 146 140 691 91 80 805 733 687 646 624 101 598 100 498 457 558 415
cat_boundaries=0 1
cat_threshold=1
is_linear=0
shrinkage=0.05


Tree=6
num_leaves=25
num_cat=1
split_feature=2 12 63 30 18 10 5 17 10 30 40 21 38 62 19 33 30 30 45 38 33 39 11 33
split_gain=766.837 114.561 80.3806 63.3437 29.6812 27.0891 38.1768 24.0507 24.002 16.6957 15.6075 19.6909 12.084 8.22571 7.05551 6.72902 2.86651 2.55979 4.05997 2.19789 1.73445 1.42347 0.490909 0.0920319
threshold=0 89.845000000000013 0.90178790429429234 0.96500000000003194 2565.0000000000005 227.29500000000004 0.36931818181818182 1675.0000000000002 180.11000000000004 55.095000000000034 -22.432730630158648 1450.0000000000002 81.369818594104245 1329.7550000000003 385.00000000000006 0.56154804652316748 -1.6499999999999773 47.624999999999893 0.0098648110767643026 -4.34848072562363 0.82028652583398931 -13.598696189924427 2500.6450000000004 0.0012012869747853501
decision_type=1 2 2 2 2 2 2 2 2 2 2 2 2 2 2 2 2 2 2 2 2 2 2 2
left_child=3 2 4 12 9 13 -7 -5 10 -2 11 -4 -1 -3 -10 -8 21 19 22 -15 -17 23 -19 -14
right_child=1 5 8 7 -6 6 15 -9 14 -11 -12 -13 16 17 -16 20 -18 18 -20 -21 -22 -23 -24 -25
leaf_value=2.1912789243310002 0.93561298121848724 -2.5720458745385515 -0.91839627626462694 1.741766811757302 -4.8536948462381364 0.43893984458828011 -1.832478235734724 -0.43065978224415125 -1.2368510651875049 6.0276641305271248 -2.0973325415875315 0.91433373469203316 4.0113272800440773 -7.2650412727242442 -4.4408419295591619 -2.7188408487485853 1.3958745480734245 -5.4939665159755995 -5.2184006596521897 -5.7969503367567103 -3.3162319676843683 1.527507307157927 -6.8532784117436085 2.2188794979448305
leaf_weight=65 69 40 40 41 46 41 54 70 41 69 56 48 40 40 79 43 41 40 46 291 42 40 48 462
leaf_count=65 69 40 40 41 46 41 54 70 41 69 56 48 40 40 79 43 41 40 46 291 42 40 48 462
internal_value=0.000739958 -0.0252406 -0.00580357 0.0393368 0.0195652 -0.0383212 -0.0216667 0.00495495 -0.0234848 0.0311594 -0.00972222 0.00340909 0.0458333 -0.0442574 -0.04 -0.0341727 0.0481132 -0.046129 -0.0402985 -0.0484894 -0.0429412 0.0490775 -0.0465909 0.0498008
internal_weight=1892 1133 448 759 184 685 180 111 264 138 144 88 648 505 120 139 583 465 134 331 85 542 88 502
internal_count=1892 1133 448 759 184 685 180 111 264 138 144 88 648 505 120 139 583 465 134 331 85 542 88 502
cat_boundaries=0 1
cat_threshold=1
is_linear=0
shrinkage=0.05


Tree=7
num_leaves=25
num_cat=1
split_feature=3 29 19 59 4 30 18 42 4 43 11 16 63 68 58 18 68 20 36 38 35 36 25 9
split_gain=783.176 120.353 75.9683 50.9232 54.6832 26.1191 23.7763 22.9968 16.3379 12.975 12.4919 12.3371 11.6364 11.5479 7.70119 2.9982 2.62426 4.1113 1.99518 1.15747 0.784299 0.525 0.364819 0.0909091
threshold=0 -33.97000000000002 185.00000000000003 3065.4900000000002 2.5000000000000004 -1.7299999999996769 1225.0000000000002 0.59158150220279215 1.0000000180025095e-35 0.76240317402557412 2206.1800000000007 0.47434770591487013 0.873397464935878 -8.3040000000000074 146.50500000000002 2535.0000000000005 -3.9869999999999886 2565.0000000000005 -0.060121312636507891 -4.34848072562363 -0.0284632407148455 -0.0013507353312283998 335.00000000000006 3090.4550000000004
decision_type=1 2 2 2 2 2 2 2 2 2 2 2 2 2 2 2 2 2 2 2 2 2 2 2
left_child=1 6 5 4 9 8 12 13 -2 -3 -7 -4 -1 -8 16 -6 17 -9 -10 -18 -21 -19 -20 -24
right_child=2 3 11 -5 15 10 7 14 18 -11 -12 -13 -14 -15 -16 -17 19 21 22 20 -22 -23 23 -25
leaf_value=0.10674215900681903 1.2336299839703031 0.28185547304016095 0.45518048332034022 -8.5198709703563864 5.1449889132265545 2.0994741559367331 -0.18398216252155442 -2.8142058351992203 2.2424370666022422 -3.5796778174265782 -0.014272764158416697 -0.90996102412628377 -0.93249567037278647 -3.3091401581562097 -2.8984834044546512 7.1910048911507163 -7.7514830956515128 -3.4123535897798392 2.8242149018205049 -4.2836565951393881 -5.5028935358517215 -3.3623414641199592 2.0670333619858248 2.4078583474899755
leaf_weight=44 57 52 43 42 51 58 44 54 56 46 48 64 44 61 43 46 42 40 75 41 343 56 400 40
leaf_count=44 57 52 43 42 51 58 44 54 56 46 48 64 44 61 43 46 42 40 75 41 343 56 400 40
internal_value=-5.29101e-05 -0.0287535 0.0356639 0.00232068 0.0130769 0.0418256 -0.0381773 -0.0411602 0.0457006 -0.0132653 0.0188679 -0.00327103 -0.0136364 -0.0195238 -0.0448304 0.0396907 -0.0463542 -0.0406667 0.0482487 -0.0483568 -0.0492188 -0.046875 0.0492233 0.0497727
internal_weight=1890 1049 841 237 195 734 812 724 628 98 106 107 88 105 619 97 576 150 571 426 384 96 515 440
internal_count=1890 1049 841 237 195 734 812 724 628 98 106 107 88 105 619 97 576 150 571 426 384 96 515 440
cat_boundaries=0 1
cat_threshold=7942
is_linear=0
shrinkage=0.05


Tree=8
num_leaves=26
num_cat=2
split_feature=2 13 3 63 68 17 36 9 68 19 60 15 38 33 45 33 20 31 35 35 19 15 12 22 39
split_gain=756.51 131.965 104.146 49.4399 30.6558 24.9695 24.4399 22 17.0219 15.8102 14.6274 15.2713 12.8563 10.8092 9.2884 5.1776 5.00774 2.00283 1.85702 1.62285 0.971594 0.645992 0.901633 0.555212 0.090099
threshold=0 77.160000000000011 1 0.99975594776722898 66.917500000000004 1145.0000000000002 -0.14497277100052247 730.43000000000018 138.27700000000002 185.00000000000003 1126.2100000000003 49.790000000000042 35.736383219954867 0.37408998596902449 0.044214202363234152 0.61133870255033007 2565.0000000000005 218.17499999999976 0.0025800753578335508 -0.079193846940146043 545.00000000000011 81.41500000000002 60.035000000000004 275.00000000000006 -14.564408680455264
decision_type=1 2 1 2 2 2 2 2 2 2 2 2 2 2 2 2 2 2 2 2 2 2 2 2 2
left_child=3 2 5 8 -5 7 -3 -2 15 -4 -8 19 -13 -9 16 21 -14 -11 -7 -12 23 22 -1 -21 -23
right_child=1 6 9 4 -6 18 10 13 -10 17 11 12 14 -15 -16 -17 -18 -19 -20 20 -22 24 -24 -25 -26
leaf_value=3.3156729155230114 -1.1283837284094902 -0.042130707670519213 0.68455922040145034 1.1323816736686383 -0.53308525889000158 -4.090701294788901 -3.301980456562271 1.1393334481080934 1.725119740498819 4.8071139120467041 -3.6442981230823492 -1.8429954207361963 -4.8084986196146104 -0.11805664061562204 -1.6989865660927777 1.9071680625609091 -3.7155386871653948 5.3294011308475131 -3.9309073934930048 -4.3258558671833285 -6.0886786933623114 2.0201566656577739 2.3338771699341998 -5.626498254816453 1.4602659969395928
leaf_weight=69 75 42 46 65 43 41 44 41 52 59 40 55 52 49 42 70 97 42 46 54 46 364 76 269 40
leaf_count=69 75 42 46 65 43 41 44 41 52 59 40 55 52 49 42 70 97 42 46 54 46 364 76 269 40
internal_value=0.00153726 -0.0243478 -0.00137845 0.0392269 0.00833333 -0.0206107 -0.0370445 -0.01 0.0447839 0.0308917 -0.0392704 -0.041145 -0.0313008 0.00666667 -0.0374346 0.0470921 -0.0432886 0.0440594 -0.0431034 -0.047066 -0.048103 0.048725 0.0458621 -0.0490712 0.0497525
internal_weight=1919 1140 399 779 108 252 741 165 671 147 699 655 246 90 191 619 149 101 87 409 369 549 145 323 404
internal_count=1919 1140 399 779 108 252 741 165 671 147 699 655 246 90 191 619 149 101 87 409 369 549 145 323 404
cat_boundaries=0 1 2
cat_threshold=1 4118
is_linear=0
shrinkage=0.05


Tree=9
num_leaves=25
num_cat=2
split_feature=2 12 3 29 21 10 5 5 20 11 8 38 29 62 33 16 45 19 63 25 31 39 31 35
split_gain=718.879 106.773 74.8837 60.8551 53.2246 30.5939 31.6842 24.7418 24.1468 18.2785 27.4589 17.4374 11.4681 10.4093 10.1489 6.99784 5.03753 3.22667 2.28828 1.43619 1.21016 0.891004 0.431412 0.0866667
threshold=0 89.845000000000013 1 -53.940000000000047 2955.0000000000005 215.30000000000004 0.36931818181818182 0.38750000000000007 1655.0000000000002 1347.1800000000003 4654.4444444444453 81.369818594104245 -34.009999999999984 1378.6900000000003 0.47668348161472174 0.65923341297413685 0.009965274549471952 425.00000000000028 0.78764052315086663 335.00000000000006 496.14000000000004 -14.190962020828367 -182.11500000000021 -0.023374515875452497
decision_type=1 2 1 2 2 2 2 2 2 2 2 2 2 2 2 2 2 2 2 2 2 2 2 2
left_child=3 2 9 11 7 13 -7 -4 -5 10 -2 -1 -10 -3 -8 -12 -13 -11 -16 -15 23 22 -18 -21
right_child=1 5 4 8 -6 6 14 -9 12 17 15 16 -14 19 18 -17 21 -19 -20 20 -22 -23 -24 -25
leaf_value=1.8787857533959358 -1.2545254358515614 -3.5461774048065062 0.52249327067751017 1.5680505030104976 -7.8378179854678001 0.47711816739014312 -1.6081473418944534 5.4107170144231898 -0.47060478300290126 -2.2396932411040376 -0.13121072262812028 0.86892386060364513 0.47362737814117928 -4.1625398451035363 -3.1722357157100536 0.8399167768470982 1.9470738993228225 -4.2960875488003287 -2.0204009334555821 -6.9339743692377285 -5.1898795920869691 1.2989517607012968 2.8302470504269284 -5.1198631199886364
leaf_weight=68 76 47 66 40 45 51 47 84 44 40 43 41 50 78 59 41 405 60 41 40 43 54 71 260
leaf_count=68 76 47 66 40 45 51 47 84 44 40 43 41 50 78 59 41 405 60 41 40 43 54 71 260
internal_value=0.000791975 -0.0247126 -0.00626374 0.0376117 0.0168293 -0.0376877 -0.0212121 0.032 0.00746269 -0.0233333 -0.01375 0.0445227 -0.00638298 -0.0446581 -0.0329932 0.00595238 0.047373 -0.041 -0.042 -0.0471496 -0.0485423 0.0486792 0.0493697 -0.0496667
internal_weight=1894 1121 455 773 195 666 198 150 134 260 160 639 94 468 147 84 571 100 100 421 343 530 476 300
internal_count=1894 1121 455 773 195 666 198 150 134 260 160 639 94 468 147 84 571 100 100 421 343 530 476 300
cat_boundaries=0 1 2
cat_threshold=1 4118
is_linear=0
shrinkage=0.05


Tree=10
num_leaves=26
num_cat=1
split_feature=3 10 17 63 8 8 68 68 33 30 68 16 34 57 33 35 58 19 68 8 9 25 43 30 5
split_gain=721.196 106.67 56.9027 49.761 49.4426 29.0056 25.4483 24.7936 20.202 17.037 16.3228 13.8409 12.0749 10.0946 6.853 6.45076 6.04938 3.79479 3.22456 2.83684 1.97424 1.37408 1.86334 0.541162 0.293631
threshold=0 98.690000000000012 1145.0000000000002 0.99975594776722898 4664.6031746031758 4320.0453514739238 -8.3040000000000074 138.27700000000002 0.56154804652316748 58.799999999999962 46.066500000000005 0.66644213262203611 0.79033718350594062 39.140000000000008 0.61133870255033007 -0.0080319226961826969 56.725000000000009 405.00000000000006 23.581499999999906 5890.0907029478467 1425.2100000000003 365.00000000000006 0.69432103223240638 70.010000000000005 0.17424242424242423
decision_type=1 2 2 2 2 2 2 2 2 2 2 2 2 2 2 2 2 2 2 2 2 2 2 2 2
left_child=3 4 5 7 9 12 8 14 -4 -2 -5 -7 -3 -6 18 16 -8 -18 -1 -10 -17 22 -20 -22 -23
right_child=1 2 6 10 13 11 15 -9 19 -11 -12 -13 -14 -15 -16 20 17 -19 21 -21 23 24 -24 -25 -26
leaf_value=2.1274569038042976 4.9133939320662536 -4.0024928708861935 -0.60166764130664596 0.70829973702998039 -0.067541374934346893 -0.92125955498172041 -5.5695147195457766 1.4823612145904432 -1.7731861227315378 4.5955949872259838 -0.20988382805542952 0.96362812537709785 -0.38716620926275919 -7.4459270861944109 1.7506074445197926 -3.0958531927595572 -3.0784644537082073 -4.3711056271065676 2.4309711001129917 -3.0228258334023921 -4.938819688678926 1.5215183057566222 2.0454664115034218 -5.0722861614217356 1.7811201171908486
leaf_weight=55 42 47 71 62 40 42 54 51 55 62 40 49 67 41 72 54 41 40 48 40 298 48 51 56 355
leaf_count=55 42 47 71 62 40 42 54 51 55 62 40 49 67 41 72 54 41 40 48 40 298 48 51 56 355
internal_value=0.000558214 -0.0254734 -0.0327133 0.0369949 0.00891892 -0.0095122 -0.0394217 0.0423529 -0.0222892 0.0317308 0.00490196 0.0115385 -0.0263158 -0.0203704 0.0450715 -0.0446593 -0.0351852 -0.0265432 0.0469479 -0.0373684 -0.0477941 0.0482072 0.0429293 -0.0491525 0.0495037
internal_weight=1881 1099 914 782 185 205 709 680 166 104 102 91 114 81 629 543 135 81 557 95 408 502 99 354 403
internal_count=1881 1099 914 782 185 205 709 680 166 104 102 91 114 81 629 543 135 81 557 95 408 502 99 354 403
cat_boundaries=0 1
cat_threshold=233
is_linear=0
shrinkage=0.05


Tree=11
num_leaves=27
num_cat=1
split_feature=2 12 68 31 57 10 10 5 63 33 32 62 29 33 33 58 58 30 45 38 38 30 61 22 39 38
split_gain=676.652 120.476 78.3086 47.9739 35.7113 27.1659 26.9118 30.7309 22.0112 17.6333 16.4024 16.1355 11.4131 7.42693 7.20409 5.42531 2.77669 2.43238 2.45861 2.41395 1.77426 1.25 1.25 0.78535 0.534979 0.34024
threshold=0 89.845000000000013 22.637000000000004 -106.19000000000004 89.780000000000015 179.04000000000002 215.30000000000004 0.36931818181818182 0.89897791794050941 0.26856618237570068 0.8812210536432673 1378.6900000000003 -53.940000000000047 0.47668348161472174 0.68501681074646015 113.22000000000001 59.315000000000005 53.854999999999798 0.0065387559566017512 81.369818594104245 209.27395691609993 38.470000000000034 1629.3500000000001 175.00000000000003 -14.190962020828367 157.04591836734701
decision_type=1 2 2 2 2 2 2 2 2 2 2 2 2 2 2 2 2 2 2 2 2 2 2 2 2 2
left_child=3 2 5 12 8 9 11 -8 15 -2 -5 -3 14 -9 16 -4 22 23 -19 -15 -7 -11 -1 -13 25 -18
right_child=1 6 4 10 -6 20 7 13 -10 21 -12 17 -14 19 -16 -17 24 18 -20 -21 -22 -23 -24 -25 -26 -27
leaf_value=1.2328245444205765 0.53888563320421434 -3.3464415950182294 1.1620742759086571 0.93774383246700865 4.7786365538936453 -3.6754164504945757 0.40508085275178107 -1.4976565927343986 -0.85005153208990025 -1.66146046419043 -0.68520967824575107 -3.3891556234039175 1.5659431679753009 -1.8343334682631003 1.6028858517287654 1.6792041193531659 4.0553857514494975 -4.3285919387481897 -4.4724502515464826 -2.5719418256816482 -3.1614479888985074 -1.9924162914468662 1.3270793171674402 -4.9519416828943594 1.07998382463608 1.7998636422717671
leaf_weight=40 48 42 47 70 76 45 45 43 63 40 42 40 52 40 48 40 42 66 51 67 56 40 40 274 50 351
leaf_count=40 48 42 47 70 76 45 45 43 63 40 42 40 52 40 48 40 42 66 51 67 56 40 40 274 50 351
internal_value=0.000645856 -0.0236981 -0.00406593 0.037651 0.0168142 -0.0246725 -0.0374251 -0.0217949 0.00266667 -0.009375 0.00803571 -0.0438689 0.0435795 -0.0326667 0.0456217 0.0189655 0.0473231 -0.0467517 -0.0405983 -0.0397196 -0.0440594 -0.02375 0.03875 -0.0490446 0.0488713 0.0494911
internal_weight=1858 1123 455 735 226 229 668 195 150 128 112 473 623 150 571 87 523 431 117 107 101 80 80 314 443 393
internal_count=1858 1123 455 735 226 229 668 195 150 128 112 473 623 150 571 87 523 431 117 107 101 80 80 314 443 393
cat_boundaries=0 1
cat_threshold=1
is_linear=0
shrinkage=0.05


Tree=12
num_leaves=27
num_cat=2
split_feature=3 13 3 19 10 11 17 21 30 30 17 35 42 8 25 37 29 45 10 35 58 29 34 25 4 14
split_gain=643.391 123.155 84.2953 50.8466 26.2169 29.2313 24.1378 26.2346 23.3109 18.5313 17.7428 12.6283 10.8688 7.70493 7.07226 4.63303 3.21973 4.37789 2.56667 2.39024 2.25575 1.36507 0.828916 0.344828 0.317211 1.12239
threshold=0 77.160000000000011 1 235.00000000000003 227.29500000000004 2777.7100000000005 1155.0000000000002 1545.0000000000002 -1.7299999999999611 50.745000000000125 2105.0000000000005 -0.065539019559377881 0.66249519548262381 4335.6689342403633 315.00000000000006 0.70903792106076347 -58.999999999999993 0.0072397994488779009 253.22000000000003 0.0076008460868930506 53.600000000000009 -64.160000000000011 0.6974191421785183 595.00000000000011 3.5000000000000004 128.63000000000002
decision_type=1 2 1 2 2 2 2 2 2 2 2 2 2 2 2 2 2 2 2 2 2 2 2 2 2 2
left_child=3 2 6 8 11 -6 7 13 15 -4 -10 -3 -7 -2 -13 20 23 -18 -14 -8 -1 24 -11 -16 25 -22
right_child=1 4 9 -5 5 12 19 -9 10 22 -12 14 18 -15 16 -17 17 -19 -20 -21 21 -23 -24 -25 -26 -27
leaf_value=1.1386705740427581 -1.1953773373524375 -2.7576353153084385 0.49212967897445908 -0.039566831772467559 0.47182000743730107 -0.84430379596044958 -3.6720447402460885 0.46918560967078182 1.5846459885957007 4.7650504943991132 -0.14281650127151729 -3.4910777325285949 -1.8127738023979643 -0.16437237224155796 -4.4108862921101721 1.4697593495098935 -4.6834250777786233 -4.4598221154713507 -2.1622303381089538 -3.5926209466831986 1.6475658683992507 1.0659548513531043 3.7733495780930166 -5.4399017483981886 1.9122453741906922 1.5968209521059018
leaf_weight=68 73 59 64 75 46 40 41 58 57 43 44 66 44 51 250 45 76 51 40 41 40 52 40 40 265 94
leaf_count=68 73 59 64 75 46 40 41 58 57 43 44 66 44 51 250 45 76 51 40 41 40 52 40 40 265 94
internal_value=0.000617284 -0.0231686 -0.00158151 0.0365333 -0.0359551 -0.0188235 -0.0182482 -0.00879121 0.0414286 0.027707 0.0193069 -0.0413284 -0.0314516 -0.0217742 -0.0439959 0.0453901 -0.0464029 -0.0397638 -0.0416667 -0.0414634 0.0467245 0.0480044 0.0451807 -0.0493103 0.0489975 0.0470149
internal_weight=1863 1123 411 740 712 170 264 182 665 147 101 542 124 124 483 564 417 127 84 82 519 451 83 290 399 134
internal_count=1863 1123 411 740 712 170 264 182 665 147 101 542 124 124 483 564 417 127 84 82 519 451 83 290 399 134
cat_boundaries=0 1 2
cat_threshold=225 4118
is_linear=0
shrinkage=0.05


Tree=13
num_leaves=28
num_cat=1
split_feature=2 12 68 63 57 60 68 68 14 11 30 33 12 45 62 14 15 38 19 40 30 45 38 44 35 25 24
split_gain=634.791 109.223 66.2552 56.3349 33.7405 26.0518 29.0757 25.7913 20.4996 17.6831 17.3936 20.6657 16.2493 13.277 10.3419 6.81696 6.4882 4.70257 3.81742 3.42326 2.08284 3.16284 1.45113 1.27883 0.676138 1.13095 0.342857
threshold=0 89.845000000000013 27.086999999999993 0.99975594776722898 89.27000000000001 1100.5000000000002 -8.3040000000000074 66.917500000000004 128.31500000000003 2777.7100000000005 -2.2350000000000132 0.5572327426239656 81.595000000000013 0.021537596012827401 3603.5450000000005 125.98 50.270000000000003 22.745816326530761 335.00000000000006 -27.535226444875281 60.875000000000007 0.008983893759743752 163.49990929705214 0.033483156256996362 0.4414336658254609 460.00000000000028 1725.0000000000002
decision_type=1 2 2 2 2 2 2 2 2 2 2 2 2 2 2 2 2 2 2 2 2 2 2 2 2 2 2
left_child=3 2 8 10 12 -3 9 -5 13 -7 22 15 -4 16 -11 -12 -2 18 -8 -10 26 -22 -1 -17 -24 -26 -19
right_child=1 5 4 7 -6 6 17 -9 19 14 11 -13 -14 -15 -16 23 -18 20 -20 -21 21 -23 24 -25 25 -27 -28
leaf_value=2.1221978482151154 -1.2828887208108277 0.0052139458744822065 0.89245660749016376 0.81640256401621181 4.1736567496400054 0.15992976455847252 -2.313688917272986 -0.58242973108073037 -1.5494186338273082 -2.3802751421467976 0.9029009017657903 -0.086934957851975747 -1.178753185665212 0.13063069667512472 -1.264121144801581 0.81156866081260548 -1.5945086948783591 -3.5504386558985601 -5.34026336245919 -4.5324491365048694 -4.8458473495443135 -3.0752645737144624 1.8325111601691155 0.57610331002817039 1.2905412701848562 2.23590879097083 -4.2007820936112807
leaf_weight=79 43 45 58 57 74 52 41 44 40 45 68 40 62 77 72 61 42 40 58 46 58 40 257 45 48 57 240
leaf_count=79 43 45 58 57 74 52 41 44 40 45 68 40 62 77 72 61 42 40 58 46 58 40 257 45 48 57 240
internal_value=0.00055585 -0.0230534 -0.00384615 0.0357702 0.0180412 -0.0356729 -0.0382353 0.00148515 -0.0209677 -0.0204142 0.0416031 0.0299065 0.00166667 -0.0104938 -0.0311966 0.0373563 -0.0241176 -0.0445493 -0.0348485 -0.0406977 -0.0470899 -0.0408163 0.0472789 0.045283 0.0486188 0.0452381 -0.0492857
internal_weight=1889 1133 442 756 194 691 646 101 248 169 655 214 120 162 117 174 85 477 99 86 378 98 441 106 362 105 280
internal_count=1889 1133 442 756 194 691 646 101 248 169 655 214 120 162 117 174 85 477 99 86 378 98 441 106 362 105 280
cat_boundaries=0 1
cat_threshold=1
is_linear=0
shrinkage=0.05


Tree=14
num_leaves=30
num_cat=2
split_feature=2 13 3 31 17 11 45 18 19 10 30 33 68 35 63 9 11 38 32 10 32 58 25 58 32 44 13 10 44
split_gain=613.685 125.334 80.2375 53.2573 25.0105 28.566 23.5888 24.5224 20.4039 18.5894 16.8822 30.8203 12.8349 11.6408 10.9757 10.4848 7.86722 6.52246 7.78846 3.25579 2.95941 2.94996 1.02575 0.880116 3.16549 0.550776 0.294352 0.0862543 0.0844358
threshold=0 77.160000000000011 1 -106.19000000000004 1145.0000000000002 1171.8000000000002 0.079533487939560152 1335.0000000000002 185.00000000000003 175.36500000000004 -4.7150000000000309 0.58102611073858845 -8.3040000000000074 0.47427026999406369 0.873397464935878 2459.8900000000008 3736.7150000000006 258.53074829932001 0.70125917341325195 192.28500000000003 0.73585767087998644 112.51500000000001 235.00000000000003 91.965000000000018 0.72835440085589198 0.034732066912390107 28.945000000000004 176.75000000000003 0.14077119364899346
decision_type=1 2 1 2 2 2 2 2 2 2 2 2 2 2 2 2 2 2 2 2 2 2 2 2 2 2 2 2 2
left_child=3 2 4 10 5 13 7 -3 -4 -5 23 17 15 -2 21 -9 -17 18 -12 -6 -10 22 -14 24 -1 -19 -25 -24 -28
right_child=1 6 8 9 19 -7 -8 12 20 -11 11 -13 14 -15 -16 16 -18 25 -20 -21 -22 -23 27 26 -26 -27 28 -29 -30
leaf_value=1.742070792562171 -1.5215256156655959 -0.49777093060511252 0.41320094332720708 1.2474626757020655 -1.5451562879442755 0.50408037527946736 -0.27572689510377518 -0.33098016966123112 4.2052628757285877 -1.065061339021909 1.9342512307301511 -0.22560487829761025 -2.9782547990468444 -0.17454833015921203 -6.1092646241658004 -2.4387653334806965 -0.8270921802813973 0.77558243581540121 0.37544262578781401 -4.2066021213366271 1.7106938724307641 -3.1488531696857667 -4.4831721320171116 1.5684214876841187 1.3101835989765065 0.53648254115088767 1.8527591957429779 -3.7777056866085985 1.6077687714167155
leaf_weight=73 62 42 44 66 42 78 46 43 61 41 64 41 49 40 74 67 40 69 40 46 40 71 251 40 40 41 217 40 40
leaf_count=73 62 42 44 66 42 78 46 43 61 41 64 41 49 40 74 67 40 69 40 46 40 71 251 40 40 41 217 40 40
internal_value=0.00141509 -0.0219023 -0.000121065 0.0355499 -0.0161871 -0.00611111 -0.0346473 -0.0370015 0.0287097 0.00327103 0.0412782 0.0311765 -0.0394488 -0.0235294 -0.0434021 -0.0266667 -0.0350467 0.038785 0.0298077 -0.0386364 0.0430693 -0.0465937 -0.0485294 0.047561 0.0438053 0.0472727 0.0489899 -0.0496564 0.0496109
internal_weight=1908 1136 413 772 268 180 723 677 145 107 665 255 635 102 485 150 107 214 104 88 101 411 340 410 113 110 297 291 257
internal_count=1908 1136 413 772 268 180 723 677 145 107 665 255 635 102 485 150 107 214 104 88 101 411 340 410 113 110 297 291 257
cat_boundaries=0 1 2
cat_threshold=1 4118
is_linear=0
shrinkage=0.05


Tree=15
num_leaves=30
num_cat=2
split_feature=2 13 3 30 68 36 17 21 30 15 57 31 62 13 38 45 33 38 30 11 17 15 60 13 23 38 59 32 15
split_gain=582.84 123.848 66.4548 56.3252 33.8578 26.119 23.146 23.9797 21.7257 18.7742 19.9383 18.3976 12.6826 9.71689 9.68 8.25732 6.46583 5.42339 2.8759 1.83203 1.41997 2.24402 1.29524 1.29276 1.54603 1.33236 1.08399 0.819512 0.350617
threshold=0 77.160000000000011 1 -2.7350000000000132 91.646500000000017 -0.14497277100052247 1155.0000000000002 1555.0000000000002 50.745000000000125 32.560000000000024 73.895000000000024 -34.220000000000248 1378.6900000000003 116.54000000000001 202.56227891156473 0.021537596012827401 0.40483331362785563 237.99217687074841 -7.2649999999999855 2807.5600000000004 1585.0000000000002 101.03500000000004 3164.3050000000007 95.970000000000013 2365.0000000000005 44.037018140589915 1349.5150000000001 0.66365514831788841 48.964999999999996
decision_type=1 2 1 2 2 2 2 2 2 2 2 2 2 2 2 2 2 2 2 2 2 2 2 2 2 2 2 2 2
left_child=3 2 6 18 11 -3 7 15 -4 12 13 17 -7 -11 -6 -2 -12 -5 26 -18 -19 -22 -21 24 25 -14 -1 -10 -28
right_child=1 5 8 4 14 9 -8 -9 27 10 16 -13 23 -15 -16 -17 19 20 -20 22 21 -23 -24 -25 -26 -27 28 -29 -30
leaf_value=1.3145490214946909 -1.6545547749551872 0.21413294006035155 0.35099562020141112 1.2617693375699659 -0.39052974537351742 -3.9125185671572034 -3.1251888615908414 0.43807361260797412 4.1290290808873946 0.39593477848912428 -2.0110439990058304 0.37964342253395211 -2.6070130072358682 -1.2477996358663832 0.54194799089276235 -0.24660747365498389 -3.2847126651050349 0.60282252830344096 1.1239497879948532 -3.6471510437734063 0.46826827980575808 0.73692298569968318 -2.4638466929639922 -4.1405985465615656 -5.8355547187647243 -3.3653343745488473 1.9797159532147077 3.4554531597082341 1.7165201452424002
leaf_weight=65 55 40 64 54 40 40 77 52 42 46 54 67 41 40 50 73 60 46 47 51 42 40 54 190 58 44 40 40 284
leaf_count=65 55 40 64 54 40 40 77 52 42 46 54 67 41 40 50 73 60 46 47 51 42 40 54 190 58 44 40 40 284
internal_value=0.00137131 -0.021618 0.000372208 0.0344586 0.0196165 -0.0342618 -0.014794 -0.00555556 0.0262821 -0.0365782 -0.027377 0.0291165 -0.0441019 -0.00697674 -0.00666667 -0.0171875 -0.0353881 0.0373626 0.046789 -0.040303 0.0429688 0.0390244 -0.0442857 -0.0472973 -0.0437063 -0.0394118 0.0482005 0.045122 0.0493827
internal_weight=1896 1121 403 775 339 718 257 180 146 678 305 249 373 86 90 128 219 182 436 165 128 82 105 333 143 85 389 82 324
internal_count=1896 1121 403 775 339 718 257 180 146 678 305 249 373 86 90 128 219 182 436 165 128 82 105 333 143 85 389 82 324
cat_boundaries=0 1 2
cat_threshold=1 4118
is_linear=0
shrinkage=0.05


Tree=16
num_leaves=28
num_cat=2
split_feature=2 13 68 31 60 10 10 10 62 5 45 30 37 35 47 5 30 38 15 15 36 38 30 31 38 58 19
split_gain=612.713 110.069 72.8479 66.9955 47.0325 26.6281 21.6516 20.019 18.6483 17.6527 17.1429 16.0148 21.3378 10.8226 8.17784 7.67839 4.64528 4.50964 3.68383 3.19384 2.03416 3.888 1.36356 2.15331 0.939435 0.652393 0.341176
threshold=0 77.160000000000011 27.086999999999993 -106.19000000000004 1359.9550000000002 180.11000000000004 227.29500000000004 174.13000000000002 1290.1300000000001 0.42261904761904762 0.023072748024921253 -7.2649999999999855 0.61133870255033007 -0.053011924299502737 1 0.70714285714285718 55.095000000000034 22.745816326530761 1.805000000000007 82.120000000000005 0.051210634754734509 258.53074829932001 50.745000000000125 270.96000000000032 201.07106575963732 71.185000000000016 50.000000000000121
decision_type=1 2 2 2 2 2 2 2 2 2 2 2 2 2 1 2 2 2 2 2 2 2 2 2 2 2 2
left_child=3 2 5 11 -4 10 8 -5 -3 -8 -2 24 14 -10 -13 -11 -6 18 -15 -7 21 -16 26 -24 -1 -26 -19
right_child=1 6 4 7 16 19 9 -9 13 15 -12 12 -14 17 20 -17 -18 22 -20 -21 -22 -23 23 -25 25 -27 -28
leaf_value=1.3626975454625576 -1.4307130145328557 -1.9280324520072001 -0.57193452182125548 1.1661073707902647 1.641977915884304 -1.4122669238547929 0.29060809604137605 -0.7025307015773461 -2.7228511754660492 -2.2675789996310649 0.38203273790110298 1.2394587039773155 -0.059175131468255066 -5.7798036352791238 0.5032959853370198 -0.59873039875039036 3.6779011886050288 -2.5368834264297671 -3.3662541275276796 -3.0594905865437081 0.91633985732301793 0.67218396629760535 -3.3937988541960431 -4.3988471534451898 1.5756265742635829 1.613921998223486 -3.8174375066049806
leaf_weight=67 72 43 49 74 40 45 48 55 57 76 63 40 41 42 50 54 74 40 43 53 60 75 44 45 47 270 232
leaf_count=67 72 43 49 74 40 45 48 55 57 76 63 40 41 42 50 54 74 40 43 53 60 75 44 45 47 270 232
internal_value=0.000605582 -0.0230088 -0.0020202 0.0344106 0.0236196 -0.0199571 -0.0348066 0.00193798 -0.0397436 -0.0196629 -0.00555556 0.0413846 0.0319549 -0.0424453 0.038 -0.0292308 0.0412281 -0.0450673 -0.0347059 -0.0397959 0.0424324 0.0388 -0.0475069 -0.0421348 0.0479167 0.0490536 -0.0492647
internal_weight=1899 1120 396 779 163 233 724 129 546 178 135 650 266 503 225 130 114 446 85 98 185 125 361 89 384 317 272
internal_count=1899 1120 396 779 163 233 724 129 546 178 135 650 266 503 225 130 114 446 85 98 185 125 361 89 384 317 272
cat_boundaries=0 1 2
cat_threshold=1 4
is_linear=0
shrinkage=0.05


Tree=17
num_leaves=31
num_cat=1
split_feature=3 10 29 19 18 68 33 31 38 4 58 16 63 32 13 30 33 32 15 29 58 14 30 38 33 38 33 11 4 32
split_gain=518.7 110.49 66.3482 46.048 37.4975 35.9626 37.3082 32.0352 26.0956 15.241 15.0269 10.7544 10.6761 9.50253 8.45 8.27137 7.03443 6.54591 8.12312 4.44818 3.70901 3.24125 10.0204 2.95779 1.73515 1.01337 0.779195 0.481395 0.460976 0.0844961
threshold=0 98.690000000000012 -44.159999999999904 195.00000000000003 1245.0000000000002 -0.53299999999999825 0.083119873686370513 250.5199999999999 83.495952380952545 1.0000000180025095e-35 151.39500000000001 0.98291345606792058 0.82488064720135468 0.74810321035873728 19.030000000000005 -6.6299999999999946 0.64306795929331462 0.8020787920039365 94.524999999999991 -65.950000000000031 71.185000000000016 128.10000000000002 55.710000000000043 5.5221315192743541 0.34033889162186215 157.04591836734701 0.63493471570036775 2332.9750000000004 3.5000000000000004 0.44691995910215171
decision_type=1 2 2 2 2 2 2 2 2 2 2 2 2 2 2 2 2 2 2 2 2 2 2 2 2 2 2 2 2 2
left_child=1 3 8 -1 12 6 -6 27 -2 -10 11 21 -3 -4 -15 20 -13 24 -19 23 -11 22 -8 -7 -17 -24 -22 -5 -23 -25
right_child=2 4 13 7 5 19 10 -9 9 15 -12 16 -14 14 -16 17 -18 18 -20 -21 26 28 25 29 -26 -27 -28 -29 -30 -31
leaf_value=-2.3504127267925008 0.92119009839601351 0.99498294936246878 0.49602447772063663 3.5430998843240133 0.86812541222473039 -4.0093458001259012 -1.4352129954461148 -2.0047955734154743 0.8255109090596694 1.4727668794666564 -0.1471403310555516 -0.56287577240256681 -0.3581985723026424 0.024483239212970354 -0.89593261829713899 0.85749841297922813 -1.158239703334681 0.17520031161755975 0.54167904489747343 -5.1752739282762859 1.5385139271836754 -2.7421500738534195 -3.3014148300418213 -2.6767737195014889 0.78041488619659793 -3.2785564227412367 1.4408750217761159 4.4018695485216526 -2.337980680127957 -3.3969238824049079
leaf_weight=45 78 42 41 40 49 40 59 45 57 74 43 40 49 40 40 79 59 47 46 48 258 42 58 40 43 40 40 46 40 218
leaf_count=45 78 42 41 40 49 40 59 45 57 74 43 40 49 40 40 79 59 47 46 48 258 42 58 40 43 40 40 46 40 218
internal_value=0.00121951 -0.0222697 0.0301876 0.0136364 -0.0298155 -0.0333763 -0.0237209 0.028626 0.0362881 0.0395963 -0.0290026 -0.0325444 0.000549451 -0.00371901 -0.01375 0.0419932 -0.0186869 0.034186 0.0241935 -0.0453757 0.0465054 -0.0382845 -0.0340764 -0.047651 0.0418033 -0.0438776 0.0489933 0.0465116 -0.0463415 -0.0496124
internal_weight=1886 1043 843 176 867 776 430 131 722 644 381 338 91 121 80 587 99 215 93 346 372 239 157 298 122 98 298 86 82 258
internal_count=1886 1043 843 176 867 776 430 131 722 644 381 338 91 121 80 587 99 215 93 346 372 239 157 298 122 98 298 86 82 258
cat_boundaries=0 1
cat_threshold=7942
is_linear=0
shrinkage=0.05


Tree=18
num_leaves=31
num_cat=2
split_feature=2 13 3 19 17 45 30 38 73 8 30 60 15 59 68 45 33 11 60 57 73 15 25 33 9 45 33 39 36 9
split_gain=544.026 136.001 69.4098 51.9008 28.0375 26.433 20.9899 22.5722 26.4431 20.9576 20.4646 18.3674 13.7855 14.6558 12.9653 10.1178 5.13454 4.20363 13.9822 3.83682 2.55658 3.96555 2.40953 1.95282 1.16152 1.12326 0.872727 0.844265 0.52585 0.0843137
threshold=0 77.160000000000011 1 185.00000000000003 1145.0000000000002 0.079533487939560152 -7.5549999999998354 240.75888888888895 0.76150351243070868 5890.0907029478467 51.510000000000112 1100.5000000000002 24.700000000000006 2990.5900000000006 66.917500000000004 0.021537596012827401 0.21135119515529258 2807.5600000000004 2251.48 83.77500000000002 0.77765009956673292 101.03500000000004 305.00000000000006 0.60215075502316517 2655.9650000000006 0.011510179566197152 0.63184755645958401 -14.806947836953432 0.19907986495491034 1514.4100000000003
decision_type=1 2 1 2 2 2 2 2 2 2 2 2 2 2 2 2 2 2 2 2 2 2 2 2 2 2 2 2 2 2
left_child=3 2 4 6 9 11 19 8 16 15 -4 -3 22 17 -5 -2 -8 18 -14 -1 -9 -22 -13 -6 -19 -24 -12 28 29 -21
right_child=1 5 10 14 23 -7 7 20 -10 -11 26 12 13 -15 -16 -17 -18 24 -20 27 21 -23 25 -25 -26 -27 -28 -29 -30 -31
leaf_value=0.99235999479810533 -1.4286444312179478 -2.0571360336639195 0.43171508718681084 0.33729575370822212 -1.932428688094733 0.11799286931490585 2.3859074462186896 0.59835352193852021 -0.26962025047064198 0.63395211502173299 3.7002249596400589 -2.4549980251501653 -3.0869305592382466 -1.180934349269501 -0.86347462406478259 -0.047558430178396095 0.63028989602730501 -2.9521638461437507 -1.4411188311732035 1.2371345450026827 0.42555184954330144 0.66554571967664855 -4.3482075418559036 -3.5501758441292739 -1.9984356942585464 -3.4658030591821376 2.901812456250771 1.2339627692069424 1.3593816071850917 1.5523872283948748
leaf_weight=45 52 52 65 44 40 45 43 68 53 53 48 49 70 54 41 68 41 40 66 40 51 40 61 43 76 208 40 47 50 215
leaf_count=45 52 52 65 44 40 45 43 68 53 53 48 49 70 54 41 68 41 40 66 40 51 40 61 43 76 208 40 47 50 215
internal_value=0.00157233 -0.0205263 0.00232274 0.0335025 -0.0135338 -0.0337725 0.038456 0.0283784 0.0135036 -0.00260116 0.0279141 -0.0362426 -0.0386218 -0.0310458 -0.00294118 -0.0141667 0.0309524 -0.0361111 -0.0301471 0.0459698 0.041195 0.0357143 -0.0459119 -0.0379518 -0.0431034 -0.0477695 0.0454545 0.0477273 0.0486885 0.0496078
internal_weight=1908 1130 409 778 256 721 693 296 137 173 153 676 624 306 85 120 84 252 136 397 159 91 318 83 116 269 88 352 305 255
internal_count=1908 1130 409 778 256 721 693 296 137 173 153 676 624 306 85 120 84 252 136 397 159 91 318 83 116 269 88 352 305 255
cat_boundaries=0 1 2
cat_threshold=1 4118
is_linear=0
shrinkage=0.05


Tree=19
num_leaves=31
num_cat=1
split_feature=3 12 14 30 10 57 68 19 8 30 33 58 32 72 17 58 63 33 68 15 36 63 45 68 36 58 38 15 71 36
split_gain=535.722 114.262 53.7018 53.6928 48.4601 32.526 32.0044 20.3105 20.0108 18.3128 14.7021 11.657 14.7061 11.3671 10.9034 7.86992 7.84511 6.95497 6.05 5.68765 5.90136 5.49018 4.14878 2.95017 3.35114 2.47027 1.3398 1.24128 0.819512 0.0850187
threshold=0 89.845000000000013 126.37000000000002 -7.5549999999998354 227.29500000000004 89.780000000000015 91.646500000000017 35.000000000000121 5890.0907029478467 -10.559999999999944 0.37663033462843259 142.75000000000003 0.89239931252688909 -28.413726156838852 1615.0000000000002 88.845000000000013 0.85409150331600425 0.64306795929331462 68.052500000000023 92.584999999999994 0.055332084448808258 0.98251106193349924 0.023072748024921253 15.695000000000006 0.0028043083843322003 71.185000000000016 14.585170068027312 81.439999999999998 -22.395874588703212 -0.011357086483641298
decision_type=1 2 2 2 2 2 2 2 2 2 2 2 2 2 2 2 2 2 2 2 2 2 2 2 2 2 2 2 2 2
left_child=3 2 5 25 7 9 10 -3 17 -2 19 12 15 -4 -12 -11 -8 -6 -7 20 -5 -16 -17 24 28 -1 -25 -27 -9 -29
right_child=1 4 13 6 8 18 16 23 -10 11 14 -13 -14 -15 21 22 -18 -19 -20 -21 -22 -23 -24 26 -26 27 -28 29 -30 -31
leaf_value=1.388120564681997 1.3605630632580894 -1.1733744629386582 -0.59206187316206038 0.37128387282942188 0.66762481746441371 2.0264944890802292 0.60204293799851905 -3.254206630061498 -1.6694637340362228 2.3647386802663113 0.55069456785620108 0.17259117098968879 -3.1659501832512458 -3.2806473952192592 0.53436512609755715 -1.199964208658306 -0.46976476131987827 -0.52424004838409533 3.1869169551058145 0.49505200368630775 1.3795853349112444 -0.13413722329662542 0.0090337277245531311 -4.7782363278263382 -2.1588169061147475 1.1819241964740399 -3.2925129062230298 1.3947378371404573 -2.9972279243256561 1.4176625193276924
leaf_weight=76 41 54 47 51 41 40 42 42 77 41 42 43 54 60 40 40 47 47 40 61 53 41 42 56 46 60 256 40 40 227
leaf_count=76 41 54 47 51 41 40 42 42 77 41 42 43 54 60 40 40 47 47 40 61 53 41 42 56 46 60 256 40 40 227
internal_value=0.00166932 -0.0206356 -0.00133929 0.0331646 -0.0340668 0.00835777 0.0200265 -0.0419028 -0.0106061 -0.000191571 0.028125 -0.00590909 -0.0115819 -0.032243 0.0150407 -0.00203252 -0.00617978 0.00568182 0.03625 0.0378788 0.0307692 0.00432099 -0.0109756 -0.0454545 -0.0390625 0.0462779 -0.0480769 0.0481651 -0.045122 0.0496255
internal_weight=1887 1107 448 780 659 341 377 494 165 261 288 220 177 107 123 123 89 88 80 165 104 81 82 440 128 403 312 327 82 267
internal_count=1887 1107 448 780 659 341 377 494 165 261 288 220 177 107 123 123 89 88 80 165 104 81 82 440 128 403 312 327 82 267
cat_boundaries=0 1
cat_threshold=225
is_linear=0
shrinkage=0.05


Tree=20
num_leaves=29
num_cat=2
split_feature=2 13 3 30 68 10 31 17 14 21 62 31 31 26 40 30 8 57 57 31 68 68 63 40 33 39 38 39
split_gain=506.793 111.775 64.4911 43.8323 31.7134 30.0552 23.1798 19.0725 17.7416 17.8949 15.5582 12.6834 12.1965 13.725 11.8272 10.1796 9.79389 8.84503 6.67071 5.21562 3.63166 2.71845 4.02198 2.34122 1.94618 0.968969 0.240998 0.211765
threshold=0 77.160000000000011 1 -7.2649999999999855 91.646500000000017 227.29500000000004 126.52999999999999 2535.0000000000005 128.31500000000003 1555.0000000000002 1198.3850000000002 -173.69499999999991 -118.32000000000004 1.0000000180025095e-35 -42.564587130128857 43.839999999999812 5890.0907029478467 83.77500000000002 86.680000000000021 189.02500000000012 57.82200000000001 22.457999999999995 0.77918844107266072 -24.394434140287828 0.34033889162186215 -29.385518536600877 48.276780045351536 -24.574271612853476
decision_type=1 2 1 2 2 2 2 2 2 2 2 2 2 2 2 2 2 2 2 2 2 2 2 2 2 2 2 2
left_child=3 2 8 17 12 10 -4 -7 9 14 -3 -6 13 24 -2 21 -9 -1 -17 -20 -8 22 -12 25 27 -19 -23 -5
right_child=1 5 6 4 11 7 20 16 -10 -11 15 -13 -14 -15 -16 18 -18 23 19 -21 -22 26 -24 -25 -26 -27 -28 -29
leaf_value=0.92402204796086318 0.061376438498850661 -2.2752558197056523 0.061299822799752685 1.3421178380342151 0.45922868294933911 0.44940089341201644 2.3676349289759133 -0.95982688968588481 -1.9571625234291865 0.51444108563911362 -2.0189288720012457 -0.67913801512379046 0.36160786710785264 0.26219802345259485 -1.4887455849161224 -3.2288560636146273 -1.6792463426714641 1.1977213825529016 -2.8355053321888981 -3.0885398103878288 3.4383222901280472 -3.1287696622124006 -3.2682663009243216 1.1694926606240765 0.51383117743310414 1.35766985484573 -3.3839046121994816 0.63079584746049777
leaf_weight=45 40 45 50 45 44 48 41 63 79 51 46 46 79 47 75 49 66 54 48 76 57 169 56 56 65 242 51 40
leaf_count=45 40 45 50 45 44 48 41 63 79 51 46 46 79 47 75 49 66 54 48 76 57 169 56 56 65 242 51 40
internal_value=0.00114789 -0.0203571 0.000890585 0.0322768 0.0202186 -0.0322873 0.0259494 -0.0144068 -0.0147059 -0.0060241 -0.0381481 -0.00555556 0.0286232 0.0352792 -0.0169565 -0.0407071 -0.0244186 0.0442065 -0.0309249 -0.0370968 0.0418367 -0.0459627 -0.0392157 0.046875 0.0426667 0.0486486 -0.0490909 0.0476471
internal_weight=1873 1110 393 763 366 717 148 177 245 166 540 90 276 197 115 495 129 397 173 124 98 322 102 352 150 296 220 85
internal_count=1873 1110 393 763 366 717 148 177 245 166 540 90 276 197 115 495 129 397 173 124 98 322 102 352 150 296 220 85
cat_boundaries=0 1 2
cat_threshold=1 4118
is_linear=0
shrinkage=0.05


Tree=21
num_leaves=30
num_cat=1
split_feature=2 13 31 14 10 30 33 30 30 33 19 15 34 63 17 57 10 32 31 71 58 40 58 62 45 33 38 31 36
split_gain=479.818 101.055 54.4501 53.6018 32.24 31.0962 21.2385 15.8161 14.948 15.6026 14.931 14.7186 12.7286 11.2361 10.3619 7.76699 7.54035 5.18821 8.69004 5.04369 4.5817 3.22817 2.59115 2.35815 1.81151 0.839777 0.568768 0.421493 0.138128
threshold=0 77.160000000000011 -106.19000000000004 8.8500000000000032 227.29500000000004 -11.615000000000064 0.075446887058965961 3.0049999999999959 -7.5549999999998354 0.55181345997050357 35.000000000000121 78.465000000000003 0.80010250779830183 0.873397464935878 2595.0000000000005 84.935000000000016 189.61500000000004 0.79254773078424623 -225.02499999999984 -15.736447594597356 124.93000000000002 -25.275970593475964 69.410000000000011 1752.6400000000001 0.046816611262765852 0.55461466551783578 6.6235147392289955 -201.27499999999995 0.0079032094783444522
decision_type=1 2 2 2 2 2 2 2 2 2 2 2 2 2 2 2 2 2 2 2 2 2 2 2 2 2 2 2 2
left_child=2 3 8 12 10 -5 -7 -4 15 17 -3 14 -2 20 -6 -1 19 22 -19 -8 23 27 -10 -12 26 -18 -25 -17 -28
right_child=1 4 7 5 11 6 16 -9 9 -11 13 -13 -14 -15 -16 21 25 18 -20 -21 -22 -23 -24 24 -26 -27 28 -29 -30
leaf_value=1.1490743304773205 2.9086392157648895 -1.3236023061052755 1.0625239451146751 1.1804811471054923 0.3692190150584338 0.15737905502335645 -1.3267599250109368 -0.59596286589568981 0.73971401089712008 0.0078894833403415302 -2.1747040063264009 -1.2717094713189341 0.93873991646673294 -4.7639800328174315 -0.89677453743034696 1.3038414675933871 -1.8336597507453867 0.38130680595684052 0.192326504461097 -0.20226442272257616 -1.6131666057755425 1.1857296282555934 0.98182557818265015 -3.4663328843235592 -2.8132153701442082 -3.1107765559903875 -3.2492510121834814 1.1065133320644809 -3.0857042940039912
leaf_weight=42 70 60 62 42 42 56 63 55 56 49 53 66 40 69 60 207 41 43 44 41 52 56 79 41 61 40 145 65 76
leaf_count=42 70 60 62 42 42 56 63 55 56 49 53 66 40 69 60 207 41 43 44 41 52 56 79 41 61 40 145 65 76
internal_value=0.000906183 -0.0198582 0.0313802 0.000381679 -0.0311034 -0.0111307 -0.0180498 0.00042735 0.0375195 0.0285978 -0.0368941 -0.0119048 0.03 -0.0397384 0 0.0440541 -0.0262162 0.0342342 0.0247126 -0.0173077 -0.042757 0.0466463 0.0403704 -0.0446809 -0.0462848 -0.0376543 -0.0480916 0.0488971 -0.049095
internal_weight=1876 1118 758 393 725 283 241 117 641 271 557 168 110 497 102 370 185 222 87 104 428 328 135 376 323 81 262 272 221
internal_count=1876 1118 758 393 725 283 241 117 641 271 557 168 110 497 102 370 185 222 87 104 428 328 135 376 323 81 262 272 221
cat_boundaries=0 1
cat_threshold=1
is_linear=0
shrinkage=0.05


Tree=22
num_leaves=31
num_cat=1
split_feature=2 13 68 10 29 21 9 42 10 15 32 5 35 60 12 36 13 68 13 32 63 29 68 14 16 12 42 63 34 36
split_gain=480.359 85.367 50.5218 39.2231 34.3594 27.2417 24.763 23.1342 18.8385 16.4346 19.4178 15.2542 14.3847 13.8439 12.9844 10.9486 8.47933 13.0937 8.21935 6.38507 4.98101 5.63051 4.49402 5.12 3.41914 3.17376 3.14335 2.20006 1.30952 0.747458
threshold=0 77.160000000000011 22.637000000000004 227.29500000000004 -53.940000000000047 1535.0000000000002 1630.3500000000001 0.99385018041058371 189.61500000000004 100.18999999999998 0.70125917341325195 0.42261904761904762 0.17759391822566623 1152.4600000000003 89.145000000000024 -0.011840404695982899 32.870000000000012 -1.1404999999999972 19.300000000000001 0.70422118692321167 0.75841396626345148 -67.294999999999945 34.202500000000015 98.715000000000018 0.72009836653875237 114.73500000000001 0.89495187793433872 0.81361177908718141 0.97129455716312052 0.069944353942350115
decision_type=1 2 2 2 2 2 2 2 2 2 2 2 2 2 2 2 2 2 2 2 2 2 2 2 2 2 2 2 2 2
left_child=4 2 8 13 7 -4 -6 22 16 10 -9 -5 -12 -3 -15 -13 -2 -18 -8 -7 26 29 23 -1 -24 -17 -16 -23 -29 -22
right_child=1 3 5 11 6 19 18 9 -10 -11 12 15 -14 14 20 25 17 -19 -20 -21 21 27 24 -25 -26 -27 -28 28 -30 -31
leaf_value=2.371154402905733 -0.8012698723109275 -2.0088620219220887 -0.27402118741987852 0.38401722496547763 1.2555399742654334 2.642686384932349 0.29628684362387858 0.5681936946142514 -2.4818246452252866 0.64855627829824214 -0.37133746626902403 0.090577133741672713 0.22195092616733403 -3.8362866208614386 -2.113108753919148 -0.97502519482584349 -1.4146185028800511 0.15427118914748555 -0.84682144410769533 0.82824891177983995 -3.2233270533894181 -2.6725546016369979 1.2431705138241078 0.2808522024387054 0.86284056170789647 -1.8845053895484263 -1.8640400174456375 -2.5811737303225337 -3.2441655577735613 -1.9575607947022329
leaf_weight=50 65 49 61 48 41 75 45 49 61 63 43 42 42 43 48 42 41 42 41 58 196 51 268 40 73 43 41 44 40 40
leaf_count=50 65 49 61 48 41 75 45 49 61 63 43 42 42 43 48 42 41 42 41 58 196 51 268 40 73 43 41 44 40 40
internal_value=0.000928382 -0.0196491 -0.00136476 -0.030055 0.0315686 0.0170103 0.00826772 0.0367834 -0.0184211 0.0225888 0.0126866 -0.00942857 -0.00176471 -0.0365942 -0.0390656 -0.0185039 -0.00878378 0.00180723 -0.00697674 0.0296992 -0.0415217 -0.0440701 0.0432715 0.0333333 0.0458944 -0.0288235 -0.0308989 -0.0359259 -0.0309524 -0.0487288
internal_weight=1885 1130 403 727 755 194 127 628 209 197 134 175 85 552 503 127 148 83 86 133 460 371 431 90 341 85 89 135 84 236
internal_count=1885 1130 403 727 755 194 127 628 209 197 134 175 85 552 503 127 148 83 86 133 460 371 431 90 341 85 89 135 84 236
cat_boundaries=0 1
cat_threshold=1
is_linear=0
shrinkage=0.05


Tree=23
num_leaves=31
num_cat=1
split_feature=3 10 30 13 68 11 42 33 34 19 11 16 15 32 13 57 13 11 63 10 11 35 58 14 63 16 63 36 44 36
split_gain=440.945 83.7854 83.1476 37.7018 30.544 22.1852 21.7076 21.1739 20.6126 16.5295 15.0708 14.1465 13.4157 13.1109 12.9181 11.1384 10.5979 9.72044 8.35918 13.1532 8.16667 6.87273 6.32184 4.9086 5.87302 6.43398 4.56932 1.05714 1.61538 0.273016
threshold=0 98.690000000000012 -1.2499999999999998 77.395000000000024 -8.3040000000000074 1607.28 0.99385018041058371 0.28041995017724658 0.65632902172271479 275.00000000000006 2797.6950000000002 0.71609568962079095 101.25000000000001 0.70125917341325195 19.300000000000001 69.165000000000006 28.650000000000002 3721.6550000000002 0.873397464935878 189.61500000000004 1227.4350000000002 0.20740550581063014 123.65000000000002 128.43500000000003 0.89374928792407926 0.71609568962079095 0.74301021234022857 0.0079032094783444522 0.033744402524410251 0.019339282037037903
decision_type=1 2 2 2 2 2 2 2 2 2 2 2 2 2 2 2 2 2 2 2 2 2 2 2 2 2 2 2 2 2
left_child=2 3 6 9 10 8 15 20 -6 -2 -3 -10 13 -8 -9 -1 -16 -12 22 -20 -4 -15 26 24 25 29 -7 -28 -29 -17
right_child=1 4 7 -5 5 18 12 14 11 -11 17 -13 -14 21 16 23 -18 -19 19 -21 -22 -23 -24 -25 -26 -27 27 28 -30 -31
leaf_value=0.69377727600037176 0.011360880467787382 0.24797979239977544 0.024093827664090031 -4.8596389680304206 -2.1039484601124911 -1.893300058049028 0.53978400988353881 0.65862937363224783 -0.97479489689233534 2.9537993709416686 -1.7456962641990295 0.65663818056185341 0.5874811454121982 -0.33139622377705474 -0.91065317611906416 1.5542955243520085 -0.40370687736563388 -0.38627186051435847 -1.318027948937109 -2.7109630227847514 0.86824274157375914 0.2026448137327817 -1.6695024565382661 1.1495702771473029 0.36747705026795779 0.72506202208451143 -3.2569703755140411 -1.8596827549671211 -3.6322338416329267 1.1859645007215021
leaf_weight=79 41 56 40 50 45 46 47 48 40 69 59 42 56 44 46 40 68 43 43 55 60 40 44 201 43 41 198 56 48 86
leaf_count=79 41 56 40 50 45 46 47 48 40 69 59 42 56 44 46 40 68 43 43 55 60 40 44 201 43 41 198 56 48 86
internal_value=0.00149413 -0.0226984 0.0255532 0.01 -0.0297419 -0.034765 0.0350812 0.0019084 -0.0161417 0.0263636 -0.0101266 -0.00121951 0.0205882 0.0118321 -0.00925926 0.0406122 -0.0184211 -0.0215686 -0.0395918 -0.0265306 0.02 0 -0.0428571 0.0439173 0.0385714 0.0428144 -0.0451149 -0.047351 -0.0432692 0.0484127
internal_weight=1874 935 939 160 775 617 677 262 127 110 158 82 187 131 162 490 114 102 490 98 100 84 392 411 210 167 348 302 104 126
internal_count=1874 935 939 160 775 617 677 262 127 110 158 82 187 131 162 490 114 102 490 98 100 84 392 411 210 167 348 302 104 126
cat_boundaries=0 1
cat_threshold=237
is_linear=0
shrinkage=0.05


Tree=24
num_leaves=31
num_cat=1
split_feature=2 13 30 10 30 32 30 59 10 31 9 19 9 23 57 30 14 36 57 8 63 63 8 40 14 58 59 40 31 54
split_gain=400.539 70.8234 52.2562 40.0482 37.4894 28.5221 25.4058 17.9538 16.4703 15.54 18.1395 14.309 17.8084 14.2035 13.119 11.2774 9.8 9.43078 8.63166 7.60347 9.09404 6.73077 6.68893 5.1695 5.11881 5.02936 3.8641 2.26421 1.82474 1.58696
threshold=0 77.160000000000011 -7.2649999999999855 227.29500000000004 49.195000000000057 0.69592012946338044 -11.615000000000064 1934.8250000000003 186.30000000000004 -225.61999999999998 2057.5000000000005 69.999999999999901 2005.8200000000002 2085.0000000000005 83.77500000000002 43.839999999999812 130.40500000000003 -0.020677403826879347 88.635000000000005 5890.0907029478467 0.97836592573593872 0.97422950203451764 5820.1360544217696 -26.800372038923168 128.43500000000003 69.410000000000011 1363.1600000000001 -24.394434140287828 457.26500000000004 1.0000000180025095e-35
decision_type=1 2 2 2 2 2 2 2 2 2 2 2 2 2 2 2 2 2 2 2 2 2 2 2 2 2 2 2 2 2
left_child=2 4 14 11 6 25 -2 -5 19 -7 21 12 -3 -6 -1 28 -12 -9 -17 20 -8 -11 -10 -20 -19 -4 -16 -28 29 -13
right_child=1 3 5 7 13 9 8 17 22 10 16 15 -14 -15 26 18 -18 24 23 -21 -22 -23 -24 -25 -26 -27 27 -29 -30 -31
leaf_value=0.76806343468740546 1.0817750773936381 -0.11176558200768733 0.33805948607528197 0.4747616459036188 0.041130263201106847 0.39521845085693341 -2.0782514605703586 0.079856342763904395 -0.43669537533924085 -0.028883919576828967 -0.62172572136869864 -2.9548328272378299 -1.8185756549095988 2.5837339868647264 0.77935958793718518 -1.6450717022647088 -0.053798781970318468 -0.77546707528406855 -1.3626180606514902 0.19935932270103607 0.0080166067481997061 0.81578321601393589 -2.5206420648458381 -4.0077742267617227 -1.4646314989757696 1.2790534670354186 1.1330399153709316 0.92043769025399524 -2.9426595100729518 -2.8994694682299511
leaf_weight=44 41 67 55 40 42 75 42 48 44 45 40 180 44 61 50 52 40 40 50 44 47 46 54 65 46 63 256 45 41 42
leaf_count=44 41 67 55 40 42 75 42 48 44 45 40 180 44 61 50 52 40 40 50 44 47 46 54 65 46 63 256 45 41 42
internal_value=0.00100054 -0.0183636 0.0286736 -0.0277622 -0.000933333 0.0153846 -0.0106618 -0.00689655 -0.0170996 0.00569106 -0.00263158 -0.0344732 -0.0184685 0.0247573 0.0416456 -0.0386047 -0.02 -0.0156716 -0.0284431 -0.0056391 -0.0140449 0.0126374 -0.0326531 -0.036087 -0.0255814 0.0355932 0.0448718 0.04701 -0.045057 -0.0468468
internal_weight=1849 1090 759 715 375 364 272 174 231 246 171 541 111 103 395 430 80 134 167 133 89 91 98 115 86 118 351 301 263 222
internal_count=1849 1090 759 715 375 364 272 174 231 246 171 541 111 103 395 430 80 134 167 133 89 91 98 115 86 118 351 301 263 222
cat_boundaries=0 1
cat_threshold=1
is_linear=0
shrinkage=0.05


Tree=25
num_leaves=31
num_cat=1
split_feature=31 13 2 63 10 58 42 42 16 19 17 34 14 33 62 31 35 5 10 21 68 9 44 61 35 19 26 44 16 33
split_gain=373.935 99.5929 50.2883 46.1128 18.3659 16.4456 16.1958 15.2913 18.0219 14.1872 13.552 17.5778 12.978 12.1521 9.95528 9.48971 8.6282 7.559 6.40588 5.98084 5.72203 5.88421 5.5601 5.5334 4.53737 3.92406 3.82609 2.90384 3.90546 1.20714
threshold=-106.19000000000004 77.160000000000011 0 0.89897791794050941 174.67500000000004 116.05000000000003 0.61426272246248736 0.94095161218166601 0.71609568962079095 275.00000000000006 1595.0000000000002 0.67946115387761064 128.43500000000003 0.6826098400033398 2218.5150000000008 121.70000000000006 -0.065539019559377881 0.42261904761904762 204.77000000000001 1565.0000000000002 20.278500000000012 2530.7250000000008 0.034732066912390107 2206.8550000000005 0.29654726552173044 50.000000000000121 1.0000000180025095e-35 0.033240664120729208 0.88138567134138757 0.15626769951270097
decision_type=2 2 1 2 2 2 2 2 2 2 2 2 2 2 2 2 2 2 2 2 2 2 2 2 2 2 2 2 2 2
left_child=2 3 7 9 13 25 17 12 22 -2 11 -8 14 15 26 -5 -12 -3 -7 -6 21 -18 24 -21 -9 -4 29 28 -22 -1
right_child=1 6 5 4 19 18 10 8 -10 -11 16 -13 -14 -15 -16 -17 20 -19 -20 23 27 -23 -24 -25 -26 -27 -28 -29 -30 -31
leaf_value=1.7682591240260053 0.26774444760609806 -0.00041245372002371997 -0.058790435910642105 -0.058241583279671619 -1.3894294554649518 0.68177943459819257 -1.5537496912562156 0.80027462778444203 -0.023095693196532492 2.7119632276964634 -2.1395145727685119 0.060807478694520967 1.1111949644262664 -0.29671077793020473 0.37099418876711338 0.75246231515069839 -1.4099949646138712 -1.6782716666217412 0.17857584708330451 -0.020688233855736194 -3.4974693738402651 -2.2462047612567972 0.2667941616713656 -1.5872645061640622 0.3808845705861198 -0.749039115464748 0.51589515629003124 -3.4861794032255773 -1.9986630559386933 1.4766388610771706
leaf_weight=72 50 58 40 58 46 45 42 79 48 57 58 53 195 45 56 50 75 41 40 41 44 89 71 50 41 46 43 136 68 40
leaf_count=72 50 58 40 58 46 45 42 79 48 57 58 53 195 45 56 50 75 41 40 41 44 89 71 50 41 46 43 136 68 40
internal_value=0.00114544 -0.018426 0.0265931 0.00138539 -0.00896552 0.00138122 -0.0302711 0.0327481 0.0232218 0.0294393 -0.0335398 -0.0163158 0.0391626 0.00294118 0.0305687 0.012037 -0.0370213 -0.0116162 0.0170588 -0.0222628 -0.0395631 -0.0323171 0.0301047 -0.0148352 0.0366667 -0.0139535 0.0370968 -0.0443548 -0.0383929 0.0419643
internal_weight=1877 1061 816 397 290 171 664 645 239 107 565 95 406 153 211 108 470 99 85 137 412 164 191 91 120 86 155 248 112 112
internal_count=1877 1061 816 397 290 171 664 645 239 107 565 95 406 153 211 108 470 99 85 137 412 164 191 91 120 86 155 248 112 112
cat_boundaries=0 1
cat_threshold=1
is_linear=0
shrinkage=0.05


Tree=26
num_leaves=31
num_cat=1
split_feature=3 30 10 13 33 10 57 22 31 18 15 44 38 9 22 15 14 36 8 63 14 16 31 57 25 16 59 25 14 60
split_gain=373.105 76.1022 72.822 41.3051 26.5389 24.5129 23.4814 20.6314 16.1345 16.0132 14.9102 12.7447 12.2816 11.5841 9.78427 11.8818 9.03162 7.01996 6.8967 8.48146 8.58766 5.52305 4.08504 3.5541 3.19149 2.92027 2.49756 2.35111 1.98253 3.10616
threshold=0 -7.5549999999998354 98.690000000000012 77.395000000000024 0.3010740158713095 227.29500000000004 83.77500000000002 265.00000000000006 -237.34999999999988 1305.0000000000002 78.465000000000003 0.024351054869425903 216.83027210884356 2459.8900000000008 45.000000000000007 92.584999999999994 8.8699999999999992 -0.0010920854402857499 5890.0907029478467 0.87491581723611056 9.079999999999993 0.54387326075541764 -182.11500000000021 103.02000000000002 365.00000000000006 0.96137116773213926 2074.7750000000001 449.99999999999994 128.01500000000001 2117.2900000000004
decision_type=1 2 2 2 2 2 2 2 2 2 2 2 2 2 2 2 2 2 2 2 2 2 2 2 2 2 2 2 2 2
left_child=1 6 3 7 14 9 12 -2 -6 -4 13 -10 -1 -7 -3 22 23 -13 19 20 -18 -19 -16 -11 -22 -26 -9 -20 29 -8
right_child=2 4 5 -5 8 10 28 26 11 16 -12 17 -14 -15 15 -17 18 21 27 -21 24 -23 -24 -25 25 -27 -28 -29 -30 -31
leaf_value=-0.045148703349608521 -0.15882282373996404 2.6566889693955194 -0.15032864656406969 -4.2539484473742277 0.42516089803352664 0.62968336768921918 1.0957191783125944 2.5542784614809229 0.10256034370353469 -2.9784922199959647 -0.91704897631044069 -0.57345146709074446 0.93207869431932733 -0.62992613692289368 0.16585527753644358 0.47929933914668621 -1.2315324679520749 -0.21989832629918454 -3.3494870771807417 -0.83420697726510584 -1.5931015018842161 0.20830192284080226 -0.18727582785911656 -1.9969966182291188 -1.1690732956142782 -2.7046092975320697 2.4455916525250916 -2.5658096055139681 1.0108046483090847 0.88900465793454198
leaf_weight=44 40 53 58 47 42 40 107 40 66 144 73 73 58 63 40 51 52 47 52 68 47 52 46 49 49 45 41 61 189 44
leaf_count=44 40 53 58 47 42 40 107 40 66 144 73 73 58 63 40 51 52 47 52 68 47 52 46 49 49 45 41 61 189 44
internal_value=0.000717703 0.0235358 -0.0207865 0.00892857 0.00978723 -0.0272784 0.0386878 0.0243802 0 -0.03192 -0.0107955 -0.00504202 0.0176471 0.00145631 0.0242105 0.0171533 -0.0344797 -0.0122093 -0.0299465 -0.0254789 -0.030829 -0.00353535 0.00581395 -0.0432642 -0.037234 -0.0319149 0.0388889 -0.0402655 0.045 0.0407285
internal_weight=1881 912 969 168 470 801 442 121 280 625 176 238 102 103 190 137 567 172 374 261 193 99 86 193 141 94 81 113 340 151
internal_count=1881 912 969 168 470 801 442 121 280 625 176 238 102 103 190 137 567 172 374 261 193 99 86 193 141 94 81 113 340 151
cat_boundaries=0 1
cat_threshold=237
is_linear=0
shrinkage=0.05


Tree=27
num_leaves=31
num_cat=1
split_feature=3 13 30 68 68 19 63 38 25 31 15 63 71 63 43 16 42 60 12 25 9 34 58 21 35 29 42 58 15 32
split_gain=348.127 56.1898 52.3886 42.8986 28.3567 26.2219 20.5915 14.4141 17.7778 14.9661 13.5294 13.902 13.4322 12.8882 12.6175 12.053 10.5397 9.33333 8.75758 8.564 11.0493 9.56098 6.93421 6.38807 6.16745 6.08276 5.82245 5.4746 5.27021 3.31575
threshold=0 77.160000000000011 -7.2649999999999855 35.557500000000012 75.557500000000019 275.00000000000006 0.76501732787151222 217.40862811791376 335.00000000000006 -184.84 13.765000000000017 0.87491581723611056 -22.282746915287998 0.99975594776722898 0.74049253070360477 0.97771809763793949 0.75400433600681382 3002.1000000000008 118.43500000000002 365.00000000000006 1729.4700000000003 0.95274770099899864 112.92500000000001 1995.0000000000002 0.10788479379815318 -122.86999999999999 0.90566562303389242 128.24000000000004 83.615000000000009 0.80996561563879921
decision_type=1 2 2 2 2 2 2 2 2 2 2 2 2 2 2 2 2 2 2 2 2 2 2 2 2 2 2 2 2 2
left_child=2 3 7 14 16 -5 12 8 -1 -10 23 15 18 24 27 22 -4 -17 -3 -18 21 -21 -12 -8 -6 -14 -9 -2 -16 -25
right_child=1 6 4 5 13 -7 10 26 9 -11 11 -13 25 -15 28 17 19 -19 -20 20 -22 -23 -24 29 -26 -27 -28 -29 -30 -31
leaf_value=1.8506052040778727 -0.59863277404152482 -0.54173416069550273 3.4790633235165345 0.012131509596921398 -0.22449291714296518 2.4190449590402707 -1.2449524566963139 0.99145070586408091 0.64903324173789612 -0.097540574090163548 -2.0056040429182587 0.54150089854233341 0.20513849578130491 -0.64822197533510106 -1.1136681302026754 0.015006463499964262 0.043002017375879636 -0.94521789546931034 -2.8803359137215478 0.59949026246845305 0.40588272014405952 -0.032851067291931782 -1.3815508010363899 -1.7383793339540561 0.22083070032416569 -1.0579939209089344 0.71705803935844026 0.24065764003576612 -1.9402062574086167 -3.7934582513463155
leaf_weight=40 71 50 40 78 41 55 50 221 41 40 88 42 40 41 68 42 59 42 60 41 68 41 43 89 49 58 74 41 53 123
leaf_count=40 71 50 40 78 41 55 50 221 41 40 88 42 40 41 68 42 59 42 60 41 68 41 43 89 49 58 74 41 53 123
internal_value=-0.000291159 -0.0185403 0.0246898 -0.00273224 0.0115789 0.0199248 -0.0267538 0.0372596 0.0227273 0.00925926 -0.0320809 -0.02393 -0.0134615 -0.00725191 -0.0156652 -0.0290698 0.0214859 -0.0142857 -0.0254545 0.0169856 0.0233333 0.0109756 -0.0385496 -0.0400763 0.00333333 0 0.0432203 -0.00357143 -0.0268595 -0.0438679
internal_weight=1889 1093 796 366 380 133 727 416 121 81 519 257 208 131 233 215 249 84 110 209 150 82 131 262 90 98 295 112 121 212
internal_count=1889 1093 796 366 380 133 727 416 121 81 519 257 208 131 233 215 249 84 110 209 150 82 131 262 90 98 295 112 121 212
cat_boundaries=0 1
cat_threshold=233
is_linear=0
shrinkage=0.05


Tree=28
num_leaves=31
num_cat=1
split_feature=3 30 13 68 10 19 32 10 68 19 9 63 38 25 9 36 29 31 25 13 15 57 58 11 59 36 68 39 62 32
split_gain=337.177 55.3689 51.2855 36.8187 32.2931 25.9861 22.9872 19.1458 16.7558 15.9313 19.7542 15.6361 13.3591 18.7268 12.9948 11.867 8.48276 14.0226 8.19136 7.25953 6.64138 5.74603 4.80171 5.24354 3.6483 2.30193 1.57594 1.33616 0.706452 0.0748428
threshold=0 -7.5549999999998354 77.160000000000011 35.557500000000012 227.78500000000003 275.00000000000006 0.66560784208209334 190.52000000000001 97.211500000000015 69.999999999999901 2005.8200000000002 0.873397464935878 217.40862811791376 335.00000000000006 730.43000000000018 -0.015529977081011198 -75.61999999999999 -225.02499999999984 275.00000000000006 19.655000000000005 78.465000000000003 91.295000000000016 124.93000000000002 1629.5550000000003 1374.4650000000004 0.029498062097534656 61.855000000000004 -14.716884382088272 3603.5450000000005 0.95406565216939276
decision_type=1 2 2 2 2 2 2 2 2 2 2 2 2 2 2 2 2 2 2 2 2 2 2 2 2 2 2 2 2 2
left_child=1 12 3 7 9 -5 21 14 16 10 -4 22 13 -1 -2 -6 -8 -18 -16 -19 -17 -3 23 -11 -14 27 -26 29 -28 -25
right_child=2 6 4 5 15 -7 8 -9 -10 11 -12 -13 24 -15 18 20 17 19 -20 -21 -22 -23 -24 25 26 -27 28 -29 -30 -31
leaf_value=1.7160209202204548 -1.0615165016185804 0.45437227453945905 0.09444266042491023 -0.0079411957663230847 0.29856239425282122 2.3845926981515477 -0.02087250276378344 -2.0770178321501227 -0.37986701105641374 -1.1904645368853182 -1.5020912527493473 -3.2723230688431459 0.81407508446722854 0.33259655465433191 -0.98628106727692222 -0.56045269983904267 0.42982319726543938 0.38751050171508195 0.20991910044131556 -0.02913028985620876 -0.71381050487813058 1.1310787968938569 -1.6196584894539052 -2.5591543108806136 0.73041756223324783 -2.1444488263053527 1.0801862312282517 -3.2674880454071196 0.96206452724369462 -2.6469897952608457
leaf_weight=49 46 62 63 78 62 56 43 64 74 47 46 65 55 74 49 61 44 40 78 76 43 49 48 119 66 56 146 50 40 40
leaf_count=49 46 62 63 78 62 56 43 64 74 47 46 65 55 74 49 61 44 40 78 76 43 49 48 119 66 56 146 50 40 40
internal_value=0.00124404 0.0252415 -0.01716 -0.00229111 -0.0252857 0.0186567 0.0118557 -0.014135 0.00415162 -0.0312734 -0.0142202 -0.0356471 0.037907 0.0239837 -0.00549133 -0.0060241 0.0115764 0.016875 0.00275591 0.00775862 -0.0163462 0.0310811 -0.0397222 -0.0419872 0.0434853 -0.044717 0.0460317 -0.0471292 0.0483871 -0.0493711
internal_weight=1889 818 1071 371 700 134 388 237 277 534 109 425 430 123 173 166 203 160 127 116 104 111 360 312 307 265 252 209 186 159
internal_count=1889 818 1071 371 700 134 388 237 277 534 109 425 430 123 173 166 203 160 127 116 104 111 360 312 307 265 252 209 186 159
cat_boundaries=0 1
cat_threshold=233
is_linear=0
shrinkage=0.05


end of trees

feature_importances:
base_pre_to_expected_ms=50
words_vs_alias_score_margin=42
energy_min=36
base_cons=35
valley_dist_from_cutoff_ms=34
base_cutoff_to_next_anchor_ms=30
mapping_confidence=29
curr_phone_len_ms=27
base_ovl=26
base_cut_gap=23
next_base_pre=23
energy_slope_post=22
alias_group=21
base_cons_gap=20
base_offset_to_expected_ms=19
spectral_flux_mean=19
energy_slope_pre=18
energy_mean=17
prev_base_pre=17
alias_type=16
base_offset=16
base_cutoff_abs=16
wav_duration_ms=15
curr_phone_start_ms=15
syllable_len_ms=15
base_ovl_ratio=14
db_mean=13
next_base_cutoff_abs=12
curr_phone_end_ms=11
f0_voicing_mean=11
base_pre=10
next_base_offset=10
row_ratio_in_wav=9
curr_vowel_end_ms=9
db_min=9
row_index_in_wav=8
prev_base_offset=8
energy_max=7
zcr_mean=7
curr_vowel_len_ms=5
prev_phone_gap_ms=4
f0_voicing_near_pre=4
curr_vowel_start_ms=3
syllable_start_ms=3
valley_energy=3
prev_base_cutoff_abs=3
local_peak_db=3
mel_window_energy_mean=2
syllable_end_ms=1
next_phone_gap_ms=1
voicing_class=1
is_nasal_or_sonorant=1
local_valley_db=1

parameters:
[boosting: gbdt]
[objective: regression_l1]
[metric: l1]
[tree_learner: serial]
[device_type: cpu]
[data_sample_strategy: bagging]
[data: ]
[valid: ]
[num_iterations: 500]
[learning_rate: 0.05]
[num_leaves: 31]
[num_threads: 0]
[seed: 0]
[deterministic: 0]
[force_col_wise: 0]
[force_row_wise: 0]
[histogram_pool_size: -1]
[max_depth: -1]
[min_data_in_leaf: 40]
[min_sum_hessian_in_leaf: 0.001]
[bagging_fraction: 0.85]
[pos_bagging_fraction: 1]
[neg_bagging_fraction: 1]
[bagging_freq: 1]
[bagging_seed: 3]
[bagging_by_query: 0]
[feature_fraction: 0.85]
[feature_fraction_bynode: 1]
[feature_fraction_seed: 2]
[extra_trees: 0]
[extra_seed: 6]
[early_stopping_round: 0]
[early_stopping_min_delta: 0]
[first_metric_only: 0]
[max_delta_step: 0]
[lambda_l1: 0]
[lambda_l2: 0]
[linear_lambda: 0]
[min_gain_to_split: 0]
[drop_rate: 0.1]
[max_drop: 50]
[skip_drop: 0.5]
[xgboost_dart_mode: 0]
[uniform_drop: 0]
[drop_seed: 4]
[top_rate: 0.2]
[other_rate: 0.1]
[min_data_per_group: 100]
[max_cat_threshold: 32]
[cat_l2: 10]
[cat_smooth: 10]
[max_cat_to_onehot: 4]
[top_k: 20]
[monotone_constraints: ]
[monotone_constraints_method: basic]
[monotone_penalty: 0]
[feature_contri: ]
[forcedsplits_filename: ]
[refit_decay_rate: 0.9]
[cegb_tradeoff: 1]
[cegb_penalty_split: 0]
[cegb_penalty_feature_lazy: ]
[cegb_penalty_feature_coupled: ]
[path_smooth: 0]
[interaction_constraints: ]
[verbosity: -1]
[saved_feature_importance_type: 0]
[use_quantized_grad: 0]
[num_grad_quant_bins: 4]
[quant_train_renew_leaf: 0]
[stochastic_rounding: 1]
[linear_tree: 0]
[max_bin: 255]
[max_bin_by_feature: ]
[min_data_in_bin: 3]
[bin_construct_sample_cnt: 200000]
[data_random_seed: 1]
[is_enable_sparse: 1]
[enable_bundle: 1]
[use_missing: 1]
[zero_as_missing: 0]
[feature_pre_filter: 1]
[pre_partition: 0]
[two_round: 0]
[header: 0]
[label_column: ]
[weight_column: ]
[group_column: ]
[ignore_column: ]
[categorical_feature: 0,1,2,3,46,47,50,51,52,53,55,56,70]
[forcedbins_filename: ]
[precise_float_parser: 0]
[parser_config_file: ]
[objective_seed: 5]
[num_class: 1]
[is_unbalance: 0]
[scale_pos_weight: 1]
[sigmoid: 1]
[boost_from_average: 1]
[reg_sqrt: 0]
[alpha: 0.9]
[fair_c: 1]
[poisson_max_delta_step: 0.7]
[tweedie_variance_power: 1.5]
[lambdarank_truncation_level: 30]
[lambdarank_norm: 1]
[label_gain: ]
[lambdarank_position_bias_regularization: 0]
[eval_at: ]
[multi_error_top_k: 1]
[auc_mu_weights: ]
[num_machines: 1]
[local_listen_port: 12400]
[time_out: 120]
[machine_list_filename: ]
[machines: ]
[gpu_platform_id: -1]
[gpu_device_id: -1]
[gpu_use_dp: 0]
[num_gpu: 1]

end of parameters

pandas_categorical:[["japanese"], ["cvvc"], ["cv", "cv_head", "vc", "vv"], ["cv_fricative", "cv_head_fricative", "cv_head_other", "cv_head_plosive", "cv_head_sonorant", "cv_other", "cv_plosive", "cv_sonorant", "vc_fricative", "vc_other", "vc_plosive", "vc_sonorant", "vv"], ["fricative", "other", "plosive", "sonorant"], ["unknown", "voiced", "voiceless"], ["none"], ["", "a", "e", "i", "n", "o", "u"], ["head", "mid", "tail"], ["", "vc", "vv"], ["", "cv", "cv_head", "vc", "vv"], [""], ["unknown"]]
