tree
version=v4
num_class=1
num_tree_per_iteration=1
label_index=0
max_feature_idx=74
objective=regression_l1
feature_names=language format_type alias_type alias_group row_index_in_wav row_ratio_in_wav is_head_row is_tail_row wav_duration_ms base_offset base_cons base_cutoff_abs base_pre base_ovl base_cons_gap base_cut_gap base_ovl_ratio curr_phone_start_ms curr_phone_end_ms curr_phone_len_ms curr_vowel_start_ms curr_vowel_end_ms curr_vowel_len_ms syllable_start_ms syllable_end_ms syllable_len_ms prev_phone_gap_ms next_phone_gap_ms expected_anchor_ms base_offset_to_expected_ms base_pre_to_expected_ms base_cutoff_to_next_anchor_ms energy_mean energy_min energy_max energy_slope_pre energy_slope_post valley_energy valley_dist_from_cutoff_ms db_mean db_min db_silence_ratio f0_voicing_mean f0_voicing_near_pre zcr_mean spectral_flux_mean onset_class voicing_class is_tense is_diphthong coda_type vowel_class mora_position bridge_type is_nasal_or_sonorant prev_alias_type next_alias_type prev_base_pre next_base_pre prev_base_offset next_base_offset prev_base_cutoff_abs next_base_cutoff_abs mapping_confidence used_alias_occurrence_mapping used_exact_vowel_fix used_nuclei_fallback used_alias_based_syllables words_vs_alias_score_margin jump_blocked_flag mapping_reason_code local_peak_db local_valley_db mel_window_energy_mean mel_window_silence_ratio
feature_infos=none none -1:0:2:3:1 -1:12:6:9:0:7:10:2:11:5:8:4:3:1 [0:15] [0:1] [0:1] [0:1] [4246.3492063492067:5999.4557823129253] [438.20999999999998:5047.9200000000001] [39.460000000000001:398.60000000000002] [539.38:5194.2600000000002] [31.440000000000001:259.43000000000001] [9.7799999999999994:228.36000000000001] [4.2800000000000011:161.78] [0.0100000000000051:114.20999999999999] [0.28446771378708541:0.99422115447048898] [450:5060] [530:5610] [10:3040] [450:5060] [530:5610] [10:3040] [450:5060] [530:5610] [29.999999999999773:3070] [0:1500] [0:1190] [450:5060] [-254.16000000000031:42.389999999999873] [-39.619999999999891:238.58999999999992] [-3956.1100000000006:3036.1400000000003] [0.000112035901755:1] [0:1] [0.00070331211183659998:1] [-0.87805226914209944:1] [-0.95129347959133559:0.98573646943198179] [0:1] [-32.578798185941203:314.39247165532925] [-72.113136325761715:-9.9308719817785445] [-84.816403556884978:-11.203556039587015] [0:1] [0:1] [0:1] [0.0085470085470084993:0.50416982562547386] [0:0.189132822934269] -1:1:2:3:0 -1:0:1:2 none none none -1:0:3:2:1:6:5:4 -1:1:0:2 -1:0:1:2 [0:1] -1:3:0:4:1:2 none [0:271.13] [0:325.13] [0:4992.9799999999996] [0:5063.7399999999998] [0:5173.9199999999992] [0:5372.9700000000003] [0.72017804847290745:1] none [0:1] none none [-25.416000000000032:1541.5840000000001] none none [-72.113136325761715:-9.9308719817785445] [-84.816403556884978:-11.203556039587015] [0.000112035901755:1] [0:1]
tree_sizes=1360 1322 1492 1640 1577 1581 1654 1569 1917 1756 2066 2064 1825 1822 1987 2148 2074 2223 2220 2344 2392 2479 2511 2479 2410 2575 2689 2414 2747 2758 2755

Tree=0
num_leaves=15
num_cat=1
split_feature=53 68 17 19 21 16 43 63 63 4 30 59 29 68
split_gain=1418.87 115.402 29.6916 18.3599 12.8544 18.4713 6.05 3.00694 2.1 1.95444 3.50953 0.966432 0.0942857 0.09375
threshold=0 -0.53299999999999825 1035.0000000000002 345.00000000000006 2025.0000000000002 0.88138657707482782 0.87475197523016524 0.73406303430838082 0.77211488624333879 1.0000000180025095e-35 -7.5700000000003902 874.04000000000008 -38.330000000000034 107.29350000000001
decision_type=1 2 2 2 2 2 2 2 2 2 2 2 2 2
left_child=1 2 -1 9 5 -2 -5 -6 -7 10 -3 -9 -11 -13
right_child=4 3 -4 6 7 8 -8 11 -10 12 -12 13 -14 -15
leaf_value=52.092499732971191 49.822999572753908 47.51519956588745 48.20944957733154 49.503499507904053 52.255749511718747 51.663749504089353 47.535024559497835 52.602249717712404 52.245124626159665 46.207749605178833 48.768699550628661 53.032349586486816 47.325499564409256 52.822499465942386
leaf_weight=41 41 72 59 40 54 40 40 58 56 660 49 600 40 40
leaf_count=41 41 72 59 40 54 40 40 58 56 660 49 600 40 40
internal_value=49.7299 49.689 49.74 49.6834 49.7758 49.7618 49.7062 49.7784 49.7737 49.6812 49.687 49.7793 49.6801 49.7798
internal_weight=1890 1001 100 901 889 137 80 752 96 821 121 698 700 640
internal_count=1890 1001 100 901 889 137 80 752 96 821 121 698 700 640
cat_boundaries=0 1
cat_threshold=1
is_linear=0
shrinkage=1


Tree=1
num_leaves=14
num_cat=1
split_feature=53 68 63 31 10 11 13 30 73 40 73 16 38
split_gain=1380.38 114.988 32.2115 17.1767 16.4076 5.34048 4.0966 0.756384 1.51961 0.73206 0.376845 0.309184 0.0937402
threshold=0 5.2815000000000003 0.99419918699068865 105.895 94.760000000000005 1470.4900000000002 142.55000000000004 -1.4699999999999134 0.79956657665063646 -47.044456441420103 0.96493894731216556 0.8541749446780863 243.66697278911582
decision_type=1 2 2 2 2 2 2 2 2 2 2 2 2
left_child=1 2 -1 7 -2 -6 9 10 -9 -7 -3 -11 -13
right_child=4 3 -4 -5 5 6 -8 8 -10 11 -12 12 -14
leaf_value=1.8088748455047607 0.54637502670288074 -3.3098874688148499 -1.0506849718093871 -1.7713762241601945 1.8133125400543215 2.8438827037811283 2.4983874988555907 -2.2188312269747259 -2.5345862305164339 3.3741324901580811 -4.0080874085426332 3.0717126464843751 5.6221328258514411
leaf_weight=43 49 651 70 72 67 41 41 62 40 45 40 599 40
leaf_count=43 49 651 70 72 67 41 41 62 40 45 40 599 40
internal_value=0.000107527 -0.0407975 0.00663717 -0.0469942 0.0454649 0.0471188 0.0483029 -0.0491173 -0.045098 0.0491724 -0.0497106 0.0495614 0.0498435
internal_weight=1860 978 113 865 882 833 766 793 102 725 691 684 639
internal_count=1860 978 113 865 882 833 766 793 102 725 691 684 639
cat_boundaries=0 1
cat_threshold=1
is_linear=0
shrinkage=0.05


Tree=2
num_leaves=16
num_cat=1
split_feature=53 68 13 10 39 31 32 30 13 58 19 68 35 32 42
split_gain=1353.77 123.211 32.7162 22.9173 14.3316 11.1285 6.79844 16.0426 2.73948 0.741634 0.705654 0.356834 0.217819 0.230526 0.0918138
threshold=0 22.637000000000004 21.155000000000005 94.760000000000005 -17.880271292985952 105.895 0.4977125168109513 13.820000000000165 142.55000000000004 181.93000000000004 40.000000000000121 136.80350000000001 -0.085136241748250477 0.98884038204785629 0.51828181508455817
decision_type=1 2 2 2 2 2 2 2 2 2 2 2 2 2 2
left_child=1 2 -1 -2 -4 9 7 -5 10 11 -8 14 -12 -14 -3
right_child=3 5 4 6 -6 -7 8 -9 -10 -11 12 -13 13 -15 -16
leaf_value=-1.6440132262706755 0.51905627536773657 -1.5463930934667589 1.7184311032295227 0.70261250448226953 -0.32969052016735073 -1.6539323957860472 2.6276717586517337 2.6276384282112124 2.373468123912811 -3.9563930839300157 3.4660470409393316 -3.5449706430435186 2.8497893638610843 3.0852967662811284 -3.1098930686712265
leaf_weight=40 49 41 63 44 49 61 66 69 42 41 55 40 519 62 655
leaf_count=40 49 41 63 44 49 61 66 69 42 41 55 40 519 62 655
internal_value=0.000316456 -0.040101 0.00131579 0.0444812 0.0151786 -0.0476134 0.0463827 0.0349558 0.0481183 -0.0492278 0.0488604 -0.0495924 0.0493711 0.0496558 -0.0498563
internal_weight=1896 990 152 906 112 838 857 113 744 777 702 736 636 581 696
internal_count=1896 990 152 906 112 838 857 113 744 777 702 736 636 581 696
cat_boundaries=0 1
cat_threshold=1
is_linear=0
shrinkage=0.05


Tree=3
num_leaves=18
num_cat=2
split_feature=53 30 3 39 29 72 21 4 30 63 29 17 8 29 31 12 9
split_gain=1293.85 110.345 39.2494 21.5654 15.1595 9.80997 11.3855 4.14469 7.00966 3.80991 4.41246 1.84599 0.871957 2.14708 0.118128 0.257143 0.0751553
threshold=0 3.2900000000000209 1 -17.880271292985952 -36.84500000000002 -41.463250673849089 2485.0000000000005 1.0000000180025095e-35 -8.9549999999999255 0.90895967668594368 -140.21999999999989 1355.0000000000002 4654.4444444444453 -79.089999999999904 -139.84 70.020000000000024 2219.3050000000007
decision_type=1 2 1 2 2 2 2 2 2 2 2 2 2 2 2 2 2
left_child=1 7 3 -3 -4 6 -2 8 -1 10 -7 -12 13 -13 -9 -16 -15
right_child=5 2 4 -5 -6 9 -8 14 -10 -11 11 12 -14 16 15 -17 -18
leaf_value=-1.7742709447443485 0.47330245006084443 1.3195401016473776 -0.87191497515886995 -1.3755036920607087 -1.6742283270724116 2.2023123983383175 3.2150065068006515 -3.1606484152376653 -0.59224596515297889 5.1011073163986218 1.672141506814957 1.4038073591232303 3.2817698661327364 2.565807252311707 -1.7163984514772892 -3.8715734221041203 2.6968073896408082
leaf_weight=73 51 69 43 44 62 43 43 535 55 73 40 73 398 121 72 40 40
leaf_count=73 51 69 43 44 62 43 43 535 55 73 40 73 398 121 72 40 40
internal_value=-8e-05 -0.0392246 -0.00779817 0.0126016 -0.0282609 0.0439909 0.0287234 -0.0480645 -0.0398438 0.0458122 0.0469231 0.0479167 0.0485759 0.0461538 -0.0496909 -0.0482143 0.0493789
internal_weight=1875 993 218 113 105 882 94 775 128 788 715 672 632 234 647 112 161
internal_count=1875 993 218 113 105 882 94 775 128 788 715 672 632 234 647 112 161
cat_boundaries=0 1 2
cat_threshold=1 20
is_linear=0
shrinkage=0.05


Tree=4
num_leaves=17
num_cat=1
split_feature=53 68 13 40 18 17 19 13 63 16 38 73 57 8 29 57
split_gain=1303.66 118.61 31.2478 13.8363 19.3166 13.5378 10.4013 6.94888 6.11552 2.42653 1.58733 0.891186 2.50909 0.855624 2.50054 1.89573
threshold=0 22.637000000000004 21.155000000000005 -43.925029320760871 2205.0000000000005 1035.0000000000002 359.99999999999994 142.55000000000004 0.92297891155648148 0.85333583335452012 70.913594104308473 0.92124724655793344 111.86000000000001 4654.4444444444453 -87.309999999999931 108.47000000000001
decision_type=1 2 2 2 2 2 2 2 2 2 2 2 2 2 2 2
left_child=1 2 -1 4 -2 -4 10 8 9 -5 -3 -12 -13 14 15 -11
right_child=3 6 5 7 -6 -7 -8 -9 -10 13 11 12 -14 -15 -16 -17
leaf_value=-1.3390261793118343 -0.00039892241358714388 -2.8706049406714738 2.3468164418585604 2.4223958975124358 3.262619478970767 0.11204904002510041 -1.5859481070634349 2.144679097800255 5.022360239152909 1.5501561734843254 -2.6254660310968756 -2.6014324032291771 -3.2313160124048594 3.1176813728260999 2.4480093957233429 1.2710836269366743
leaf_weight=41 42 68 42 44 43 64 61 40 66 55 589 40 92 388 173 46
leaf_count=41 42 68 42 44 43 64 61 40 66 55 589 40 92 388 173 46
internal_value=-0.000422386 -0.0397693 0.00170068 0.043311 0.0241176 0.0160377 -0.0469412 0.0453202 0.0463731 0.0477337 -0.0484791 -0.0491678 -0.0454545 0.0484894 0.0463504 0.040099
internal_weight=1894 997 147 897 85 106 850 812 772 706 789 721 132 662 274 101
internal_count=1894 997 147 897 85 106 850 812 772 706 789 721 132 662 274 101
cat_boundaries=0 1
cat_threshold=1
is_linear=0
shrinkage=0.05


Tree=5
num_leaves=17
num_cat=1
split_feature=53 68 13 31 10 10 13 9 4 30 8 25 42 30 61 11
split_gain=1290 120.333 36.9094 23.8147 17.6493 15.4818 8.26176 7.14634 2.30049 4.22876 2.04956 3.10225 1.37391 0.679983 0.514469 0.304762
threshold=0 22.637000000000004 22.455000000000002 126.52999999999999 170.70500000000004 94.760000000000005 142.55000000000004 1325.9750000000001 1.0000000180025095e-35 -10.140000000000212 4700.5442176870756 345.00000000000006 0.52615546646965106 0.19000000000005457 2387.3500000000008 1827.0600000000002
decision_type=1 2 2 2 2 2 2 2 2 2 2 2 2 2 2 2
left_child=1 2 -1 8 -4 -2 7 -7 9 -3 11 -9 -10 -14 15 -13
right_child=5 3 4 -5 -6 6 -8 10 12 -11 -12 14 13 -15 -16 -17
leaf_value=-1.3858167808546851 0.64265077595567677 -1.5718841077778487 -0.28919614790258913 -1.4659769886222276 1.8894950367706647 1.4931502144376041 2.0374451429102423 2.1211384328470233 -1.3142446189615873 -0.75243413467146425 3.0035850107983353 2.0294094656691555 -2.8492943666849286 -1.780787517362274 1.7687006432563663 2.3151164199099541
leaf_weight=40 47 55 52 61 54 69 42 68 40 43 467 40 609 49 40 128
leaf_count=40 47 55 52 61 54 69 42 68 40 43 467 40 609 49 40 128
internal_value=0.000472689 -0.0385344 0.00342466 -0.0456826 0.0188679 0.0438957 0.0454333 0.0465517 -0.0479899 -0.0408163 0.0479812 0.0445652 -0.0489971 -0.0495441 0.0475962 0.0488095
internal_weight=1904 1003 146 857 106 901 854 812 796 98 743 276 698 658 208 168
internal_count=1904 1003 146 857 106 901 854 812 796 98 743 276 698 658 208 168
cat_boundaries=0 1
cat_threshold=1
is_linear=0
shrinkage=0.05


Tree=6
num_leaves=18
num_cat=2
split_feature=53 30 57 10 18 40 18 12 16 4 30 33 47 15 5 21 9
split_gain=1200.92 134.029 37.9011 23.0203 20.0128 13.424 18.7723 7.14796 7.54228 3.53379 7.15103 3.20744 1.43793 0.82643 0.651193 5.08235 0.0894737
threshold=0 1.0000000180025095e-35 42.745000000000012 171.33000000000001 2115.0000000000005 -43.925029320760871 2205.0000000000005 144.06000000000003 0.8515311082951329 1.0000000180025095e-35 -10.274999999999975 0.98975104336208253 1 48.260000000000012 0.46060606060606063 3035.0000000000005 1302.3800000000003
decision_type=1 2 2 2 2 2 2 2 2 2 2 2 1 2 2 2 2
left_child=1 9 3 -3 -4 6 -2 8 -7 10 -1 12 -10 -11 16 -16 -14
right_child=5 2 4 -5 -6 7 -8 -9 11 13 -12 -13 14 -15 15 -17 -18
leaf_value=-1.7406898971199056 0.0054526703491184492 -0.7246223970449176 -1.8163683171284875 1.5618058180873624 -0.35643317788966905 1.8184171848007116 2.9256683834104962 1.8538344919299456 2.1993605989144562 -2.3231280337144993 -0.6643210385961027 2.175680377930385 1.4293699405740323 -2.6799530516435763 2.2172644199900158 2.8373578862845723 2.3408532422707795
leaf_weight=63 42 69 56 66 66 46 41 44 47 69 41 43 40 564 51 204 340
leaf_count=63 42 69 56 66 66 46 41 44 47 69 41 43 40 564 51 204 340
internal_value=0.000739958 -0.0371227 -0.00603113 0.0122222 -0.0262295 0.0426503 0.023494 0.0446012 0.0457198 -0.0479647 -0.0394231 0.0469655 0.0478006 -0.0493681 0.0484252 0.0464706 0.0497368
internal_weight=1892 994 257 135 122 898 83 815 771 737 104 725 682 633 635 255 380
internal_count=1892 994 257 135 122 898 83 815 771 737 104 725 682 633 635 255 380
cat_boundaries=0 1 2
cat_threshold=1 4
is_linear=0
shrinkage=0.05


Tree=7
num_leaves=17
num_cat=2
split_feature=3 16 30 30 40 16 16 13 63 47 68 8 38 5 14 30
split_gain=1202.33 116.275 37.9191 24.9994 12.4988 11.4233 11.3769 11.1561 3.93423 2.48456 1.31027 6.06226 1.13543 0.126457 0.24 0.086674
threshold=0 0.8497749110170556 -2.0799999999999836 1.7899999999998502 -43.925029320760871 0.50248896086399464 0.69958106131134468 142.26000000000002 0.92297891155648148 1 -5.8095000000000026 5868.7981859410438 91.171995464852685 0.70714285714285718 8.6450000000000049 -1.2499999999999998
decision_type=1 2 2 2 2 2 2 2 2 1 2 2 2 2 2 2
left_child=1 2 -1 12 -3 -5 -4 8 9 -6 11 -11 -2 -12 -15 -14
right_child=3 4 6 5 7 -7 -8 -9 -10 10 13 -13 15 14 -16 -17
leaf_value=-0.81422257692246947 -2.668111583938257 1.8780790620726358 1.7169299940277634 -0.98032440093260476 1.9273955240007252 -1.9000695142845363 -0.010360040523915259 1.8428811611682328 4.4251414259347825 0.8168767116758805 2.1604180077542865 2.7989130706790593 -2.510480335737423 2.7220053857043212 2.6621339804633877 -2.0543954296958007
leaf_weight=47 75 76 72 75 42 61 67 44 65 40 377 119 587 60 40 43
leaf_count=47 75 76 72 75 42 61 67 44 65 40 377 119 587 60 40 43
internal_value=-0.000582011 0.0349858 -0.000537634 -0.0448296 0.0430475 -0.0257353 0.0125899 0.0449174 0.0463661 0.0474926 0.0482704 0.0443396 -0.0491489 0.0495807 0.048 -0.0498413
internal_weight=1890 1049 186 841 863 136 139 787 743 678 636 159 705 477 100 630
internal_count=1890 1049 186 841 863 136 139 787 743 678 636 159 705 477 100 630
cat_boundaries=0 1 2
cat_threshold=7942 4
is_linear=0
shrinkage=0.05


Tree=8
num_leaves=21
num_cat=1
split_feature=53 68 31 17 16 13 40 42 36 12 5 30 68 8 30 68 42 39 38 29
split_gain=1203.77 117.623 19.0297 18.837 18.3247 14.7039 12.1984 10.0725 11.2022 5.69166 3.34647 7.49048 2.19431 2.14652 3.56713 4.84565 0.764791 0.3 0.0880188 0.284058
threshold=0 -0.53299999999999825 -126.16499999999995 1035.0000000000002 0.8504041379199111 142.55000000000004 -43.511808452034693 0.93057896479117153 0.06896334875509301 83.060000000000016 0.074999999999999969 -9.4600000000000346 33.413500000000006 4664.6031746031758 19.904999999999976 19.762500000000003 0.67618004370456031 -24.465283854227518 226.74393424036273 -70.089999999999904
decision_type=1 2 2 2 2 2 2 2 2 2 2 2 2 2 2 2 2 2 2 2
left_child=1 3 10 -1 -2 6 -6 8 -4 -8 11 -3 -9 14 15 -11 -12 -16 19 -18
right_child=4 2 7 -5 5 -7 9 12 -10 13 16 -13 -14 -15 17 -17 18 -19 -20 -21
leaf_value=1.8495364841320965 0.59420542408606103 -1.5065313864068717 -0.029074543819461774 -0.77423777689406004 1.603059634605662 1.7507371031098211 4.1064549546708502 -1.4657808607292691 -1.3571147905070478 0.77603287609208671 -0.91361694294293516 -0.67977363591160356 -1.8024746638510525 2.5291072059187218 2.0031184954588812 1.2437897837373122 -2.4721063204764309 1.9923499954934725 -2.5679634198321879 -0.72983758769025209
leaf_weight=41 45 65 50 67 77 46 79 40 40 42 40 40 52 407 120 55 98 40 435 40
leaf_count=41 45 65 50 67 77 46 79 40 40 42 40 40 52 407 120 55 98 40 435 40
internal_value=-0.00054716 -0.0381944 -0.0441111 0.0111111 0.0411087 0.0427252 0.0442683 -0.0296703 -0.0177778 0.0462315 -0.0477716 -0.0395238 -0.0413043 0.047741 0.0441634 0.0365979 -0.0491843 0.04875 -0.049651 -0.0485507
internal_weight=1919 1008 900 108 911 866 820 182 90 743 718 105 92 664 257 97 613 160 573 138
internal_count=1919 1008 900 108 911 866 820 182 90 743 718 105 92 664 257 97 613 160 573 138
cat_boundaries=0 1
cat_threshold=1
is_linear=0
shrinkage=0.05


Tree=9
num_leaves=19
num_cat=1
split_feature=53 68 10 31 10 68 11 45 19 12 31 8 11 29 44 19 29 9
split_gain=1129.84 118.394 37.4131 29.1088 21.9189 17.2896 17.8833 8.49673 6.09825 18.7092 4.67253 4.34405 4.51545 2.48058 1.38452 0.368932 0.09117 0.0753086
threshold=0 5.2815000000000003 94.760000000000005 126.52999999999999 172.20000000000002 -12.006999999999993 1597.3700000000001 0.019887221254560956 50.000000000000121 66.730000000000004 -126.16499999999995 5262.460317460318 2377.5950000000007 -79.94000000000004 0.13762691146342998 185.00000000000003 -20.009999999999987 1083.5900000000004
decision_type=1 2 2 2 2 2 2 2 2 2 2 2 2 2 2 2 2 2
left_child=1 4 -2 8 -1 -4 7 -7 9 10 17 12 13 -8 15 -10 -13 -3
right_child=2 3 5 -5 -6 6 11 -9 14 -11 -12 16 -14 -15 -16 -17 -18 -19
leaf_value=-0.42932133599096911 -0.039552309702022725 -1.5091573537214211 1.2315250904073325 -0.86443249039531944 1.4279059618902761 1.2214671585536214 0.88383943743654925 0.98799880495034109 -2.4635156908552132 -0.19935543254055832 -1.170049354896515 2.5133115289665939 1.6578478164795492 1.9568682508092636 -2.1858581700841864 -2.0491524593511832 2.4490072226301276 -1.5779178290332636
leaf_weight=72 47 40 41 73 41 42 67 41 475 41 41 413 75 124 59 40 40 122
leaf_count=72 47 40 41 73 41 42 67 41 475 41 41 413 75 124 59 40 40 122
internal_value=-0.000791975 -0.0371514 0.0402247 -0.043266 0.0110619 0.0426453 0.0442643 0.0222892 -0.0459658 -0.0393443 -0.0455665 0.0468011 0.0417293 0.0458115 -0.0487805 -0.0496117 0.0497792 -0.0493827
internal_weight=1894 1004 890 891 113 843 802 83 818 244 203 719 266 191 574 515 453 162
internal_count=1894 1004 890 891 113 843 802 83 818 244 203 719 266 191 574 515 453 162
cat_boundaries=0 1
cat_threshold=1
is_linear=0
shrinkage=0.05


Tree=10
num_leaves=23
num_cat=1
split_feature=3 68 10 10 11 31 68 43 8 30 11 21 11 68 44 58 21 15 11 10 30 9
split_gain=1117.07 126.232 41.0983 21.2751 21.2307 17.4828 15.0883 9.69843 7.52322 8.5524 8.13568 7.63506 7.2 2.13904 1.38927 2.20171 0.782916 0.67558 1.04335 0.207229 0.0914163 0.068254
threshold=0 -0.53299999999999825 94.555000000000021 171.33000000000001 1248.6700000000003 -128.50999999999996 -11.846999999999992 0.80898903471121064 5820.1360544217696 55.710000000000043 2377.5950000000007 2135.0000000000005 2206.1800000000007 33.413500000000006 0.13453359795860501 126.22500000000001 2005.0000000000002 74.340000000000003 1343.6450000000002 106.76000000000001 -1.2499999999999998 2219.3050000000007
decision_type=1 2 2 2 2 2 2 2 2 2 2 2 2 2 2 2 2 2 2 2 2 2
left_child=1 3 -2 -1 -4 14 -6 12 9 10 11 -8 -7 -9 17 -16 -10 18 -3 -13 -19 -11
right_child=2 5 4 -5 6 7 8 13 16 21 -12 19 -14 -15 15 -17 -18 20 -20 -21 -22 -23
leaf_value=-0.705131887493192 -0.21812860434988154 -0.80311830704068576 0.91519165367029598 1.3427735125699332 1.1699488358869659 -1.5494218927261203 0.75072826541373994 -1.2093295926937733 2.2880273837792577 1.9072978364288973 0.55046708863047411 1.7355763006879596 -0.32377780484661323 -2.1137838728953668 -1.3146695876697019 -2.1144902665390837 2.3392462301566996 -2.3336573554053177 -1.2575598227096365 0.83964746556472181 -1.9185793786091745 1.9238880749182827
leaf_weight=65 40 58 64 40 43 40 42 48 42 86 48 40 40 51 45 46 443 426 51 43 40 40
leaf_count=65 40 58 64 40 43 40 42 48 42 86 48 40 40 51 45 46 443 426 51 43 40 40
internal_value=0.000451887 -0.0375 0.0391605 0.0138095 0.041807 -0.0443195 0.0439541 -0.0304469 0.0455357 0.0392977 0.0320809 0.0388 -0.0175 -0.0409091 -0.048048 -0.0423077 0.0493814 -0.0489565 -0.0454128 0.0475904 -0.0497854 0.0492063
internal_weight=1881 950 931 105 891 845 827 179 784 299 173 125 80 99 666 91 485 575 109 83 466 126
internal_count=1881 950 931 105 891 845 827 179 784 299 173 125 80 99 666 91 485 575 109 83 466 126
cat_boundaries=0 1
cat_threshold=253
is_linear=0
shrinkage=0.05


Tree=11
num_leaves=23
num_cat=1
split_feature=3 16 30 31 10 12 16 68 21 16 35 40 22 12 16 57 18 58 33 17 58 12
split_gain=1100.3 100.802 27.0875 20.7772 16.7525 13.3775 22.2654 12.2949 12.6154 13.0837 4.43833 3.48525 3.13688 3.06435 6.37316 1.73927 3.28649 3.92 0.425157 1.0186 0.12147 0.235052
threshold=0 0.8497749110170556 -2.0799999999999836 -128.50999999999996 170.70500000000004 39.230000000000011 0.50572108845956187 -11.846999999999992 2025.0000000000002 0.8836096368136036 0.07427274644746891 -31.613936069120545 255.00000000000003 88.855000000000004 0.96384143662167288 108.31000000000002 3035.0000000000005 90.840000000000018 0.54058637984754843 1575.0000000000002 95.885000000000019 109.16000000000001
decision_type=1 2 2 2 2 2 2 2 2 2 2 2 2 2 2 2 2 2 2 2 2 2
left_child=1 2 -1 12 10 -5 -7 -3 9 -9 -4 -11 -2 14 -10 20 17 -17 -14 -20 -15 -22
right_child=3 7 4 5 -6 6 -8 8 13 11 -12 -13 18 15 -16 16 -18 -19 19 -21 21 -23
leaf_value=-0.66898709846174143 -1.090600697159027 1.0320115585442167 -0.79995875246380121 -1.156544875353259 1.2756348369414363 0.024578913237904312 -2.0495167309183642 1.0281763747769936 1.8119329446074524 1.131643498188607 0.19983965874974566 1.5600597627841364 -2.0342446712892182 1.8898647992479534 4.7919833710479454 1.5975310569466483 2.7642086406718072 0.68090879535876569 -1.7771070507492177 -2.4119507126864104 1.6089708578746735 2.5130141565668311
leaf_weight=43 79 44 40 53 60 59 72 44 62 43 43 54 428 271 63 50 95 40 41 77 40 57
leaf_count=43 79 44 40 53 60 59 72 44 62 43 43 54 428 271 63 50 95 40 41 77 40 57
internal_value=0.000484392 0.034136 0.00107527 -0.0430403 0.0115385 -0.0288043 -0.020229 0.041657 0.0430403 0.0294326 -0.00301205 0.0396907 -0.04792 0.0458702 0.0388 0.0474684 0.0435135 0.0366667 -0.0492674 -0.0466102 0.0494565 0.0479381
internal_weight=1858 1049 186 809 143 184 131 863 819 141 83 97 625 678 125 553 185 90 546 118 368 97
internal_count=1858 1049 186 809 143 184 131 863 819 141 83 97 625 678 125 553 185 90 546 118 368 97
cat_boundaries=0 1
cat_threshold=7942
is_linear=0
shrinkage=0.05


Tree=12
num_leaves=20
num_cat=2
split_feature=53 68 31 10 39 68 44 8 8 37 31 47 10 68 12 68 58 68 12
split_gain=1085.48 106.308 26.8689 25.761 24.4488 19.5153 16.6047 13.8509 16.6433 10.6226 6.30352 9.07366 4.52504 1.73421 5.90381 0.705683 0.408144 0.377885 0.364045
threshold=0 22.994999999999909 170.80000000000021 94.760000000000005 -15.764375488391403 -11.846999999999992 0.036018675261428608 4700.5442176870756 4309.8866213151941 0.16666065262579408 -122.8900000000002 1 200.71500000000003 42.335000000000008 62.530000000000008 138.27700000000002 66.145000000000024 19.291000000000011 129.59500000000003
decision_type=1 2 2 2 2 2 2 2 2 2 2 1 2 2 2 2 2 2 2
left_child=1 4 10 -2 6 -5 -1 8 9 -7 13 -12 17 14 -3 16 -15 -11 -9
right_child=3 2 -4 5 -6 7 -8 18 -10 12 11 -13 -14 15 -16 -17 -18 -19 -20
leaf_value=1.4744659652308401 0.013329673623762518 -1.3143552262403906 -0.11011000956764133 1.0598508161654068 -1.0117488033469308 0.83625710710987922 -0.094090765144547825 2.1654110976341765 0.98760649752941987 1.4513513169139269 -1.7490319598184165 -0.71025425643727336 0.65589919973389998 -1.9128389717035994 -0.38982348263780331 -2.5342945143472666 -2.0729333175770437 1.5864395673159528 1.3260791200357667
leaf_weight=43 48 89 42 49 62 55 48 405 49 64 65 47 40 75 45 40 426 131 40
leaf_count=43 48 89 42 49 62 55 48 405 49 64 65 47 40 75 45 40 426 131 40
internal_value=-0.00050993 -0.0366599 -0.0437274 0.0397843 0.00163399 0.0418367 0.0181319 0.04375 0.0361357 0.0406897 -0.0458069 -0.0348214 0.0453191 -0.0476296 -0.0425373 -0.0488909 -0.0494012 0.0484615 0.0495506
internal_weight=1863 982 829 881 153 833 91 784 339 290 787 112 235 675 134 541 501 195 445
internal_count=1863 982 829 881 153 833 91 784 339 290 787 112 235 675 134 541 501 195 445
cat_boundaries=0 1 2
cat_threshold=1 2
is_linear=0
shrinkage=0.05


Tree=13
num_leaves=20
num_cat=2
split_feature=3 16 30 30 68 40 16 12 63 25 8 30 61 34 24 59 47 36 15
split_gain=1043.83 95.7025 44.6071 33.4208 17.3427 18.874 15.6445 16.6186 14.6189 9.70324 6.34173 7.16019 11.8163 3.58478 2.18558 0.421569 0.820215 0.090099 0.0655172
threshold=0 0.8497749110170556 -0.87499999999999989 -2.0799999999999836 -11.846999999999992 -43.511808452034693 0.50572108845956187 41.660000000000004 0.979384107771057 110.00000000000013 5262.460317460318 59.195000000000057 2004.8450000000003 0.74357569103899068 2025.0000000000002 1429.0250000000003 1 -0.10262926833077393 44.745000000000012
decision_type=1 2 2 2 2 2 2 2 2 2 2 2 2 2 2 2 1 2 2
left_child=1 3 9 -1 -3 -6 7 -4 -5 -2 11 12 13 -7 -12 16 -11 -16 -13
right_child=2 4 6 8 5 10 -8 -9 -10 15 14 18 -14 -15 17 -17 -18 -19 -20
leaf_value=-0.57718997207582656 -0.60720688544244938 1.0604568367930742 -1.0855303688130395 1.0706449400145903 1.2658374188614028 1.1043596699142941 -1.1525761161426533 0.33413193035540145 -0.039118798250084734 -1.4407881776193361 1.4802273138070809 1.5610312518085872 0.46208995711432088 0.6631040108653693 2.0178996424508404 -2.092547790235161 -1.579199408737852 2.0175547987543907 1.652506825038504
leaf_weight=42 67 46 41 68 77 66 70 51 74 71 40 40 60 67 40 430 99 364 76
leaf_count=42 67 46 41 68 77 66 70 51 74 71 40 40 60 67 40 430 99 364 76
internal_value=0.00082054 0.0335514 -0.0409416 0.00108696 0.0407534 0.0424096 -0.0179012 -0.00434783 0.0126761 -0.0471514 0.0448207 0.0393204 0.0334197 0.0417293 0.0486486 -0.0491667 -0.0470588 0.0497525 0.0491379
internal_weight=1889 1060 829 184 876 830 162 92 142 667 753 309 193 133 444 600 170 404 116
internal_count=1889 1060 829 184 876 830 162 92 142 667 753 309 193 133 444 600 170 404 116
cat_boundaries=0 1 2
cat_threshold=7942 4
is_linear=0
shrinkage=0.05


Tree=14
num_leaves=22
num_cat=2
split_feature=3 30 16 3 68 39 45 21 58 25 9 8 11 13 59 68 33 24 63 34 15
split_gain=1035.11 116.427 38.524 35.0988 18.5529 17.7571 16.7777 13.9061 11.7479 10.862 9.25215 5.46491 7.21783 2.76097 1.8821 2.67602 1.30381 0.814081 0.633333 0.412935 0.0910515
threshold=0 -0.87499999999999989 0.8497749110170556 1 -11.384000000000002 -15.898349655108071 0.022089416572563952 2025.0000000000002 107.41500000000001 95.000000000000014 2076.1000000000004 5262.460317460318 2377.5950000000007 96.260000000000005 1455.7900000000002 52.030500000000004 0.21135119515529258 2105.0000000000005 0.87954917310162439 0.99998526825078138 50.270000000000003
decision_type=1 2 2 1 2 2 2 2 2 2 2 2 2 2 2 2 2 2 2 2 2
left_child=1 9 -2 10 -4 6 -5 8 13 -1 -3 12 16 -6 15 -11 -9 -13 -18 -17 -16
right_child=2 3 4 5 7 -7 -8 11 -10 14 -12 17 -14 -15 20 19 18 -19 -20 -21 -22
leaf_value=-0.4614636381250577 -0.040869057058155182 -1.0843390604191856 1.1607376054284451 1.8327363343846703 1.3037270471244231 -1.1127161273213801 0.012688544774606748 1.1908311760077488 0.80164679133036465 -0.97299755256923337 -0.97469616270524428 1.0131710431559886 1.0018055931148993 0.96817250638747943 -2.2416423830857886 -1.3781397132737681 1.4395585323869478 1.956262802814748 1.5135843919634013 -1.6149804826273089 -2.0121577893197484
leaf_weight=63 59 61 53 45 40 50 62 40 52 73 40 40 73 47 40 94 95 379 40 55 407
leaf_count=63 59 61 53 45 40 50 62 40 52 73 40 40 73 47 40 94 95 379 40 55 407
internal_value=-0.000209644 -0.0355 0.0378233 -0.00697674 0.0409197 0.00808383 0.0200935 0.042804 0.0284173 -0.0460383 -0.0283784 0.0458021 0.0399194 0.0396552 -0.0479073 -0.0441441 0.0454286 0.049284 0.0477778 -0.0479866 -0.0497763
internal_weight=1908 990 918 258 859 157 107 806 139 732 101 667 248 87 669 222 175 419 135 149 447
internal_count=1908 990 918 258 859 157 107 806 139 732 101 667 248 87 669 222 175 419 135 149 447
cat_boundaries=0 1 2
cat_threshold=253 224
is_linear=0
shrinkage=0.05


Tree=15
num_leaves=24
num_cat=2
split_feature=3 30 3 16 68 21 40 39 33 12 13 22 8 38 33 36 38 59 68 12 39 38 15
split_gain=1017.53 107.49 40.1862 36.9339 21.7028 14.5409 17.2342 13.3245 20.0854 8.77919 13.8009 7.52698 6.18547 5.96813 3.60234 3.35631 2.24141 2.06001 2.5293 0.630955 0.819512 0.260765 0.0646018
threshold=0 -0.7399999999998953 1 0.8497749110170556 -11.384000000000002 2025.0000000000002 -36.465452393043044 -15.367331166116054 0.12647433531765379 39.230000000000011 26.130000000000006 45.000000000000007 5262.460317460318 96.389013605442202 0.58413666263434194 0.038505388258551806 107.62488662131524 1449.3800000000003 52.030500000000004 121.89000000000001 -21.530185378327907 230.22448979591846 1.8599999999999925
decision_type=1 2 1 2 2 2 2 2 2 2 2 2 2 2 2 2 2 2 2 2 2 2 2
left_child=1 11 7 -2 -5 6 -6 8 -3 -4 -11 16 13 15 -8 22 -1 18 -13 -14 -21 -20 -7
right_child=3 2 9 4 5 12 14 -9 -10 10 -12 17 19 -15 -16 -17 -18 -19 21 20 -22 -23 -24
leaf_value=-1.1043463649906038 0.017829954073850018 -0.2280004366664887 -1.2735029521886962 0.89579855324605973 0.11852109423853747 1.3381484005789575 1.2408726595210711 -1.017510356097336 1.3042736901221663 -0.66725606680683891 -1.2445058358896786 -1.0614228448502645 1.8554352647232317 0.91851883971333237 1.1742626217439509 1.1772986231529357 -0.51026762313684348 -1.8852444462779889 -1.2247028033467764 1.5640022425216324 1.108238871938459 -1.5597050420760543 1.4837097581611873
leaf_weight=42 63 41 41 47 40 40 42 40 65 41 40 74 346 75 57 48 41 416 70 42 40 72 73
leaf_count=42 63 41 41 47 40 40 42 40 65 41 40 74 346 75 57 48 41 416 70 42 40 72 73
internal_value=-0.000474684 -0.0355992 -0.00895522 0.0373239 0.0404706 0.0424035 0.0276978 0.00897436 0.0188679 -0.0287879 -0.0216049 -0.0460839 0.0454819 0.0389831 0.0388889 0.0444099 -0.0319277 -0.047943 -0.0439815 0.0490654 0.045122 -0.0478873 0.049115
internal_weight=1896 983 268 913 850 803 139 146 106 122 81 715 664 236 99 161 83 632 216 428 82 142 113
internal_count=1896 983 268 913 850 803 139 146 106 122 81 715 664 236 99 161 83 632 216 428 82 142 113
cat_boundaries=0 1 2
cat_threshold=253 21
is_linear=0
shrinkage=0.05


Tree=16
num_leaves=23
num_cat=2
split_feature=3 16 30 68 10 12 16 68 11 68 30 12 14 25 8 30 68 13 47 40 15 9
split_gain=1011.01 90.7456 45.3906 27.1864 27.394 19.1097 24.1106 17.5926 16.8967 12.1773 11.5818 7.75654 15.7636 4.54953 2.68736 4.32892 6.45338 0.872657 0.296641 1.1557 0.0770115 0.0652174
threshold=0 0.8497749110170556 -0.7399999999998953 34.202500000000015 170.70500000000004 39.230000000000011 0.50572108845956187 -11.846999999999992 1612.3700000000003 23.581499999999906 17.279999999999863 84.810000000000016 138.99500000000003 110.00000000000013 5262.460317460318 53.854999999999798 22.006000000000004 119.70000000000002 1 -26.800372038923168 82.445000000000036 2212.5500000000006
decision_type=1 2 2 2 2 2 2 2 2 2 2 2 2 2 2 2 2 2 1 2 2 2
left_child=1 3 9 4 -1 -4 -7 -3 10 -2 -9 12 -10 -11 15 16 -13 -16 19 20 -15 -17
right_child=2 7 5 -5 -6 6 -8 8 11 13 -12 14 -14 18 17 21 -18 -19 -20 -21 -22 -23
leaf_value=-0.15971562641660669 -0.20030099225838349 0.97947933933616582 -1.125364382157698 -0.41530735691198939 0.99427007211894836 0.14961457863741928 -0.98532276854565548 0.26083610620375491 0.30647146642137035 -0.99548712806896633 0.88594915906462868 0.33635098821654846 4.4230299844589807 -1.3671142555885136 1.7153431255649707 1.4132255632319506 1.1648065479127852 1.0528269283415363 -1.6861701891407463 -1.767778666707345 -1.8100185704569072 1.4437573581705072
leaf_weight=77 51 49 40 52 58 74 57 42 40 47 45 56 48 40 339 75 61 62 372 40 134 40
leaf_count=77 51 49 40 52 58 74 57 42 40 47 45 56 48 40 339 75 61 62 372 40 134 40
internal_value=0.000236967 0.033112 -0.0398266 0.00187166 0.0137037 -0.0172515 -0.00801527 0.0403151 0.0420792 -0.0460526 0.0212644 0.0445908 0.0306818 -0.0479463 0.0465245 0.0422414 0.0354701 0.0490025 -0.0491468 -0.0476636 -0.0494253 0.0491304
internal_weight=1899 1044 855 187 135 171 131 857 808 684 87 721 88 633 633 232 117 401 586 214 174 115
internal_count=1899 1044 855 187 135 171 131 857 808 684 87 721 88 633 633 232 117 401 586 214 174 115
cat_boundaries=0 1 2
cat_threshold=7942 4
is_linear=0
shrinkage=0.05


Tree=17
num_leaves=25
num_cat=3
split_feature=3 18 30 10 13 68 30 68 47 8 30 68 14 16 35 25 13 47 40 14 11 43 9 22
split_gain=951.074 92.7635 40.7536 31.5888 23.084 23.6922 19.7039 16.6141 12.778 9.46183 11.594 10.5018 16.623 6.24454 5.34273 4.51617 2.84436 0.679139 2.37723 0.304192 0.277863 0.141718 0.218182 0.0891304
threshold=0 1305.0000000000002 -0.87499999999999989 94.760000000000005 47.750000000000007 -11.846999999999992 -3.2949999999999586 23.93150000000001 1 4700.5442176870756 55.710000000000043 19.762500000000003 126.37000000000002 0.51235447858507632 0.14271342707575871 110.00000000000013 118.47500000000001 2 -26.522066270642924 120.90000000000002 2367.8200000000002 0.62584305743535829 2492.0450000000005 425.00000000000006
decision_type=1 2 2 2 2 2 2 2 1 2 2 2 2 2 2 2 2 1 2 2 2 2 2 2
left_child=1 6 7 -3 -5 -6 -1 -2 -4 10 11 12 -7 -10 -13 -9 21 18 19 -17 -12 22 -11 -19
right_child=2 3 8 4 5 9 -8 15 13 16 20 14 -14 -15 -16 17 -18 23 -20 -21 -22 -23 -24 -25
leaf_value=-0.41332867140095325 -0.1865568301410524 -0.024197987076951224 0.17344051075245892 0.14949759090745013 0.85563322005288645 -0.17629956024355559 0.11641402844140458 -0.95171147793635014 -0.6469910403222322 2.9128571188862451 1.3425642850703534 1.0472941152445132 0.53522754489414981 -1.2514537163708814 0.64636351133103354 -1.3549301713642543 1.0629081442396768 -1.4913846068162251 -1.5942181849480996 -1.6896334662974657 1.5069108432552802 1.6400684753139438 2.2433444924883847 -1.8153769009459879
leaf_weight=41 59 42 40 40 42 40 74 44 77 40 91 65 41 47 58 40 70 328 41 127 40 311 48 40
leaf_count=41 59 42 40 40 42 40 74 44 77 40 91 65 41 47 58 40 70 328 41 127 40 311 48 40
internal_value=0.000265111 0.0320513 -0.0389801 0.0376078 0.0396163 0.0413712 -0.01 -0.0448454 -0.0170732 0.0432836 0.0368657 0.0294118 0.0154321 -0.025 0.0386179 -0.0472581 0.0478678 -0.0484375 -0.0461538 -0.0488024 0.0484733 0.0494987 0.0477273 -0.0497283
internal_weight=1886 1043 843 928 886 846 115 679 164 804 335 204 81 124 123 620 469 576 208 167 131 399 88 368
internal_count=1886 1043 843 928 886 846 115 679 164 804 335 204 81 124 123 620 469 576 208 167 131 399 88 368
cat_boundaries=0 1 2 3
cat_threshold=7942 4 4
is_linear=0
shrinkage=0.05


Tree=18
num_leaves=25
num_cat=3
split_feature=53 68 31 10 29 40 10 9 47 15 8 39 40 68 34 4 30 5 44 59 29 47 39 10
split_gain=962.785 99.3202 26.4386 23.8818 21.7932 22.2823 16.9292 16.8348 14.8337 11.965 9.54358 9.42571 6.95196 9.06649 5.37361 5.00847 8.32512 2.26087 2.12008 1.8 1.68101 1.40413 3.1243 0.293333
threshold=0 23.581499999999906 -154.40000000000006 94.760000000000005 -103.34999999999988 -17.080615436031163 171.33000000000001 1514.4100000000003 1 49.275000000000013 5262.460317460318 -18.751400619003622 -35.061163631654445 22.006000000000004 0.94351022026969489 1.0000000180025095e-35 -10.559999999999944 0.25833333333333336 0.037791185715191362 1591.4900000000002 -81.264999999999972 2 -16.034056577889462 213.45500000000001
decision_type=1 2 2 2 2 2 2 2 1 2 2 2 2 2 2 2 2 2 2 2 2 1 2 2
left_child=1 6 15 -2 5 7 9 -5 -4 -1 11 12 13 -6 -10 16 -3 -9 -19 -16 -14 22 23 -17
right_child=3 2 8 4 10 -7 -8 17 14 -11 -12 -13 20 -15 19 21 -18 18 -20 -21 -22 -23 -24 -25
leaf_value=0.0070742533689049482 0.059319939387960832 -1.1331747520442814 -0.037657726513965088 0.11095424253651487 0.56464717990189328 -0.015830041380858261 0.27969256461197017 1.2000550416759688 -1.0554048297542837 -1.0452638662329623 1.9383969383590074 0.75681259700179315 0.68512034856808202 1.2643102407440616 -0.74406271630297471 -1.669129857104374 -0.35929550420968265 1.3755081823651034 1.1959697255366961 -0.84093132932784342 1.271734777838013 -1.5056200548591738 -1.3756763934927934 -1.5680928622562047
leaf_weight=57 46 45 56 40 44 45 73 52 68 48 322 40 44 45 40 40 42 42 50 40 125 333 61 110
leaf_count=57 46 45 56 40 44 45 73 52 68 48 322 40 44 45 40 40 42 42 50 40 125 333 61 110
internal_value=-0.000524109 -0.0339092 -0.0411377 0.0372626 0.0391637 0.0259825 0 0.0336957 -0.0254902 -0.0128571 0.0440323 0.0375839 0.0410853 0.0297753 -0.0337838 -0.0461965 -0.0350575 0.0416667 0.0369565 -0.025 0.0470414 -0.0479779 -0.0447867 -0.0486667
internal_weight=1908 1013 835 895 849 229 178 184 204 105 620 298 258 89 148 631 87 144 92 80 169 544 211 150
internal_count=1908 1013 835 895 849 229 178 184 204 105 620 298 258 89 148 631 87 144 92 80 169 544 211 150
cat_boundaries=0 1 2 3
cat_threshold=1 4 4
is_linear=0
shrinkage=0.05


Tree=19
num_leaves=26
num_cat=2
split_feature=53 30 3 10 29 72 68 33 72 33 72 14 8 30 68 68 45 33 43 68 36 15 68 11 9
split_gain=917.967 110.536 26.5856 21.9652 24.4995 24.1675 20.4278 17.8793 17.5606 21.6733 13.4992 10.0003 8.37602 10.0381 8.96245 7.49433 5.97358 3.84246 1.88301 2.72077 1.28049 0.647685 0.0754445 0.0666667 0.0587629
threshold=0 -1.2099999999998088 1 94.760000000000005 -101.36500000000005 -17.726856983504543 42.335000000000008 0.12173994353440097 -19.461548890805233 0.18518024387221074 -26.355307280863332 125.69000000000001 5262.460317460318 55.710000000000043 -3.5020000000000207 23.581499999999906 0.022356124967586651 0.17047898776330242 0.2502124302591946 88.984500000000011 0.0028043083843322003 75.195000000000007 51.413500000000006 2360.8950000000009 2026.9850000000004
decision_type=1 2 1 2 2 2 2 2 2 2 2 2 2 2 2 2 2 2 2 2 2 2 2 2 2
left_child=1 6 11 -2 5 7 10 -5 9 -4 15 -3 13 14 -6 -1 -9 -16 19 -8 -19 -20 -23 -15 -18
right_child=3 2 8 4 12 -7 18 16 -10 -11 -12 -13 -14 23 17 -17 24 20 21 -21 -22 22 -24 -25 -26
leaf_value=-0.20858324376412185 0.056353942418562758 -0.55163820948006115 -0.043902222180976128 0.18910940543170904 0.12113016957095368 -0.01140772813640325 -0.87534404572087221 0.93520181681077907 -0.98306712086666903 1.4783715028691733 -0.080185040975214159 -0.95460756834517246 1.9299988502228496 1.2118493319249355 0.93532245849884643 -0.80049316376099056 0.78252504030984726 0.78277897090338944 -1.6189277482995772 -1.5187813317407768 1.0352800670220685 -1.6286146673758535 -1.5465034385780374 1.4900254727430615 1.3299115252553386
leaf_weight=44 44 50 60 42 51 53 46 49 40 70 43 61 294 80 40 67 57 40 76 44 42 47 367 40 40
leaf_count=44 44 50 60 42 51 53 46 49 40 70 43 61 294 80 40 67 57 40 76 44 42 47 367 40 40
internal_value=-0.000927398 -0.0332512 -0.00658363 0.0366972 0.0385266 0.0251037 -0.0434605 0.0335106 0.00611111 0.0153846 -0.0272727 -0.0243802 0.0440375 0.0380546 0.0303468 -0.0364865 0.0417808 0.0377049 -0.0477586 -0.0411111 0.0439024 -0.0489796 -0.0497585 0.0491667 0.0489691
internal_weight=1887 1015 281 872 828 241 734 188 170 130 154 111 587 293 173 111 146 122 580 90 82 490 414 120 97
internal_count=1887 1015 281 872 828 241 734 188 170 130 154 111 587 293 173 111 146 122 580 90 82 490 414 120 97
cat_boundaries=0 1 2
cat_threshold=1 224
is_linear=0
shrinkage=0.05


Tree=20
num_leaves=27
num_cat=2
split_feature=3 16 31 30 29 31 39 12 12 63 33 68 15 42 12 10 30 30 8 31 33 47 39 38 35 14
split_gain=878.74 82.1319 48.6999 44.1555 19.8146 20.5908 17.3018 17.2005 33.2564 14.1827 13.2366 12.7274 12.4155 8.34354 8.14532 19.5023 5.8301 4.67728 4.38095 3.25929 3.11685 1.97562 4.07247 1.14003 0.503426 0.285714
threshold=0 0.8497749110170556 -184.84 -3.7999999999999541 -101.75999999999998 352.11999999999995 -16.559520864880628 37.895000000000003 46.540000000000006 0.99713815286381535 0.15626769951270097 23.404999999999998 71.810000000000016 0.93883420820272689 84.810000000000016 189.11000000000004 -6.6299999999999946 19.904999999999976 5868.7981859410438 8.44000000000017 0.44587126869781818 1 -16.034056577889462 127.65408163265319 -0.055092609795387194 123.01500000000001
decision_type=1 2 2 2 2 2 2 2 2 2 2 2 2 2 2 2 2 2 2 2 2 1 2 2 2 2
left_child=1 3 21 -1 5 6 10 -4 -9 12 -3 -10 -5 16 15 -6 -13 18 20 -12 -16 22 25 24 -19 -2
right_child=2 4 7 9 14 -7 -8 8 11 -11 19 13 -14 -15 17 -17 -18 23 -20 -21 -22 -23 -24 -25 -26 -27
leaf_value=-0.37873845021091629 -1.151640513849447 0.057496021935660481 -0.88041377452193115 0.24601063490438904 0.053536245297634372 0.81498368451250802 -0.024808864953864432 0.1911255205876124 -0.1126762481337563 -0.11013070328686823 1.2514445887967498 -1.2068693518477982 2.1222786735410923 -1.5229470978601374 0.7440820246010017 3.8084625398508849 -0.27983457836528525 1.202510190299682 1.7342666960495643 1.3695559228044851 0.63338790500712294 -1.4043410115011772 -1.3859094886601631 1.688263894904285 1.1759145652140917 -1.8157112245809945
leaf_weight=41 40 40 48 45 40 75 49 53 54 53 40 54 43 60 50 47 40 58 69 41 42 317 67 58 249 100
leaf_count=41 40 40 48 45 40 75 49 53 54 53 40 54 43 60 50 47 40 58 69 41 42 317 67 58 249 100
internal_value=0.000240256 0.0307619 -0.0377817 0.000549451 0.0375291 0.0255102 0.0158824 -0.0224919 -0.017433 0.0138298 0.0260331 -0.0264423 0.0261364 -0.0337662 0.0423328 0.0281609 -0.0244681 0.0446768 0.0375776 0.0376543 0.0304348 -0.0475191 -0.0437198 0.0478082 0.0490228 -0.0485714
internal_weight=1873 1040 833 182 858 245 170 309 261 141 121 208 88 154 613 87 94 526 161 81 92 524 207 365 307 140
internal_count=1873 1040 833 182 858 245 170 309 261 141 121 208 88 154 613 87 94 526 161 81 92 524 207 365 307 140
cat_boundaries=0 1 2
cat_threshold=7942 4
is_linear=0
shrinkage=0.05


Tree=21
num_leaves=28
num_cat=2
split_feature=53 30 3 10 29 71 14 40 33 30 11 43 9 32 16 30 30 63 29 57 58 18 31 35 11 34 43
split_gain=798.718 106.446 30.5248 27.2666 26.4576 35.5008 26.3831 17.6188 18.8067 17.2785 12.6494 9.6 7.97228 9.69086 7.73383 4.77628 6.18218 4.28335 3.58404 3.5141 2.71449 2.22937 1.8 0.753997 0.623077 0.560377 0.315755
threshold=0 -1.2099999999998088 1 94.760000000000005 -99.420000000000286 -16.559520864880628 116.355 -19.461548890805233 0.25063714758035494 -8.5550000000000619 1659.3550000000002 0.36255585980771765 1521.3950000000002 0.8812210536432673 0.4919910309477975 57.039999999999857 35.195000000000057 0.73871449036901116 -79.94000000000004 108.31000000000002 111.86000000000001 2005.0000000000002 -141.00999999999974 -0.023374515875452497 2240.6850000000004 0.99998526825078138 0.2502124302591946
decision_type=1 2 1 2 2 2 2 2 2 2 2 2 2 2 2 2 2 2 2 2 2 2 2 2 2 2 2
left_child=1 6 14 -2 5 10 9 8 -4 -1 -5 -11 13 20 -3 16 18 -12 19 21 -8 -6 -13 -17 -20 -19 -14
right_child=3 2 7 4 15 -7 12 -9 -10 11 17 22 26 -15 -16 23 -18 25 24 -21 -22 -23 -24 -25 -26 -27 -28
leaf_value=0.014765109753866402 -0.035826060545038278 -0.63116293313406358 0.0085809691976027839 0.42456265008097138 0.63773021577404843 -0.0090818503270526218 -1.1332558364481045 -0.94665087946350646 1.5223549974026331 -0.55606486387553766 1.1231610184182372 -0.63650934251049462 -1.2306635041172798 -0.79752496081403579 -0.73255154311767001 1.263214362723037 0.81710792259147524 1.068668614087297 0.93770446608862201 0.64101182143934565 -0.53837247930343146 1.1688328275261026 -2.0261283799037679 1.2921418125144051 2.3321741128221354 1.322897733510606 -1.3685921802201937
leaf_weight=42 45 52 63 40 40 76 68 40 54 40 48 40 45 40 53 62 41 40 40 61 53 72 40 168 90 66 357
leaf_count=42 45 52 63 40 40 76 68 40 54 40 48 40 45 40 53 62 41 40 40 61 53 72 40 168 90 66 357
internal_value=0.00021322 -0.0307497 -0.00343511 0.0345894 0.0366114 0.0237037 -0.0406207 0.010479 0.0209402 -0.0228395 0.0350515 -0.0325 -0.0457371 -0.0363354 -0.0230435 0.0426829 0.0389535 0.0415584 0.0414191 0.0367052 -0.0433884 0.0419643 -0.0425 0.0482609 0.0476923 0.0471698 -0.0495025
internal_weight=1876 987 262 889 844 270 725 157 117 162 194 120 563 161 105 574 344 154 303 173 121 112 80 230 130 106 402
internal_count=1876 987 262 889 844 270 725 157 117 162 194 120 563 161 105 574 344 154 303 173 121 112 80 230 130 106 402
cat_boundaries=0 1 2
cat_threshold=1 224
is_linear=0
shrinkage=0.05


Tree=22
num_leaves=28
num_cat=1
split_feature=3 16 12 12 68 29 40 62 10 42 16 29 34 40 9 61 33 39 40 42 12 42 32 32 32 25 10
split_gain=774.216 97.2481 37.905 46.6633 30.262 29.577 33.5103 19.182 18.8758 17.1665 14.2941 11.0545 6.89757 5.91869 9.45982 4.90168 5.84236 4.74485 3.9026 3.86535 2.26602 1.3911 0.880899 0.777778 2.27735 0.295056 0.0615385
threshold=0 0.8497749110170556 46.540000000000006 38.665000000000006 33.642000000000017 -97.820000000000036 -17.282619751356474 1901.5200000000002 176.75000000000003 0.81858057773106707 0.69958106131134468 -53.940000000000047 0.97648533772075219 -34.025342629408833 1916.0050000000003 1611.4100000000001 0.48195391936452509 -24.246439862951732 -13.606343889854175 0.97994278859356942 81.595000000000013 0.72562744681153613 0.71876900750769723 0.81434825130760358 0.8812210536432673 375.00000000000006 192.67000000000004
decision_type=1 2 2 2 2 2 2 2 2 2 2 2 2 2 2 2 2 2 2 2 2 2 2 2 2 2 2
left_child=2 4 3 -1 8 6 7 -3 10 17 -2 15 -9 14 -7 16 22 -4 20 -16 -15 -14 -11 -22 -25 -17 -26
right_child=1 5 9 -5 -6 13 -8 12 -10 11 -12 -13 21 18 19 25 -18 -19 -20 -21 23 -23 -24 24 26 -27 -28
leaf_value=-0.7182480059966676 0.20457675596570937 0.075242362441611033 -0.73254271127481507 0.2448692330703276 -0.23894399592411447 0.57625519764577227 -0.023751970395247925 0.43935477238855719 1.5511854214086664 -0.99402477511096665 -0.82644331260214765 -0.96722026659969773 2.0788810258572945 3.1164405533983079 1.2510219257921564 -1.1171285061749039 -0.79144423089197735 -0.44823515073523607 1.1157251064915166 1.0235750720173258 1.0308528496294258 1.1014781222558583 -0.91801217710839189 1.2000536445868855 1.2229876495802054 -1.3850726831713283 1.8470792776153493
leaf_weight=53 54 43 57 46 75 49 61 58 51 49 48 45 56 53 61 48 40 46 40 40 192 66 40 40 64 370 40
leaf_count=53 54 43 57 46 75 49 61 58 51 49 48 45 56 53 61 48 40 46 40 40 192 66 40 40 64 370 40
internal_value=0.000238727 0.027475 -0.0370647 -0.00858586 -0.00131579 0.0353998 0.0221831 0.0311659 0.0114379 -0.0416547 -0.000980392 -0.0449324 0.0383333 0.0418826 0.0333333 -0.0468921 -0.0383721 -0.0228155 0.0448718 0.0420792 0.046401 0.045082 -0.0455056 0.0479167 0.0451389 -0.0495215 0.0490385
internal_weight=1885 1091 794 99 228 863 284 223 153 695 102 592 180 579 150 547 129 103 429 101 389 122 89 336 144 418 104
internal_count=1885 1091 794 99 228 863 284 223 153 695 102 592 180 579 150 547 129 103 429 101 389 122 89 336 144 418 104
cat_boundaries=0 1
cat_threshold=233
is_linear=0
shrinkage=0.05


Tree=23
num_leaves=28
num_cat=2
split_feature=3 31 30 68 39 13 10 47 8 21 68 14 14 13 32 16 31 39 11 42 32 29 63 10 68 9 44
split_gain=755.2 94.5164 36.1019 30.5131 29.2243 38.4343 22.0893 21.8511 19.5734 18.4525 18.0731 15.1792 13.1724 9.9666 9.8 8.66055 5.55125 5.30411 9.84135 4.77509 4.59264 2.57872 2.32533 2.21645 0.663009 0.306977 0.0884726
threshold=0 -184.84 59.195000000000057 24.362000000000005 -16.744635476886149 103.05000000000001 170.70500000000004 1 5868.7981859410438 2005.0000000000002 19.762500000000003 126.61500000000002 97.985000000000028 77.395000000000024 0.62690334864625696 0.88267086946033702 311.50000000000017 -16.034056577889462 1850.0900000000004 0.88021686897385021 0.85537974952264884 -70.484999999999886 0.73945880857705093 165.83500000000001 97.709500000000006 1554.8800000000003 0.12914658349872413
decision_type=1 2 2 2 2 2 2 1 2 2 2 2 2 2 2 2 2 2 2 2 2 2 2 2 2 2 2
left_child=2 17 4 6 8 9 12 -5 10 -6 11 -1 14 -12 -3 -10 -11 26 -19 -15 23 -20 -17 -9 -4 -24 -2
right_child=1 3 24 7 5 -7 -8 20 15 16 13 -13 -14 19 -16 22 -18 18 21 -21 -22 -23 25 -25 -26 -27 -28
leaf_value=-0.61756592375887331 -1.2826089568870431 -0.15139138245538117 1.1791823084569473 -0.007671043450637783 -0.0099748210210146137 -0.05085794268473727 0.28628848025189274 -0.6725801463971105 0.82021781450474052 0.85514447743667932 0.16250609551373235 0.50622465914313819 -0.89670373501567502 0.70432601661275318 0.28121820163281125 1.1626085774855033 0.82163065706810812 -0.6401704640563457 -1.2570089050071604 0.59725785360830808 -0.63610248484893639 -1.181954911515763 0.69951676212715308 -0.87781349708637757 1.1500028547719712 2.0973450705429411 -1.020595312059944
leaf_weight=41 307 40 188 67 48 68 52 55 42 45 41 40 47 50 40 42 48 45 101 66 55 40 40 50 44 132 40
leaf_count=41 307 40 188 67 48 68 52 55 42 45 41 40 47 50 40 42 48 45 101 66 55 40 40 50 44 132 40
internal_value=-0.000373533 -0.0318757 0.0312698 -0.0140394 0.0259602 0.0102871 0.00139665 -0.0262115 0.0325911 0.0251773 0.0222689 0.00308642 -0.00984252 0.0321656 0.0025 0.0421875 0.038172 -0.04606 -0.0392473 0.0396552 -0.03625 -0.0457447 0.0462617 -0.042381 0.0487069 0.0488372 -0.0497118
internal_weight=1874 939 935 406 703 209 179 227 494 141 238 81 127 157 80 256 93 533 186 116 160 141 214 105 232 172 347
internal_count=1874 939 935 406 703 209 179 227 494 141 238 81 127 157 80 256 93 533 186 116 160 141 214 105 232 172 347
cat_boundaries=0 1 2
cat_threshold=7954 4
is_linear=0
shrinkage=0.05


Tree=24
num_leaves=27
num_cat=2
split_feature=3 31 30 18 68 10 39 13 10 8 47 68 14 33 30 8 11 40 15 22 22 38 63 38 9 9
split_gain=692.249 85.2135 38.923 26.42 25.5974 23.6573 24.1551 52.5623 21.4632 20.0423 19.7411 19.4324 11.7385 10.762 8.02763 4.81095 3.81255 6.61735 3.45714 3.05094 1.56782 1.17153 1.0111 0.386326 0.306433 0.078022
threshold=0 -188.22499999999988 59.195000000000057 1305.0000000000002 24.60700000000001 96.290000000000006 -17.980987356754525 103.05000000000001 170.70500000000004 5868.7981859410438 1 -3.5020000000000207 97.985000000000028 0.16666065262579408 6.429999999999894 5890.0907029478467 1850.0900000000004 -32.660831646715074 67.13000000000001 335.00000000000006 310.00000000000017 1.7966553287983518 0.74083099686723852 269.95512471655348 1554.8800000000003 2145.8700000000003
decision_type=1 2 2 2 2 2 2 2 2 2 1 2 2 2 2 2 2 2 2 2 2 2 2 2 2 2
left_child=2 16 3 -1 8 -5 9 15 12 11 -6 -7 -3 -13 19 -8 17 -2 -9 -12 -18 -4 -11 -22 -24 -23
right_child=1 4 21 5 10 6 7 18 -10 22 14 13 -14 -15 -16 -17 20 -19 -20 -21 23 25 24 -25 -26 -27
leaf_value=-0.17937951238249356 -1.2197726346371427 -0.04414335751099481 1.0767673852901638 -0.36490037236586909 -0.041285352398889801 -0.044353953592184331 0.81293831280522222 -0.0047264438516744891 0.20845817742506886 1.2226784969165685 -1.4354049142387626 0.36387305097976608 -0.82043079301096 0.6180614330511649 -0.36776525155093376 0.97938079560032421 -1.0878223979163519 -0.60173267722300183 -0.050914230829841506 -0.75241883439300272 -1.2632207768098493 1.4297393434903563 0.67936193008884416 -1.185585859421836 1.7336016785121864 1.0810918469346937
leaf_weight=63 79 76 40 42 66 47 74 48 54 40 66 55 45 78 48 53 47 56 42 40 264 40 40 73 131 142
leaf_count=63 79 76 40 42 66 47 74 48 54 40 66 55 45 78 48 53 47 56 42 40 264 40 40 73 131 142
internal_value=-0.000946458 -0.03171 0.0291534 0.0237728 -0.014557 0.0267692 0.0292763 0.0158986 -0.000285714 0.0367008 -0.0259091 0.0244444 -0.0119835 0.0342105 -0.0357143 0.0366142 -0.0453757 -0.0381481 -0.0133333 -0.0433962 -0.0479167 0.0477477 0.0471564 -0.0491098 0.0488304 0.0494505
internal_weight=1849 914 935 713 395 650 608 217 175 391 220 180 121 133 154 127 519 135 90 106 384 222 211 337 171 182
internal_count=1849 914 935 713 395 650 608 217 175 391 220 180 121 133 154 127 519 135 90 106 384 222 211 337 171 182
cat_boundaries=0 1 2
cat_threshold=7954 4
is_linear=0
shrinkage=0.05


Tree=25
num_leaves=29
num_cat=2
split_feature=2 16 31 29 39 8 63 12 62 10 35 21 61 44 8 61 25 39 47 39 21 34 62 38 43 44 12 38
split_gain=672.529 89.4193 50.2371 39.0758 32.1725 26.0023 25.6874 22.0117 17.0749 17.0734 16.5784 10.3972 9.73521 8.90435 7.8934 13.8185 5.55348 4.60999 3.18704 7.93304 2.29946 2 1.86694 1.37391 0.953535 0.935035 0.752459 0.515074
threshold=0 0.8497749110170556 -184.20000000000002 -97.820000000000036 -16.559520864880628 5868.7981859410438 0.85848619658541614 58.685000000000009 2706.3450000000007 194.42500000000004 -0.18801099081463715 1515.0000000000002 779.13000000000011 0.081230507513467512 5868.7981859410438 2387.3500000000008 439.99999999999994 -19.603973963380636 1 -16.034056577889462 2205.0000000000005 0.96638260072327264 2039.2750000000003 94.029172335600848 0.54888209109289388 0.11579990518588286 112.43500000000002 273.04658730158741
decision_type=1 2 2 2 2 2 2 2 2 2 2 2 2 2 2 2 2 2 1 2 2 2 2 2 2 2 2 2
left_child=2 6 18 4 5 -3 -2 11 10 -6 -4 -8 -5 21 15 20 -9 24 19 25 22 -12 -14 -22 -7 -1 -16 -20
right_child=1 3 8 12 9 17 7 16 -10 -11 13 -13 14 -15 26 -17 -18 -19 27 -21 23 -23 -24 -25 -26 -27 -28 -29
leaf_value=-1.6618138048289504 -0.36514692968468121 0.010146439444913825 0.024165664918416409 0.68355909140492344 0.055284085246834994 1.8461247140749564 0.071156108676026619 0.042786394833293967 0.13729588643708432 -0.079847504889954735 -1.1364606756220323 -0.77940925336041222 0.61149184684824442 -0.20589659757342271 1.0961510947917332 0.27428132298727803 1.1160792557365018 0.65824576983474226 -1.0759139627233971 -0.90365783731761951 0.86139786919286943 -1.3214406639935528 0.58264316648601522 0.85883310833892357 1.1426281732072923 -0.79649406766591924 2.4434347656822801 -1.0749818306021262
leaf_weight=103 69 67 40 53 41 40 45 74 60 40 50 49 41 48 204 47 41 42 252 63 79 40 40 46 59 47 40 57
leaf_count=103 69 67 40 53 41 40 45 74 60 40 50 49 41 48 204 47 41 42 252 63 79 40 40 46 59 47 40 57
internal_value=-0.00061268 0.0240018 -0.0366234 0.03236 0.017474 0.0278846 -0.000359712 0.00837321 -0.0180672 -0.00925926 -0.0258427 -0.00957447 0.0401818 -0.034058 0.0423541 0.036166 0.0230435 0.0400709 -0.0457854 -0.0410798 0.0417476 -0.0433333 0.0351852 0.046 0.0459596 -0.0473333 0.0487705 -0.0490291
internal_weight=1877 1117 760 839 289 208 278 209 238 81 178 94 550 138 497 253 115 141 522 213 206 90 81 125 99 150 244 309
internal_count=1877 1117 760 839 289 208 278 209 238 81 178 94 550 138 497 253 115 141 522 213 206 90 81 125 99 150 244 309
cat_boundaries=0 1 2
cat_threshold=1 4
is_linear=0
shrinkage=0.05


Tree=26
num_leaves=30
num_cat=1
split_feature=3 31 30 39 12 8 29 61 63 12 18 21 10 30 21 25 14 63 18 42 39 39 44 30 60 4 14 10 9
split_gain=678.874 82.7412 46.1187 34.8277 40.0131 24.8878 20.6123 21.3019 19.7761 21.4924 15.9435 12.9707 12.4991 10.5581 8.96133 8.33058 5.59788 5.17199 4.79925 4.10889 3.1913 1.20169 1.17124 1.05533 2.93645 0.259649 0.0819005 0.0798995 0.0757576
threshold=0 -188.22499999999988 59.195000000000057 -16.962926935724791 111.50500000000001 5868.7981859410438 -103.34999999999988 1889.0350000000001 0.87084748344587537 59.310000000000009 2045.0000000000002 2155.0000000000005 145.90500000000003 11.975000000000025 2075.0000000000005 110.00000000000013 9.0700000000000021 0.74301021234022857 3105.0000000000005 0.87872278553667815 -14.446104142039415 -14.095561692618992 0.12262546073149981 -6.7049999999999264 2931.1800000000007 3.5000000000000004 137.12500000000003 203.23000000000005 1691.5550000000003
decision_type=1 2 2 2 2 2 2 2 2 2 2 2 2 2 2 2 2 2 2 2 2 2 2 2 2 2 2 2 2
left_child=2 20 3 5 10 6 -1 16 15 11 -5 12 -10 -6 -7 -3 -8 -16 -12 -14 22 27 23 26 25 -25 -2 -4 -19
right_child=1 8 21 4 13 14 7 -9 9 -11 18 -13 19 -15 17 -17 -18 28 -20 -21 -22 -23 -24 24 -26 -27 -28 -29 -30
leaf_value=-0.12667152618839925 -1.4423736245646106 -0.2646175200903888 0.84670836418182427 0.009317651724627396 0.0033413746849372929 0.83329853517043417 0.7359841173382744 0.057876735300953899 -0.21485794386416154 0.13109207974634507 0.42200886346573158 0.035582115209981779 -0.74850836641256946 -0.11187147618304821 0.82277318143787148 -1.3078263297964061 0.3010126686289552 0.54496464483944362 0.871755773912814 -0.79544638385655841 -0.98259379977594896 1.0099874120381003 -0.85773766495252934 -0.52687172285643402 -0.4817483451109128 -0.84891258314789675 -1.0062737821746028 2.7986205904343979 1.9247000718351885
leaf_weight=50 181 44 159 54 40 44 72 66 49 68 43 63 40 51 46 77 54 40 45 50 73 40 73 40 40 74 40 40 125
leaf_count=50 181 44 159 54 40 44 72 66 49 68 43 63 40 51 46 77 54 40 45 50 73 40 73 40 40 74 40 40 125
internal_value=-0.000451887 -0.0312364 0.0285495 0.0226027 0.00665236 0.0300805 0.018595 0.0260417 -0.0141944 -0.00666667 0.0232394 -0.0148515 -0.0233813 -0.0192308 0.0409804 -0.0309917 0.0380952 0.0452607 0.0363636 -0.0344444 -0.0446257 0.0479079 -0.0462054 -0.0473333 -0.0441558 -0.0482456 -0.0495475 0.0494975 0.0493939
internal_weight=1881 912 969 730 233 497 242 192 391 270 142 202 139 91 255 121 126 211 88 90 521 239 448 375 154 114 221 199 165
internal_count=1881 912 969 730 233 497 242 192 391 270 142 202 139 91 255 121 126 211 88 90 521 239 448 375 154 114 221 199 165
cat_boundaries=0 1
cat_threshold=7954
is_linear=0
shrinkage=0.05


Tree=27
num_leaves=27
num_cat=2
split_feature=3 31 30 30 29 12 30 71 12 8 30 16 12 33 47 71 58 25 71 11 29 31 29 35 38 15
split_gain=667.076 70.681 63.1684 44.9897 31.5409 31.9957 18.9221 18.4442 39.0666 20.882 19.1179 13.8205 17.9041 26.9411 15.2318 7.20433 7.14302 6.23391 5.48376 7.69395 3.93583 3.24736 1.25687 0.408654 0.262415 0.345392
threshold=0 -188.22499999999988 -8.5550000000000619 59.195000000000057 -39.460000000000029 54.100000000000001 51.510000000000112 -15.334426035530845 110.02000000000002 5868.7981859410438 13.820000000000165 0.51525157232704411 37.895000000000003 0.27161969213356413 1 -17.779217386274315 92.475000000000009 365.00000000000006 -16.034056577889462 1850.0900000000004 -72.654999999999959 -110.96000000000002 -122.86999999999999 -0.016601022963005144 224.64387755102049 102.55500000000002
decision_type=1 2 2 2 2 2 2 2 2 2 2 2 2 2 1 2 2 2 2 2 2 2 2 2 2 2
left_child=2 18 -1 4 7 -6 -7 9 -9 10 16 12 -3 -14 -13 22 -4 -18 24 -20 -21 -16 -11 -5 -2 -26
right_child=1 11 3 23 5 6 -8 8 -10 15 -12 14 13 -15 21 -17 17 -19 19 20 -22 -23 -24 -25 25 -27
leaf_value=-0.13660191616749814 -0.9830883319899727 -0.58072594485581097 0.74074482489494398 0.93946077841235121 1.6051695171083384 -1.3567403336159054 0.16303516492761114 0.72909592155744951 -0.030814169403561211 0.52498577926105416 0.51611366967819028 -0.111991922936061 -0.73269042512649341 0.20090337212539142 -0.77682682110768642 0.64787773680252136 -0.2003772556746494 0.066990661234451035 -0.51856622294880883 -1.0013549813106106 -0.84927378544976673 -1.2571477365543744 1.5783789676936957 0.95466726199384455 -1.0974253792005673 -0.75273240966399868
leaf_weight=58 40 42 42 64 57 50 42 72 71 57 77 56 48 77 40 51 41 59 48 92 44 54 144 170 253 40
leaf_count=58 40 42 42 64 57 50 42 72 71 57 77 56 48 77 40 51 41 59 48 92 44 54 144 170 253 40
internal_value=2.6469e-05 -0.0331754 0.026338 0.0295386 0.0236566 0.00302013 -0.0152174 0.0286645 0.0129371 0.0334395 0.0221461 -0.0149842 -0.00508982 0.0044 -0.026 0.043254 0.0112676 0.004 -0.044971 -0.0380435 -0.0441176 -0.0382979 0.0475124 0.0487179 -0.0487988 -0.0493174
internal_weight=1889 834 1055 997 763 149 92 614 143 471 219 317 167 125 150 252 142 100 517 184 136 94 201 234 333 293
internal_count=1889 834 1055 997 763 149 92 614 143 471 219 317 167 125 150 252 142 100 517 184 136 94 201 234 333 293
cat_boundaries=0 1 2
cat_threshold=7942 4
is_linear=0
shrinkage=0.05


Tree=28
num_leaves=31
num_cat=2
split_feature=3 31 30 39 13 13 58 13 68 13 8 68 29 47 9 12 15 29 13 61 32 29 63 31 26 10 44 35 29 14
split_gain=630.866 62.9867 57.0591 38.286 32.9935 39.3457 23.8398 21.8299 18.0094 17.6686 12.8145 23.4564 9.70439 12.2952 9.34443 10.673 8.93592 7.93211 5.65319 4.95968 4.84 2.9166 2.82183 2.46767 1.68011 1.79139 1.29025 1.20644 0.888889 0.0850746
threshold=0 -188.22499999999988 59.195000000000057 -16.962926935724791 72.455000000000013 52.620000000000005 52.380000000000003 107.75000000000001 -1.1404999999999972 46.32500000000001 5868.7981859410438 19.762500000000003 -71.340000000000018 1 1671.0950000000003 53.400000000000013 31.93000000000001 -94.359999999999943 18.775000000000002 1607.28 0.72835440085589198 -60.269999999999975 0.77871303528922886 79.174999999999855 1.0000000180025095e-35 200.00000000000003 0.020996338418801403 -0.016601022963005144 -81.609999999999999 140.95000000000002
decision_type=1 2 2 2 2 2 2 2 2 2 2 2 2 1 2 2 2 2 2 2 2 2 2 2 2 2 2 2 2 2
left_child=2 19 3 4 5 8 -5 9 -1 -8 11 -6 13 -3 15 -14 -11 -13 -16 20 -2 24 23 -12 26 -26 -21 -4 -19 -28
right_child=1 12 27 6 10 -7 7 -9 -10 16 22 17 14 -15 18 -17 -18 28 -20 21 -22 -23 -24 -25 25 -27 29 -29 -30 -31
leaf_value=2.8992746031778411 -0.67353026406238503 -0.29773964454582169 0.91386365015816584 0.63952363568903159 -0.048886947711591237 -0.39540857335493984 -0.4033782308916582 -0.093794525847373231 0.050110087140495987 -0.0011166550704984957 0.70347129538832365 0.12835856370442258 -0.83302627154402475 -1.6452438643104661 -0.34195789130181692 -0.0078688626764884979 1.3741288880098723 0.57100884639279248 0.11083562586627292 -0.69926785803633229 -0.69419315258785153 -0.46837490353884209 1.2470485171753865 1.0332848734596767 -1.0095649699723435 -0.68978643318923594 -1.2351014857888338 0.92703996073250616 0.69797549503114809 -0.77819329536950099
leaf_weight=51 50 47 61 55 59 49 41 47 64 46 42 47 63 66 47 42 51 40 62 40 50 40 91 67 42 41 228 170 50 40
leaf_count=51 50 47 61 55 59 49 41 47 64 46 42 47 63 66 47 42 51 40 62 40 50 40 91 67 42 41 228 170 50 40
internal_value=-0.00055585 -0.0320276 0.0256964 0.019625 0.0267857 0.00792683 0.00291667 -0.00567568 0.023913 0.00434783 0.034596 0.0255102 -0.0151376 -0.0269912 -0.0088785 -0.0195238 0.0159794 0.0368613 0.00137615 -0.043032 -0.033 -0.0453596 0.0435 0.0380734 -0.0466752 -0.0403614 -0.0483766 0.0478355 0.0455556 -0.0496269
internal_weight=1889 858 1031 800 560 164 240 185 115 138 396 196 327 113 214 105 97 137 109 531 100 431 200 109 391 83 308 231 90 268
internal_count=1889 858 1031 800 560 164 240 185 115 138 396 196 327 113 214 105 97 137 109 531 100 431 200 109 391 83 308 231 90 268
cat_boundaries=0 1 2
cat_threshold=7942 4
is_linear=0
shrinkage=0.05


Tree=29
num_leaves=31
num_cat=1
split_feature=3 31 30 71 13 29 29 21 20 31 34 12 11 57 44 14 31 30 36 61 15 44 40 29 38 44 57 32 9 11
split_gain=585.901 86.8766 50.2901 31.7143 30.5773 24.4754 22.8514 19.8992 19.7913 15.8124 15.1893 19.1829 19.1069 16.0273 10.0752 9.96882 13.7672 7.52434 7.29097 6.63102 6.05 3.6245 2.79236 1.225 1.21135 1.17177 1.0582 0.292314 0.0804878 0.0703704
threshold=0 -195.53499999999994 59.195000000000057 -16.559520864880628 100.67000000000002 -80.284999999999954 -39.460000000000029 2045.0000000000002 755.00000000000011 172.99500000000015 0.7848334165038291 37.895000000000003 1343.6450000000002 103.02000000000002 0.090095633084161214 9.0149999999999952 -9.3549999999999596 14.830000000000156 0.083213910970627622 1589.4650000000004 49.440000000000019 0.12262546073149981 -37.670787246186777 -65.950000000000031 1.7966553287983518 0.023095639154033253 114.82000000000001 0.70846715198351418 2049.0850000000005 2338.2200000000007
decision_type=1 2 2 2 2 2 2 2 2 2 2 2 2 2 2 2 2 2 2 2 2 2 2 2 2 2 2 2 2 2
left_child=2 19 3 6 7 14 9 -5 -7 15 -10 -12 -13 -14 -3 -1 -17 -9 22 -2 -6 23 -11 25 -4 -21 29 -27 -26 -24
right_child=1 5 24 4 20 8 -8 17 10 18 11 12 13 -15 -16 16 -18 -19 -20 21 -22 -23 26 -25 28 27 -28 -29 -30 -31
leaf_value=0.66983290931184036 -0.68895656790877047 -1.5995513206560112 0.84429169305041052 -0.18930162362455435 -0.013916240935583702 0.18202817630287385 0.091109034281996779 1.238778320309752 -0.52791519324324698 0.62476462985178005 -0.67020508911383403 -0.61203300815544459 0.26224767259001247 -0.22228100438089085 -0.3376413161185548 0.94905849561686118 -0.040161919160862425 0.34701844585821395 0.89194309358969903 -0.79660177023721901 -0.11124701001152637 -0.69822443845543281 0.62966979338661067 -0.93848112947667761 0.97002463083698565 -1.2868321356234875 0.67515714133055738 -1.1638293206207786 0.85580700573311863 1.1205005123211855
leaf_weight=59 68 58 40 51 40 43 68 41 41 40 51 77 75 48 46 58 67 48 59 40 40 51 95 61 40 45 40 208 165 40
leaf_count=59 68 58 40 51 40 43 68 41 41 40 51 77 75 48 46 58 67 48 59 40 40 51 95 61 40 45 40 208 165 40
internal_value=0.00155018 -0.0272234 0.028022 0.0218499 0.00590909 -0.0115034 0.0285171 0.02 -0.00492537 0.0325328 -0.00958904 -0.00498008 0.002 0.0142276 -0.0326923 0.0211957 0.0132 0.0342697 0.040146 -0.042389 -0.01875 -0.0448148 0.0444186 -0.0466102 0.0479592 -0.0479522 0.0471429 -0.0492095 0.0495122 0.0492593
internal_weight=1903 912 991 746 220 439 526 140 335 458 292 251 200 123 104 184 125 89 274 473 80 405 215 354 245 293 175 253 205 135
internal_count=1903 912 991 746 220 439 526 140 335 458 292 251 200 123 104 184 125 89 274 473 80 405 215 354 245 293 175 253 205 135
cat_boundaries=0 1
cat_threshold=7954
is_linear=0
shrinkage=0.05


Tree=30
num_leaves=31
num_cat=1
split_feature=3 31 16 29 71 8 29 16 8 17 43 59 21 23 8 17 68 40 29 58 68 43 29 68 13 25 29 68 71 31
split_gain=592.36 62.3365 44.14 34.1656 24.635 34.2732 11.9504 11.9418 12.9302 11.7196 11.2513 11.1338 8.72007 8.22542 7.9036 18.7528 6.97677 6.86965 6.85799 6.67203 6.32823 3.23497 2.67417 3.18281 1.89778 1.82927 1.32414 1.11111 0.627751 0.52137
threshold=0 -188.22499999999988 0.8497749110170556 -97.820000000000036 -17.980987356754525 5868.7981859410438 -74.144999999999968 0.40430925517086697 4654.4444444444453 1015.0000000000001 0.92089987840246013 1455.7900000000002 2195.0000000000005 1615.0000000000002 5868.7981859410438 2315.0000000000005 21.229499999999998 -23.189616746473661 -116.02999999999984 115.105 70.06750000000001 0.5607099914489303 -84.540000000000177 71.878500000000017 96.260000000000005 394.99999999999994 -84.540000000000177 43.198999999999991 -25.923151099289402 -209.0799999999999
decision_type=1 2 2 2 2 2 2 2 2 2 2 2 2 2 2 2 2 2 2 2 2 2 2 2 2 2 2 2 2 2
left_child=2 11 9 4 5 -4 20 -8 -9 -1 -10 19 13 24 15 25 -15 -11 -6 29 -3 -7 28 27 -5 -14 -16 -24 -13 -2
right_child=1 6 3 12 18 21 7 8 10 17 -12 22 14 16 26 -17 -18 -19 -20 -21 -22 -23 23 -25 -26 -27 -28 -29 -30 -31
leaf_value=0.08515101400658516 -0.44544378290693376 -0.55688568568990626 -0.016074978386305363 0.66399344220624146 -0.17694619484395346 0.66873311682658609 -0.78046726784395126 -0.29326390319300027 0.096565853736436946 -0.66119882258236418 -0.20688264147936775 -1.0819300565893986 0.63652390610905485 0.025910612682231007 1.0614526296607107 0.082775266913641593 0.54510790001346476 0.34273240960798007 0.011436785981238274 -0.38773721339075834 -2.0641994535858537 0.91142403931129867 -0.36772663703208458 -0.5293110173795158 0.48111013410258896 0.64520588498717546 1.527462142464886 -1.0613700002153239 -1.2163846512900283 -0.57401934155007428
leaf_weight=71 40 48 61 46 41 48 42 68 53 40 73 45 75 43 40 55 40 47 62 49 50 74 41 56 40 48 192 89 164 42
leaf_count=71 40 48 61 46 41 48 42 68 53 40 73 45 75 43 40 55 40 47 62 49 50 74 41 56 40 48 192 89 164 42
internal_value=0.000982475 -0.0294253 0.0265731 0.0312717 0.0171329 0.0281421 -0.0128743 -0.00677966 -0.00154639 0.00253165 0.00793651 -0.0404943 0.0382556 0.0286982 0.0421951 0.0342697 0.0174699 -0.00977011 -0.00242718 -0.0278626 -0.027551 0.0434426 -0.0446835 -0.0403226 0.0395349 0.045122 0.0482759 -0.0446154 -0.0485646 -0.0365854
internal_weight=1883 860 1023 865 286 183 334 236 194 158 126 526 579 169 410 178 83 87 103 131 98 122 395 186 86 123 232 130 209 82
internal_count=1883 860 1023 865 286 183 334 236 194 158 126 526 579 169 410 178 83 87 103 131 98 122 395 186 86 123 232 130 209 82
cat_boundaries=0 1
cat_threshold=7940
is_linear=0
shrinkage=0.05


end of trees

feature_importances:
words_vs_alias_score_margin=54
base_pre_to_expected_ms=51
base_offset_to_expected_ms=34
base_cons=31
base_cutoff_to_next_anchor_ms=30
base_pre=29
wav_duration_ms=28
base_ovl_ratio=28
base_ovl=24
alias_group=22
db_mean=22
base_cutoff_abs=19
db_min=19
base_offset=18
mapping_confidence=16
curr_vowel_end_ms=15
voicing_class=15
base_cons_gap=14
energy_min=14
valley_dist_from_cutoff_ms=14
base_cut_gap=13
bridge_type=13
zcr_mean=12
syllable_len_ms=10
energy_mean=10
f0_voicing_mean=10
next_base_pre=10
curr_phone_end_ms=9
f0_voicing_near_pre=9
energy_slope_pre=8
prev_base_cutoff_abs=8
curr_phone_start_ms=7
energy_max=7
prev_base_pre=7
local_peak_db=7
row_index_in_wav=6
prev_base_offset=6
curr_phone_len_ms=5
curr_vowel_len_ms=5
energy_slope_post=5
row_ratio_in_wav=4
local_valley_db=4
spectral_flux_mean=3
next_base_cutoff_abs=3
mel_window_energy_mean=3
syllable_end_ms=2
alias_type=1
curr_vowel_start_ms=1
syllable_start_ms=1
prev_phone_gap_ms=1
valley_energy=1
next_base_offset=1

parameters:
[boosting: gbdt]
[objective: regression_l1]
[metric: l1]
[tree_learner: serial]
[device_type: cpu]
[data_sample_strategy: bagging]
[data: ]
[valid: ]
[num_iterations: 500]
[learning_rate: 0.05]
[num_leaves: 31]
[num_threads: 0]
[seed: 0]
[deterministic: 0]
[force_col_wise: 0]
[force_row_wise: 0]
[histogram_pool_size: -1]
[max_depth: -1]
[min_data_in_leaf: 40]
[min_sum_hessian_in_leaf: 0.001]
[bagging_fraction: 0.85]
[pos_bagging_fraction: 1]
[neg_bagging_fraction: 1]
[bagging_freq: 1]
[bagging_seed: 3]
[bagging_by_query: 0]
[feature_fraction: 0.85]
[feature_fraction_bynode: 1]
[feature_fraction_seed: 2]
[extra_trees: 0]
[extra_seed: 6]
[early_stopping_round: 0]
[early_stopping_min_delta: 0]
[first_metric_only: 0]
[max_delta_step: 0]
[lambda_l1: 0]
[lambda_l2: 0]
[linear_lambda: 0]
[min_gain_to_split: 0]
[drop_rate: 0.1]
[max_drop: 50]
[skip_drop: 0.5]
[xgboost_dart_mode: 0]
[uniform_drop: 0]
[drop_seed: 4]
[top_rate: 0.2]
[other_rate: 0.1]
[min_data_per_group: 100]
[max_cat_threshold: 32]
[cat_l2: 10]
[cat_smooth: 10]
[max_cat_to_onehot: 4]
[top_k: 20]
[monotone_constraints: ]
[monotone_constraints_method: basic]
[monotone_penalty: 0]
[feature_contri: ]
[forcedsplits_filename: ]
[refit_decay_rate: 0.9]
[cegb_tradeoff: 1]
[cegb_penalty_split: 0]
[cegb_penalty_feature_lazy: ]
[cegb_penalty_feature_coupled: ]
[path_smooth: 0]
[interaction_constraints: ]
[verbosity: -1]
[saved_feature_importance_type: 0]
[use_quantized_grad: 0]
[num_grad_quant_bins: 4]
[quant_train_renew_leaf: 0]
[stochastic_rounding: 1]
[linear_tree: 0]
[max_bin: 255]
[max_bin_by_feature: ]
[min_data_in_bin: 3]
[bin_construct_sample_cnt: 200000]
[data_random_seed: 1]
[is_enable_sparse: 1]
[enable_bundle: 1]
[use_missing: 1]
[zero_as_missing: 0]
[feature_pre_filter: 1]
[pre_partition: 0]
[two_round: 0]
[header: 0]
[label_column: ]
[weight_column: ]
[group_column: ]
[ignore_column: ]
[categorical_feature: 0,1,2,3,46,47,50,51,52,53,55,56,70]
[forcedbins_filename: ]
[precise_float_parser: 0]
[parser_config_file: ]
[objective_seed: 5]
[num_class: 1]
[is_unbalance: 0]
[scale_pos_weight: 1]
[sigmoid: 1]
[boost_from_average: 1]
[reg_sqrt: 0]
[alpha: 0.9]
[fair_c: 1]
[poisson_max_delta_step: 0.7]
[tweedie_variance_power: 1.5]
[lambdarank_truncation_level: 30]
[lambdarank_norm: 1]
[label_gain: ]
[lambdarank_position_bias_regularization: 0]
[eval_at: ]
[multi_error_top_k: 1]
[auc_mu_weights: ]
[num_machines: 1]
[local_listen_port: 12400]
[time_out: 120]
[machine_list_filename: ]
[machines: ]
[gpu_platform_id: -1]
[gpu_device_id: -1]
[gpu_use_dp: 0]
[num_gpu: 1]

end of parameters

pandas_categorical:[["japanese"], ["cvvc"], ["cv", "cv_head", "vc", "vv"], ["cv_fricative", "cv_head_fricative", "cv_head_other", "cv_head_plosive", "cv_head_sonorant", "cv_other", "cv_plosive", "cv_sonorant", "vc_fricative", "vc_other", "vc_plosive", "vc_sonorant", "vv"], ["fricative", "other", "plosive", "sonorant"], ["unknown", "voiced", "voiceless"], ["none"], ["", "a", "e", "i", "n", "o", "u"], ["head", "mid", "tail"], ["", "vc", "vv"], ["", "cv", "cv_head", "vc", "vv"], [""], ["unknown"]]
