tree
version=v4
num_class=1
num_tree_per_iteration=1
label_index=0
max_feature_idx=61
objective=regression_l1
feature_names=language format_type alias_type row_index_in_wav row_ratio_in_wav is_head_row is_tail_row wav_duration_ms base_offset base_cons base_cutoff_abs base_pre base_ovl base_cons_gap base_cut_gap base_ovl_ratio curr_phone_start_ms curr_phone_end_ms curr_phone_len_ms curr_vowel_start_ms curr_vowel_end_ms curr_vowel_len_ms syllable_start_ms syllable_end_ms syllable_len_ms prev_phone_gap_ms next_phone_gap_ms expected_anchor_ms base_offset_to_expected_ms base_pre_to_expected_ms base_cutoff_to_next_anchor_ms energy_mean energy_min energy_max energy_slope_pre energy_slope_post valley_energy valley_dist_from_cutoff_ms db_mean db_min db_silence_ratio f0_voicing_mean f0_voicing_near_pre zcr_mean spectral_flux_mean onset_class voicing_class is_tense is_diphthong coda_type vowel_class mora_position bridge_type is_nasal_or_sonorant prev_alias_type next_alias_type prev_base_pre next_base_pre prev_base_offset next_base_offset prev_base_cutoff_abs next_base_cutoff_abs
feature_infos=none -1:1:0 -1:3:2:1:0:4 [0:13] [0:1] [0:1] [0:1] [0:6999.3650793650804] [0:5788.1800000000003] [6.7199999999999998:573.72000000000003] [21.949999999999999:6180.3100000000004] [0:337.45999999999998] [0:261.31] [1.3199999999999932:349.88] [0.040000000000020401:3691.6100000000001] [0:0.99730740463724765] [0:6000] [0:6061.9500000000007] [0:4770] [0:6030] [0:6061.9500000000007] [0:4770] [0:6000] [0:6061.9500000000007] [0:4770] [0:1940] [0:3440] [0:6030] [-4081.02:3156] [-4081.02:3409.2800000000002] [-3814.7800000000002:5298.0900000000001] [0:1] [0:1] [0:1] [-0.95897056670305358:1] [-1:1] [0:1] [-25.511632653061159:3814.7800000000002] [-96.259205577898797:0] [-96.536329160383062:0] [0:1] [0:1] [0:1] [0:0.51204990076552315] [0:0.25215253929795939] -1:2:1:3:0 -1:0:1:2 none none none -1:6:1:2:5:0:3:4 -1:1:0:2 -1:2:0:1:3 [0:1] -1:4:0:2:3:1:5 none [0:337.45999999999998] [0:337.45999999999998] [0:5398.9799999999996] [0:5788.1800000000003] [0:5578.8999999999996] [0:6180.3100000000004]
tree_sizes=2652 2766 2809 2810 2785 2797 2790 2787 2814 2791 2815 2805 2814 2833 2812 2838 2845 2831

Tree=0
num_leaves=31
num_cat=4
split_feature=9 2 28 14 7 11 9 7 7 7 2 9 4 61 19 11 15 29 9 30 9 13 14 56 29 28 2 7 46 11
split_gain=3819.35 5489.78 893.321 592.52 525.046 435.619 326.802 306.827 278.344 266.909 213.413 165.096 152.408 136.139 112.869 111.309 99.9176 104.077 68.1792 62.0256 60.9216 76.069 56.8301 52.5312 38.5655 37.9688 35.3765 86.9553 31.4926 31.4916
threshold=323.22000000000008 0 -142.79000000000005 104.75500000000004 5655.7369614512481 173.00000000000003 255.94500000000002 4760.5668934240375 3968.3900226757373 1542.5056689342407 1 220.14500000000001 0.21111111111111114 906.3900000000001 695.00000000000011 7.0300000000000002 0.43106202438181346 49.919999999999995 90.235000000000014 -1.0000000180025095e-35 203.50500000000002 44.659999999999989 91.485000000000014 26.595000000000002 38.429999999999843 -136.75999999999974 2 4493.4013605442187 3 159.54500000000004
decision_type=2 1 2 2 2 2 2 2 2 2 1 2 2 2 2 2 2 2 2 2 2 2 2 2 2 2 1 2 1 2
left_child=1 2 4 5 7 9 -6 -1 11 19 14 12 -4 -13 22 -5 -2 -18 -12 -3 24 -22 28 -21 -7 -23 27 -17 -11 -16
right_child=16 3 8 15 6 20 -8 -9 -10 10 18 13 -14 -15 29 26 17 -19 -20 23 21 25 -24 -25 -26 -27 -28 -29 -30 -31
leaf_value=118.44429988861084 111.69855003356933 119.13154983520508 119.64575004577637 121.22630004882812 120.89305000305175 120.36144981384277 119.07104988098145 121.66730003356933 123.27404975891113 122.15994987487792 120.25120010375977 121.96525001525879 121.6885498046875 119.83554992675781 122.31020011901856 116.7797999382019 116.55 123.82084999084472 116.84887495040894 120.3382999420166 119.13099994659424 117.9882999420166 117.16005001068115 115.30504989624023 119.62519989013671 120.35642490386962 112.79174995422363 121.96597480773926 119.38612480163575 120.32264976501465
leaf_weight=156 3118 366 131 96 107 54 501 769 6101 137 151 73 356 167 663 118 361 63 178 66 872 80 59 41 49 48 2372 68 122 133
leaf_count=156 3118 366 131 96 107 54 501 769 6101 137 151 73 356 167 663 118 361 63 178 66 872 80 59 41 49 48 2372 68 122 133
internal_value=120.139 120.151 120.176 120.113 120.142 120.128 120.106 120.166 120.184 120.142 120.153 120.155 120.172 120.121 120.163 120.096 120.093 120.115 120.118 120.11 120.103 120.099 120.138 120.143 120.139 120.135 120.094 120.119 120.148 120.174
internal_weight=17576 14034 8361 5673 1533 3019 608 925 6828 1916 1443 727 487 240 1114 2654 3542 424 329 473 1103 1000 318 107 103 128 2558 186 259 796
internal_count=17576 14034 8361 5673 1533 3019 608 925 6828 1916 1443 727 487 240 1114 2654 3542 424 329 473 1103 1000 318 107 103 128 2558 186 259 796
cat_boundaries=0 1 2 3 4
cat_threshold=24 6 4 1
is_linear=0
shrinkage=1


Tree=1
num_leaves=31
num_cat=4
split_feature=9 2 28 13 29 9 9 13 54 19 15 30 13 54 29 23 29 29 28 12 37 22 9 13 2 29 12 30 25 37
split_gain=3704.45 5219.3 965.849 460.912 387.811 298.129 234.244 276.262 253.541 135.434 124.21 119.52 115.241 104.056 95.0489 94.4128 93.3246 71.4807 119.645 61.9801 61.6894 52.894 61.2692 48.4543 45.5022 44.0445 39.4329 38.3548 35.8864 34.8646
threshold=323.22000000000008 0 -142.79000000000005 123.73 23.325000000000276 252.34000000000003 203.50500000000002 43.315000000000005 1 425.00000000000006 0.43106202438181346 -118.83 8.0000000000000053 2 49.919999999999995 935.00000000000011 0.71999999999999897 49.205000000000389 -6.1900000000000537 5.2600000000000007 194.63831065759612 1105.0000000000002 263.40500000000003 99.125000000000014 3 32.414999999999971 83.260000000000005 -1.0000000180025095e-35 29.99999999999989 247.12284580498854
decision_type=2 1 2 2 2 2 2 2 1 2 2 2 2 1 2 2 2 2 2 2 2 2 2 2 1 2 2 2 2 2
left_child=1 2 4 6 5 -1 8 -8 -3 19 -2 -11 -4 24 -12 -9 -17 -5 21 -10 -7 -19 -23 25 28 29 -14 -21 -13 -6
right_child=10 3 12 17 23 20 7 15 9 11 14 13 26 -15 -16 16 -18 18 -20 27 -22 22 -24 -25 -26 -27 -28 -29 -30 -31
leaf_value=2.1442350959777836 -8.0353024864196794 1.7519011497497559 -0.094277648925780971 -7.3128375053405765 0.83314128875732441 -0.52605234146118185 -0.96784989356994666 -2.8305025386810301 3.2744351959228517 -3.7320405936241152 -3.395500030517578 1.7873399543762205 2.7425675392150879 -0.65404386043548612 3.4334322166442877 -7.4175437879562383 0.66945363998413088 -1.0563374519348145 -8.939012432098389 -2.0138275146484377 -1.0130526161193849 0.35191259384155277 -0.23258752822875978 0.89713502883911156 -0.35595981597900422 1.8720350837707522 2.1752478599548342 -2.1982526779174805 -1.2757600975036625 -0.22353986740112292
leaf_weight=216 3092 279 59 1752 134 159 939 103 92 184 355 432 6432 241 62 53 278 104 286 336 532 79 54 295 149 160 329 255 47 50
leaf_count=216 3092 279 59 1752 134 159 939 103 92 184 355 432 6432 241 62 53 278 104 286 336 532 79 54 295 149 160 329 255 47 50
internal_value=0.000307903 0.0118006 0.0368672 -0.0252512 0.00122898 -0.0197905 -0.0136068 -0.0295339 -0.00275434 -0.00990836 -0.0456398 0.00128205 0.045 0.00903337 -0.020024 0.00345622 0.0164653 -0.0427033 -0.0264818 -0.027306 -0.0358177 -0.00021097 0.0206767 0.0310642 0.0195925 0.018314 0.0456072 -0.0332487 0.0270961 0.00163043
internal_weight=17538 14029 8366 5663 1546 907 3388 1373 2015 1736 3509 1053 6820 869 417 434 331 2275 523 683 691 237 133 639 628 344 6761 591 479 184
internal_count=17538 14029 8366 5663 1546 907 3388 1373 2015 1736 3509 1053 6820 869 417 434 331 2275 523 683 691 237 133 639 628 344 6761 591 479 184
cat_boundaries=0 1 2 3 4
cat_threshold=24 2 41 6
is_linear=0
shrinkage=0.05


Tree=2
num_leaves=31
num_cat=2
split_feature=7 52 28 11 54 7 11 13 14 11 13 15 12 21 11 29 30 28 30 21 56 15 28 15 28 13 14 28 21 13
split_gain=3445.11 3273.4 1500.48 541.222 895.999 479.082 516.271 285.808 281.162 492.138 219.811 178.311 145.923 95.4159 103.139 80.4734 104.393 74.0422 68.1959 67.6486 66.1256 64.6267 51.9426 49.928 49.6937 46.0538 52.1251 50.0544 42.8955 41.8847
threshold=5123.5714285714303 0 -144.0799999999999 158.89500000000001 1 5655.7369614512481 259.51500000000004 154.52000000000004 103.61500000000002 172.88500000000002 123.73 0.54493622315218981 34.915000000000006 104.99999999999979 191.13000000000002 52.544999999999625 -200.05499999999981 -29.339999999999943 -4.9899999999998945 155.00000000000003 103.67500000000001 0.38777856409471273 -128.36500000000021 0.37825279984359211 -1.0000000180025095e-35 62.965000000000011 105.37500000000001 -79.020000000000195 599.83000000000004 45.945
decision_type=2 1 2 2 1 2 2 2 2 2 2 2 2 2 2 2 2 2 2 2 2 2 2 2 2 2 2 2 2 2
left_child=3 2 5 4 25 6 -2 -4 9 12 18 -9 17 14 -7 24 -17 -3 -6 21 -20 -11 -14 -5 -10 -1 27 -27 -25 -21
right_child=1 8 7 23 10 13 -8 11 15 19 -12 -13 22 -15 -16 16 -18 -19 20 29 -22 -23 -24 28 -26 26 -28 -29 -30 -31
leaf_value=1.6875947046279904 1.4128335065841675 -2.8759416796565063 2.7786689519882204 -8.1529373865127557 -0.91663069975376144 0.51069055747985892 -2.8998623590469359 -4.6431623678207394 -5.7624956178665165 -6.0633074989318851 -7.8660205888748171 3.6484191656112674 -0.049805060386657378 -0.98567497920990021 -2.2297500295639039 -9.2180870103836057 0.09402310848236084 2.2804024028778076 0.73912324047088596 -0.96038242483139058 -0.90221579074859626 0.24861218357086232 1.8874589395523071 -1.3394265966415404 1.1994207391738894 -0.212518048286438 1.8079443311691286 1.3553942060470583 -0.059490990638732914 -3.5893624048233033
leaf_weight=349 833 176 6028 2424 614 95 331 131 1313 77 1004 77 131 550 99 115 144 117 219 668 159 135 546 695 40 81 140 87 83 150
leaf_count=349 833 176 6028 2424 614 95 331 131 1313 77 1004 77 131 550 99 115 144 117 219 668 159 135 546 695 40 81 140 87 83 150
internal_value=-0.000423031 0.0151837 0.0327324 -0.0317592 -0.0150584 -0.00602725 0.0140034 0.044644 -0.0244064 -0.01195 -0.031655 -0.0129808 0.0136082 -0.0373656 -0.00721649 -0.0400124 -0.0144788 -0.0158703 -0.015121 -0.0360194 0.0015873 -0.0108491 0.0263663 -0.0455965 -0.0449002 0.0353073 0.0217532 0.00297619 -0.0345758 -0.0425428
internal_weight=17611 11756 8144 5855 2653 1908 1164 6236 3612 2000 1996 208 970 744 194 1612 259 293 992 1030 378 212 677 3202 1353 657 308 168 778 818
internal_count=17611 11756 8144 5855 2653 1908 1164 6236 3612 2000 1996 208 970 744 194 1612 259 293 992 1030 378 212 677 3202 1353 657 308 168 778 818
cat_boundaries=0 1 2
cat_threshold=12 50
is_linear=0
shrinkage=0.05


Tree=3
num_leaves=31
num_cat=3
split_feature=9 2 28 14 7 11 9 7 7 7 9 2 7 2 9 15 4 21 61 29 9 7 13 21 11 23 9 11 56 13
split_gain=3555.69 4690.99 893.713 544.369 470.773 442.279 307.121 279.834 226.363 225.454 189.784 178.866 164.542 147.695 141.552 141.389 131.135 126.468 111.046 107.917 96.026 800.947 90.8086 87.3606 73.5145 71.0794 65.1932 59.8894 47.7474 34.9335
threshold=323.22000000000008 0 -142.79000000000005 95.000000000000043 5655.7369614512481 173.00000000000003 255.94500000000002 4661.7460317460327 4760.5668934240375 1482.5056689342407 215.91500000000002 1 5468.2539682539691 2 262.49500000000006 0.43407764816159827 0.21111111111111114 481.0299999999998 906.3900000000001 49.72500000000003 246.35500000000005 5655.7369614512481 43.315000000000005 330.00000000000017 197.83000000000001 895.00000000000011 90.235000000000014 157.35000000000005 57.465000000000011 149.49500000000003
decision_type=2 1 2 2 2 2 2 2 2 2 2 1 2 1 2 2 2 2 2 2 2 2 2 2 2 2 2 2 2 2
left_child=1 2 4 5 8 9 -6 10 -1 28 16 25 13 17 -14 -2 -4 -5 -12 29 -9 -22 23 24 -7 -11 -13 -27 -3 -17
right_child=15 3 7 12 6 22 -8 20 -10 11 18 26 14 -15 -16 19 -18 -19 -20 -21 21 -23 -24 -25 -26 27 -28 -29 -30 -31
leaf_value=-1.5059365375041964 -7.2646043416380879 -0.11139635368287558 -0.55810502409934981 -2.3477166088581085 0.54010152235031161 0.24697213129997309 -0.91786610665321366 2.7527359926700599 1.2862416664600376 0.37694397992193701 1.4750983120441441 0.21602197003364482 0.45486567139625578 -6.5372327274039392 -0.37197181105613741 -0.90165547032356208 1.3456742699146276 2.5603772451877598 -0.32642418127059902 3.1382445560932157 2.948835846185685 -0.18076429724693244 0.034513923716545492 -0.81443830816745766 -2.9135891235589981 1.9856129746913909 -2.9925945178180942 0.085740843343734954 -1.1580436874568463 -5.6854239728450775
leaf_weight=147 3180 220 118 182 103 112 516 4409 747 240 79 161 102 2292 145 201 327 109 184 69 1444 239 124 715 104 651 163 145 181 123
leaf_count=147 3180 220 118 182 103 112 516 4409 747 240 79 161 102 2292 145 201 327 109 184 69 1444 239 124 715 104 651 163 145 181 123
internal_value=-0.000707278 0.0106849 0.0345488 -0.0244696 -0.000165235 -0.00894886 -0.0336834 0.0423235 0.0230425 0.00638842 0.0125706 0.0161029 -0.04 -0.0437282 -0.00101215 -0.0452141 0.0324719 -0.00880399 -0.0211027 -0.0169211 0.0457814 0.0356209 -0.0345498 -0.0399033 -0.012037 0.0260994 -0.0161677 0.0335427 -0.0265586 -0.0290123
internal_weight=17532 13959 8313 5646 1513 2816 619 6800 894 1761 708 1360 2830 2583 247 3573 445 291 263 393 6092 1683 1055 931 216 1036 324 796 401 324
internal_count=17532 13959 8313 5646 1513 2816 619 6800 894 1761 708 1360 2830 2583 247 3573 445 291 263 393 6092 1683 1055 931 216 1036 324 796 401 324
cat_boundaries=0 1 2 3
cat_threshold=24 6 4
is_linear=0
shrinkage=0.05


Tree=4
num_leaves=31
num_cat=4
split_feature=9 2 28 7 13 11 9 7 59 7 9 54 4 2 7 15 59 50 9 7 9 29 13 12 30 21 11 13 11 9
split_gain=3470.85 4592.83 890.559 433.303 431.183 315.789 281.338 255.464 226.882 190.471 172.45 169.652 142.031 139.211 127.366 122.803 117.819 116.705 114.346 937.248 102.838 88.5772 74.9686 73.1613 62.871 59.5343 64.4556 50.0621 49.2246 46.5354
threshold=323.22000000000008 0 -144.0799999999999 5655.7369614512481 123.73 173.64500000000001 253.22000000000003 4661.7460317460327 790.00500000000011 4735.7709750566901 214.21500000000003 1 0.21111111111111114 2 5843.2199546485272 0.43106202438181346 667.1400000000001 3 243.43500000000003 5655.7369614512481 261.68000000000006 49.919999999999995 42.00500000000001 49.815000000000005 -1.0000000180025095e-35 354.99999999999983 203.90500000000003 54.640000000000015 170.78000000000003 75.075000000000003
decision_type=2 1 2 2 2 2 2 2 2 2 2 1 2 1 2 2 2 1 2 2 2 2 2 2 2 2 2 2 2 2
left_child=1 2 3 9 5 8 -5 10 11 -1 12 -3 -4 28 17 -2 -12 23 -9 -20 -16 -17 25 -6 -13 26 -7 -26 -10 -15
right_child=15 4 7 6 14 22 -8 18 13 -11 16 24 -14 29 20 21 -18 -19 19 -21 -22 -23 -24 -25 27 -27 -28 -29 -30 -31
leaf_value=-1.4538192771077156 -6.9472853290969132 3.1742086636900901 -0.55719981867074964 0.52137351675510435 -5.0800091815295065 0.085115579674244657 -0.86872286998510406 2.7085989488959314 1.5642843572831149 1.1299748178172109 1.3726753900218016 -1.3006524577024579 1.2737719434142118 0.91739386197328487 0.41169835466146482 -3.0086740207934377 -0.33895865500926947 -6.7244328666033599 2.8008439745306974 -0.15197605949640264 -0.26256074720621075 3.0699569010424614 -0.045966377500295863 5.0564782736039167 0.064081653211563602 -0.82134136224150689 -4.0539903381419178 -2.4843215628091997 -0.079224286057948498 -2.8429647919271894
leaf_weight=138 3094 123 122 100 61 125 504 4192 661 745 87 679 334 66 67 357 179 1911 1663 284 133 60 171 58 298 674 116 203 93 141
leaf_count=138 3094 123 122 100 61 125 504 4192 661 745 87 679 334 66 67 357 179 1911 1663 284 133 60 171 58 298 674 116 203 93 141
internal_value=-0.000587763 0.0106117 0.0340632 -0.000975118 -0.0244902 -0.013194 -0.0336093 0.0417067 -0.00256184 0.0213477 0.0135734 -0.016155 0.0322368 0.0158689 -0.0415695 -0.0450157 -0.0184211 -0.0453202 0.0450155 0.0350026 -0.0035 -0.0195444 -0.0353591 0.00426357 -0.0219328 -0.0410383 -0.0197095 -0.00868263 0.0256545 -0.0200461
internal_weight=17439 13928 8348 1487 5580 3350 604 6861 2264 883 722 1303 456 961 2230 3511 266 2030 6139 1947 200 417 1086 119 1180 915 241 501 754 207
internal_count=17439 13928 8348 1487 5580 3350 604 6861 2264 883 722 1303 456 961 2230 3511 266 2030 6139 1947 200 417 1086 119 1180 915 241 501 754 207
cat_boundaries=0 1 2 3 4
cat_threshold=24 34 6 1
is_linear=0
shrinkage=0.05


Tree=5
num_leaves=31
num_cat=4
split_feature=7 2 28 13 11 7 11 2 54 13 11 13 2 7 15 7 12 13 11 13 21 11 13 11 13 30 11 13 13 37
split_gain=3033.33 2806.96 1368.38 574.474 455.966 415.116 409.803 403.011 272.047 253.683 320.367 241.528 186.87 211.239 152.214 147.868 364.263 484.993 193.028 120.501 106.087 108.297 83.4176 74.5458 88.8085 71.9759 68.1401 53.594 44.3428 94.4397
threshold=5123.5714285714303 0 -144.0799999999999 73.135000000000005 158.89500000000001 5655.7369614512481 259.51500000000004 1 2 144.16000000000003 173.64500000000001 149.49500000000003 3 5655.7369614512481 0.54493622315218981 5655.7369614512481 60.610000000000007 90.445000000000036 134.91000000000003 2.7999999999999834 104.99999999999979 197.13000000000002 39.175000000000018 117.79500000000002 110.03000000000004 -1.0000000180025095e-35 157.35000000000005 44.659999999999989 104.355 256.48616780045353
decision_type=2 1 2 2 2 2 2 1 1 2 2 2 1 2 2 2 2 2 2 2 2 2 2 2 2 2 2 2 2 2
left_child=3 2 5 4 8 6 28 -5 25 10 12 15 26 22 -13 -4 -17 -18 -19 -6 21 -7 -14 -15 -25 -1 -3 -8 29 -2
right_child=1 9 11 7 19 20 27 -9 -10 -11 -12 14 13 23 -16 16 17 18 -20 -21 -22 -23 -24 24 -26 -27 -28 -29 -30 -31
leaf_value=-0.46816442391960322 2.0650531657592057 2.0051048531640761 3.381919154039025 -6.7989210397538846 0.010676705166578416 0.41802752625441575 0.48293255795855861 2.9373801765550369 1.3663716067745684 -5.682637559561643 -1.0395993215952515 -3.7938619536982778 -0.046302764390111412 1.4711493153680566 3.411681460252403 1.3116692150741813 1.0219189251571892 0.32366872679293124 -0.12046496976315951 -2.5468744080494043 -0.85528665019190342 -2.1484330487362153 -3.4769666119116325 0.98464952899110336 -0.19526961198747125 0.43479255852458254 -0.024473836411117847 -2.3490248185929952 1.3537258633033034 -0.094396752510905568
leaf_weight=474 420 327 3696 3579 55 101 40 195 454 1005 1015 131 185 125 75 1456 454 71 380 839 544 97 499 86 128 256 171 307 273 148
leaf_count=474 420 327 3696 3579 55 101 40 195 454 1005 1015 131 185 125 75 1456 454 71 380 839 544 97 499 86 128 256 171 307 273 148
internal_value=-0.00099511 0.0136697 0.0297269 -0.0303999 -0.00928778 -0.00704663 0.0112795 -0.0420244 0.0110642 -0.0235004 -0.015142 0.0411065 -0.000624589 -0.0128267 -0.0121359 0.0429173 0.0331427 0.00823204 -0.0284922 -0.0362416 -0.0363881 -0.00505051 -0.0289474 0.0193215 0.00140187 -0.00797297 0.0242126 -0.034438 0.0301427 0.0221831
internal_weight=17586 11734 8193 5852 2078 1930 1188 3774 1184 3541 2536 6263 1521 1023 206 6057 2361 905 451 894 742 198 684 339 214 730 498 347 841 568
internal_count=17586 11734 8193 5852 2078 1930 1188 3774 1184 3541 2536 6263 1521 1023 206 6057 2361 905 451 894 742 198 684 339 214 730 498 347 841 568
cat_boundaries=0 1 2 3 4
cat_threshold=24 11 13 4
is_linear=0
shrinkage=0.05


Tree=6
num_leaves=31
num_cat=2
split_feature=9 2 28 14 7 11 9 7 7 9 7 7 2 7 9 11 9 4 20 11 7 9 15 4 29 56 24 29 9 29
split_gain=3346.65 4376.58 895.566 537.869 450.97 368.366 267.531 182.044 172.394 154.24 1100.54 169.887 143.051 123.408 115.904 108.951 94.1554 125.427 87.6525 87.0823 69.334 62.6879 62.0257 61.831 58.1332 51.2188 44.8784 41.5645 39.5923 43.9277
threshold=331.68000000000006 0 -144.0799999999999 105.37500000000001 5655.7369614512481 173.64500000000001 255.94500000000002 1466.4172335600908 4735.7709750566901 239.46500000000003 5655.7369614512481 4735.7709750566901 1 5468.2539682539691 260.02500000000003 7.0300000000000002 222.15500000000003 0.21111111111111114 865.00000000000011 146.26500000000001 3905.8956916099778 90.235000000000014 0.43577619992331668 0.96153846153846179 49.72500000000003 57.465000000000011 140.00000000000014 25.284999999999972 203.50500000000002 38.429999999999843
decision_type=2 1 2 2 2 2 2 2 2 2 2 2 1 2 2 2 2 2 2 2 2 2 2 2 2 2 2 2 2 2
left_child=1 2 4 5 8 7 -6 25 -1 11 20 16 18 15 -15 -5 17 -4 -9 -20 23 -14 -2 -11 -24 27 -21 -3 29 -7
right_child=22 3 9 13 6 28 -8 12 -10 10 -12 -13 21 14 -16 -17 -18 -19 19 26 -22 -23 24 -25 -26 -27 -28 -29 -30 -31
leaf_value=-1.0498462028121762 -6.3274749343604277 -0.47053326983222449 -0.26839367656738916 1.1626690409127893 0.42461007456334277 0.26564319890367188 -0.7890222566471522 -0.35463274498596037 1.0688087366673167 -1.1077192123357791 -0.11280794842496533 2.5249230250571664 0.23423046499010028 0.39605108802184508 -0.20548170254364637 -5.4821710368719225 -0.15906471604747952 1.083553372548449 1.6927910527658068 0.70347522959309294 2.47904786674723 -2.4229362431964194 -3.1866688369398775 1.7574694984323245 3.088981544186753 -1.2303307958338536 -0.12201569429767929 0.11045601968994703 -0.71006961186314543 -2.5904646460545742
leaf_weight=152 3027 131 135 92 105 55 525 289 824 43 416 3852 157 67 164 2398 105 408 676 71 1858 181 271 41 41 198 195 82 974 40
leaf_count=152 3027 131 135 92 105 55 525 289 824 43 416 3852 157 67 164 2398 105 408 676 71 1858 181 271 41 41 198 195 82 974 40
internal_value=-0.0011751 0.009393 0.0322634 -0.0241696 -0.0013076 -0.0097901 -0.0342857 0.0029798 0.0199795 0.0401721 0.0298134 0.0456 0.0107393 -0.0403712 -0.00541126 -0.0436145 0.0219136 0.0302947 0.0185737 0.0261146 0.0456231 -0.0178161 -0.0462264 0.00119048 -0.025 -0.0266423 0.0018797 -0.00962441 -0.0334425 -0.00263158
internal_weight=17573 14234 8464 5770 1606 3049 630 1980 976 6858 2358 4500 1569 2721 231 2490 648 543 1231 942 1942 338 3339 84 312 411 266 213 1069 95
internal_count=17573 14234 8464 5770 1606 3049 630 1980 976 6858 2358 4500 1569 2721 231 2490 648 543 1231 942 1942 338 3339 84 312 411 266 213 1069 95
cat_boundaries=0 1 2
cat_threshold=24 6
is_linear=0
shrinkage=0.05


Tree=7
num_leaves=31
num_cat=3
split_feature=9 2 9 7 14 11 7 7 7 9 11 12 11 54 61 7 13 18 2 13 9 13 14 15 13 13 13 9 13 22
split_gain=3292.66 3998.03 711.757 1886.8 524.051 354.509 274.474 260.739 147.275 136.491 133.132 126.365 144.478 124.627 122.776 122.359 103.49 102.176 100.901 101.565 98.3123 77.1774 111.925 68.0923 66.8762 63.6311 61.2981 72.9618 58.1041 42.8341
threshold=331.68000000000006 0 236.79500000000004 5655.7369614512481 111.395 175.61500000000004 4720.2947845805002 4661.7460317460327 1670.0000000000002 215.91500000000002 184.54500000000004 39.525000000000013 146.26500000000001 1 868.65500000000009 5655.7369614512481 53.349999999999987 130.00000000000014 2 33.500000000000007 259.20500000000004 102.37 126.45500000000001 0.43106202438181346 42.00500000000001 39.175000000000018 71.805000000000021 264.25500000000005 151.54500000000004 335.00000000000006
decision_type=2 1 2 2 2 2 2 2 2 2 2 2 2 1 2 2 2 2 1 2 2 2 2 2 2 2 2 2 2 2
left_child=1 2 7 6 5 8 14 9 -3 13 -8 16 29 -1 -4 18 -10 -14 19 -6 -17 22 -12 -2 -7 -19 27 -5 -25 -13
right_child=23 4 3 26 15 24 10 -9 11 -11 21 12 17 -15 -16 20 -18 25 -20 -21 -22 -23 -24 28 -26 -27 -28 -29 -30 -31
leaf_value=-0.44797402325659808 -6.0015951070836255 -0.64652337120390913 1.3871726121643861 0.15864558517837113 -2.9214687446196339 -0.81409988454329607 2.3927534247648494 2.4708765140783555 1.364186062519873 -0.044084771253352528 1.3637419108669135 -0.19591227944417255 0.56954881121493917 1.2150783871314006 -1.1029990892144774 0.37442744992387489 -2.2251458045189447 -0.34405547351437565 -5.6268971869604236 4.2698742106560221 -0.1935691772843221 0.77802378540438188 -0.20721126575070842 -0.26448086357014022 -0.048568707022544545 0.032925158674808233 -0.47432109040903259 -1.5125603445022031 -4.9049395640696751 1.5469331995840656
leaf_weight=113 3051 508 79 72 93 774 2023 3837 280 183 257 69 139 331 146 59 378 196 2097 81 171 264 173 190 134 134 950 59 127 601
leaf_count=113 3051 508 79 72 93 774 2023 3837 280 183 257 69 139 331 146 59 378 196 2097 81 171 264 173 190 134 134 950 59 127 601
internal_value=-0.00142581 0.00911556 0.0308638 0.0156475 -0.0232006 -0.00988173 0.0364038 0.0446461 0.000542299 0.0147528 0.0407987 0.0072621 0.0173398 0.0297297 -0.0166667 -0.0404038 -0.0101824 -0.00394456 -0.0439234 -0.00543478 -0.00565217 0.021902 0.00883721 -0.0458729 -0.0363436 -0.0190909 -0.0408418 -0.00877863 -0.023817 0.0322388
internal_weight=17569 14201 8487 4023 5714 3213 2942 4464 2305 627 2717 1797 1139 444 225 2501 658 469 2271 174 230 694 430 3368 908 330 1081 131 317 670
internal_count=17569 14201 8487 4023 5714 3213 2942 4464 2305 627 2717 1797 1139 444 225 2501 658 469 2271 174 230 694 430 3368 908 330 1081 131 317 670
cat_boundaries=0 1 2 3
cat_threshold=24 4 4
is_linear=0
shrinkage=0.05


Tree=8
num_leaves=31
num_cat=2
split_feature=9 2 28 14 7 11 9 7 9 7 7 9 4 7 7 12 11 15 11 57 13 9 50 7 13 28 56 21 13 13
split_gain=3182.72 3730.18 886.297 528.682 360.358 336 262.89 243.735 226.821 1120.53 156.204 141.764 137.336 135.879 131.037 136.94 138.004 127.384 116.536 115.053 110.981 90.2622 89.3298 101.659 84.7953 91.2768 78.4116 75.0565 81.0596 66.0507
threshold=323.22000000000008 0 -144.0799999999999 111.99000000000002 5655.7369614512481 175.61500000000004 261.68000000000006 4661.7460317460327 234.27500000000003 5655.7369614512481 5468.2539682539691 207.49500000000003 0.21111111111111114 4760.5668934240375 1482.5056689342407 34.915000000000006 146.26500000000001 0.43106202438181346 7.0300000000000002 139.32000000000002 48.760000000000012 260.02500000000003 1 5655.7369614512481 139.495 -177.10999999999993 62.675000000000004 155.00000000000003 39.175000000000018 42.00500000000001
decision_type=2 1 2 2 2 2 2 2 2 2 2 2 2 2 2 2 2 2 2 2 2 2 1 2 2 2 2 2 2 2
left_child=1 2 4 5 13 14 -6 11 -9 -10 18 12 -4 -1 26 20 22 -2 -5 -13 -16 -12 -17 -24 25 -19 -3 -18 -29 -7
right_child=17 3 7 10 6 29 -8 8 9 -11 21 19 -14 -15 15 16 27 24 -20 -21 -22 -23 23 -25 -26 -27 -28 28 -30 -31
leaf_value=-0.93452328659379347 -5.6580465406256284 -0.075259355023143126 -0.24057547468165907 1.3820566611784515 0.37996326014308512 -0.77272801215359843 -0.72585508929434261 2.3716330728959223 2.2372491954516547 -0.062849644543109665 0.35752716112455901 1.191810533057108 1.3303881293501476 0.92509748016736637 1.0036956400039228 1.7101709252794288 0.48234297519215663 -0.56461838389945107 -5.237602307775977 -0.15962548236980645 -2.3960489587435192 -0.1428783263760387 -1.222145832751635 1.2453560031930977 -4.6506926182911181 2.6922285679878963 -1.345368951045834 -0.34993731888007035 0.073570890517944326 -0.030719035063567903
leaf_weight=136 3118 277 125 93 118 754 495 3531 2056 548 65 120 292 751 268 448 149 182 2157 198 347 157 212 126 155 80 187 200 148 133
leaf_count=136 3118 277 125 93 118 754 495 3531 2056 548 65 120 292 751 268 448 149 182 2157 198 347 157 212 126 155 80 187 200 148 133
internal_value=-0.00163962 0.0090022 0.0302506 -0.0220991 -0.00453333 -0.00887966 -0.0340131 0.0378894 0.0411491 0.0299539 -0.0395631 0.0106803 0.0298561 0.0158399 0.000973751 0.00679663 0.0160951 -0.0440594 -0.0435111 -0.0144654 -0.0126016 0.00045045 0.0291349 0.00862069 -0.0181055 -0.000763359 -0.0228448 -0.00452716 -0.0172414 -0.0351184
internal_weight=17626 14091 8370 5721 1500 3249 613 6870 6135 2604 2472 735 417 887 2362 1898 1283 3535 2250 318 615 222 786 338 417 262 464 497 348 887
internal_count=17626 14091 8370 5721 1500 3249 613 6870 6135 2604 2472 735 417 887 2362 1898 1283 3535 2250 318 615 222 786 338 417 262 464 497 348 887
cat_boundaries=0 1 2
cat_threshold=24 1
is_linear=0
shrinkage=0.05


Tree=9
num_leaves=31
num_cat=5
split_feature=11 2 28 14 7 11 7 7 13 11 50 1 2 13 13 7 21 11 54 7 28 13 14 11 11 56 24 4 11 22
split_gain=2738.93 3695.13 751.438 627.716 408.938 257.02 208.968 327.959 610.308 734.126 196.767 183.566 156.611 155.054 148.833 132.136 126.604 116.411 105.238 94.6324 85.2182 73.0518 120.85 68.6333 65.3816 65.3018 64.9379 62.5676 53.764 50.1916
threshold=239.41000000000003 0 -144.0799999999999 91.485000000000014 5655.7369614512481 172.88500000000002 4661.7460317460327 5655.7369614512481 92.900000000000034 130.57500000000002 1 2 3 81.740000000000009 42.00500000000001 4735.7709750566901 360.00000000000017 157.35000000000005 4 5468.2539682539691 -61.945000000000014 105.33500000000001 124.05000000000003 184.54500000000004 159.54500000000004 62.675000000000004 120.00000000000024 0.21111111111111114 137.12500000000003 355.00000000000006
decision_type=2 1 2 2 2 2 2 2 2 2 1 1 1 2 2 2 2 2 1 2 2 2 2 2 2 2 2 2 2 2
left_child=1 2 4 5 15 11 17 -8 24 -10 18 12 29 23 16 -1 -7 27 -5 -12 -21 22 -17 -6 -9 -13 -2 -4 -29 -3
right_child=26 3 6 10 13 14 7 8 9 -11 19 25 -14 -15 -16 21 -18 -19 -20 20 -22 -23 -24 -25 -26 -27 -28 28 -30 -31
leaf_value=-0.87731371026330152 -1.8772883131118108 0.36182709395511026 -0.1503635421484063 1.34138301563303 0.43451958913269595 0.046641768148084142 2.9115531289591021 0.89220163821474907 0.98471409320132186 -0.096286425597506317 -5.0541412278581959 -0.10351764862861686 -0.93974341154825469 -0.69756251793509427 0.23155095559094008 2.4323786073490883 -0.54217450450154991 -0.054497370931269988 -1.322378111907649 -0.87273430324571355 0.28032964307750774 1.2272930761297005 -0.096761911876055262 -0.20615050945406851 -0.042298483855563521 -1.0630574707116105 -5.5016190709246686 1.5454327964452617 0.029722277131449461 1.3619417870276551
leaf_weight=140 307 169 129 153 77 181 3801 1321 433 644 2584 291 303 481 149 307 637 192 230 259 69 255 270 71 41 156 2666 232 162 778
leaf_count=140 307 169 129 153 77 181 3801 1321 433 644 2584 291 303 481 149 307 637 192 230 259 69 255 270 71 41 156 2666 232 162 778
internal_value=-0.00166972 0.00728557 0.0283213 -0.0229268 -0.00252967 -0.00491742 0.0354637 0.0383974 0.0240877 -0.004039 -0.0375569 0.00680613 0.01664 -0.0339428 -0.0254912 0.0177984 -0.0338631 0.00986014 -0.00318066 -0.0419233 -0.0167683 0.0253606 0.0155113 0.0108108 0.0463289 -0.0206935 -0.0453919 0.0220841 0.0319797 0.026489
internal_weight=17488 14515 8556 5959 1601 2664 6955 6240 2439 1077 3295 1697 1250 629 967 972 818 715 383 2912 328 832 577 148 1362 447 2973 523 394 947
internal_count=17488 14515 8556 5959 1601 2664 6955 6240 2439 1077 3295 1697 1250 629 967 972 818 715 383 2912 328 832 577 148 1362 447 2973 523 394 947
cat_boundaries=0 1 2 3 4 5
cat_threshold=24 1 2 6 35
is_linear=0
shrinkage=0.05


Tree=10
num_leaves=31
num_cat=3
split_feature=9 2 28 14 7 11 9 7 9 7 7 7 9 1 4 11 50 28 7 9 13 61 15 56 21 9 13 13 14 9
split_gain=3074.44 3351.65 820.073 454.102 352.998 303.512 267.349 239.061 309.452 1258.86 183.303 134.602 129.933 129.702 127.129 121.166 116.507 180.66 114.776 98.8444 97.5394 96.4802 82.1748 73.063 69.6855 89.6648 67.5349 65.1304 108.203 63.462
threshold=328.46500000000009 0 -144.0799999999999 116.55999999999999 5655.7369614512481 175.61500000000004 261.68000000000006 4661.7460317460327 231.79500000000004 5655.7369614512481 5468.2539682539691 4735.7709750566901 205.92500000000004 1 0.21111111111111114 7.0300000000000002 2 -114.52499999999996 5468.2539682539691 267.95500000000004 52.415000000000006 906.3900000000001 0.43407764816159827 62.675000000000004 390.00000000000028 214.21500000000003 151.54500000000004 105.33500000000001 122.90499999999999 233.99500000000003
decision_type=2 1 2 2 2 2 2 2 2 2 2 2 2 1 2 2 1 2 2 2 2 2 2 2 2 2 2 2 2 2
left_child=1 2 4 5 11 13 -6 12 -9 -10 15 -1 14 16 -4 -5 17 24 20 -12 -18 -14 -2 -15 -3 -26 -24 28 -13 -20
right_child=22 3 7 10 6 -7 -8 8 9 -11 19 27 21 23 -16 -17 18 -19 29 -21 -22 -23 26 -25 25 -27 -28 -29 -30 -31
leaf_value=-0.88597297287025334 -5.1492263291927776 0.38283738705741083 -0.21702843228742097 1.3790727337149116 0.34473952966660093 -0.69898289395023605 -0.6546842089328706 2.1694236834574681 2.0381255121839987 -0.062790973837134348 0.22281340506425737 2.2740216034544978 1.4038557058674404 -0.097567997330880021 1.3542671072169477 -4.8256401195501768 0.66743678638001147 1.4967683552402733 1.9603464927866725 -0.24779556373161749 -2.2382310969930996 -0.048163449151880401 -0.12916148554106996 -1.2604672449192513 -0.34804669865290877 0.060753214741176009 -4.1327395119018471 0.88872848641012903 -0.080271241370539315 -0.30548738340776116
leaf_weight=145 3108 142 128 99 121 904 509 3320 2174 656 103 308 92 324 258 2080 288 509 123 114 506 244 216 198 174 67 128 208 282 40
leaf_count=145 3108 142 128 99 121 904 509 3320 2174 656 103 308 92 324 258 2080 288 509 123 114 506 244 216 198 174 67 128 208 282 40
internal_value=-0.00211179 0.00823179 0.0281786 -0.0214839 -0.00435474 -0.00941985 -0.0333333 0.0356665 0.0388618 0.0267138 -0.0380634 0.0150053 0.00844875 -2.10881e-05 0.0282383 -0.0424277 0.00619254 0.0190687 -0.00594623 0.00576037 -0.0138539 -0.0142857 -0.044409 -0.0220307 -0.00665796 -0.023029 -0.0212209 0.0230576 0.0145763 0.0322086
internal_weight=17568 14116 8445 5671 1573 3275 630 6872 6150 2830 2396 943 722 2371 386 2179 1849 892 957 217 794 336 3452 522 383 241 344 798 590 163
internal_count=17568 14116 8445 5671 1573 3275 630 6872 6150 2830 2396 943 722 2371 386 2179 1849 892 957 217 794 336 3452 522 383 241 344 798 590 163
cat_boundaries=0 1 2 3
cat_threshold=24 2 1
is_linear=0
shrinkage=0.05


Tree=11
num_leaves=31
num_cat=3
split_feature=9 2 28 14 7 11 7 9 7 9 7 12 7 9 2 15 13 24 7 4 13 29 57 9 9 57 50 7 56 11
split_gain=2955.16 3084.33 702.828 452.141 357.023 296.574 267.702 355.337 1298.25 238.223 165.374 132.549 153.33 132.431 128.974 124.906 122.834 118.298 118.055 110.497 95.877 120.898 95.307 92.51 92.1506 78.9303 70.3002 81.553 69.3028 63.6084
threshold=323.22000000000008 0 -144.0799999999999 104.15500000000003 5655.7369614512481 146.03500000000003 4661.7460317460327 228.78500000000003 5655.7369614512481 249.02500000000003 5468.2539682539691 34.915000000000006 1670.0000000000002 205.18000000000004 1 0.42949159762966732 40.094999999999999 285.00000000000006 3905.8956916099778 0.21111111111111114 149.49500000000003 24.129999999999942 135.54500000000004 58.475000000000009 277.84500000000008 86.530000000000015 2 5655.7369614512481 54.285000000000004 336.74000000000007
decision_type=2 1 2 2 2 2 2 2 2 2 2 2 2 2 1 2 2 2 2 2 2 2 2 2 2 2 1 2 2 2
left_child=1 2 4 5 18 11 13 -8 -9 -6 14 23 28 19 25 29 17 -7 -1 -4 21 -17 -15 -3 -12 -5 -14 -28 -13 -2
right_child=15 3 6 10 9 16 7 8 -10 -11 24 12 26 22 -16 20 -18 -19 -20 -21 -22 -23 -24 -25 -26 -27 27 -29 -30 -31
leaf_value=-0.81571502704525478 -4.9483207012865282 2.4463344063764159 -0.18067690386152649 1.5467790611445169 0.54494523933562322 0.022572325828475216 2.247742629631817 1.9441047737223203 -0.048993009254664349 -0.60894989167470337 0.13117270429346634 0.081557925543567222 1.6253068972835303 1.1651166699163422 -4.3836331303573361 -0.77045117288301701 0.027524368101450137 -0.57205059537180036 0.77264174775856853 1.3801088558733583 -3.8413139313150739 2.4424222676946883 -0.045755276694286806 -1.7425151165986457 -0.87920780989684744 -1.8520676029461158 -0.90024150311689299 1.096723850077882 -0.49242429822957734 -0.59337550601980882
leaf_weight=126 2953 176 117 83 87 224 3100 2298 769 517 163 165 389 114 2198 169 299 889 770 236 153 107 261 400 55 131 171 130 141 183
leaf_count=126 2953 176 117 83 87 224 3100 2298 769 517 163 165 389 114 2198 169 299 889 770 236 153 107 261 400 55 131 171 130 141 183
internal_value=-0.00225902 0.00808409 0.0272516 -0.0205903 -0.00373333 -0.00730563 0.0340319 0.0374169 0.0253505 -0.0334437 -0.0357414 0.00763359 0.0186747 0.00535714 -0.0395108 -0.0429032 -0.0239377 -0.0315813 0.0162946 0.0273371 -0.0175991 0 -0.0153333 -0.0114583 0.0059633 -0.00133929 0.0317391 0.0120579 -0.0107843 -0.0463648
internal_weight=17574 14009 8395 5614 1500 2984 6895 6167 3067 604 2630 1572 996 728 2412 3565 1412 1113 896 353 429 276 375 576 218 214 690 301 306 3136
internal_count=17574 14009 8395 5614 1500 2984 6895 6167 3067 604 2630 1572 996 728 2412 3565 1412 1113 896 353 429 276 375 576 218 214 690 301 306 3136
cat_boundaries=0 1 2 3
cat_threshold=24 4 1
is_linear=0
shrinkage=0.05


Tree=12
num_leaves=31
num_cat=3
split_feature=9 2 7 9 7 14 11 11 9 7 11 17 2 61 28 50 5 13 29 21 13 14 9 9 28 12 59 14 13 12
split_gain=2627.01 2653.62 777.925 2131.74 537.685 445.6 288.529 202.298 175.752 123.512 114.73 107.924 112.457 104.754 104.708 88.075 88.4987 79.6113 97.4059 76.5689 97.4961 71.9403 70.9565 69.8346 119.573 68.9521 68.3526 67.7334 67.2319 64.4369
threshold=331.68000000000006 0 5655.7369614512481 226.78500000000003 4661.7460317460327 118.88500000000003 175.61500000000004 181.87000000000003 203.50500000000002 5655.7369614512481 7.0300000000000002 875.00000000000011 1 906.3900000000001 -108.20999999999999 2 1.0000000180025095e-35 107.41000000000001 39.680000000000042 245.00000000000003 40.094999999999999 56.910000000000004 277.18500000000006 247.48500000000004 -141.91999999999996 102.74500000000002 600.65500000000009 120.795 40.094999999999999 60.610000000000007
decision_type=2 1 2 2 2 2 2 2 2 2 2 2 1 2 2 1 2 2 2 2 2 2 2 2 2 2 2 2 2 2
left_child=1 2 4 -4 8 6 11 -6 26 10 -7 -3 14 -10 19 -16 -17 18 27 -13 -21 -14 -11 24 -5 -2 -1 -9 -8 -26
right_child=25 5 3 23 7 9 28 17 13 22 -12 12 21 -15 15 16 -18 -19 -20 20 -22 -23 -24 -25 29 -27 -28 -29 -30 -31
leaf_value=0.080352231382546796 -4.6088478301867468 -0.66406852735174238 1.1422331185792345 0.36779900739194393 2.6016755486489509 2.1345175017561266 -0.74613919636310522 1.013663338878122 0.99782140209182413 0.082114145372738534 -4.2868514715506505 0.46219793807422538 -0.07995766560214293 -0.19431178564419582 1.2799643667840046 -8.1904926054815714 0.81339900902150264 0.90710994113235877 1.8752993320701337 -0.25355290477571091 0.093353922489878019 -3.0667686803753575 -0.74849738888442663 -0.5505025191612809 -0.045254731609973932 -0.52008643458606019 1.32644243476243 -0.18916190051714921 -0.077682327951736241 -0.029869221523657077
leaf_weight=156 3122 748 1370 58 3788 88 734 150 122 153 2081 172 237 387 499 63 242 179 192 243 130 125 54 782 417 243 185 256 166 364
leaf_count=156 3122 748 1370 58 3788 88 734 150 122 153 2081 172 237 387 499 63 242 179 192 243 130 125 54 782 417 243 185 256 166 364
internal_value=-0.0042614 0.00518704 0.0230632 0.00262454 0.0343952 -0.0210183 -0.00933313 0.0411939 -0.00211765 -0.0376263 -0.041148 -0.00046767 0.00645821 -0.0207269 0.0130611 0.0246269 0.00269841 0.0179537 0.00919732 -0.00376147 -0.0164879 -0.0180108 -0.000724638 -0.0361814 -0.0261621 -0.0439673 0.0256598 -0.0046798 -0.0335556 -0.031306
internal_weight=17506 14141 8406 2991 5415 5735 3359 4565 850 2376 2169 2459 1711 509 1349 804 305 777 598 545 373 362 207 1621 839 3365 341 406 900 781
internal_count=17506 14141 8406 2991 5415 5735 3359 4565 850 2376 2169 2459 1711 509 1349 804 305 777 598 545 373 362 207 1621 839 3365 341 406 900 781
cat_boundaries=0 1 2 3
cat_threshold=24 6 1
is_linear=0
shrinkage=0.05


Tree=13
num_leaves=31
num_cat=3
split_feature=9 2 7 9 7 14 11 11 9 4 1 29 7 9 61 7 9 46 53 12 56 9 11 15 9 28 29 28 29 14
split_gain=2494.94 2428.14 921.575 2032.87 523.695 451.705 262.002 189.753 177.285 121.263 117.199 133.691 113.623 119.236 101.136 78.2404 119.395 92.9283 75.772 119.214 71.4199 69.3635 67.6753 68.7483 66.4821 147.378 59.5503 57.2176 55.6281 51.4266
threshold=331.68000000000006 0 5655.7369614512481 225.46500000000003 4661.7460317460327 138.09500000000003 176.63000000000002 179.43000000000004 201.97500000000002 0.21111111111111114 1 60.950000000000166 5655.7369614512481 148.75500000000002 868.65500000000009 5655.7369614512481 238.82500000000002 2 1.0000000180025095e-35 76.575000000000003 62.675000000000004 279.90000000000003 336.74000000000007 0.43577619992331668 266.18000000000006 -144.0799999999999 29.845000000000031 -6.1900000000000537 49.72500000000003 16.850000000000016
decision_type=2 1 2 2 2 2 2 2 2 2 1 2 2 2 2 2 2 1 2 2 2 2 2 2 2 2 2 2 2 2
left_child=1 2 4 -4 8 6 10 18 9 -1 11 15 13 -7 -10 17 -17 -3 -6 -20 -12 -14 23 -2 25 -5 -9 -13 -25 -19
right_child=22 5 3 24 7 12 -8 26 14 -11 20 27 21 -15 -16 16 -18 29 19 -21 -22 -23 -24 28 -26 -27 -28 -29 -30 -31
leaf_value=-0.2439109448957808 -4.5524349313092616 0.026636429851873089 1.1621340397071578 0.1322248736756258 2.769331504921337 1.0147605888907278 -0.92012419100142828 0.042370369115506894 1.0210964670663465 1.2799336379788011 -0.069842172906934508 1.2959073717342635 0.070115287729095144 -4.2998087789545636 -0.18268063097642229 1.6703973361407201 -0.39646025106664812 -0.18029663409177915 1.7655058703181803 -0.25951956286896094 -1.0926199613250631 -0.81466993165651902 -0.5026314623148469 -2.1190197998100517 -0.57547754579110733 -0.038685873250379643 0.96282945938001774 -0.51176532014981757 2.8212820037729509 -1.9730533455056294
leaf_weight=114 2883 1033 1250 111 2869 103 828 319 126 228 339 285 145 1881 397 148 56 200 698 141 222 56 178 259 538 1135 490 98 42 344
leaf_count=114 2883 1033 1250 111 2869 103 828 319 126 228 339 285 145 1881 397 148 56 200 698 141 222 56 178 259 538 1135 490 98 42 344
internal_value=-0.00476707 0.00442984 0.0215167 -0.000494397 0.0339651 -0.0206333 -0.00966789 0.0407903 -0.0016763 0.0263158 -0.00218349 0.00309612 -0.0385584 -0.0421875 -0.0199809 -0.00266704 0.0264706 -0.00643627 0.0455771 0.03236 -0.022549 -0.00273632 -0.043486 -0.0451633 -0.0347534 -0.0284109 0.0188504 0.0298956 -0.0224252 -0.0231618
internal_weight=17516 14154 8416 3034 5382 5738 3553 4517 865 342 2725 2164 2185 1984 523 1781 204 1577 3708 839 561 201 3362 3184 1784 1246 809 383 301 544
internal_count=17516 14154 8416 3034 5382 5738 3553 4517 865 342 2725 2164 2185 1984 523 1781 204 1577 3708 839 561 201 3362 3184 1784 1246 809 383 301 544
cat_boundaries=0 1 2 3
cat_threshold=24 2 1
is_linear=0
shrinkage=0.05


Tree=14
num_leaves=31
num_cat=4
split_feature=14 15 2 7 11 11 7 13 11 11 11 37 11 50 13 11 13 13 21 13 7 4 14 45 12 2 30 12 13 28
split_gain=2114.89 1469.78 913.372 781.153 846.063 583.167 475.142 463.131 343.353 330.67 227.113 168.031 142.483 199.726 216.503 141.058 119.155 118.136 159.52 96.4953 93.2528 87.8625 79.865 74.9233 118.204 71.8304 70.1731 58.7729 54.9324 56.4786
threshold=166.22500000000002 0.35149427885587492 0 5655.7369614512481 123.77500000000002 15.475000000000003 4661.7460317460327 98.650000000000006 15.475000000000003 154.11500000000004 181.87000000000003 283.16058956916112 146.03500000000003 1 17.549999999999994 138.34000000000003 60.050000000000004 38.435000000000024 205.00000000000003 108.57000000000001 5468.2539682539691 0.24038461538461539 121.95000000000003 2 76.575000000000003 3 82.185000000000073 98.395000000000024 100.18000000000001 -163.96999999999997
decision_type=2 2 1 2 2 2 2 2 2 2 2 2 2 1 2 2 2 2 2 2 2 2 2 1 2 1 2 2 2 2
left_child=1 5 3 6 -5 -1 15 9 -2 -6 23 12 13 14 -4 21 -11 18 27 22 -15 -3 -12 24 -8 -19 -10 -14 -24 -30
right_child=8 2 11 4 7 -7 10 -9 26 16 19 -13 17 20 -16 -17 -18 25 -20 -21 -22 -23 28 -25 -26 -27 -28 -29 29 -31
leaf_value=3.4725270935811752 3.1147150273315205 -0.30871525269249533 -0.09531466344216924 1.6015271851339095 0.51148970573327401 -3.2246826871295058 1.7108620416138309 -0.16920351591366156 -4.6990967727381658 0.70582827422178696 1.1790308755261716 -3.2914497078048672 0.35376930057442951 -1.5021216922296401 1.2821108094494336 -0.12901195933184867 -0.054839614963313466 0.10125705260593953 -0.44680684299240953 1.0380628917610382 0.43155274959688228 1.0654959417637955 -0.33469411246789066 2.4661143835730908 -0.26479385938371536 -1.5780889618222227 -2.319177992214875 -2.1784081938546862 -0.10252995776426417 0.25202345377821017
leaf_weight=266 177 116 239 723 462 2327 664 1047 2426 64 330 330 195 821 530 468 447 326 717 194 156 225 196 2754 141 107 901 43 93 81
leaf_count=266 177 116 239 723 462 2327 664 1047 2426 64 330 330 195 821 530 468 447 326 717 194 156 225 196 2754 141 107 901 43 93 81
internal_value=-0.00457133 0.00408903 0.0117752 0.0210418 -0.000565075 -0.0299074 0.0323451 -0.0171782 -0.0393265 0.00765673 0.0387492 -0.00967185 -0.00612636 0.00337915 0.0222721 -0.00290482 -0.0200587 -0.0180836 -0.0279058 0.0162192 -0.0116008 0.0215543 0.00757143 0.0444085 0.0295092 0.00357968 -0.0429366 0.00756303 -0.00837838 0.012069
internal_weight=17566 14062 11469 8005 2743 2593 5262 2020 3504 973 4453 3464 3134 1746 769 809 511 1388 955 894 977 341 700 3559 805 433 3327 238 370 174
internal_count=17566 14062 11469 8005 2743 2593 5262 2020 3504 973 4453 3464 3134 1746 769 809 511 1388 955 894 977 341 700 3559 805 433 3327 238 370 174
cat_boundaries=0 1 2 3 4
cat_threshold=24 1 8 4
is_linear=0
shrinkage=0.05


Tree=15
num_leaves=31
num_cat=2
split_feature=9 2 9 7 15 7 30 7 50 11 13 9 11 61 7 9 13 9 11 28 53 13 12 12 7 13 21 14 12 9
split_gain=2598.27 2540.53 708.054 1275.71 562.033 483.931 384.82 230.611 244.572 311.058 302.245 195.877 140.549 140.302 132.902 119.109 115.809 108.071 91.8846 90.8371 87.9874 127.323 111.924 85.2658 74.3752 74.2811 72.9829 68.5656 68.2685 66.3822
threshold=331.68000000000006 0 222.01500000000001 5655.7369614512481 0.35149427885587492 4661.7460317460327 -261.62000000000029 5468.2539682539691 1 134.91000000000003 40.094999999999999 279.90000000000003 183.28500000000003 868.65500000000009 4800.3401360544231 248.50500000000002 17.549999999999994 121.52500000000002 336.74000000000007 -142.79000000000005 1.0000000180025095e-35 103.90000000000003 69.985000000000014 35.515000000000008 3469.1609977324265 109.45500000000003 245.00000000000003 124.05000000000003 102.74500000000002 215.91500000000002
decision_type=2 1 2 2 2 2 2 2 1 2 2 2 2 2 2 2 2 2 2 2 2 2 2 2 2 2 2 2 2 2
left_child=1 2 14 5 -5 13 -3 8 9 16 26 -9 20 -4 -1 19 -8 24 28 -6 -7 22 -22 -18 -10 27 29 -14 -2 -11
right_child=18 6 3 4 15 12 7 11 17 10 -12 -13 25 -15 -16 -17 23 -19 -20 -21 21 -23 -24 -25 -26 -27 -28 -29 -30 -31
leaf_value=0.46134394247359867 -4.0892730634593191 -4.7787054290048081 1.0570959458143812 0.13273967923967192 0.28099595584096521 1.881619743065992 -0.049260255702621693 0.45177511547824523 -2.5784468865196031 0.18921766008296359 0.36000179400746934 -1.2541082287868826 1.2694333973357204 -0.67355522385482802 2.3234497267963796 -0.49374352322344706 -0.71698154123052482 -2.6147930503396268 -0.3104949256606368 -0.028194244345458943 1.1326133290512985 1.7468866509094383 -0.33445440445163971 1.3020945165679962 0.74480693349256699 0.88832123358487258 -0.39891082522611687 -0.080703478186597982 -0.48733052958096262 -2.8648428477645638
leaf_weight=476 2976 1133 98 258 60 1954 209 388 78 175 259 87 273 277 2344 719 93 1765 183 794 147 384 201 396 247 142 864 331 228 61
leaf_count=476 2976 1133 98 258 60 1954 209 388 78 175 259 87 273 277 2344 719 93 1765 183 794 147 384 201 396 247 142 864 331 228 61
internal_value=-0.00302841 0.00634982 0.0237718 0.0135686 -0.0207264 0.030063 -0.0192628 -0.0128949 -0.0166747 -0.00432995 -0.0182855 0.0201053 0.0359557 -0.0238667 0.0442553 -0.0319453 0.0227794 -0.0286667 -0.0423826 -0.0193208 0.0412882 0.0265027 0.0045977 0.0360941 -0.00230769 0.016756 -0.0297273 0.00910596 -0.0443508 -0.00508475
internal_weight=17600 14213 8458 5638 1831 3807 5755 4622 4147 2057 1359 475 3432 375 2820 1573 698 2090 3387 854 2686 732 348 489 325 746 1100 604 3204 236
internal_count=17600 14213 8458 5638 1831 3807 5755 4622 4147 2057 1359 475 3432 375 2820 1573 698 2090 3387 854 2686 732 348 489 325 746 1100 604 3204 236
cat_boundaries=0 1 2
cat_threshold=24 1
is_linear=0
shrinkage=0.05


Tree=16
num_leaves=31
num_cat=2
split_feature=9 2 9 7 14 7 11 7 7 15 1 29 12 4 14 7 15 9 28 7 3 9 28 4 56 31 7 9 12 11
split_gain=2447.63 2456.15 671.164 1391.26 378.645 291.326 233.927 232.215 210.097 204.736 126.384 125.852 121.542 116.534 112.046 111.033 108.664 100.369 98.5298 95.8758 133.655 84.4548 84.3222 79.567 72.8806 60.6483 66.1643 93.361 59.3874 55.8471
threshold=331.68000000000006 0 227.17500000000004 5655.7369614512481 138.09500000000003 4720.2947845805002 176.63000000000002 5843.2199546485272 4735.7709750566901 0.36847232600217994 1 49.205000000000389 70.205000000000013 0.96153846153846179 129.56500000000003 5218.276643990931 0.18787451008187017 266.18000000000006 -144.0799999999999 5655.7369614512481 6.5000000000000009 272.76500000000004 -79.890000000000029 0.27922077922077926 68.415000000000006 0.56261413694750173 5921.3378684807258 236.79500000000004 108.87500000000001 105.38000000000001
decision_type=2 1 2 2 2 2 2 2 2 2 1 2 2 2 2 2 2 2 2 2 2 2 2 2 2 2 2 2 2 2
left_child=1 2 8 5 6 13 10 16 22 -5 11 25 -7 -4 28 -2 -6 18 -11 20 -17 -9 -1 -24 -12 -3 -27 -28 -14 -13
right_child=15 4 3 9 7 12 -8 21 -10 17 24 29 14 -15 -16 19 -18 -19 -20 -21 -22 -23 23 -25 -26 26 27 -29 -30 -31
leaf_value=-0.017734430150473202 -4.2023989432470543 0.42068206798326957 -0.76936077293782434 0.11353944902753597 -0.0085420445346468202 1.6798001437210204 -0.79254917761897881 0.22902441806353979 2.0015864617056254 0.1099461885664951 -0.088778698992960162 -0.53799190998629631 1.6754604265796305 1.0461290692074805 0.24921745874482612 -0.0052603415225156887 -3.7890835910878411 -0.5135563165446968 -0.032476440535955935 -1.7323316897305219 -3.8389427436697177 -0.29315871191751341 -0.071346610887605522 1.119781636913497 -1.2268343921160705 -0.20571165431376778 1.6213869787546231 -0.26514353612541303 -0.067561756192426256 0.87982632493218993
leaf_weight=260 2250 419 183 113 165 1390 837 130 2853 105 379 143 854 92 813 434 1843 537 822 366 289 67 108 229 196 1050 98 43 88 404
leaf_count=260 2250 419 183 113 165 1390 837 130 2853 105 379 143 854 92 813 434 1843 537 822 366 289 67 108 229 196 1050 98 43 88 404
internal_value=-0.00291002 0.00613529 0.0233002 0.011617 -0.0189834 0.0295322 -0.00895209 -0.0353061 0.0402899 -0.0272353 -0.00186676 0.00368567 0.0338474 -0.0198182 0.0250997 -0.0414346 -0.0403884 -0.0322404 -0.0222762 -0.0283287 -0.0177732 0.0164975 0.0133166 0.029822 -0.0226957 -0.00335404 -0.00910999 0.0230496 0.0368365 0.0244059
internal_weight=17560 14221 8447 4997 5774 3420 3569 2205 3450 1577 2732 2157 3145 275 1755 3339 2008 1464 927 1089 723 197 597 337 575 1610 1191 141 942 547
internal_count=17560 14221 8447 4997 5774 3420 3569 2205 3450 1577 2732 2157 3145 275 1755 3339 2008 1464 927 1089 723 197 597 337 575 1610 1191 141 942 547
cat_boundaries=0 1 2
cat_threshold=24 2
is_linear=0
shrinkage=0.05


Tree=17
num_leaves=31
num_cat=4
split_feature=9 2 9 58 15 13 37 11 29 15 19 2 11 24 11 1 18 12 14 29 2 56 28 12 13 12 11 13 34 13
split_gain=2353.28 2210.7 707.101 578.317 453.456 584.857 412.831 198.545 192.171 199.717 174.595 161.081 149.39 137.9 93.4898 92.8407 85.8323 81.6451 78.4663 71.2973 70.8901 84.9357 68.0303 70.4737 66.3889 64.125 60.2173 54.1436 53.4821 53.0874
threshold=331.68000000000006 0 219.50000000000003 438.27000000000004 0.36847232600217994 109.45500000000003 305.32768707483007 176.63000000000002 26.315000000000058 0.4456189865605733 475.00000000000006 1 134.91000000000003 362.3250000000001 336.74000000000007 2 661.07500000000016 102.74500000000002 59.400000000000027 35.599999999999973 3 57.465000000000011 -41.894999999999975 60.610000000000007 150.61500000000004 102.74500000000002 185.60500000000005 18.440000000000015 0.084776673377954567 57.375000000000007
decision_type=2 1 2 2 2 2 2 2 2 2 2 1 2 2 2 1 2 2 2 2 1 2 2 2 2 2 2 2 2 2
left_child=1 2 28 26 29 8 7 10 13 19 20 12 15 25 17 24 -8 -2 -13 -10 21 -3 23 -11 -12 -6 -4 -23 -1 -5
right_child=14 6 3 4 5 -7 16 -9 9 22 11 18 -14 -15 -16 -17 -18 -19 -20 -21 -22 27 -24 -25 -26 -27 -28 -29 -30 -31
leaf_value=1.9836904681196637 -3.6520582002515343 0.55147606448817965 1.7710869774685307 0.066302782961140144 0.27440987027425406 1.7774681180319647 -3.9800914527913989 -0.76572330181666148 -0.01373545295954557 -0.070192164880268137 0.9289210625936839 -0.052455962206272133 -0.073603100947510575 -0.42187851597625114 -0.21081076614421904 -0.057075573880192111 -0.41601671517625932 -0.37000354372842142 -2.8277812523503658 0.71075097674488608 -2.0489230542236236 -0.66506014657733914 2.442388703132246 -0.024448577336858082 -0.99929862207656661 -0.67672375025097198 0.27178273626255706 0.46627628835940488 0.90466449949531269 0.13186302589256513
leaf_weight=2342 2959 122 1399 82 96 520 1346 865 165 263 763 232 815 816 179 157 180 215 262 353 795 100 58 1175 42 116 180 43 335 586
leaf_count=2342 2959 122 1399 82 96 520 1346 865 165 263 763 232 815 816 179 157 180 215 262 353 795 100 58 1175 42 116 180 43 335 586
internal_value=-0.00334548 0.00554617 0.0217279 0.0119556 0.00231678 -0.0047726 -0.0184578 -0.0103908 -0.0131492 -0.0041708 -0.00484839 0.00297226 0.00998881 -0.0307393 -0.041023 0.0233888 -0.0407602 -0.0430057 -0.0220238 0.0225869 -0.0216038 0.00127273 -0.0134358 -0.0155772 0.0302484 0.00518868 0.0377771 -0.0248252 0.0430146 0.0401198
internal_weight=17561 14208 8486 5809 4230 3562 5722 4196 3042 2014 3331 2271 1777 1028 3353 962 1526 3174 494 518 1060 265 1496 1438 805 212 1579 143 2677 668
internal_count=17561 14208 8486 5809 4230 3562 5722 4196 3042 2014 3331 2271 1777 1028 3353 962 1526 3174 494 518 1060 265 1496 1438 805 212 1579 143 2677 668
cat_boundaries=0 1 2 3 4
cat_threshold=24 6 2 4
is_linear=0
shrinkage=0.05


end of trees

feature_importances:
wav_duration_ms=81
base_cons=76
base_pre=62
base_cons_gap=60
alias_type=33
base_offset_to_expected_ms=29
base_cut_gap=25
base_ovl=21
base_pre_to_expected_ms=21
base_ovl_ratio=20
row_ratio_in_wav=13
curr_vowel_len_ms=13
prev_base_pre=11
base_cutoff_to_next_anchor_ms=9
vowel_class=8
prev_alias_type=7
next_base_cutoff_abs=7
format_type=5
valley_dist_from_cutoff_ms=5
syllable_len_ms=4
curr_vowel_start_ms=3
syllable_start_ms=3
next_base_pre=3
next_base_offset=3
curr_phone_len_ms=2
syllable_end_ms=2
voicing_class=2
is_nasal_or_sonorant=2
row_index_in_wav=1
is_head_row=1
curr_phone_end_ms=1
curr_vowel_end_ms=1
prev_phone_gap_ms=1
energy_mean=1
energy_slope_pre=1
onset_class=1
bridge_type=1
prev_base_offset=1

parameters:
[boosting: gbdt]
[objective: regression_l1]
[metric: l1]
[tree_learner: serial]
[device_type: cpu]
[data_sample_strategy: bagging]
[data: ]
[valid: ]
[num_iterations: 500]
[learning_rate: 0.05]
[num_leaves: 31]
[num_threads: 0]
[seed: 0]
[deterministic: 0]
[force_col_wise: 0]
[force_row_wise: 0]
[histogram_pool_size: -1]
[max_depth: -1]
[min_data_in_leaf: 40]
[min_sum_hessian_in_leaf: 0.001]
[bagging_fraction: 0.85]
[pos_bagging_fraction: 1]
[neg_bagging_fraction: 1]
[bagging_freq: 1]
[bagging_seed: 3]
[bagging_by_query: 0]
[feature_fraction: 0.85]
[feature_fraction_bynode: 1]
[feature_fraction_seed: 2]
[extra_trees: 0]
[extra_seed: 6]
[early_stopping_round: 0]
[early_stopping_min_delta: 0]
[first_metric_only: 0]
[max_delta_step: 0]
[lambda_l1: 0]
[lambda_l2: 0]
[linear_lambda: 0]
[min_gain_to_split: 0]
[drop_rate: 0.1]
[max_drop: 50]
[skip_drop: 0.5]
[xgboost_dart_mode: 0]
[uniform_drop: 0]
[drop_seed: 4]
[top_rate: 0.2]
[other_rate: 0.1]
[min_data_per_group: 100]
[max_cat_threshold: 32]
[cat_l2: 10]
[cat_smooth: 10]
[max_cat_to_onehot: 4]
[top_k: 20]
[monotone_constraints: ]
[monotone_constraints_method: basic]
[monotone_penalty: 0]
[feature_contri: ]
[forcedsplits_filename: ]
[refit_decay_rate: 0.9]
[cegb_tradeoff: 1]
[cegb_penalty_split: 0]
[cegb_penalty_feature_lazy: ]
[cegb_penalty_feature_coupled: ]
[path_smooth: 0]
[interaction_constraints: ]
[verbosity: -1]
[saved_feature_importance_type: 0]
[use_quantized_grad: 0]
[num_grad_quant_bins: 4]
[quant_train_renew_leaf: 0]
[stochastic_rounding: 1]
[linear_tree: 0]
[max_bin: 255]
[max_bin_by_feature: ]
[min_data_in_bin: 3]
[bin_construct_sample_cnt: 200000]
[data_random_seed: 1]
[is_enable_sparse: 1]
[enable_bundle: 1]
[use_missing: 1]
[zero_as_missing: 0]
[feature_pre_filter: 1]
[pre_partition: 0]
[two_round: 0]
[header: 0]
[label_column: ]
[weight_column: ]
[group_column: ]
[ignore_column: ]
[categorical_feature: 0,1,2,45,46,49,50,51,52,54,55]
[forcedbins_filename: ]
[precise_float_parser: 0]
[parser_config_file: ]
[objective_seed: 5]
[num_class: 1]
[is_unbalance: 0]
[scale_pos_weight: 1]
[sigmoid: 1]
[boost_from_average: 1]
[reg_sqrt: 0]
[alpha: 0.9]
[fair_c: 1]
[poisson_max_delta_step: 0.7]
[tweedie_variance_power: 1.5]
[lambdarank_truncation_level: 30]
[lambdarank_norm: 1]
[label_gain: ]
[lambdarank_position_bias_regularization: 0]
[eval_at: ]
[multi_error_top_k: 1]
[auc_mu_weights: ]
[num_machines: 1]
[local_listen_port: 12400]
[time_out: 120]
[machine_list_filename: ]
[machines: ]
[gpu_platform_id: -1]
[gpu_device_id: -1]
[gpu_use_dp: 0]
[num_gpu: 1]

end of parameters

pandas_categorical:[["japanese"], ["cvvc", "vcv"], ["cv", "cv_head", "vc", "vcv", "vv"], ["fricative", "other", "plosive", "sonorant"], ["unknown", "voiced", "voiceless"], ["none"], ["", "a", "e", "i", "n", "o", "u"], ["head", "mid", "tail"], ["", "vc", "vcv", "vv"], ["", "cv", "cv_head", "vc", "vcv", "vv"], [""]]
