tree
version=v4
num_class=1
num_tree_per_iteration=1
label_index=0
max_feature_idx=74
objective=regression_l1
feature_names=language format_type alias_type alias_group row_index_in_wav row_ratio_in_wav is_head_row is_tail_row wav_duration_ms base_offset base_cons base_cutoff_abs base_pre base_ovl base_cons_gap base_cut_gap base_ovl_ratio curr_phone_start_ms curr_phone_end_ms curr_phone_len_ms curr_vowel_start_ms curr_vowel_end_ms curr_vowel_len_ms syllable_start_ms syllable_end_ms syllable_len_ms prev_phone_gap_ms next_phone_gap_ms expected_anchor_ms base_offset_to_expected_ms base_pre_to_expected_ms base_cutoff_to_next_anchor_ms energy_mean energy_min energy_max energy_slope_pre energy_slope_post valley_energy valley_dist_from_cutoff_ms db_mean db_min db_silence_ratio f0_voicing_mean f0_voicing_near_pre zcr_mean spectral_flux_mean onset_class voicing_class is_tense is_diphthong coda_type vowel_class mora_position bridge_type is_nasal_or_sonorant prev_alias_type next_alias_type prev_base_pre next_base_pre prev_base_offset next_base_offset prev_base_cutoff_abs next_base_cutoff_abs mapping_confidence used_alias_occurrence_mapping used_exact_vowel_fix used_nuclei_fallback used_alias_based_syllables words_vs_alias_score_margin jump_blocked_flag mapping_reason_code local_peak_db local_valley_db mel_window_energy_mean mel_window_silence_ratio
feature_infos=none none -1:4:2:5:1:3 -1:10:4:2:5:3:11:9:7:1:6:8 [0:13] [0:1] [0:1] [0:1] [749.93197278911566:7561.8140589569157] [0:4875.8900000000003] [67.510000000000005:614.03999999999996] [255.77000000000001:5213.3299999999999] [41.189999999999998:327.89999999999998] [4.46:304.54000000000002] [0.60999999999998522:530.67999999999995] [0.069999999999993096:387.83999999999997] [0.042290915987104098:1] [0:5040] [0:6061.9500000000007] [0:4020] [0:5040] [0:6061.9500000000007] [0:4020] [0:5040] [0:6061.9500000000007] [0:4020] [0:1980] [0:1910] [0:5040] [-335.90000000000009:72.629999999999995] [-49.400000000000091:317] [-858.76999999999998:3794.1199999999999] [0.021392072953963899:1] [0:1] [0.073392102468232995:1] [-0.77549541927005694:1] [-0.89562368234226297:0.99524839586807101] [0:1] [-2.9927664399092464:515.55145124716546] [-54.194124498316363:-7.4346722733882658] [-89.053996984011633:-9.2767601920600615] [0:1] [0:1] [0:1] [0.0073717039977316996:0.50346666666666662] [0:0.085932324382069505] -1:2:0:3:1 -1:2:1:0 none none none -1:2:5:1:3:6:4 -1:1:0:2 -1:2:0:3 [0:1] -1:4:0:2:5:3 none [0:329.01999999999998] [0:356.66000000000003] [0:4813.6199999999999] [0:5777.3000000000002] [0:5135.7700000000004] [0:6049.9499999999998] [0.60002642292625752:1] [0:1] [0:1] none none [-29.34699999999998:2783.0080000000003] none none [-54.194124498316363:-7.4346722733882658] [-89.053996984011633:-9.2767601920600615] [0.021392072953963899:1] [0:1]
tree_sizes=3219 3314 3314 3330 3337 3349 3337 3327 3343 3346 3345 3360 3344 3356 3360 3353 3328 3363 3349 3346 3358 3374 3391 3365

Tree=0
num_leaves=31
num_cat=2
split_feature=30 14 17 16 29 12 8 9 5 8 8 14 8 12 16 53 29 14 8 25 29 29 3 14 30 12 8 74 14 63
split_gain=637.034 493.177 638.245 309.724 266.705 169.711 100.122 201.783 91.4104 89.8255 89.7978 166.897 86.0037 81.5962 74.234 51.9965 49.2034 46.0138 45.2533 41.8507 39.9119 39.7601 36.5583 38.4367 33.7515 29.1555 27.7128 27.5371 36.6395 24.5859
threshold=3.9500000000000464 100.77499999999999 1155.0000000000002 0.84988361312036542 -91.984999999999999 187.05000000000004 5780.7256235827672 1303.2500000000002 0.16025641025641021 5780.7256235827672 5280.7709750566901 103.99500000000002 4093.3786848072564 153.20500000000001 0.86312185190666957 0 -161.36500000000004 99.705000000000013 3968.3900226757373 530.00000000000023 -193.66500000000005 -52.564999999999991 1 97.50500000000001 6.0149999999999872 168.51000000000002 3968.3900226757373 0.018693221523410155 94.089999999999989 0.83001749290297677
decision_type=2 2 2 2 2 2 2 2 2 2 2 2 2 2 2 9 2 2 2 2 2 2 9 2 2 2 2 2 2 2
left_child=6 3 4 20 8 10 12 -8 18 -5 11 13 14 26 29 -14 27 -11 -3 -7 -2 -12 -22 -24 -13 -15 -4 -17 -29 -1
right_child=1 2 5 9 -6 19 7 -9 -10 17 21 24 15 25 -16 16 -18 -19 -20 -21 22 -23 23 -25 -26 -27 -28 28 -30 -31
leaf_value=83.38850212097168 82.522151947021484 84.481002044677737 83.988002014160159 82.6139518737793 79.873552036285403 81.015652084350592 87.367001724243167 82.427001953125 80.630552005767825 82.513002014160151 85.320502090454099 83.820001983642584 77.792602062225342 82.89050216674805 79.689952039718634 81.169602012634272 84.549951934814459 83.975502014160156 81.572751998901367 84.709302139282229 85.141501998901362 82.848501968383786 84.231002044677737 82.061001968383792 82.749502182006836 84.609601974487305 83.42300186157226 80.429802036285395 84.191751861572271 80.599501991271978
leaf_weight=241.10000321269035 26.400000393390656 198.20000183582306 62.400000929832458 693.90001022815704 579.79999169707298 105.00000143051147 136.69999960064888 161.30000215768814 62.800000488758087 43.50000062584877 1581.0000181496143 591.9000079035759 585.89999914169312 166.80000248551369 122.80000182986259 307.60000458359718 41.800000309944153 56.000000834465027 47.699999839067459 52.700000673532486 166.40000185370445 39.299999803304672 106.20000100135803 54.300000697374344 35.900000065565109 21.200000315904617 143.20000213384628 57.20000085234642 58.000000864267349 53.199999094009399
leaf_count=590 66 458 156 1731 881 258 260 395 142 108 3771 1449 1143 417 307 769 94 140 90 128 395 72 246 132 74 53 358 143 145 76
internal_value=83.2601 83.2694 83.2783 83.2408 83.2414 83.2901 83.2344 83.2608 83.279 83.2235 83.2931 83.2815 83.229 83.2559 83.2482 83.2214 83.2339 83.2679 83.2927 83.2397 83.2797 83.3004 83.2845 83.2656 83.2975 83.2321 83.2777 83.2287 83.2496 83.2618
internal_weight=6600.2 4834.6 3687.9 1146.7 888.5 2799.4 1765.6 298 308.7 793.4 2641.7 1021.4 1467.6 393.6 417.1 1050.5 464.6 99.5 245.9 157.7 353.3 1620.3 326.9 160.5 627.8 188 205.6 422.8 115.2 294.3
internal_count=15047 11125 8307 2818 1571 6736 3922 655 690 1979 6350 2507 3267 984 973 2294 1151 248 548 386 839 3843 773 378 1523 470 514 1057 288 666
cat_boundaries=0 1 2
cat_threshold=1 2100
is_linear=0
shrinkage=1


Tree=1
num_leaves=31
num_cat=1
split_feature=12 28 14 8 57 10 8 15 8 8 13 53 10 8 14 10 25 8 39 9 8 15 10 10 22 4 12 8 8 8
split_gain=573.355 727.566 533.126 311.456 331.425 249.84 183.958 110.336 106.787 97.0374 93.8446 85.8564 83.8666 80.8059 147.182 67.378 57.7998 46.5994 43.9133 39.5513 36.1731 36.1847 31.3757 30.0128 29.4965 27.5673 27.1034 26.0052 20.3567 19.9491
threshold=188.18000000000004 1155.0000000000002 101.13500000000003 3968.3900226757373 80.27000000000001 256.59500000000008 5780.7256235827672 81.519999999999996 5780.7256235827672 5780.7256235827672 59.735000000000007 0 256.59500000000008 5280.7709750566901 104.17500000000001 257.19500000000005 520.00000000000023 5405.7596371882091 -14.82531345486526 1323.8500000000001 5405.7596371882091 64.404999999999987 269.91500000000008 275.15000000000003 325.00000000000017 1.0000000180025095e-35 160.13000000000002 4378.2426303854891 5280.7709750566901 5280.7709750566901
decision_type=2 2 2 2 2 2 2 2 2 2 2 9 2 2 2 2 2 2 2 2 2 2 2 2 2 2 2 2 2 2
left_child=1 3 5 4 10 18 -7 13 -5 11 -1 -9 -12 14 15 24 -2 28 -3 -11 21 -18 -17 -8 -4 -15 -19 -16 -13 -23
right_child=16 2 7 8 -6 6 23 9 -10 19 12 17 -14 25 27 22 20 26 -20 -21 -22 29 -24 -25 -26 -27 -28 -29 -30 -31
leaf_value=-2.9596775865554812 -2.6642976379394536 0.9175747871398926 0.79159988403320303 -4.5946276044845584 -2.7121776437759402 -0.506380109786987 -0.50159996032714815 -5.4013801336288454 4.0606500053405759 3.9164745903015139 1.4824249458312992 0.15157480239868165 -0.3924250602722168 0.33817487716674821 0.50549991607665989 -0.37802501678466816 -2.6261975860595705 0.6866249656677248 -1.1710500335693361 -0.3558502197265625 -2.339480047225952 -0.88883002281188939 1.2821198463439942 0.6889748191833498 -0.00057521820068373586 1.9309750175476077 -1.3758301067352292 0.8932497787475584 3.3321247673034673 1.5094350242614745
leaf_weight=45.89999932050705 715.20001038908958 217.70000237226486 94.400001406669617 896.79999306797981 303.09999957680702 575.30000850558281 30.4000004529953 106.09999990463257 36.599999696016312 155.29999849200249 387.90000316500664 122.4000016450882 39.600000590085983 73.600000381469727 441.4000061750412 127.2000018954277 58.300000846385956 19.5 21.100000292062759 34.000000327825546 76.400001049041748 41.200000613927841 20.400000303983688 70.800001055002213 140.00000208616257 1374.5000178217888 51.600000590085983 145.10000124573708 78.200000762939453 80.800001204013824
leaf_count=69 1779 515 236 1561 592 1436 76 209 63 260 882 300 99 160 1090 318 145 39 52 79 188 103 51 177 350 3347 123 332 182 202
internal_value=-0.000305434 0.00583804 0.0177635 -0.021355 0.00204121 -0.0156178 -0.0311382 0.0280038 -0.0408185 0.00815553 0.0281791 -0.00648491 0.0354737 0.0326616 0.0214817 -0.00267016 -0.0357599 0.00841001 0.0283501 0.0373745 -0.0154071 -0.00318913 -0.0291328 0.0310277 0.0139932 0.0401388 -0.0263713 0.0372123 0.0207378 0.0122951
internal_weight=6580.8 5608.9 3899 1709.9 776.5 915.3 676.5 2983.7 933.4 567.1 473.4 377.8 427.5 2416.6 968.5 382 971.9 271.7 238.8 189.3 256.7 180.3 147.6 101.2 234.4 1448.1 71.1 586.5 200.6 122
internal_count=15015 12598 9332 3266 1642 2256 1689 7076 1624 1192 1050 853 981 5884 2377 955 2417 644 567 339 638 450 369 253 586 3507 162 1422 482 305
cat_boundaries=0 1
cat_threshold=1
is_linear=0
shrinkage=0.05


Tree=2
num_leaves=31
num_cat=3
split_feature=30 16 17 15 12 21 57 5 8 10 12 8 10 39 55 53 29 29 39 9 18 61 8 9 53 22 10 15 15 10
split_gain=546.887 377.878 570.742 397.924 331.461 167.413 155.24 124.421 123.97 188.6 107.353 89.8437 113.339 61.1372 57.7311 47.783 46.6453 41.1828 39.0112 36.0617 35.9466 40.7065 32.6731 30.6792 40.5959 30.0083 28.1747 39.7787 28.1515 26.8405
threshold=3.8600000000000709 0.84871766571768548 1135.0000000000002 73.29000000000002 102.74500000000002 3515.0000000000005 103.40500000000002 0.43650793650793651 5780.7256235827672 295.72500000000008 156.41000000000003 4030.8843537414969 255.89000000000001 -13.974764030551077 0 1 -271.66500000000002 -157.45000000000002 -30.53298501388381 360.72000000000008 2505.0000000000005 824.72000000000014 5780.7256235827672 1303.2500000000002 2 439.99999999999994 270.88500000000005 74.915000000000006 84.894999999999996 294.58000000000004
decision_type=2 2 2 2 2 2 2 2 2 2 2 2 2 2 9 9 2 2 2 2 2 2 2 2 9 2 2 2 2 2
left_child=8 2 4 16 -2 7 19 20 11 23 13 12 14 18 -1 -13 -3 25 -4 -6 21 -5 -18 -10 -25 -17 27 -7 -28 -24
right_child=1 3 10 5 6 26 -8 -9 9 -11 -12 15 -14 -15 -16 17 22 -19 -20 -21 -22 -23 29 24 -26 -27 28 -29 -30 -31
leaf_value=-2.2733538103103643 -3.0018187196254731 1.7486132364273068 0.63057609272003179 2.9929757661819458 -1.7610062487125397 -0.21027856683731089 -2.7177187592983247 -0.45712372016906788 3.8073258180618286 -0.7436352462768554 -0.046135398864745984 -5.0353487617969517 -0.65268761587142954 -1.0436213703155517 0.39169612407684301 -1.9711152095794675 -0.62837854242324842 1.1687997303009034 1.5955710363388058 1.3688036527633671 1.2109262056350709 -0.32292389202117922 0.25393975067138685 -6.7024789285659798 0.30560121250152578 -0.68207519245147674 1.4596187925338748 1.171926266670227 0.18151309299468965 -1.5975676460266115
leaf_weight=55.19999948143959 593.29999142885208 20.000000298023224 225.5000028014183 53.900000780820847 33.899999856948853 35.200000524520874 84.500000923871994 234.20000317692757 136.59999948740005 103.20000153779984 200.20000275969505 574.09999909996986 215.60000321269035 36.000000357627869 138.60000139474869 289.20000430941582 732.20001077651978 36.500000208616257 1644.4000172615051 301.70000326633453 125.20000186562538 78.000001162290573 54.700000792741776 22.200000107288361 37.80000051856041 134.40000200271606 286.80000427365303 65.20000097155571 37.100000441074371 28.200000375509262
leaf_count=93 899 50 545 134 63 88 200 575 256 258 493 1118 539 84 324 723 1826 80 3868 713 313 195 136 48 93 336 717 163 89 69
internal_value=-0.000489899 0.0081126 0.0185462 -0.0104787 -0.0122854 0.012287 0.0216972 -0.00758193 -0.0245211 0.00473649 0.0333816 -0.0305971 -0.0107719 0.0370402 0.0169763 -0.0384452 -0.0354389 -0.0264399 0.0382828 0.0369487 0.0164333 -0.00178165 -0.0372899 0.033469 0.00366667 -0.030831 0.0352934 0.0121514 0.0424668 -0.0075392
internal_weight=6613.6 4870.2 3119.5 1750.7 1013.4 915.6 420.1 491.3 1743.4 299.8 2106.1 1443.6 409.4 1905.9 193.8 1034.2 835.1 460.1 1869.9 335.6 257.1 131.9 815.1 196.6 60 423.6 424.3 100.4 323.9 82.9
internal_count=15088 11220 6865 4355 1875 2274 976 1217 3868 655 4990 3213 956 4497 417 2257 2081 1139 4413 776 642 329 2031 397 141 1059 1057 251 806 205
cat_boundaries=0 1 2 3
cat_threshold=4 1 1
is_linear=0
shrinkage=0.05


Tree=3
num_leaves=31
num_cat=2
split_feature=30 8 16 16 15 9 8 10 8 10 13 8 10 19 62 10 39 53 54 9 25 29 11 10 10 29 44 55 9 60
split_gain=482.077 344.54 364.778 556.909 328.911 189.205 161.753 144.1 100.744 184.231 92.6805 91.3744 119.045 78.9373 67.5816 66.3116 53.794 49.7293 43.1428 42.8383 40.1454 39.1364 35.834 35.2354 34.2574 33.7734 33.0285 30.834 85.4982 28.4863
threshold=3.9999999999997731 5780.7256235827672 0.85075559524200683 0.76406703794404596 74.825000000000017 1261.6150000000002 5405.7596371882091 292.47000000000008 5780.7256235827672 294.58000000000004 122.05000000000003 4093.3786848072564 257.82500000000005 450.00000000000017 4519.2650000000012 252.67000000000004 -13.311295264098787 0 1.0000000180025095e-35 1152.4250000000004 305.00000000000006 -162.98499999999987 864.89000000000021 248.48500000000004 266.38000000000005 -90.094999999999956 0.087751630280691759 1 1039.1150000000002 4184.0950000000003
decision_type=2 2 2 2 2 2 2 2 2 2 2 2 2 2 2 2 2 9 2 2 2 2 2 2 2 2 2 9 2 2
left_child=8 2 3 5 14 25 18 26 11 -10 16 12 19 20 -4 -7 27 -13 24 22 -12 29 -1 -22 -6 -2 -3 28 -5 -19
right_child=1 7 4 10 6 15 -8 -9 9 -11 13 17 -14 -15 -16 -17 -18 21 -20 -21 23 -23 -24 -25 -26 -27 -28 -29 -30 -31
leaf_value=0.86986902356147766 -1.7308278202652929 1.7276476690769194 -0.50102253952026388 -2.51388276335001 -0.2982678545951849 2.7347975561618805 -1.6700615347862247 -0.7346126307487495 2.9734597712993622 -0.66445328559875494 1.2721780954360959 -4.7779312802195548 -0.72774215128421815 3.2505476782321931 1.8011952354907992 -0.3729361042022703 -1.0064402636528016 -1.8468981868267058 -1.0855724433898928 0.33491121029853804 0.50679767823219279 1.0288500773429867 -2.574198502063751 -0.077902256727219316 3.4660051109790802 -2.964602792227268 0.23636788520813001 0.65788836102485682 1.6787973491191863 0.59279634294509831
leaf_weight=64.9000004529953 111.79999911785126 693.00000634789467 902.30001333355904 55.600000739097595 28.400000423192978 149.49999916553497 89.700001090764999 55.300000578165054 191.60000017285347 112.40000167489052 80.40000119805336 558.69999927282333 200.80000299215317 228.80000340938568 32.800000488758087 55.800000786781311 20.30000028014183 367.60000547766685 37.400000512599945 82.80000114440918 37.400000512599945 44.100000321865082 67.399999529123306 294.60000416636467 247.60000360012054 574.79999202489853 47.700000554323196 960.20001301169395 136.20000198483467 42.800000637769699
leaf_count=145 194 1599 2252 136 71 271 216 130 389 281 201 1093 502 572 82 138 50 919 92 204 92 99 119 729 616 882 114 2357 339 107
internal_value=-0.000910585 0.00719274 0.00127362 0.0118356 -0.0200792 -0.0205124 0.0176755 0.0372613 -0.0235387 0.00259868 0.0277447 -0.0290987 -0.00936523 0.012461 -0.0363544 0.0216025 0.0361042 -0.037199 0.0346203 0.0164807 -0.000606208 -0.0249175 -0.00117158 -0.00828313 0.0414493 -0.0331052 0.0430741 0.037526 0.0161546 -0.0297271
internal_weight=6572.7 4839.6 4043.6 2705.4 1338.2 891.9 403.1 796 1733.1 304 1813.5 1429.1 415.9 641.2 935.1 205.3 1172.3 1013.2 313.4 215.1 412.4 454.5 132.3 332 276 686.6 740.7 1152 191.8 410.4
internal_count=14991 11133 9290 5961 3329 1485 995 1843 3858 670 4476 3188 970 1594 2334 409 2882 2218 779 468 1022 1125 264 821 687 1076 1713 2832 475 1026
cat_boundaries=0 1 2
cat_threshold=1 4
is_linear=0
shrinkage=0.05


Tree=4
num_leaves=31
num_cat=1
split_feature=30 14 28 16 29 12 18 25 57 8 9 8 10 8 10 8 8 25 55 39 12 60 10 10 41 39 64 8 8 10
split_gain=512.962 447.728 514.276 294.958 246.299 210.606 220.167 113.816 103.423 70.5048 127.965 64.3942 92.5725 57.5854 57.1081 49.7473 44.9755 41.3235 38.2263 35.7274 34.3452 34.1818 33.5244 32.3161 32.1322 28.04 27.9968 27.7591 34.2162 24.3025
threshold=-1.2950000000000157 100.56000000000004 1155.0000000000002 0.85188240896606804 -91.984999999999999 147.32500000000002 3565.0000000000005 499.99999999999994 103.40500000000002 5780.7256235827672 1303.2500000000002 4030.8843537414969 258.51000000000005 5780.7256235827672 248.48500000000004 5843.2199546485272 4030.8843537414969 285.00000000000006 0 -13.311295264098787 199.21000000000001 4184.0950000000003 275.15000000000003 298.05500000000006 0.020620748299319706 -33.440665525863245 1.0000000180025095e-35 3968.3900226757373 5780.7256235827672 284.10000000000008
decision_type=2 2 2 2 2 2 2 2 2 2 2 2 2 2 2 2 2 2 9 2 2 2 2 2 2 2 2 2 2 2
left_child=9 3 4 14 8 19 7 15 16 11 -11 12 -1 -5 18 17 -3 -7 27 25 22 -13 -15 -8 -9 -4 -27 -2 -29 -17
right_child=1 2 5 13 -6 6 23 24 -10 10 -12 21 -14 20 -16 29 -18 -19 -20 -21 -22 -23 -24 -25 -26 26 -28 28 -30 -31
leaf_value=0.142665924441814 1.4513482312655441 1.0299938666796684 0.25779481123685816 -0.58940841203212746 -2.7348446666020161 0.42799623627185784 1.6322652703642846 0.29749742034673687 -2.2694377046823506 3.4297870879101753 -0.64223068235397351 -3.7034347215491539 -0.69168464882254599 -0.86209436638832038 -0.19958450538992878 0.993997435605526 -1.3539502536201482 -0.34056441565036766 -2.1337950721502303 -0.887618303875923 -1.8088217510986333 0.43358635992527045 0.4859128199934965 -0.30236475916385647 3.0422576769971847 -1.5820744420170785 1.1919032906985281 -0.96849445400714917 4.5758849202513696 -0.55295875425815522
leaf_weight=134.50000149011612 152.10000211000443 216.60000184178352 73.700000941753387 720.00001063942909 638.99999088048935 77.500001132488251 600.80000886321068 151.00000184774399 77.100000232458115 104.09999996423721 139.40000194311142 853.20000529289246 157.600002348423 23.20000034570694 119.00000163912773 52.800000786781311 47.999999731779099 418.60000610351562 55.9000004529953 17.60000017285347 26.300000369548798 37.500000536441803 42.800000637769699 50.800000667572021 126.00000187754631 19.099999725818634 1319.8000121116638 42.700000256299973 33.60000005364418 16.600000202655792
leaf_count=319 375 495 179 1797 972 193 1499 364 162 207 344 1884 394 58 293 132 87 1042 127 41 65 93 107 124 315 29 3046 94 69 40
internal_value=-0.000877514 0.006509 0.014758 -0.0199901 -0.0165749 0.0252659 0.0121377 -0.00474184 0.017691 -0.0273961 -0.00289528 -0.03244 -0.0120678 -0.0373446 0.014964 -0.0176039 0.0325397 -0.0231506 0.0271368 0.0389806 -0.000162514 -0.0391209 0.0190909 0.0339626 0.0215162 0.0398627 0.0415154 0.0353188 0.0122543 0.0220461
internal_weight=6546.9 5120.6 3905 1215.6 980.7 2924.3 1494.1 842.5 341.7 1426.3 243.5 1182.8 292.1 812.3 403.3 565.5 264.6 496.1 284.3 1430.2 92.3 890.7 66 651.6 277 1412.6 1338.9 228.4 76.3 69.4
internal_count=14946 11705 8720 2985 1716 7004 3709 2086 744 3241 551 2690 713 2027 958 1407 582 1235 665 3295 230 1977 165 1623 679 3254 3075 538 163 172
cat_boundaries=0 1
cat_threshold=49
is_linear=0
shrinkage=0.05


Tree=5
num_leaves=31
num_cat=2
split_feature=30 14 17 16 29 10 12 21 57 10 44 5 17 10 12 41 55 11 17 55 15 10 26 12 44 15 39 25 39 29
split_gain=496.482 409.747 519.484 310.164 252.238 201.479 110.86 150.751 96.1885 62.2114 61.5704 57.5076 54.2716 46.9818 77.8624 45.7656 43.3877 36.1795 35.6147 34.3579 31.9156 55.6601 29.5525 28.4774 28.255 27.8979 27.7355 26.426 21.1281 18.9118
threshold=-1.2950000000000157 100.56000000000004 1155.0000000000002 0.85243715444375157 -91.984999999999999 295.72500000000008 145.21000000000001 3125.0000000000005 103.40500000000002 248.48500000000004 0.044655514601644401 0.39230769230769236 4175.0000000000009 258.14500000000004 83.055000000000021 0.024695121951219503 0 1321.8350000000003 495.00000000000006 1 74.880000000000052 271.05000000000007 215.00000000000003 149.40500000000003 0.033460939280336506 76.640000000000015 -13.974764030551077 469.99999999999972 -30.450336280635586 -171.03999999999994
decision_type=2 2 2 2 2 2 2 2 2 2 2 2 2 2 2 2 9 2 2 9 2 2 2 2 2 2 2 2 2 2
left_child=10 3 4 9 8 6 26 11 18 19 13 25 29 14 -1 -7 20 -16 -3 -2 21 24 -12 -13 -9 -8 28 -17 -4 -5
right_child=1 2 5 12 -6 15 7 16 -10 -11 22 23 -14 -15 17 27 -18 -19 -20 -21 -22 -23 -24 -25 -26 -27 -28 -29 -30 -31
leaf_value=-3.9412629396953287 -2.2428988599741451 -1.5874764654945139 0.63111780399143669 -1.9790030345461369 -2.6783829012232125 -1.8070642537305361 0.077721011851071609 1.5506520068460703 -2.1269167712289097 -0.2223099516523476 -3.4619629652538002 0.16805002769482016 0.46161717899382143 -0.50961942289447826 -0.18801291299244768 -2.6960694932172302 -0.3126301937693356 2.6847125665835145 0.96699438696873163 1.5344016862870462 2.2854557301813361 0.42794942067205927 0.59044281830573053 -0.21999322533106849 -0.083472145997881608 2.5179138384740356 -0.7897372132060525 1.7772410355308055 1.0358081109048123 -0.43698800974106788
leaf_weight=74.899998992681503 46.900000274181366 34.499999821186066 139.40000149607658 329.20000490546227 667.89999052882195 148.10000187158585 227.50000336766243 41.200000613927841 78.900000303983688 118.90000161528587 898.00000739097595 56.000000834465027 28.000000417232513 264.40000393986702 63.100000560283661 17.200000256299973 43.400000512599945 111.20000031590462 233.50000184774399 236.60000258684158 514.70000764727592 152.80000227689743 28.500000357627869 237.40000349283218 143.60000213980675 93.000001341104507 19.400000154972076 49.200000733137131 1057.9000082314014 449.80000656843185
leaf_count=116 103 63 329 823 1018 359 568 103 168 292 2044 140 70 661 145 43 104 233 529 560 1286 382 69 592 359 231 44 123 2392 1120
internal_value=-0.000853129 0.00638529 0.0141723 -0.0190838 -0.0166732 0.0248164 0.0284873 0.0194356 0.0179158 0.0167744 -0.0268141 0.00035022 -0.0369641 -0.0129283 0.00264848 -0.0218415 0.0325165 0.0209696 0.0322015 0.0295062 0.0347617 0.0232227 -0.0345116 -0.0156442 0.0047619 0.0149922 0.0397181 0.0126506 0.040679 -0.0394223
internal_weight=6605.1 5165 3955.6 1209.4 1014.8 2940.8 2726.3 1509.6 346.9 402.4 1440.1 613.9 807 513.6 249.2 214.5 895.7 174.3 268 283.5 852.3 337.6 926.5 293.4 184.8 320.5 1216.7 66.4 1197.3 779
internal_count=15069 11801 8833 2968 1778 7055 6530 3765 760 955 3268 1531 2013 1155 494 525 2234 378 592 663 2130 844 2113 732 462 799 2765 166 2721 1943
cat_boundaries=0 1 2
cat_threshold=16 4
is_linear=0
shrinkage=0.05


Tree=6
num_leaves=31
num_cat=1
split_feature=12 28 14 8 59 10 8 12 53 44 13 8 15 8 10 10 25 8 10 8 14 39 15 8 34 10 12 8 10 8
split_gain=457.711 535.929 439.2 286.045 250.428 225.22 120.719 128.404 130.282 110.57 92.2863 89.4796 86.8184 77.6712 75.2972 58.5598 46.7928 45.2527 40.6926 40.7095 37.9948 37.5099 34.5481 35.7355 29.7499 25.0278 24.9852 24.1801 47.1262 55.3589
threshold=190.02000000000001 1155.0000000000002 100.56000000000004 3968.3900226757373 295.22000000000008 257.19500000000005 5280.7709750566901 145.52500000000003 0 0.054862489367734558 61.355000000000011 5780.7256235827672 81.32000000000005 5780.7256235827672 251.61000000000004 269.91500000000008 520.00000000000023 4093.3786848072564 292.47000000000008 5405.7596371882091 107.90500000000002 -14.82531345486526 64.035000000000039 5405.7596371882091 0.82175010049799491 296.94500000000005 176.00500000000002 5405.7596371882091 249.46500000000003 5843.2199546485272
decision_type=2 2 2 2 2 2 2 2 9 2 2 2 2 2 2 2 2 2 2 2 2 2 2 2 2 2 2 2 2 2
left_child=1 3 5 4 10 21 7 8 17 18 -1 -5 27 -7 -12 20 25 -4 -8 -20 -9 -3 -18 -24 -6 -2 -15 -11 -29 -30
right_child=16 2 6 11 24 13 9 15 -10 12 14 -13 -14 26 -16 -17 22 -19 19 -21 -22 -23 23 -25 -26 -27 -28 28 29 -31
leaf_value=-2.2417112303556244 -0.26929458522858102 0.69832540436756085 0.25616638032447625 -3.6094648497975066 1.2315789353440103 -0.3743824657946796 1.6903796697665392 -0.13097624646664913 -4.0552772496617031 3.2250568325940066 1.2000279896311719 3.7226871720605601 -1.0769445791250654 -0.75488119783247642 -0.16078965702868758 1.359861105786532 -3.1768966913982748 0.48821447178956845 3.1039168366295877 -1.2916770245778686 2.5903501998950347 -1.0597899224326675 0.80890851571141487 -1.0156374518877456 -2.2954772475541874 -3.18659206247772 0.4512993956857429 0.44851775113593889 -0.12058444603050944 0.42140191759499929
leaf_weight=49.399999260902405 112.80000168085098 207.100002348423 370.70000532269478 892.69999334216118 28.900000095367432 531.50000780820847 1165.5000112652779 390.70000579953194 78.699999898672104 141.00000187754631 355.60000288486481 34.099999725818634 155.00000092387199 23.20000034570694 59.200000882148743 120.20000174641609 80.600001156330109 187.80000177025795 29.80000039935112 26.100000321865082 48.400000721216202 20.30000028014183 113.60000169277191 48.00000062584877 274.39999952912331 590.8000086247921 39.600000590085983 195.60000193119049 114.40000170469284 93.800001353025436
leaf_count=74 282 493 920 1562 61 1325 2709 976 154 345 808 59 341 58 148 299 200 435 73 63 121 50 284 117 533 1471 99 456 286 233
internal_value=-0.000601109 0.00480235 0.014916 -0.0187127 0.00386319 -0.0176037 0.0234869 0.0110196 0.0263653 0.0312513 0.0269496 -0.0374083 0.0154044 -0.0337961 0.0346432 -0.00646344 -0.0327871 0.0348523 0.0403308 -0.00134168 -0.0149283 0.0247142 -0.0138315 -0.000495049 -0.0314705 -0.0393121 0.0187898 0.0247981 0.0185736 0.00201729
internal_weight=6579.5 5633.7 3939.4 1694.3 767.5 821.7 3117.7 1196.5 637.2 1921.2 464.2 926.8 699.8 594.3 414.8 559.3 945.8 558.5 1221.4 55.9 439.1 227.4 242.2 161.6 303.3 703.6 62.8 544.8 403.8 208.2
internal_count=15035 12681 9436 3245 1624 2025 7411 2905 1509 4506 1030 1621 1661 1482 956 1396 2354 1355 2845 136 1097 543 601 401 594 1753 157 1320 975 519
cat_boundaries=0 1
cat_threshold=4
is_linear=0
shrinkage=0.05


Tree=7
num_leaves=31
num_cat=2
split_feature=8 30 14 29 10 10 9 12 22 8 55 8 10 30 62 8 46 8 5 10 17 23 8 15 10 39 14 8 14 10
split_gain=443.499 348.445 371.507 445.271 298.52 278.026 142.71 128.225 174.274 84.6524 77.116 72.6655 84.7846 68.2181 57.0693 52.0619 45.7436 45.3967 42.212 41.7968 38.4043 71.909 37.3624 32.9026 30.7663 30.6829 24.2485 24.1674 28.4775 23.7859
threshold=5780.7256235827672 1.7249999999999093 101.045 -91.984999999999999 300.14500000000004 249.46500000000003 1220.6250000000002 145.52500000000003 430.00000000000028 5405.7596371882091 0 3905.8956916099778 261.73500000000007 6.0149999999999872 4118.7300000000005 4093.3786848072564 1 6218.1859410430852 0.17424242424242423 282.17500000000007 1405.0000000000002 805.00000000000011 4030.8843537414969 75.565000000000012 248.34000000000003 -32.239907805385549 102.34500000000001 5405.7596371882091 94.089999999999989 248.21500000000003
decision_type=2 2 2 2 2 2 2 2 2 2 9 2 2 2 2 2 1 2 2 2 2 2 2 2 2 2 2 2 2 2
left_child=1 11 5 7 17 10 -5 20 14 23 -3 12 -1 -8 16 -12 29 19 -13 25 21 22 24 -10 -4 -2 -21 28 -20 -9
right_child=4 2 3 6 -6 -7 13 8 9 -11 15 18 -14 -15 -16 -17 -18 -19 27 26 -22 -23 -24 -25 -26 -27 -28 -29 -30 -31
leaf_value=0.15989869950921404 -0.72904822553251813 -3.0606749506669697 0.87707886358019715 -2.392125716521559 -0.72530876470252892 -0.44336963550041308 2.9323706578968647 0.35955063060115011 0.62003110480019508 -0.26863486741139225 1.2321803245614484 -3.8467633032552784 -0.92261959811660654 -0.960947267556017 3.7109705481594939 -0.56717364842678319 -0.65958967592615925 -1.0225376225676883 -1.951932050571739 0.096826582687455698 0.39750243528333301 -1.3440471351396086 -1.4158699363004623 3.0886772334585495 -0.040856625049740108 1.4538782595380184 -0.16973925962293138 -1.2770818418963963 -0.0093716069011577485 -0.04093199974752651
leaf_weight=172.90000170469284 21.900000214576721 74.900000780820847 173.40000146627426 624.09999099373817 124.30000174045563 822.30001205205917 88.69999897480011 19.600000292062759 113.60000169277191 68.400001019239426 163.60000225901604 595.50000071525574 137.20000204443932 58.799999803304672 58.400000870227814 55.800000429153442 156.40000233054161 32.80000039935112 131.20000195503235 47.600000709295273 824.50001132488251 85.100000262260437 29.499999791383743 354.40000528097153 16.000000238418579 852.80000582337379 30.600000321865082 112.00000166893005 158.20000177621841 402.80000600218773
leaf_count=403 51 176 396 946 307 2049 143 49 284 171 403 1215 343 111 146 126 391 79 328 119 2029 179 52 886 40 1901 72 280 376 1007
internal_value=-1.74049e-05 -0.00583832 0.00119204 0.0101653 0.0288108 -0.0235089 -0.0227061 0.0211828 0.00961145 0.0306115 0.0181957 -0.028378 -0.0072396 0.0215254 -0.00806654 0.0323452 -0.0128196 0.0380187 -0.0349534 0.0400094 0.0332167 0.0180263 0.0331887 0.0382051 0.0413411 0.0431405 0.00498721 -0.0224215 -0.0147892 -0.00370028
internal_weight=6607.3 5497.3 4190.3 3073.7 1110 1116.6 771.6 2302.1 1173.6 536.4 294.3 1307 310.1 147.5 637.2 219.4 578.8 985.7 996.9 952.9 1128.5 304 218.9 468 189.4 874.7 78.2 401.4 289.4 422.4
internal_count=15058 12529 9584 6830 2529 2754 1200 5630 2934 1341 705 2945 746 254 1593 529 1447 2222 2199 2143 2696 667 488 1170 436 1952 191 984 704 1056
cat_boundaries=0 1 2
cat_threshold=4 5
is_linear=0
shrinkage=0.05


Tree=8
num_leaves=31
num_cat=2
split_feature=8 30 14 29 10 10 9 10 25 8 8 10 55 30 44 17 5 10 14 8 10 29 55 9 17 8 14 14 8 19
split_gain=438.794 326.991 356.332 404.877 288.151 276.547 146.524 124.444 182.509 89.0266 76.3502 75.6911 74.2999 61.6474 54.4804 50.9587 48.7443 47.7458 44.5422 44.2463 37.8853 37.5757 36.4248 69.3526 34.5354 25.301 23.8478 23.8078 27.1148 25.1608
threshold=5780.7256235827672 2.7299999999997913 101.13500000000003 -93.004999999999981 282.17500000000007 250.22000000000003 1165.7100000000003 248.34000000000003 509.99999999999972 5405.7596371882091 3905.8956916099778 262.93500000000006 0 6.0149999999999872 0.087751630280691759 3745.0000000000005 0.17424242424242423 303.28500000000003 104.27499999999999 3968.3900226757373 271.37000000000006 -180.98999999999998 1 1039.1150000000002 465.00000000000006 5405.7596371882091 94.089999999999989 104.17500000000001 5405.7596371882091 305.00000000000006
decision_type=2 2 2 2 2 2 2 2 2 2 2 2 9 2 2 2 2 2 2 2 2 2 9 2 2 2 2 2 2 2
left_child=1 10 5 7 14 12 -5 22 15 18 11 -1 -3 -8 -2 21 -12 -6 20 -14 -10 -9 23 -4 -24 26 -18 29 -29 -23
right_child=4 2 3 6 17 -7 13 8 9 -11 16 -13 19 -15 -16 -17 25 -19 -20 -21 -22 27 24 -25 -26 -27 -28 28 -30 -31
leaf_value=0.15088488074724254 1.3906844686314301 -2.8854188276679182 -1.9017424596188954 -2.1940342293719772 0.01181014585941469 -0.40325109574199375 2.8187680915695377 -1.78265749634596 -0.25742049316442389 -0.21291596184320272 -3.6853034684662789 -1.0401251247108412 1.1625711252279067 -0.91289990417821587 0.021546782283498801 3.525422020751519 -1.7619702710186453 -1.6588671178296275 2.9793163640139158 -0.042098995635591052 1.5001502050114768 0.053540591711139743 -1.9199966907490778 0.37757316010624892 0.41471665026224119 -1.1923108793287231 -0.00097061313059398913 0.083982893767719002 -0.36052694460275991 -0.13712371684069283
leaf_weight=198.00000169873238 824.50000596046448 81.700000882148743 48.700000166893005 607.89999124407768 96.900001287460327 820.50001206994057 87.299999088048935 81.600001215934753 72.000001072883606 88.40000131726265 617.90000015497208 134.0000019967556 152.70000207424164 59.999999821186066 77.00000074505806 47.200000703334808 133.60000199079514 105.30000150203705 424.80000633001328 64.100000619888306 59.200000882148743 66.800000995397568 25.999999761581421 105.80000135302544 780.10000985860825 121.20000180602074 166.70000183582306 194.8000029027462 51.600000768899918 222.80000331997871
leaf_count=453 1849 193 103 922 237 2046 144 204 180 221 1241 335 375 114 179 118 334 261 1062 149 148 167 44 257 1891 303 395 487 129 557
internal_value=-6.79842e-06 -0.00576567 0.00123793 0.0101554 0.0287714 -0.0228686 -0.0215572 0.0207067 0.0106783 0.02964 -0.0269287 -0.00605422 0.0183417 0.023184 0.0408708 -0.00770156 -0.0335963 -0.0251731 0.0370504 0.0328042 0.0115854 -0.0115285 0.0343743 0.00963526 0.0385186 -0.0204864 -0.012704 -0.00671642 0.00470779 -0.0164365
internal_weight=6619.1 5515.4 4144 3025 1103.7 1119 755.2 2269.8 1309.2 644.4 1371.4 332 298.5 147.3 901.5 664.8 1039.4 202.2 556 216.8 131.2 617.6 960.6 154.5 806.1 421.5 300.3 536 246.4 289.6
internal_count=15098 12572 9511 6748 2526 2763 1180 5568 3273 1611 3061 788 717 258 2028 1662 2273 498 1390 524 328 1544 2295 360 1935 1032 729 1340 616 724
cat_boundaries=0 1 2
cat_threshold=4 4
is_linear=0
shrinkage=0.05


Tree=9
num_leaves=31
num_cat=0
split_feature=30 14 28 16 16 10 10 25 5 17 5 62 15 16 41 14 9 29 15 44 10 14 16 30 39 29 16 39 25 39
split_gain=416.984 360.481 454.168 290.862 209.867 179.69 95.4227 129.081 70.354 58.919 58.4847 53.6945 51.6915 84.4702 45.4692 39.5274 38.7274 38.4952 60.0156 37.8896 37.1926 36.0609 37.9287 32.94 32.2166 30.3367 59.4587 29.3835 28.462 27.3377
threshold=-4.3600000000000128 100.77499999999999 1155.0000000000002 0.85243715444375157 0.74901185525679859 295.72500000000008 249.46500000000003 470.00000000000017 0.16025641025641021 4175.0000000000009 0.10101010101010101 4118.7300000000005 74.784999999999997 0.86416518147371979 0.024695121951219503 92.785000000000011 394.01000000000005 -171.03999999999994 70.015000000000015 0.031329741990360059 302.26000000000005 99.705000000000013 0.90905304509941998 4.0000000000001146 -16.231586247860516 -135.64999999999989 0.86652525469484443 -13.311295264098787 469.99999999999972 -31.388997129823007
decision_type=2 2 2 2 2 2 2 2 2 2 2 2 2 2 2 2 2 2 2 2 2 2 2 2 2 2 2 2 2 2
left_child=19 3 4 10 -3 6 27 11 16 17 -2 -8 13 -9 -7 -12 -6 18 -5 20 24 22 -20 -14 -1 26 -21 29 -16 -4
right_child=1 2 5 9 8 14 7 12 -10 -11 15 -13 23 -15 28 -17 -18 -19 21 25 -22 -23 -24 -25 -26 -27 -28 -29 -30 -31
leaf_value=0.11043293857998222 1.602442523190144 -2.1887325327806977 0.34987187753268362 -3.7734814420559348 -0.20901248267704275 -1.452445008471404 -0.031366347461582227 -0.1684705871510829 -1.7775104297972497 0.25802733379117487 0.39800863944389708 1.2941501994234912 1.9373901322752696 0.21780493655317984 -2.2508068750150154 -0.60175977130948233 0.853053507705404 -0.35408844940215972 -0.96493783243925013 -0.11890741410285202 -0.51209991717015912 0.39577422452836902 0.24425702352618617 -0.2675782092680713 -3.5497732246045803 -3.9380881607656208 -1.8794117152349259 -0.81527203041250695 1.6623397925044259 0.71336693016062824
leaf_weight=178.20000100135803 164.20000150799751 675.8999899327755 108.20000112056732 218.4000032544136 58.799999803304672 150.80000180006027 480.80000707507133 163.00000238418579 65.40000057220459 36.000000536441803 160.50000205636024 73.100001066923141 641.60000956058502 109.2000016272068 17.200000256299973 99.600001215934753 227.30000180006027 482.60000705718994 73.200001090764999 295.60000440478325 82.800001233816147 35.200000524520874 30.000000447034836 24.400000184774399 27.99999988079071 404.69999974966049 343.20000511407852 18.900000125169754 44.400000661611557 1072.6000084280968
leaf_count=390 379 1014 254 546 111 362 1199 406 150 90 390 182 1604 273 43 240 515 1202 183 739 207 88 75 55 52 801 858 42 111 2428
internal_value=0.000298608 0.00665896 0.0142054 -0.0161691 -0.0143664 0.0243131 0.0278067 0.0193653 0.0169701 -0.0326365 0.0178058 0.000225673 0.0306651 0.0123071 -0.0199623 0.00305652 0.0276652 -0.0353228 -0.02287 -0.0246717 -0.00865052 0.00289017 -0.0120155 0.0381682 0.00271581 -0.0291088 -0.0223231 0.0383054 0.0162338 0.0392954
internal_weight=6563.8 5231.3 3931.6 1299.7 1027.4 2904.2 2691.8 1492.1 351.5 875.4 424.3 553.9 938.2 272.2 212.4 260.1 286.1 839.4 356.8 1332.5 289 138.4 103.2 666 206.2 1043.5 638.8 1199.7 61.6 1180.8
internal_count=14989 11942 8749 3193 1790 6959 6443 3719 776 2184 1009 1381 2338 679 516 630 626 2094 892 3047 649 346 258 1659 442 2398 1597 2724 154 2682
is_linear=0
shrinkage=0.05


Tree=10
num_leaves=31
num_cat=2
split_feature=8 16 12 12 10 19 17 46 53 41 60 10 9 9 39 25 44 8 10 8 10 14 10 29 41 10 10 23 25 14
split_gain=441.128 301.912 400.049 289.42 244.521 196.738 177.199 103.907 71.4941 70.4099 68.6148 80.8138 63.7464 161.408 66.244 63.4593 62.2117 58.7497 44.8507 38.8338 37.0503 49.3044 35.2063 34.5589 34.3082 31.1383 27.138 24.9749 24.1317 24.1115
threshold=5780.7256235827672 0.87646076963110475 102.74500000000002 155.90500000000003 304.41500000000002 430.00000000000028 1495.0000000000002 0 1 1.0000000180025095e-35 4184.0950000000003 260.19500000000005 1243.8150000000003 565.73000000000013 -13.974764030551077 510.00000000000017 0.09418591360291656 3968.3900226757373 278.19500000000005 3968.3900226757373 247.79500000000004 104.27499999999999 247.92000000000004 -121.80000000000005 0.057972367438386803 242.87500000000003 270.25500000000005 615.00000000000011 285.00000000000006 93.865000000000023
decision_type=2 2 2 2 2 2 2 1 9 2 2 2 2 2 2 2 2 2 2 2 2 2 2 2 2 2 2 2 2 2
left_child=1 2 6 7 16 10 19 23 -8 -7 11 -5 13 17 20 -3 18 22 -2 -1 -14 -22 -9 -4 -17 -15 -11 -21 -13 -26
right_child=4 15 3 5 -6 9 8 12 -10 26 -12 28 14 25 -16 24 -18 -19 -20 27 21 -23 -24 -25 29 -27 -28 -29 -30 -31
leaf_value=-1.3540678212918227 1.2564427352286842 -2.2777574040946784 -0.073201280327781157 0.098820652942927023 -1.7912969371111709 -0.040818218110357664 2.5162539308049254 1.0553367481961644 -2.435822226015905 -0.1516496802190723 2.714278324290639 -0.18207714209726192 0.33727643830986553 -2.9715838381765582 -0.89274882080122997 -0.83668914296413033 -0.22641308551188077 -1.4232838580129841 0.059237744311734279 -1.7004959431442264 0.010954899397857787 2.084996247917843 -0.025949884189400765 0.85390096964923579 -1.5367991731383854 0.40767487559476834 2.3870799826781357 -4.1635055718897078 -0.35321890257845756 1.07800379971564
leaf_weight=258.79999652504921 823.00000560283661 567.20000836253166 251.60000374913216 131.50000184774399 99.800001442432404 177.20000264048576 101.19999918341637 229.20000243186951 46.199999749660492 32.000000476837158 45.200000673532486 98.300001442432404 693.00000947713852 148.10000160336494 31.200000464916229 161.90000239014626 74.400000661611557 41.100000232458115 113.00000154972076 312.99999603629112 180.00000268220901 357.60000523924828 22.400000333786011 84.70000097155571 18.80000028014183 43.100000619888306 174.00000259280205 458.09999451041222 743.2000105381012 62.400000929832458
leaf_count=401 1834 1415 629 325 248 443 175 540 84 80 113 245 1704 350 78 404 171 90 278 493 450 891 56 202 47 107 435 732 1840 156
internal_value=0.000636662 -0.00519466 -0.000297165 0.00821898 0.0293731 -0.0093478 -0.0254948 0.0200432 0.0257802 0.02119 -0.0208407 -0.0236382 0.0248647 0.00957843 0.0309241 -0.0333642 0.0367478 0.0329177 0.0402457 -0.0328333 0.0327483 0.0228981 0.0419714 -0.00555876 -0.011991 -0.0261506 0.041068 -0.038458 -0.0293345 0.014532
internal_weight=6581.2 5471 4660.7 3483.4 1110.2 1401.4 1177.3 2082 147.4 383.2 1018.2 973 1745.7 483.9 1261.8 810.3 1010.4 292.7 936 1029.9 1230.6 537.6 251.6 336.3 243.1 191.2 206 771.1 841.5 81.2
internal_count=15016 12485 10463 8578 2531 3481 1885 5097 259 958 2523 2410 4266 1143 3123 2022 2283 686 2112 1626 3045 1341 596 831 607 457 515 1225 2085 203
cat_boundaries=0 1 2
cat_threshold=1 4
is_linear=0
shrinkage=0.05


Tree=11
num_leaves=31
num_cat=1
split_feature=8 30 14 29 16 10 10 19 9 15 8 30 44 8 24 53 9 16 10 62 16 41 10 5 59 9 8 8 29 16
split_gain=450.072 302.092 271.008 330.04 248.261 225.238 154.99 199.541 115.648 87.9677 65.5452 63.9312 51.8598 49.2462 48.051 47.0154 62.9047 62.2969 46.9185 46.0509 43.9795 36.4553 44.3692 36.3956 36.1811 47.2696 33.0726 30.5005 27.6473 29.4166
threshold=5780.7256235827672 2.7299999999997913 101.23500000000003 -91.984999999999999 0.85243715444375157 306.65500000000003 247.79500000000004 420.00000000000017 1165.7100000000003 75.885000000000005 5405.7596371882091 6.0149999999999872 0.087751630280691759 5140.1587301587306 945.00000000000011 0 534.71500000000015 0.8972527151441646 278.19500000000005 4083.3800000000006 0.85999009314261032 0.023532668881506052 270.13500000000005 0.32051282051282054 321.84000000000009 1039.1150000000002 5405.7596371882091 5280.7709750566901 -180.98999999999998 0.85999009314261032
decision_type=2 2 2 2 2 2 2 2 2 2 2 2 2 2 2 9 2 2 2 2 2 2 2 2 2 2 2 2 2 2
left_child=1 10 4 6 14 12 23 19 -5 20 15 -10 18 -6 -3 16 -1 -17 -2 28 -9 22 -15 24 -4 -26 -11 -19 -8 -30
right_child=5 2 3 8 13 -7 7 9 11 26 -12 -13 -14 21 -16 17 -18 27 -20 -21 -22 -23 -24 -25 25 -27 -28 -29 29 -31
leaf_value=-0.20048148343915673 1.1979074436568702 1.1781254095833311 0.77313387284001323 -1.9161776843571183 -0.80214937722443269 -1.7984472311409427 -1.5438286580077731 -0.24086437762515872 2.5163486439427829 2.7059458407791177 -2.3804435932849235 -0.78113214417654153 -0.024934772134970019 0.028203840220923839 0.029220201413092187 0.052421954172060484 -4.50700466152652 -4.3274269491474193 0.055297062733371406 2.8462489528301362 1.2159713362612188 1.0411555611274366 -0.1242963123669668 0.30594869510197142 -1.7878028885972315 0.24926034391110863 -0.072071650099653092 -0.2677110810605221 -0.056238890778314503 1.5868140668658235
leaf_weight=199.30000138282776 809.00000557303429 112.90000134706497 258.1000015437603 604.39999139308929 522.70000767707825 90.200001299381256 75.200001120567322 129.60000193119049 83.599999099969864 402.0000059902668 332.10000184178352 58.999999850988388 85.000000864267349 57.20000085234642 252.80000314116478 350.1000043451786 294.49999940395355 128.00000190734863 120.10000163316727 58.800000876188278 77.600001156330109 29.600000441074371 143.60000213980675 526.70000746846199 45.800000101327896 83.000001192092896 36.400000542402267 63.200000941753387 512.400007635355 42.400000631809235
leaf_count=445 1805 271 568 920 1303 224 188 324 137 1005 726 113 199 143 611 846 569 320 295 147 194 74 359 1304 95 206 91 158 1281 106
internal_value=0.000585395 -0.00528188 0.00148524 0.00932888 -0.019512 0.0297066 0.0188968 0.00803357 -0.0194645 0.028005 -0.0256437 0.0210379 0.0364412 -0.0359248 0.0142877 -0.0194426 -0.0305994 -0.00926473 0.0398612 -0.0106852 0.0011583 -0.0166667 -0.0243028 0.0347636 0.0231197 0.00147516 0.0406934 -0.0322176 -0.0146349 -0.0107787
internal_weight=6585.3 5481 4113.8 2995 1118.8 1104.3 2248 1334.4 747 645.6 1367.2 142.6 1014.1 753.1 365.7 1035.1 493.8 541.3 929.1 688.8 207.2 230.4 200.8 913.6 386.9 128.8 438.4 191.2 630 554.8
internal_count=15027 12504 9440 6679 2761 2523 5509 3336 1170 1614 3064 250 2299 1879 882 2338 1014 1324 2100 1722 518 576 502 2173 869 301 1096 478 1575 1387
cat_boundaries=0 1
cat_threshold=1
is_linear=0
shrinkage=0.05


Tree=12
num_leaves=31
num_cat=2
split_feature=8 30 16 16 14 12 9 8 12 25 8 8 16 16 55 9 8 41 39 59 46 8 12 14 15 8 8 11 8 39
split_gain=409.322 288.46 252.23 323.503 276.503 156.694 155.647 128.679 90.4451 76.463 61.6802 60.2242 57.7793 57.6551 51.4424 83.6264 50.6836 51.0224 49.0437 47.0653 45.2028 42.4351 39.0779 37.4735 35.7907 30.2298 28.6068 28.1581 27.9744 27.1131
threshold=5780.7256235827672 1.3850000000002185 0.85159284962572424 0.75810625034044754 101.86499999999999 180.02000000000001 1165.7100000000003 5405.7596371882091 143.13000000000002 460.00000000000017 4030.8843537414969 5202.6530612244906 0.86977500790663553 0.50002781486426351 0 1108.3200000000004 5140.1587301587306 0.023532668881506052 -13.311295264098787 1.0000000180025095e-35 1 6218.1859410430852 228.92000000000004 100.66500000000003 78.000000000000028 5530.7482993197291 5405.7596371882091 685.07000000000016 5233.9002267573705 -32.239907805385549
decision_type=2 2 2 2 2 2 2 2 2 2 2 2 2 2 9 2 2 2 2 2 1 2 2 2 2 2 2 2 2 2
left_child=1 10 3 6 16 21 -3 9 14 28 12 24 -1 -8 15 -5 -4 -18 -16 27 25 29 23 -7 -10 -13 -21 -12 -6 -2
right_child=5 2 4 8 7 22 13 -9 11 -11 19 20 -14 -15 18 -17 17 -19 -20 26 -22 -23 -24 -25 -26 -27 -28 -29 -30 -31
leaf_value=0.05935766276006902 -0.66340133801761647 -1.8393555376170418 -0.64912241375297131 -1.9823416935648959 -0.3014005551204022 0.091184368193259507 -0.11859930723041999 -1.0987603809817337 -0.043719514782768698 1.8505696518714558 -0.7327877266363757 1.578436828802837 -2.6044822020439997 2.0597974068907741 0.5221481791296938 2.3465462387533278 -0.080081389937095085 1.0938423102364283 -0.84007226776151078 -0.81163349643688898 -0.026734088323581776 -0.89887348716400628 -2.9250249134529143 -0.1015076823814674 1.5348919346789083 -0.38399350941534394 -0.93101685207100682 -3.6669582822552584 3.5223251621812217 1.101563229641817
leaf_weight=243.60000264644623 20.700000196695328 693.69999060034752 562.60000824928284 60.60000067949295 86.400001287460327 82.200001180171967 98.500001132488251 112.30000138282776 365.40000540018082 289.20000422000885 73.800000339746475 290.30000421404839 90.800001353025436 131.29999884963036 821.70001021027565 106.00000157952309 222.40000331401825 38.800000578165054 19.900000274181366 323.20000383257866 111.70000159740448 32.100000411272049 51.50000074505806 65.60000079870224 103.60000145435333 30.800000458955765 132.00000196695328 435.19999942183495 24.800000369548798 845.10000622272491
leaf_count=576 48 1072 1402 144 216 204 235 271 912 720 159 722 227 224 1986 265 556 97 49 775 277 78 128 158 256 77 330 851 62 1899
internal_value=0.000519358 -0.0050726 0.00133573 0.00978119 -0.0165694 0.0283904 -0.0145154 0.0122586 0.0215288 0.0255245 -0.0256507 0.0100244 -0.00714713 0.0211488 0.0318191 0.00481314 -0.0345108 -0.0163093 0.0366721 -0.032068 0.023475 0.0372926 -0.011716 0.00135318 -0.00238806 0.0324524 -0.0203866 -0.0425147 -0.00971223 0.0393855
internal_weight=6565.8 5468.6 4170 2833.5 1336.5 1097.2 923.5 512.7 1910 400.4 1298.6 901.8 334.4 229.8 1008.2 166.6 823.8 261.2 841.6 964.2 432.8 897.9 199.3 147.8 469 321.1 455.2 509 111.2 865.8
internal_count=14976 12461 9543 6219 3324 2515 1531 1269 4688 998 2918 2244 803 459 2444 409 2055 653 2035 2115 1076 2025 490 362 1168 799 1105 1010 278 1947
cat_boundaries=0 1 2
cat_threshold=4 4
is_linear=0
shrinkage=0.05


Tree=13
num_leaves=31
num_cat=1
split_feature=10 28 14 24 10 23 30 10 22 62 16 10 12 22 41 14 41 39 41 44 53 12 5 20 17 14 42 5 18 39
split_gain=335.982 417.796 304.214 233.395 156.406 150.048 139.824 121.442 113.779 76.8383 73.4766 65.3177 60.955 54.9368 42.6422 42.3097 36.5734 35.017 32.7044 32.2879 31.6415 27.9972 27.2602 25.7787 24.6209 24.6828 24.5758 24.3326 22.5763 21.1805
threshold=299.31000000000006 1155.0000000000002 101.37 1025.0000000000002 251.06500000000003 415.00000000000006 -6.6050000000001878 247.79500000000004 439.99999999999994 3851.9750000000008 0.73621122826482766 244.06500000000003 175.00500000000002 395.00000000000006 0.016397849462365551 98.555000000000021 0.022474747474747453 -14.502419079304792 0.056079664570230552 0.031329741990360059 0 292.41000000000003 0.39230769230769236 675.00000000000011 4115.0000000000009 105.01500000000003 0.96928268265483852 0.39230769230769236 1555.0000000000002 -35.416977141720302
decision_type=2 2 2 2 2 2 2 2 2 2 2 2 2 2 2 2 2 2 2 2 9 2 2 2 2 2 2 2 2 2
left_child=1 3 4 5 17 -1 19 29 9 22 -7 23 16 -2 24 -14 -6 -3 -15 27 -21 -20 -9 -12 25 -10 -5 -4 -28 -8
right_child=13 2 6 26 12 10 7 8 14 -11 11 -13 15 18 -16 -17 -18 -19 21 20 -22 -23 -24 -25 -26 -27 28 -29 -30 -31
leaf_value=-1.0307944032537855 -3.0901993185402041 0.66289694535177335 2.8414978205212145 -3.0679384902191265 -0.076077320440240473 -1.5364010156290158 -0.15353441264407552 0.082324125505969903 -0.040245852599690581 1.0194850223833591 0.94986986179426225 -0.035417448802001421 -0.15893397797782002 -1.0139236911317646 2.2690773237550981 0.15546485575180782 -0.24159814584303307 -0.80756877644374758 0.89213011392434116 -3.9464231169934196 0.026269827016347592 -1.9672028754616104 -0.046559618108784666 -1.0143877683655844 1.0194850223833591 1.0455604810651971 -1.9706884577941997 -0.13726811367376329 0.37416222705677882 0.75888565825349952
leaf_weight=371.09999737143517 466.10000652074814 202.60000225901604 44.899999886751175 494.39999833703041 424.20000627636909 80.099998980760574 30.600000321865082 276.40000402927399 112.00000166893005 258.10000377893448 278.10000255703926 59.200000882148743 237.60000345110893 253.20000377297401 340.80000507831573 84.800001263618469 190.00000283122063 19.900000274181366 72.800001084804535 137.70000073313713 87.200001299381256 22.000000327825546 379.50000536441803 18.700000166893005 88.800001323223114 143.20000213384628 378.59999746084213 20.700000286102295 36.699999630451202 971.70000538229942
leaf_count=654 1151 481 86 933 1059 126 72 688 280 643 642 148 591 633 852 212 475 49 182 300 218 55 939 43 222 358 672 51 61 2124
internal_value=0.000324384 0.00456862 0.0133298 -0.0161017 -0.00831248 0.00346878 0.0220051 0.0256795 0.0171253 0.00557987 0.0233547 0.0330899 -0.0172646 -0.0297445 0.032535 0.000341191 -0.026506 0.0293708 -0.0147126 -0.010895 -0.0198977 0.0103376 -0.00351426 0.042655 0.0201163 0.0122257 -0.0334671 0.0199695 -0.0245004 0.0393246
internal_weight=6581.7 5767.6 4050.7 1716.9 1159.1 807.2 2891.6 2601.1 1598.8 914 436.1 356 936.6 814.1 684.8 322.4 614.2 222.5 348 290.5 224.9 94.8 655.9 296.8 344 255.2 909.7 65.6 415.3 1002.3
internal_count=15000 12979 9700 3279 2867 1613 6833 6178 3982 2270 959 833 2337 2021 1712 803 1534 530 870 655 518 237 1627 685 860 638 1666 137 733 2196
cat_boundaries=0 1
cat_threshold=1
is_linear=0
shrinkage=0.05


Tree=14
num_leaves=31
num_cat=1
split_feature=8 30 14 29 16 12 10 25 9 14 8 10 30 8 10 16 53 9 5 10 41 44 10 57 8 15 24 29 9 8
split_gain=317.514 271.523 230.368 271.408 207.856 185.401 138.458 202.817 103.978 85.8801 68.7904 67.9205 59.2289 58.8471 61.2664 50.8499 49.1616 44.8189 44.2077 44.0465 47.3063 43.7134 41.2603 39.757 34.8608 45.1904 31.7404 29.9693 28.8117 26.8397
threshold=5843.2199546485272 3.8600000000000709 101.13500000000003 -91.984999999999999 0.84290713456012734 165.99500000000003 247.44500000000002 509.99999999999972 1165.7100000000003 105.18500000000002 5093.287981859411 309.58500000000004 6.0149999999999872 4093.3786848072564 276.66500000000008 0.85999009314261032 0 3634.5650000000005 0.26136363636363641 270.25500000000005 0.023532668881506052 0.11298554011908131 269.13500000000005 109.23000000000002 5405.7596371882091 61.290000000000013 945.00000000000011 -180.98999999999998 1540.8100000000002 5405.7596371882091
decision_type=2 2 2 2 2 2 2 2 2 2 2 2 2 2 2 2 9 2 2 2 2 2 2 2 2 2 2 2 2 2
left_child=1 13 4 6 22 21 18 17 -5 15 -6 -7 -10 14 -1 -9 -15 27 23 -12 -21 -2 26 28 25 -18 -3 -8 -4 -11
right_child=5 2 3 8 10 11 7 9 12 29 19 -13 -14 16 -16 -17 24 -19 -20 20 -22 -23 -24 -25 -26 -27 -28 -29 -30 -31
leaf_value=0.030305093625950977 1.2256942207810149 1.0496183286107013 0.58373074559238702 -1.7355294670007748 -0.63534878917440452 0.041593655788560828 -1.298968122928885 -0.25903613939805509 2.3795834949243151 2.4823659798298703 0.0071014311408532649 -2.3474740801391727 -0.80146557117445882 -2.8908767299598552 -3.4147481307831615 0.9259861344230842 -2.1357946070915843 2.7367130961655586 0.21936587301834651 -0.14432686747475573 1.1180116192898097 -4.6455561750357601 -0.59893550739507118 -0.41575837480215516 -0.73659085877615171 0.30770657147682634 0.17954862775026756 -0.036929937436272556 -0.26474801694060163 -0.022779655086084462
leaf_weight=307.50000241398811 642.40000313520432 107.30000126361847 283.10000196099281 586.09999167919159 516.60000756382942 335.70000475645065 82.000001221895218 134.80000200867653 81.999999076128006 402.40000599622726 80.000001192092896 70.30000102519989 59.899999886751175 582.69999900460243 109.2000016272068 76.400001138448715 117.50000163912773 48.400000721216202 508.30000728368759 143.60000213980675 24.800000369548798 26.300000101327896 27.200000405311584 63.800000458955765 168.70000240206718 173.30000251531601 178.50000196695328 601.60000896453857 27.70000034570694 33.600000500679016
leaf_count=696 1390 257 632 893 1287 831 205 337 133 1006 200 175 116 1132 273 191 290 121 1261 359 62 56 68 143 418 431 423 1504 67 84
internal_value=-0.000111335 -0.00494663 0.00168998 0.00883415 -0.0181262 0.0247557 0.0173799 0.0074826 -0.0177198 0.0278739 -0.0321699 -0.00189655 0.0206836 -0.0234526 -0.00757139 0.00170455 -0.0298023 -0.0105464 0.0328406 -0.0105475 -0.0250594 0.0409376 0.0161981 0.0198078 -0.0175734 -0.00708391 0.0217985 -0.0138385 0.0271879 0.0405505
internal_weight=6601.7 5527 4068.1 2990.1 1078 1074.7 2262.1 1379.2 728 647.2 765 406 141.9 1458.9 416.7 211.2 1042.2 732 882.9 248.4 168.4 668.7 313 374.6 459.5 290.8 285.8 683.6 310.8 436
internal_count=15041 12589 9349 6693 2656 2452 5551 3448 1142 1618 1908 1006 249 3240 969 528 2271 1830 2103 621 421 1446 748 842 1139 721 680 1709 699 1090
cat_boundaries=0 1
cat_threshold=1
is_linear=0
shrinkage=0.05


Tree=15
num_leaves=31
num_cat=1
split_feature=8 30 14 29 16 10 10 25 11 15 8 8 10 10 53 30 17 24 5 10 41 8 8 16 10 41 12 59 10 29
split_gain=302.594 263.558 217.708 249.681 199.396 192.444 138.937 186.385 106.765 89.1281 75.3053 63.6613 61.7079 61.5108 58.6325 57.1515 49.1266 46.6631 44.516 43.3247 43.8676 41.004 39.0888 37.4641 32.7778 34.1893 34.7772 32.5767 31.4718 30.1346
threshold=5780.7256235827672 3.8600000000000709 101.045 -91.984999999999999 0.85275655397556693 268.58500000000004 247.27500000000003 509.99999999999972 1479.575 75.745000000000019 5140.1587301587306 4030.8843537414969 312.42500000000007 287.76000000000005 0 6.0149999999999872 3825.0000000000005 945.00000000000011 0.26136363636363641 270.25500000000005 0.023532668881506052 6280.6802721088443 5405.7596371882091 0.8622961208600336 287.76000000000005 0.018693221523410155 239.21000000000001 370.76500000000004 242.87500000000003 -180.98999999999998
decision_type=2 2 2 2 2 2 2 2 2 2 2 2 2 2 9 2 2 2 2 2 2 2 2 2 2 2 2 2 2 2
left_child=1 11 4 6 17 21 18 16 -5 23 -6 13 -7 -1 -13 -10 29 -3 27 -12 -21 -2 -11 -9 -16 -26 -27 28 -4 -8
right_child=5 2 3 8 10 12 7 9 15 22 19 14 -14 -15 24 -17 -18 -19 -20 20 -22 -23 -24 -25 25 26 -28 -29 -30 -31
leaf_value=0.040868198355769894 1.2044395237248247 1.001065562217663 0.70218992297766369 -1.6184282600950615 -0.70021140513033309 0.020301804285506365 -1.2778877931545871 -0.25126015960159193 2.2606043201780994 2.320386829432326 0.0067463595838106018 -2.7583133431787821 -2.6056156511811563 -3.5089107410286715 0.090936673888448644 -0.75457176155834782 2.9704012596314082 0.018131121960744425 0.22700590354160824 -0.13711052410101773 0.92357404350148053 -0.93438241280890544 -0.15244442179921691 0.99217671621011627 -1.0303881129530446 2.4183346987159542 -1.7235970265280649 -0.04861087727321696 -0.038310336421750441 -0.029735920089557766
leaf_weight=317.40000280737877 643.00000265240669 113.20000132918358 227.50000113248825 572.8999919295311 494.70000725984573 382.40000542998314 79.200001180171967 144.40000215172768 85.599999040365219 410.40000611543655 76.000001132488251 582.49999895691872 62.700000911951065 90.800001353025436 133.50000169873238 60.299999892711639 47.200000703334808 232.70000272989273 483.30000686645508 130.00000193715096 26.400000393390656 19.100000262260437 34.400000512599945 75.200001120567322 222.80000331997871 32.800000488758087 73.200001090764999 111.10000109672546 25.900000363588333 632.40000942349434
leaf_count=729 1375 271 493 875 1233 947 198 361 139 1026 190 1130 156 227 324 117 118 557 1197 325 66 47 86 188 557 82 183 259 64 1581
internal_value=9.81429e-05 -0.00469016 0.00184602 0.00877985 -0.0174744 0.0239523 0.0169089 0.00736369 -0.0169032 0.0267008 -0.0323408 -0.0229663 -0.00147158 -0.00622244 -0.029508 0.0212817 -0.00956774 0.0137757 0.0329323 -0.00886403 -0.023913 0.0410436 0.0395683 0.000637523 -0.0162124 -0.0246959 -0.00132075 0.0197394 0.0296369 -0.0128443
internal_weight=6623 5515.8 4062.8 2989.8 1073 1107.2 2271 1423.2 718.8 664.4 727.1 1453 445.1 408.2 1044.8 145.9 758.8 345.9 847.8 232.4 156.4 662.1 444.8 219.6 462.3 328.8 106 364.5 253.4 711.6
internal_count=15101 12576 9344 6702 2642 2525 5571 3558 1131 1661 1814 3232 1103 956 2276 256 1897 828 2013 581 391 1422 1112 549 1146 822 265 816 557 1779
cat_boundaries=0 1
cat_threshold=1
is_linear=0
shrinkage=0.05


Tree=16
num_leaves=31
num_cat=3
split_feature=8 30 14 29 12 30 23 19 12 30 8 8 14 46 8 12 14 12 12 2 55 8 18 14 30 14 14 8 39 29
split_gain=313.973 224.551 187.716 213.591 166.818 157.561 104.76 102.193 138.459 62.5984 61.7114 59.1549 65.1451 57.2679 56.8948 58.2181 56.7668 54.9751 51.1435 43.8773 42.5 41.0695 38.6207 37.9195 36.1216 30.7658 30.7096 28.7511 29.4653 26.4662
threshold=5843.2199546485272 3.8600000000000709 101.13500000000003 -91.984999999999999 165.79500000000004 6.9600000000000088 1195.0000000000002 430.00000000000028 141.81000000000003 4.6450000000000964 5140.1587301587306 5093.287981859411 89.535000000000011 0 4093.3786848072564 187.05000000000004 105.01500000000003 199.21000000000001 239.21000000000001 1 2 6218.1859410430852 665.00000000000011 99.114999999999995 4.0000000000001146 94.685000000000016 113.325 5405.7596371882091 -31.938368138680982 -56.905000000000022
decision_type=2 2 2 2 2 2 2 2 2 2 2 2 2 1 2 2 2 2 2 9 9 2 2 2 2 2 2 2 2 2
left_child=1 14 5 7 21 11 -5 8 20 -8 -10 12 -3 -12 15 25 -9 29 -6 22 -4 -2 -16 -13 -18 -1 -22 28 -21 -7
right_child=4 2 3 6 18 17 9 16 10 -11 13 23 -14 -15 19 -17 24 -19 -20 27 26 -23 -24 -25 -26 -27 -28 -29 -30 -31
leaf_value=0.36128631809770301 1.1026866887861246 1.2641501776179518 -0.073180188451059891 -1.5414568230577157 0.022481837561618791 0.88801217729525639 2.033573402264897 0.11037335968179321 -0.039011857813164144 -0.71684317348043014 0.14043554889327794 -0.096201691650963289 -0.65900391193831354 -0.82795205829243557 -0.40586107686680073 -3.160582388724599 2.0999950298156338 -3.4787391873436371 -2.688034866047178 -2.0930733848336316 0.28428090335577 -0.77774234545899434 -2.9727923873239543 0.0064090416046198584 -1.0841722629213251 -0.022081787280951205 0.36208050312272566 -0.64971685017558878 -0.060123110602461519 -0.29858641599985847
leaf_weight=65.000000923871994 619.60000297427177 45.90000057220459 103.80000096559525 586.99999153614044 362.00000512599945 163.60000225901604 90.599998980760574 215.60000321269035 486.00000724196434 62.699999839067459 310.8000046312809 140.8000020980835 531.80000787973404 94.400001406669617 97.000000238418579 100.00000149011612 556.20000779628754 37.200000464916229 45.500000655651093 67.900000989437103 366.70000490546227 24.500000298023224 439.49999901652336 111.60000166296959 36.89999994635582 250.90000161528587 100.90000054240227 170.60000240802765 273.10000306367874 40.599999934434891
leaf_count=161 1339 111 240 890 896 403 147 539 1215 120 777 352 1328 236 202 250 1374 90 113 169 898 59 846 279 72 556 220 422 649 79
internal_value=-4.92521e-05 -0.004798 0.00122578 0.00762053 0.025 -0.0167476 -0.0157031 0.0152226 0.00733625 0.0211024 -0.00498205 -0.0270871 -0.0359096 0.00942744 -0.0215984 -0.00595095 0.0294856 0.018807 -3.68098e-05 -0.0278075 0.0265488 0.0408399 -0.03785 -0.00689382 0.0374726 0.00457423 0.0326005 -0.0162193 -0.00815249 0.0289912
internal_weight=6598.7 5547.1 4083.1 3011.6 1051.6 1071.5 740.3 2271.3 1462.6 153.3 891.2 830.1 577.7 405.2 1464 415.9 808.7 241.4 407.5 1048.1 571.4 644.1 536.5 252.4 593.1 315.9 467.6 511.6 341 204.2
internal_count=15032 12625 9370 6728 2407 2642 1157 5571 3586 267 2228 2070 1439 1013 3255 967 1985 572 1009 2288 1358 1398 1048 631 1446 717 1118 1240 818 482
cat_boundaries=0 1 2 3
cat_threshold=5 4 4
is_linear=0
shrinkage=0.05


Tree=17
num_leaves=31
num_cat=0
split_feature=8 30 14 29 10 16 10 25 9 41 8 8 10 10 10 30 10 44 57 17 5 41 59 10 12 14 28 71 17 15
split_gain=304.992 213.835 179.075 173.219 173.098 170.552 133.165 192.605 112.44 83.9944 70.5868 53.9743 57.2433 53.6286 51.6091 50.2725 49.2313 48.1857 45.5306 43.0072 41.5129 41.3745 39.3014 33.7333 33.4407 32.3657 30.7919 30.1855 26.9864 26.4943
threshold=5843.2199546485272 3.8600000000000709 100.90500000000002 -91.984999999999999 266.08500000000004 0.85842537999806379 246.72500000000002 509.99999999999972 1243.8150000000003 0.016397849462365551 5093.287981859411 4093.3786848072564 289.55500000000006 323.13000000000005 239.57000000000002 4.6450000000000964 270.25500000000005 0.098809186277289462 63.765000000000008 3825.0000000000005 0.26136363636363641 0.023532668881506052 370.76500000000004 242.19000000000003 185.01500000000001 95.24499999999999 735.00000000000011 -15.274775975430249 465.00000000000006 76.640000000000015
decision_type=2 2 2 2 2 2 2 2 2 2 2 2 2 2 2 2 2 2 2 2 2 2 2 2 2 2 2 2 2 2
left_child=1 11 5 6 17 14 20 19 -5 -9 -7 12 25 -6 -3 -10 -12 -2 26 24 22 -18 23 28 29 -1 -13 -22 -4 -8
right_child=4 2 3 8 13 10 7 9 15 -11 16 18 -14 -15 -16 -17 21 -19 -20 -21 27 -23 -24 -25 -26 -27 -28 -29 -30 -31
leaf_value=0.27272181908734938 1.0846463560831034 0.7366428577323525 -1.0513522258655343 -1.3907839758013143 0.022949716234433738 -0.85906770443736069 -0.030024699168092896 0.098318704542838739 2.0249947077375903 1.8225845661456264 0.0062135208598377289 -0.6129770649342362 -3.2695532769177635 -2.5470638728857473 -0.075511204848235286 -0.61348597046851416 -0.12544491331341875 -2.9806599966769514 -0.56652490154612678 2.4783245820960147 0.24525915642868412 0.92897721671722167 -0.081970821718490336 -0.053679617039566099 -1.1725958005822357 -0.040263441044203319 -2.8143385954078286 -0.75696299939293332 0.70935948758043921 0.37776161095965366
leaf_weight=80.200001150369644 605.1000027358532 193.70000210404396 25.199999749660492 582.89999163150787 386.90000551939011 429.30000633001328 552.40000823140144 288.40000429749489 92.099998891353607 388.00000578165054 68.000001013278961 105.80000019073486 88.40000131726265 47.600000709295273 193.50000268220901 55.499999821186066 137.20000204443932 30.400000184774399 495.20000639557838 50.400000751018524 400.30000567436218 26.000000387430191 108.20000103116035 24.300000339746475 84.00000125169754 241.50000160932541 451.89999920129776 18.700000256299973 206.90000140666962 150.80000224709511
leaf_count=199 1302 458 42 885 959 1071 1381 721 147 970 170 218 221 119 477 105 343 67 1205 126 991 65 251 60 210 537 877 46 461 377
internal_value=-3.63152e-05 -0.00475735 0.00112861 0.00729335 0.0244019 -0.0166889 0.0140364 0.00537649 -0.0139151 0.0252218 -0.0321347 -0.0211552 -0.00576689 8.05523e-05 0.00965909 0.0250678 -0.00986159 0.0410307 -0.0271488 -0.0106495 0.0307682 -0.0247549 0.0184312 0.0290952 -0.0135163 0.00402549 -0.0369464 0.0415036 0.0349634 -0.00995449
internal_weight=6608.8 5538.8 4075.8 3028.1 1070 1047.7 2297.6 1514 730.5 676.4 660.5 1463 410.1 434.5 387.2 147.6 231.2 635.5 1052.9 837.6 783.6 163.2 364.6 256.4 787.2 321.7 557.7 419 232.1 703.2
internal_count=15061 12614 9357 6773 2447 2584 5636 3785 1137 1691 1649 3257 957 1078 935 252 578 1369 2300 2094 1851 408 814 563 1968 736 1095 1037 503 1758
is_linear=0
shrinkage=0.05


Tree=18
num_leaves=31
num_cat=0
split_feature=8 30 10 62 10 10 9 24 15 12 41 8 10 8 8 44 8 10 23 10 71 31 10 22 10 22 57 33 8 10
split_gain=298.292 207.427 185.837 172.337 168.697 82.2291 287.242 165.373 148.11 139.542 62.8211 61.2903 55.921 54.3659 48.3767 45.3629 40.3422 37.9653 44.5497 36.6443 34.6263 32.4825 31.7458 36.0514 32.7882 31.6472 30.8796 30.1434 28.3562 26.0315
threshold=5780.7256235827672 -4.3600000000000128 265.44500000000005 4012.3900000000003 295.72500000000008 246.29500000000004 1180.4250000000002 1025.0000000000002 76.080000000000013 97.580000000000013 0.020620748299319706 3968.3900226757373 314.44000000000005 5202.6530612244906 5405.7596371882091 0.060249503827615507 5093.287981859411 241.51500000000001 415.00000000000006 295.72500000000008 -13.974764030551077 124.22500000000015 249.46500000000003 369.99999999999972 270.25500000000005 404.99999999999994 71.375000000000014 0.23358697955526445 5405.7596371882091 247.92000000000004
decision_type=2 2 2 2 2 2 2 2 2 2 2 2 2 2 2 2 2 2 2 2 2 2 2 2 2 2 2 2 2 2
left_child=1 11 15 4 5 6 7 9 13 -3 28 19 -4 21 16 -2 -5 18 -11 -1 -8 -7 -15 24 -24 -6 -13 -9 -10 -16
right_child=2 3 12 14 25 8 20 27 10 17 -12 26 -14 22 29 -17 -18 -19 -20 -21 -22 -23 23 -25 -26 -27 -28 -29 -30 -31
leaf_value=0.041942049854239376 1.1148508190011768 -1.1963948376649352 0.021802230422711944 -0.91497936714801265 -2.7951143630845117 -0.035560029964101146 0.39886511343074105 -2.3458857702857538 0.70344617617946881 -0.70721525276500652 1.8735341380865336 -2.521575496129981 -2.3448764690998241 0.10757601166166637 0.1531817203472251 0.42251305168248482 2.0804363119922704 -0.042924578740691999 0.77071572923926013 -2.7771848681239888 -0.7133485234914162 -0.089836525946548562 0.048367173113632589 -0.11917266764774795 -0.0086693949720803697 -1.0226646072820473 -0.73572686312679569 -1.073078197899902 -0.22959677887333144 -0.099045950094200211
leaf_weight=209.70000278949738 567.40000206232071 295.9999960064888 402.80000573396683 25.800000339746475 278.90000382065773 204.6000030040741 605.50000515580177 243.79999786615372 237.10000324249268 52.499999463558197 223.40000328421593 462.00000098347664 55.10000079870224 61.500000894069672 24.500000298023224 85.700000673532486 341.40000504255295 21.100000292062759 272.80000245571136 51.200000762939453 26.500000238418579 651.60000970959663 72.800001084804535 178.00000265240669 43.200000643730164 98.000001460313797 385.20000520348549 273.1999970972538 103.70000138878822 60.300000876188278
leaf_count=513 1204 458 998 63 686 510 1384 416 583 87 557 957 137 153 59 194 852 52 628 128 61 1629 182 445 108 245 945 449 254 150
internal_value=0.000210875 -0.00455916 0.0238434 0.000313908 -0.00303737 0.000323774 0.0078821 -0.00690012 -0.00730052 0.0100405 0.0138603 -0.0238922 -0.000578729 -0.0171536 0.0295575 0.0409662 0.0374183 0.031582 0.0357977 -0.00270218 0.035 -0.023978 -0.0007173 -0.00755102 0.0141379 -0.0348501 -0.0304178 -0.0279497 0.000352113 -0.00448113
internal_weight=6615.3 5504.3 1111 4396.2 3944.2 3567.3 1791.4 1159.4 1775.9 642.4 564.2 1108.1 457.9 1211.7 452 653.1 367.2 346.4 325.3 260.9 632 856.2 355.5 294 116 376.9 847.2 517 340.8 84.8
internal_count=15087 12554 2533 10011 8887 7956 3535 2090 4421 1225 1394 2543 1135 3027 1124 1398 915 767 715 641 1445 2139 888 735 290 931 1902 865 837 209
is_linear=0
shrinkage=0.05


Tree=19
num_leaves=31
num_cat=4
split_feature=8 10 12 10 53 62 10 30 15 31 55 22 8 17 10 23 39 44 8 23 10 41 31 22 16 53 8 46 8 64
split_gain=284.928 195.677 188.686 173.419 158.181 128.72 154.264 146.767 116.872 88.4928 88.2895 70.2067 63.2143 60.3257 58.1721 52.0368 49.0328 45.2474 45.0468 39.8366 37.1898 38.3408 36.0144 32.6247 39.831 28.7533 28.202 26.2826 32.6114 25.7871
threshold=5780.7256235827672 295.72500000000008 97.580000000000013 264.42500000000007 0 4519.2650000000012 246.15500000000003 -9.9999999999998845 76.440000000000055 232.80499999999986 1 429.99999999999994 3968.3900226757373 1115.0000000000002 323.13000000000005 615.00000000000011 -13.311295264098787 0.060249503827615507 5280.7709750566901 435.00000000000006 248.21500000000003 0.024099883855981403 124.22500000000015 369.99999999999972 0.89786446881112913 2 5405.7596371882091 3 5405.7596371882091 1.0000000180025095e-35
decision_type=2 2 2 2 9 2 2 2 2 2 9 2 2 2 2 2 2 2 2 2 2 2 2 2 2 9 2 1 2 2
left_child=1 2 4 17 13 6 7 -4 18 25 16 -3 -12 -1 -5 -6 19 -2 22 -9 -20 23 -8 24 -22 -10 -13 28 -27 -17
right_child=3 11 5 14 15 -7 8 10 9 -11 12 26 -14 -15 -16 29 -18 -19 20 -21 21 -23 -24 -25 -26 27 -28 -29 -30 -31
leaf_value=-0.33112845179491368 1.1211085527093212 -2.2278586353935426 -2.2208647263682999 0.028958090045207996 -0.98599084786690128 2.2146849972924949 -0.0279351030270675 -0.24895297411456099 -1.8372647657720553 1.9902719345166831 -1.7561746536173253 0.24315294190221978 0.51346624530186202 2.0159254090759062 -2.3024668557864683 -0.75863462206237819 -0.69518102102289991 0.3939866095188691 0.094302935022930967 0.43607487733686057 0.030859707413605976 1.0869990419652595 -0.073154169584029913 -0.15397810611844351 -0.046685784842617296 1.7566673999788009 -1.5295859467746666 -0.073610114627225443 -0.43676733820627478 -3.1159661341894789
leaf_weight=133.19999814033508 541.70000183582306 520.80000740289688 150.40000224113464 433.10000616312027 369.49999502301216 207.50000306963921 291.70000427961349 66.399999737739563 56.300000816583633 261.10000386834145 132.40000090003014 170.40000253915787 107.10000130534172 98.799999058246613 51.100000739097595 58.299999415874481 22.800000339746475 84.300000697374344 57.800000816583633 722.80000782012939 102.40000152587891 50.400000751018524 722.00001075863838 193.20000287890434 37.600000560283661 152.70000216364861 37.600000560283661 303.80000439286232 31.100000351667404 406.29999458789825
leaf_count=204 1145 1290 376 1073 572 518 727 124 140 652 295 426 258 166 127 97 57 192 143 1708 256 126 1805 483 94 378 94 755 74 631
internal_value=-0.000168832 -0.00486055 -0.00114875 0.0229238 -0.0196651 0.00423082 0.00193819 0.0164115 -0.00575859 0.00952795 0.0230195 -0.0289791 -0.00406814 0.0168534 0.000454358 -0.0298226 0.0306813 0.0403035 -0.0142155 0.0331475 -0.000883552 -0.00651721 -0.0200207 -0.0126651 0.00571429 -0.00195808 -0.00442308 0.00194832 0.0163571 -0.04096
internal_weight=6574.6 5464.4 4735.6 1110.2 1066.1 3669.5 3462 1201.9 2260.1 805 1051.5 728.8 239.5 232 484.2 834.1 812 626 1455.1 789.2 441.4 383.6 1013.7 333.2 140 543.9 208 487.6 183.8 464.6
internal_count=14986 12449 10639 2537 1670 8969 8451 2818 5633 1999 2442 1810 553 370 1200 1300 1889 1337 3634 1832 1102 959 2532 833 350 1347 520 1207 452 728
cat_boundaries=0 1 2 3 4
cat_threshold=4 49 1 5
is_linear=0
shrinkage=0.05


Tree=20
num_leaves=31
num_cat=4
split_feature=8 10 12 12 53 14 10 19 20 25 11 30 62 10 44 41 16 39 14 29 25 14 8 3 19 68 16 46 16 55
split_gain=267.95 187.62 196.443 180.336 155.401 153.171 206.98 98.213 84.695 69.9319 67.1306 65.21 55.2442 55.2054 45.3272 43.8993 43.4979 41.9117 35.3791 39.0085 33.4034 31.5047 28.8689 34.4431 28.0782 28.2136 27.6449 29.2262 27.1279 26.3102
threshold=5780.7256235827672 301.15000000000003 102.74500000000002 157.23500000000004 0 106.18000000000004 247.44500000000002 225.00000000000003 1115.0000000000002 495.00000000000006 864.89000000000021 -9.9999999999998845 4570.550000000002 323.13000000000005 0.060249503827615507 0.019803921568627456 0.85930315858026718 -13.974764030551077 104.94500000000002 -136.40000000000001 325.00000000000006 93.135000000000034 5405.7596371882091 1 459.99999999999994 103.60400000000001 0.70102081116624615 2 0.85354254647196381 3
decision_type=2 2 2 2 9 2 2 2 2 2 2 2 2 2 2 2 2 2 2 2 2 2 2 9 2 2 2 1 2 9
left_child=1 2 4 14 8 6 11 22 -1 -3 26 -4 20 -5 -2 -9 17 18 29 -20 -8 -11 23 -7 25 28 -6 -28 -22 -13
right_child=3 9 5 13 10 7 12 15 -10 21 -12 16 -14 -15 -16 -17 -18 -19 19 -21 24 -23 -24 -25 -26 -27 27 -29 -30 -31
leaf_value=-0.54944879276055159 1.1330531555914334 -2.4950370268684567 -2.1098214900498848 0.022078915029976543 -1.3315255171487195 0.75439391209327911 0.13794724344691503 0.39355866333011708 1.831222822251874 -2.144005617250115 -2.8872944956204765 0.052135480945353412 1.0161397379204615 -2.187343512997145 0.34087467364076079 2.0095554574807815 -3.5533857563333182 -0.66042196997175473 -0.0022803213514464462 0.081323052780909677 -0.037873853139213765 0.16779281503942656 -1.0422356323705144 -0.68958618409657291 -0.025117808298929845 -0.017381122626044031 1.4219763802396681 -0.97352547709439818 -0.12806163045369276 0.31755683979301069
leaf_weight=163.89999777078629 525.80000171065331 427.10000625252724 82.400001227855682 440.90000641345978 202.19999688863754 154.90000179409981 151.80000221729279 438.50000441074371 123.69999900460243 72.700001060962677 494.29999446868896 101.90000140666962 70.800001055002213 51.100000739097595 81.300000607967377 424.30000603199005 24.800000369548798 26.400000393390656 51.600000768899918 48.100000649690628 438.0000065267086 164.8000023663044 50.500000506639481 82.900001168251038 272.00000405311584 256.00000363588333 89.49999925494194 106.69999870657921 481.60000717639923 474.80000671744347
leaf_count=253 1109 1064 206 1097 300 370 378 1025 214 181 803 251 177 127 183 1051 62 66 129 118 1095 409 118 205 680 634 154 170 1204 1175
internal_value=-5.2469e-05 -0.00457434 -0.00113476 0.0224775 -0.0188554 0.00462507 -0.00237078 0.0196985 0.0131085 -0.0294764 -0.0291531 0.0183704 -0.0124296 -2.03252e-05 0.0407099 0.0281409 0.0231446 0.0254411 0.0278533 0.000351053 -0.0143429 -0.00772632 -0.00556712 0.00172414 -0.0166828 -0.0200323 -0.0138805 -0.000509684 -0.0241192 0.0326079
internal_weight=6575.3 5476.2 4811.6 1099.1 1180.3 3631.3 2480.2 1151.1 287.6 664.6 892.7 810 1670.2 492 607.1 862.8 727.6 702.8 676.4 99.7 1599.4 237.5 288.3 237.8 1447.6 1175.6 398.4 196.2 919.6 576.7
internal_count=15008 12492 10838 2516 1894 8944 6175 2769 467 1654 1427 2007 4168 1224 1292 2076 1801 1739 1673 247 3991 590 693 575 3613 2933 624 324 2299 1426
cat_boundaries=0 1 2 3 4
cat_threshold=4 1064 10 12
is_linear=0
shrinkage=0.05


Tree=21
num_leaves=31
num_cat=0
split_feature=8 18 10 10 30 14 25 14 8 15 8 15 24 25 16 15 16 10 71 29 10 8 10 14 45 11 18 29 44 28
split_gain=267.689 189.405 176.362 145.47 132.099 93.2032 77.7252 71.9804 56.7934 54.1699 52.835 112.085 65.8488 50.1903 49.5122 55.8654 49.1566 48.7799 44.4203 38.6116 39.0379 35.6904 34.8913 33.3532 32.4452 30.4274 28.8426 28.8397 39.1558 26.8228
threshold=5780.7256235827672 3635.0000000000005 261.73500000000007 302.26000000000005 -9.5550000000000619 105.18500000000002 354.99999999999994 123.40500000000002 3968.3900226757373 83.480000000000004 5280.7709750566901 96.040000000000006 1025.0000000000002 520.00000000000023 0.85999009314261032 74.174999999999997 0.89837471836963467 323.13000000000005 -30.72858730027524 -85.374999999999986 238.93000000000004 5530.7482993197291 244.47500000000002 86.555000000000007 0.016551000796723104 977.37000000000012 3295.0000000000005 -172.00499999999997 0.055421667769271904 1115.0000000000002
decision_type=2 2 2 2 2 2 2 2 2 2 2 2 2 2 2 2 2 2 2 2 2 2 2 2 2 2 2 2 2 2
left_child=1 3 18 4 8 -3 7 22 -1 -7 12 16 19 -5 24 -16 21 26 -2 20 -8 -12 -6 -10 -14 -25 -4 -28 -29 -26
right_child=2 5 17 13 6 9 10 -9 23 -11 11 -13 14 -15 15 -17 -18 -19 -20 -21 -22 -23 -24 25 29 -27 27 28 -30 -31
leaf_value=0.036008135279474378 -1.0714591190647624 -0.011153869372122217 0.094665678057844371 -2.4726118134452943 0.69038504094223685 1.7652024736539929 0.68197504247844776 -1.2370492249834528 0.35234434679442783 -0.30933874372685821 0.17324999416100439 -0.69709991114164715 0.0016940991068786105 -0.26422295779381816 -0.14659644166660826 0.89541652484007561 -0.072948642959637766 -1.9626027168190689 1.0699002536712372 -1.8032492369520654 -0.016098020898760269 -0.35204323026963458 0.023756915400653611 -0.50195855243174581 -1.8471245440174564 -2.498809721895173 0.07813965763800397 -0.028485463005390701 0.032585343320160123 -0.01848023677619821
leaf_weight=96.800001263618469 31.800000250339508 422.70000627636909 179.90000256896019 437.90000632405281 387.70000275969505 373.50000491738319 117.40000081062317 150.19999817013741 28.200000375509262 81.600000500679016 503.70000582933426 352.09999722242355 446.40000218153 106.00000157952309 252.80000376701355 44.300000637769699 37.200000554323196 45.200000673532486 554.20000186562538 47.999999463558197 42.400000631809235 60.400000631809235 240.6000035405159 72.000000447034836 177.79999884963036 353.10000059008598 86.800001293420792 132.70000186562538 58.200000822544098 646.10000884532928
leaf_count=236 72 1056 446 1088 868 912 262 239 69 180 1203 611 966 265 632 110 93 113 1171 78 106 142 600 159 317 726 217 328 144 1589
internal_value=-0.000481904 -0.00498184 0.022162 -0.0090424 -0.00578724 0.0163021 -0.00221408 0.0117213 -0.0285675 0.032004 -0.00618999 0.00330396 -0.0112889 -0.0333241 -0.0147952 -0.0331706 0.0164228 0.00043755 0.040802 0.0151588 0.0269712 0.020094 0.0191549 -0.0359916 -0.0104975 -0.0394848 0.00533217 -0.00477134 -0.0156365 -0.0163794
internal_weight=6567.7 5478.9 1088.8 4601.1 4057.2 877.8 3507.1 778.5 550.1 455.1 2728.6 953.4 1775.2 543.9 1567.4 297.1 601.3 502.8 586 207.8 159.8 564.1 628.3 453.3 1270.3 425.1 457.6 277.7 190.9 823.9
internal_count=14998 12507 2491 10359 9006 2148 7816 1707 1190 1092 6109 2049 4060 1353 3614 742 1438 1248 1243 446 368 1345 1468 954 2872 885 1135 689 472 1906
is_linear=0
shrinkage=0.05


Tree=22
num_leaves=31
num_cat=1
split_feature=10 28 9 12 16 19 14 14 74 29 23 10 39 25 44 15 53 25 68 24 34 10 11 14 14 14 44 18 5 10
split_gain=227.3 205.423 224.477 202.267 110.573 91.2764 95.5628 85.8173 90.0172 57.9995 54.96 82.0864 54.5162 54.3611 46.4991 43.9923 41.1985 38.706 29.8391 28.9627 28.299 25.5525 23.7529 23.3204 22.3758 22.3208 31.0579 26.5069 21.4766 23.2146
threshold=304.41500000000002 1155.0000000000002 565.73000000000013 153.64000000000001 0.73026689540737422 380.00000000000017 102.10000000000002 105.02000000000002 0.020204081632653054 -172.00499999999997 435.00000000000006 238.93000000000004 -14.82531345486526 489.99999999999994 0.037567337680748457 60.514999999999993 0 335.00000000000006 93.575000000000003 1425.0000000000002 0.82623616125854549 260.19500000000005 3408.9150000000004 97.905000000000001 109.17500000000001 99.355000000000032 0.054295435214062902 3565.0000000000005 0.16025641025641021 211.83500000000004
decision_type=2 2 2 2 2 2 2 2 2 2 2 2 2 2 2 2 9 2 2 2 2 2 2 2 2 2 2 2 2 2
left_child=1 2 4 5 -1 6 12 9 -9 22 -6 -12 -3 -2 -7 -15 23 -11 21 -8 -18 -19 -5 -4 -16 -20 27 -27 -22 -30
right_child=13 3 16 7 10 14 19 8 -10 17 11 -13 -14 15 24 -17 20 18 25 -21 28 -23 -24 -25 -26 26 -28 -29 29 -31
leaf_value=-1.0247230247960162 -2.3179812284950754 0.92490514943494095 0.56412429233850336 -0.0078602008490932466 -0.0066447810356287107 0.89390539357556598 2.149233857186831 -0.022251847570616691 1.6760385638593065 0.24544202749689817 0.75666178291640174 -0.058314170427192384 -0.65384322378092818 -2.4741467573534059 0.15390064681418353 -0.0035241554340323944 1.649382989787916 -0.0036436056521189641 -0.10334617380409271 -0.0018190117253801931 1.2949140468801432 -0.10256143090080344 0.17750130473769091 -2.3905747562088839 1.2640560882681655 0.011853999501780522 0.030956076154151902 -0.027061189855120918 -0.60368103545691421 -1.8553770589986607
leaf_weight=299.69999572634697 399.7000058889389 274.50000357627869 27.700000166893005 308.80000460147858 197.20000070333481 465.2000036239624 46.899999648332596 291.70000383257866 211.20000314712524 119.70000171661377 280.00000211596489 70.000001043081284 23.600000351667404 79.600001186132431 380.00000530481339 231.10000324249268 38.60000017285347 96.400001436471939 82.200001090764999 698.50000667572021 28.100000262260437 512.80000764131546 134.40000200271606 532.59999573230743 229.80000069737434 66.800000995397568 122.20000177621841 72.40000107884407 123.29999828338623 143.20000123977661
leaf_count=456 997 669 61 772 418 1052 82 712 528 297 631 175 59 199 938 571 83 241 201 1621 65 1282 336 922 483 167 304 181 189 328
internal_value=-0.000383278 0.0028456 -0.0115663 0.00890841 0.00687803 0.0197003 0.00916627 -0.00241752 0.0154802 -0.00835588 0.0202485 0.0321429 0.0330929 -0.0270974 0.0299256 -0.0114097 -0.0290487 -0.0146434 -0.0180101 -0.000402469 -0.0151261 -0.0246553 0.00685921 -0.0373282 0.0208429 -0.00622817 0.000918133 -0.0152299 -0.0204005 -0.0247842
internal_weight=6587.9 5877.5 1740.4 4137.1 846.9 2118.5 1043.5 2018.6 502.9 1515.7 547.2 350 298.1 710.4 1075 310.7 893.5 1072.5 952.8 745.4 333.2 609.2 443.2 560.3 609.8 343.6 261.4 139.2 294.6 266.5
internal_count=15020 13253 3328 9925 1680 4904 2431 5021 1240 3781 1224 806 728 1767 2473 770 1648 2673 2376 1703 665 1523 1108 983 1421 853 652 348 582 517
cat_boundaries=0 1
cat_threshold=1
is_linear=0
shrinkage=0.05


Tree=23
num_leaves=31
num_cat=0
split_feature=8 18 10 10 41 30 25 10 14 44 14 10 10 18 8 25 8 14 12 61 9 10 15 8 8 15 14 10 21 29
split_gain=267.3 173.927 160.09 122.012 118.961 114.059 81.2137 76.4998 67.8208 61.4693 52.3284 51.7611 50.7184 44.205 33.4139 32.4742 28.8247 57.849 27.1081 101.746 75.9015 31.8884 39.0143 31.6623 26.7453 26.1557 25.3812 25.193 24.9876 24.678
threshold=5780.7256235827672 3125.0000000000005 260.45500000000004 302.26000000000005 0.016397849462365551 -9.0449999999998436 354.99999999999994 247.17500000000004 122.92500000000003 0.060249503827615507 94.455000000000027 238.93000000000004 340.00500000000005 665.00000000000011 5171.4058956916115 510.00000000000017 5405.7596371882091 105.80499999999999 99.295000000000016 635.59000000000003 1220.6250000000002 267.12500000000006 74.225000000000009 5202.6530612244906 5280.7709750566901 81.32000000000005 108.25500000000004 271.37000000000006 3225.0000000000005 -172.00499999999997
decision_type=2 2 2 2 2 2 2 2 2 2 2 2 2 2 2 2 2 2 2 2 2 2 2 2 2 2 2 2 2 2
left_child=1 3 9 5 7 10 8 -3 11 -2 -1 -7 28 -12 -6 -5 17 -9 20 -20 -8 23 -23 26 -13 -24 -21 -18 -4 -30
right_child=2 4 12 15 14 6 18 16 -10 -11 13 24 -14 -15 -16 -17 27 -19 19 21 -22 22 25 -25 -26 -27 -28 -29 29 -31
leaf_value=0.21049877327589855 1.1302098797561626 0.16973712766769042 0.12441818881885709 -2.4222079807606391 0.089368076689962814 0.74878153147741322 -1.2875206805648607 -0.30212645728677928 -1.2016302707177282 -0.1345895907792766 -0.04319463548263372 -0.028565570990806324 -1.8764768398362954 -2.3101364262486115 1.537531325572816 -0.53248675278326307 -0.034532080719244365 1.8654501568139139 0.39633400100516814 -0.03142760166008856 1.6267875860004126 -0.092958313163046577 1.2823422009677146 0.046040379628050236 0.41434297044932722 -0.28144775976468495 0.20115141102169576 -0.35541477016521061 0.063276206600664867 -0.015112250575872111
leaf_weight=61.800000876188278 497.90000140666962 186.00000169873238 158.70000225305557 364.00000533461571 124.00000149011612 335.0000019967556 522.69999238848686 241.40000355243683 162.29999801516533 77.700000554323196 92.600000888109207 193.00000283122063 43.50000062584877 386.60000044107437 397.20000582933426 73.90000107884407 142.20000207424164 129.40000188350677 388.40000319480896 694.50001001358032 63.899999141693115 256.80000382661819 45.800000637769699 177.00000250339508 58.800000876188278 101.3000014424324 138.00000151991844 147.40000197291374 115.20000171661377 199.00000283122063
leaf_count=153 1043 429 393 907 298 737 790 602 258 174 215 481 108 788 990 184 354 322 884 1725 99 642 113 438 147 251 327 361 288 493
internal_value=-0.000713199 -0.00521152 0.0218773 -0.010344 0.0102369 -0.00737393 -0.00371793 -0.00133507 0.0106461 0.0400104 -0.0285767 0.0185583 0.00166538 -0.0341611 0.0290292 -0.0352934 -0.00931254 -8.09061e-05 -0.00822308 -0.00518371 -0.0175588 -0.0114122 -0.0232855 -0.00666171 0.00142971 -0.00275323 -0.0107447 -0.0211326 0.00641785 -0.00175048
internal_weight=6576 5484 1092 4116.4 1367.6 3678.5 3137.5 846.4 749.1 575.6 541 586.8 516.4 479.2 521.2 437.9 660.4 370.8 2388.4 1801.8 586.6 1413.4 403.9 1009.5 251.8 147.1 832.5 289.6 472.9 314.2
internal_count=14994 12495 2499 9139 3356 8048 6892 2068 1623 1217 1156 1365 1282 1003 1288 1091 1639 924 5269 4380 889 3496 1006 2490 628 364 2052 715 1174 781
is_linear=0
shrinkage=0.05


end of trees

feature_importances:
base_cons=112
wav_duration_ms=110
base_cons_gap=55
base_pre=37
base_ovl_ratio=34
base_offset_to_expected_ms=31
base_pre_to_expected_ms=31
base_offset=26
base_cut_gap=26
syllable_len_ms=24
db_mean=22
db_silence_ratio=19
zcr_mean=18
curr_phone_start_ms=15
bridge_type=15
row_ratio_in_wav=14
prev_alias_type=12
curr_phone_end_ms=9
curr_vowel_len_ms=9
curr_phone_len_ms=8
syllable_start_ms=8
expected_anchor_ms=8
next_base_cutoff_abs=8
base_cutoff_abs=7
syllable_end_ms=7
prev_base_pre=7
onset_class=6
prev_base_offset=5
base_ovl=3
curr_vowel_end_ms=3
base_cutoff_to_next_anchor_ms=3
next_base_offset=3
local_peak_db=3
alias_group=2
curr_vowel_start_ms=2
energy_max=2
prev_base_cutoff_abs=2
used_alias_occurrence_mapping=2
words_vs_alias_score_margin=2
mel_window_silence_ratio=2
alias_type=1
row_index_in_wav=1
prev_phone_gap_ms=1
energy_min=1
f0_voicing_mean=1
spectral_flux_mean=1
is_nasal_or_sonorant=1
mapping_confidence=1

parameters:
[boosting: gbdt]
[objective: regression_l1]
[metric: l1]
[tree_learner: serial]
[device_type: cpu]
[data_sample_strategy: bagging]
[data: ]
[valid: ]
[num_iterations: 500]
[learning_rate: 0.05]
[num_leaves: 31]
[num_threads: 0]
[seed: 0]
[deterministic: 0]
[force_col_wise: 0]
[force_row_wise: 0]
[histogram_pool_size: -1]
[max_depth: -1]
[min_data_in_leaf: 40]
[min_sum_hessian_in_leaf: 0.001]
[bagging_fraction: 0.85]
[pos_bagging_fraction: 1]
[neg_bagging_fraction: 1]
[bagging_freq: 1]
[bagging_seed: 3]
[bagging_by_query: 0]
[feature_fraction: 0.85]
[feature_fraction_bynode: 1]
[feature_fraction_seed: 2]
[extra_trees: 0]
[extra_seed: 6]
[early_stopping_round: 0]
[early_stopping_min_delta: 0]
[first_metric_only: 0]
[max_delta_step: 0]
[lambda_l1: 0]
[lambda_l2: 0]
[linear_lambda: 0]
[min_gain_to_split: 0]
[drop_rate: 0.1]
[max_drop: 50]
[skip_drop: 0.5]
[xgboost_dart_mode: 0]
[uniform_drop: 0]
[drop_seed: 4]
[top_rate: 0.2]
[other_rate: 0.1]
[min_data_per_group: 100]
[max_cat_threshold: 32]
[cat_l2: 10]
[cat_smooth: 10]
[max_cat_to_onehot: 4]
[top_k: 20]
[monotone_constraints: ]
[monotone_constraints_method: basic]
[monotone_penalty: 0]
[feature_contri: ]
[forcedsplits_filename: ]
[refit_decay_rate: 0.9]
[cegb_tradeoff: 1]
[cegb_penalty_split: 0]
[cegb_penalty_feature_lazy: ]
[cegb_penalty_feature_coupled: ]
[path_smooth: 0]
[interaction_constraints: ]
[verbosity: -1]
[saved_feature_importance_type: 0]
[use_quantized_grad: 0]
[num_grad_quant_bins: 4]
[quant_train_renew_leaf: 0]
[stochastic_rounding: 1]
[linear_tree: 0]
[max_bin: 255]
[max_bin_by_feature: ]
[min_data_in_bin: 3]
[bin_construct_sample_cnt: 200000]
[data_random_seed: 1]
[is_enable_sparse: 1]
[enable_bundle: 1]
[use_missing: 1]
[zero_as_missing: 0]
[feature_pre_filter: 1]
[pre_partition: 0]
[two_round: 0]
[header: 0]
[label_column: ]
[weight_column: ]
[group_column: ]
[ignore_column: ]
[categorical_feature: 0,1,2,3,46,47,50,51,52,53,55,56,70]
[forcedbins_filename: ]
[precise_float_parser: 0]
[parser_config_file: ]
[objective_seed: 5]
[num_class: 1]
[is_unbalance: 0]
[scale_pos_weight: 1]
[sigmoid: 1]
[boost_from_average: 1]
[reg_sqrt: 0]
[alpha: 0.9]
[fair_c: 1]
[poisson_max_delta_step: 0.7]
[tweedie_variance_power: 1.5]
[lambdarank_truncation_level: 30]
[lambdarank_norm: 1]
[label_gain: ]
[lambdarank_position_bias_regularization: 0]
[eval_at: ]
[multi_error_top_k: 1]
[auc_mu_weights: ]
[num_machines: 1]
[local_listen_port: 12400]
[time_out: 120]
[machine_list_filename: ]
[machines: ]
[gpu_platform_id: -1]
[gpu_device_id: -1]
[gpu_use_dp: 0]
[num_gpu: 1]

end of parameters

pandas_categorical:[["japanese"], ["vcv"], ["br", "cv", "cv_head", "vc", "vcv", "vv"], ["br", "cv_fricative", "cv_head_fricative", "cv_head_other", "cv_head_plosive", "cv_head_sonorant", "cv_other", "cv_plosive", "cv_sonorant", "vc_other", "vcv", "vv"], ["fricative", "other", "plosive", "sonorant"], ["unknown", "voiced", "voiceless"], ["none"], ["", "a", "e", "i", "n", "o", "u"], ["head", "mid", "tail"], ["", "vc", "vcv", "vv"], ["", "cv", "cv_head", "vc", "vcv", "vv"], [""], ["unknown"]]
