tree
version=v4
num_class=1
num_tree_per_iteration=1
label_index=0
max_feature_idx=110
objective=regression_l1
feature_names=language format_type alias_type alias_group row_index_in_wav row_ratio_in_wav file_row_count file_cv_count file_vc_count file_vv_count file_vcv_count file_br_count file_mono_count file_cv_ratio file_vc_ratio file_vc_cv_ratio file_cv_vc_balance file_mean_energy file_voiced_ratio file_mean_syllable_dur_ms is_head_row is_tail_row wav_duration_ms base_offset base_cons base_cutoff_abs base_pre base_ovl base_cons_gap base_cut_gap base_ovl_ratio curr_phone_start_ms curr_phone_end_ms curr_phone_len_ms curr_vowel_start_ms curr_vowel_end_ms curr_vowel_len_ms syllable_start_ms syllable_end_ms syllable_len_ms prev_phone_gap_ms next_phone_gap_ms expected_anchor_ms base_offset_to_expected_ms base_pre_to_expected_ms base_cutoff_to_next_anchor_ms energy_mean energy_min energy_max energy_slope_pre energy_slope_post valley_energy valley_dist_from_cutoff_ms db_mean db_min db_silence_ratio f0_voicing_mean f0_voicing_near_pre zcr_mean spectral_flux_mean onset_class voicing_class is_tense is_diphthong coda_type vowel_class mora_position bridge_type is_nasal_or_sonorant prev_alias_type next_alias_type prev_base_pre next_base_pre prev_base_offset next_base_offset prev_base_cutoff_abs next_base_cutoff_abs mapping_confidence used_alias_occurrence_mapping used_exact_vowel_fix used_nuclei_fallback used_alias_based_syllables words_vs_alias_score_margin jump_blocked_flag mapping_reason_code local_peak_db local_valley_db mel_window_energy_mean mel_window_silence_ratio mel_voiced_formant_ratio mel_silence_sparse_ratio mel_unvoiced_diffuse_ratio mel_breath_like_ratio blank_span_confidence mel_offset_candidate_ms mel_cutoff_candidate_ms mel_voiced_onset_ms mel_vowel_nucleus_start_ms mel_vowel_nucleus_end_ms mel_voiced_onset_to_pre_ms mel_safety_clamped onset_patch_energy_mean onset_patch_voiced_ratio onset_patch_unvoiced_ratio tail_patch_energy_mean tail_patch_silence_ratio syllable_blank_confidence syllable_mel_voiced_conf syllable_mel_silence_conf syllable_mel_unvoiced_conf syllable_mel_breath_conf
feature_infos=none none -1:5:2:6:1:4:3 -1:9:4:3:10:2:1:8:7:5:6 [0:19] [0:1] [1:20] [0:5] [0:4] [0:7] [0:14] none [0:1] [0:1] [0:1] [0.1666666666666666:5] [-1:1] [0.19712665558869399:0.77510847639437497] [0.21951219512195119:0.99656357388316164] [10.000000000000009:5570] [0:1] [0:1] [2543.310657596372:8756.8253968253975] [0:5135.96] [20.859999999999999:4387.0699999999997] [185.27000000000001:5479.4099999999999] [0:4367.0699999999997] [0:353.91000000000003] [14.619999999999999:296.69999999999999] [8:390.2600000000001] [0:0.9855670103092784] [0:5310] [120:6440] [9.9999999999995435:5570] [0:5310] [0:6440] [0:3880] [0:4730] [160:6530] [10:5990] none [0:1070] [0:5310] [-4379.0699999999997:59.380000000000003] [-42.380000000000003:414.17999999999984] [-2052.46:3908.3699999999999] [0.0109748233891892:1] [0:1] [0.036580942139465999:1] [-0.9629785960331394:1] [-1:0.99786107210499919] [0:1] [-5.6870748299319303:591.72510204081618] [-60.602716875770909:-7.4352978689748355] [-97.167125979773473:-8.3516086701956347] [0:0.56716417910447758] [0.00030202076535730001:1] [0:1] [0.0062375956903884004:0.4797278140062376] [0:0.1092540551941521] -1:1:3:2:0 -1:1:2:0 [0:1] [0:1] -1:2:4:3:0 -1:1:12:16:14:8:11:18:7:2:3:13:15:17:6:9:10:4:0 -1:1:0:2 -1:2:0:3 [0:1] -1:0:5:2:6:1:4 -1:5:0:6:1:4:3 [0:2303.5599999999999] [0:4178.9099999999999] [0:5686.5] [0:6378.9700000000003] [0:5904.0100000000002] [0:6642.6599999999999] [0.67000243814692551:1] none [0:1] [0:1] none [8.9279999999999973:5956.5320000000002] none none [-60.602716875770909:-7.4352978689748355] [-97.167125979773473:-8.3516086701956347] [0.0109748233891892:1] [0:0.56716417910447758] [0:1] [0:0.53731343283582089] [0:1] [0:0.34375] [0:0.45597014925373131] [0:5266.0045351473927] [103.77324263038548:5479.4099999999999] [0:5278.0045351473927] [0:5278.0045351473927] [0:5497.50566893424] [-79.992675736961246:79.996145124716577] none [0:1] [0:1] [0:1] [7.9339108555113619e-06:1] [0:1] [0:0.79999999999999993] [0:1] [0:1] [0:1] none
tree_sizes=3243 3341 3378 3374 3364 3359 3372 3327 3331 3337 3408 3391 3372 3363 3398 3403 3391 3366 3366 3368 3392 3414

Tree=0
num_leaves=31
num_cat=3
split_feature=27 7 7 97 24 43 77 37 28 60 30 28 12 37 9 67 28 6 17 35 17 58 43 43 56 67 6 38 24 33
split_gain=2048.05 819.824 195.666 333.267 236.234 206.973 179.26 164.466 116.45 103.944 77.1525 137.684 61.7281 54.2634 54.2093 46.7234 43.0599 44.0449 39.7961 35.323 34.8431 33.5859 31.533 28.6575 27.333 30.5585 26.8487 26.2775 26.6742 25.2286
threshold=125.105 1.5000000000000002 1.0000000180025095e-35 581.17913832199554 209.82500000000002 -102.46000000000002 0.98104623841088279 785.00000000000011 105.92500000000001 0 0.41044815931169548 92.469999999999985 1.0000000180025095e-35 215.00000000000003 1.0000000180025095e-35 1 105.38500000000001 8.5000000000000018 0.37425055044161543 605.00000000000011 0.47802585817278059 0.023817399987029503 -126.9649999999999 -86.980000000000004 0.61319871725670794 2 16.500000000000004 4561.2250000000013 314.29000000000002 355.00000000000006
decision_type=2 2 2 2 2 2 2 2 2 1 2 2 2 2 2 9 2 2 2 2 2 2 2 2 2 9 2 2 2 2
left_child=1 2 4 5 10 19 9 8 13 29 11 -1 16 -5 23 18 17 -7 -2 22 -16 -17 -4 -6 -11 -26 -8 28 -23 -3
right_child=15 6 3 7 14 12 26 -9 -10 24 -12 -13 -14 -15 20 21 -18 -19 -20 -21 -22 27 -24 -25 25 -27 -28 -29 -30 -31
leaf_value=27.963499999046327 28.898499965667725 28.740000009536743 28.740000009536743 29.764500045776366 32.379000091552733 31.026499938964843 32.33450012207031 31.76150016784668 30.390500068664551 29.032999992370605 30.5 30.902499961853028 27.679500007629393 27.146500015258788 32.009999847412111 25.894499969482421 33.537500000000001 29.770999908447266 26.372999954223634 28.047499999403954 27.394999980926514 31.002000045776366 30.019499969482421 31.765000152587891 28.425000000000001 26.837499999999999 27.212499999999999 27.079500007629395 27.40349998474121 32.115499877929686
leaf_weight=159.69183224439621 103.6388258934021 81.555592119693756 109.99554458260536 123.20005251467228 1519.368560731411 653.14482027292252 117.83633914589882 216.69776226580143 170.31190237402916 64.612113460898399 114.73480166494846 127.73924006521702 31.140755295753479 635.8608662635088 21.186444640159607 62.23096227645874 593.22658756375313 146.36424690485001 2065.8174374848604 68.685384556651115 39.056179001927376 46.226016849279404 110.13186994194984 394.0873966217041 154.66232095658779 633.80014598369598 22.45413139462471 18.991168186068535 12.557257041335104 47.286432519555092
leaf_count=206 200 148 161 254 2312 882 237 531 286 103 165 184 34 1082 54 143 938 191 3969 95 94 124 150 873 317 824 29 47 39 97
internal_value=29.5001 29.5148 29.5231 29.5143 29.5337 29.5282 29.476 29.4934 29.4842 29.4684 29.4987 29.4849 29.536 29.4759 29.5408 29.4598 29.5376 29.53 29.458 29.4896 29.4941 29.4878 29.4994 29.5423 29.4624 29.4593 29.5288 29.5097 29.5262 29.5107
internal_weight=8666.29 6356.83 5234.62 2858.76 2375.86 1712.69 1122.21 1146.07 929.373 981.917 402.166 287.431 1423.88 759.061 1973.7 2309.46 1392.74 799.509 2169.46 288.813 60.2426 140.005 220.127 1913.46 853.075 788.462 140.29 77.7744 58.7833 128.842
internal_count=14769 10247 8492 4604 3888 2451 1755 2153 1622 1489 555 390 2045 1336 3333 4522 2011 1073 4169 406 148 353 311 3185 1244 1141 266 210 163 245
cat_boundaries=0 1 2 3
cat_threshold=5 4 4
is_linear=0
shrinkage=1


Tree=1
num_leaves=31
num_cat=5
split_feature=26 13 30 26 22 22 23 6 38 60 26 28 3 26 6 97 75 25 61 61 22 97 65 17 13 26 30 94 44 13
split_gain=2059.36 635.625 227.645 226.187 165.63 160.71 146.625 107.608 106.817 101.254 69.4271 243.994 130.65 81.5528 64.0723 70.789 63.2623 51.7932 51.1509 45.2775 41.0482 39.6152 36.7151 33.1829 32.7152 30.7916 30.199 29.8536 29.4202 28.9047
threshold=199.69500000000002 0.17156862745098037 0.54402321751191618 40.330000000000005 5049.0362811791392 4005.3174603174607 726.62500000000011 5.5000000000000009 4493.6750000000011 0 128.28000000000003 83.035000000000025 1 70.520000000000024 8.5000000000000018 780.7256235827665 585.8900000000001 652.48000000000013 2 3 4055.192743764173 207.02947845804991 4 0.37425055044161543 1.0000000180025095e-35 43.050000000000004 0.42039412191532283 754.59000000000015 -8.0449999999999573 0.10555555555555557
decision_type=2 2 2 2 2 2 2 2 2 1 2 2 9 2 2 2 2 2 1 1 2 2 1 2 2 2 2 2 2 2
left_child=1 2 4 -3 10 -4 21 -5 28 -9 11 17 -12 -13 15 22 -14 -1 -8 -10 24 -6 -15 -2 -18 -23 -17 -11 -7 -27
right_child=23 3 5 7 6 8 18 9 19 27 12 13 16 14 -16 26 20 -19 -20 -21 -22 25 -24 -25 -26 29 -28 -29 -30 -31
leaf_value=1.2761749649047853 -0.64992501735687258 2.6952748870849614 -2.7688249778747558 1.0736749458312989 1.0966250610351562 -1.1253750018775464 0.32087498664855957 0.77772491455078141 2.1542499160766604 -2.4323749732971192 -1.1393249940872192 3.3416251373291019 2.735050086975098 0.87967494964599613 -0.25255002975463869 -1.0081749904155732 2.735050086975098 -1.4596750009059907 3.3920500564575193 -1.5047500014305115 2.377924976348877 0.409975004196167 2.5011248779296875 -3.0321500205993654 -2.629825038909912 0.1945249843597413 1.0629250144958495 -0.90875000000000006 1.0479999542236329 -3.1123249244689943
leaf_weight=31.077526867389679 105.94719018042088 166.23895157873631 220.14514903724194 133.04500909149647 30.154489159584045 21.923061534762383 295.08909785747528 116.05573260784149 57.223447352647781 690.96712276339531 59.49248132109642 689.93016351759434 1054.7945983707905 232.01227697730064 143.18212950229645 106.42176859080791 27.361773908138275 150.81574799120426 206.17783077061176 187.89629855751991 216.99400652945042 36.049569338560104 686.22442042827606 2142.3920651674271 50.577674597501755 39.452785462141037 62.890047922730446 141.25548017024994 367.40426202118397 194.06930743157864
leaf_count=43 206 305 383 243 40 35 483 227 141 928 81 1037 1646 326 185 154 68 201 401 411 493 44 899 4177 82 82 105 271 810 250
internal_value=-7.87798e-05 0.0143534 0.0220868 -0.0176782 0.0267584 -0.00148886 0.00624153 -0.0260258 0.0112834 -0.0319339 0.031438 0.0256825 0.0400253 0.0309241 0.02321 0.0273495 0.0430442 -0.0296657 0.0227835 -0.0145725 0.022892 -0.0214235 0.0328272 -0.0412563 -0.0082323 -0.0275032 -0.00235774 -0.0377716 0.0275623 -0.0341427
internal_weight=8663.26 6414.92 5167.36 1247.56 4312.77 854.592 800.993 1081.32 634.447 948.278 3511.77 2102.55 1409.22 1920.66 1230.73 1087.55 1349.73 181.893 501.267 245.12 294.933 299.726 918.237 2248.34 77.9394 269.572 169.312 832.223 389.327 233.522
internal_count=14757 10374 8400 1974 6620 1780 1300 1669 1397 1426 5320 2950 2370 2706 1669 1484 2289 244 884 552 643 416 1225 4383 150 376 259 1199 845 332
cat_boundaries=0 1 2 3 4 5
cat_threshold=5 24 2 4 31808
is_linear=0
shrinkage=0.05


Tree=2
num_leaves=31
num_cat=3
split_feature=26 7 26 23 7 27 37 43 67 37 26 26 60 97 12 24 37 6 77 68 18 18 67 18 39 26 24 32 26 18
split_gain=1996.66 769.866 230.482 207.54 266.838 259.159 165.486 125.697 149.836 121.925 102.755 101.666 98.0719 70.5691 69.7579 54.8072 47.3394 45.2404 55.8681 41.9662 34.1952 33.7654 30.1866 34.4266 27.053 69.8519 57.7553 25.8229 25.7884 22.7019
threshold=206.23500000000004 1.5000000000000002 43.050000000000004 577.58000000000004 1.0000000180025095e-35 51.555000000000007 775.00000000000011 -125.96500000000002 0 285.00000000000006 43.050000000000004 121.08000000000001 1 1638.7755102040817 1.0000000180025095e-35 213.60000000000005 895.00000000000011 8.5000000000000018 0.99958139002929769 1.0000000180025095e-35 0.57881246441553902 0.9240068832759728 2 0.70949345046733503 3530.7150000000006 86.360000000000014 218.91500000000002 955.00000000000011 128.96000000000001 0.85435281212604719
decision_type=2 2 2 2 2 2 2 2 9 2 2 2 1 2 2 2 2 2 2 2 2 2 9 2 2 2 2 2 2 2
left_child=1 3 -3 7 5 11 9 8 -1 19 -11 -5 27 28 17 -13 21 24 -19 -6 -2 -15 23 -14 25 -9 -27 -4 -7 -12
right_child=20 2 12 4 6 13 -8 14 -10 10 29 15 22 16 -16 -17 -18 18 -20 -21 -22 -23 -24 -25 -26 26 -28 -29 -30 -31
leaf_value=2.2027973995208741 -0.76392873406410233 2.4285111732482911 -0.82338623666763311 1.1143536729812622 1.3884999847412112 0.84940375995636019 2.0775288648605348 1.6110935630798342 -1.1070337488651276 0.71437247848510743 -2.4463337411880492 -1.3866912508606912 2.8461876220703126 -1.7457375079393387 -1.6564912427067757 0.90345867627859122 1.4394473705291748 0.2026186599731446 3.6680436363220212 -2.9361249923706056 -2.9655425577163701 2.3320998573303222 -2.3407562437057492 -1.7831312551498415 2.5982975826263428 -0.71088375949859606 2.5796662817001348 1.8681136164665224 2.5712975368499755 0.0099125069379807588
leaf_weight=159.23234418034554 143.08375841379166 152.89493656158447 61.924138218164444 160.28488151729107 136.04313124716282 122.34800477325916 233.96255695819855 581.13332134485245 168.53482116758823 93.522111192345619 611.86312666535378 152.331263422966 20.696025133132935 77.994127944111824 32.247415363788605 60.30745255947113 207.58025003969669 196.10434094071388 99.889096200466156 52.417307242751122 1987.0117143988609 21.539497226476669 687.42920725047588 154.95616574585438 1291.9895580708981 73.973614096641541 43.498046383261681 58.377412214875221 794.7637777775526 54.921205341815948
leaf_count=247 271 279 91 245 287 176 563 772 237 138 1032 197 46 177 36 85 539 262 131 104 3893 57 898 303 1854 103 80 140 1444 134
internal_value=0.000369115 0.0140211 -0.023403 0.0218575 0.0123166 0.0256472 -0.00568506 0.031879 0.00289621 -0.0149726 -0.0238965 -0.0108451 -0.0322823 0.0367635 0.0359757 -0.033511 0.0160187 0.0370056 0.0187671 0.021029 -0.0416923 -0.0123304 -0.0379243 -0.0198651 0.0397176 0.0317907 -0.00337457 0.0104764 0.0437103 -0.0307805
internal_weight=8692.85 6562.76 1136.28 5426.48 2779.88 1597.15 1182.73 2646.6 327.767 948.767 760.306 372.924 983.383 1224.23 2318.84 212.639 307.114 2286.59 295.993 188.46 2130.1 99.5336 863.081 175.652 1990.59 698.605 117.472 120.302 917.112 666.784
internal_count=14821 10657 1757 8900 5178 2920 2258 3722 484 1695 1304 527 1478 2393 3238 282 773 3202 393 391 4164 234 1247 349 2809 955 183 231 1620 1166
cat_boundaries=0 1 2 3
cat_threshold=4 5 4
is_linear=0
shrinkage=0.05


Tree=3
num_leaves=31
num_cat=1
split_feature=26 7 26 30 22 23 22 22 60 28 26 26 43 39 28 26 28 28 7 26 26 72 4 26 27 22 27 27 22 31
split_gain=1856.97 753.752 227.501 222.25 152.815 154.049 149.248 87.1824 85.5859 80.8366 162.294 191.766 76.4144 70.6151 58.5589 52.8778 80.8305 45.9105 45.8029 108.392 62.3049 40.6482 36.2295 35.367 45.3746 33.5654 56.3129 32.7469 31.2265 30.8261
threshold=208.65500000000003 1.5000000000000002 43.050000000000004 0.54402321751191618 5723.4126984126988 726.62500000000011 4005.3174603174607 5062.1995464852616 0 90.644999999999996 129.75500000000002 107.2 -146.14499999999995 3175.0000000000005 68.865000000000023 129.32500000000002 92.41500000000002 104.59000000000005 1.0000000180025095e-35 89.010000000000005 136.69500000000002 125.06500000000001 1.5000000000000002 57.120000000000012 9.8150000000000031 4055.192743764173 52.905000000000008 7.0750000000000011 4088.083900226758 1495.0000000000002
decision_type=2 2 2 2 2 2 2 2 1 2 2 2 2 2 2 2 2 2 2 2 2 2 2 2 2 2 2 2 2 2
left_child=1 3 -3 4 9 17 -5 -8 -4 10 11 21 29 -9 -12 16 -7 -6 25 23 28 -1 -16 -20 27 26 -14 -25 -21 -11
right_child=-2 2 8 6 5 15 7 13 -10 12 14 -13 18 -15 22 -17 -18 -19 19 20 -22 -23 -24 24 -26 -27 -28 -29 -30 -31
leaf_value=-1.5341666824787856 -2.6492653993129736 2.2780855230331425 0.60128312666416184 -2.4880670609951019 -2.9033920445919037 -0.71766668772399422 0.55014852013587967 2.9625651585578918 -2.1937184124469762 -1.1931820576071741 -1.7248686177015307 -1.2235245646119119 -1.2134839364647867 -1.5471858091235162 1.9992325226783754 2.1245826737403872 0.86653329396545908 0.49390788407325736 3.9149891107559203 -1.2295995629906655 2.301939047288895 0.88356414966583263 0.29715229191780107 1.3070390146255495 1.5305388849258426 2.6866577736854556 2.3330829338550569 -0.48055339641571049 0.23765236058235184 1.8566522232532503
leaf_weight=28.491763219237328 2060.3551023900509 152.212273478508 115.00690683722496 238.65223078429699 210.34891539812088 59.782866507768631 549.44767495989799 52.691805794835091 878.70380316674709 59.072711452841759 29.584820866584778 208.50855688750744 71.764706134796143 189.98566271364689 373.60776157677174 260.21591387689114 195.74364729225636 58.714870870113373 456.66151042282581 69.512693613767624 158.53240667283535 215.45790702104568 58.144887939095497 87.682129472494125 400.0087812691927 949.02039408683777 140.93994157016277 77.427876889705658 220.59253610670567 22.491168200969696
leaf_count=41 4012 279 225 421 302 94 1157 154 1281 89 53 290 90 386 554 493 313 73 750 97 333 278 130 107 561 1480 205 94 330 50
internal_value=0.000180986 0.0131361 -0.0237208 0.0208955 0.0257789 0.00577368 -7.96547e-06 0.0104351 -0.0324401 0.030107 0.0172444 -0.00403285 0.0344382 -0.0145244 0.0381122 0.021774 0.00561783 -0.0248959 0.0359152 0.0300526 0.00956551 0.0260611 0.0427753 0.0390479 0.0306858 0.0433357 0.0253836 0.00863343 -0.00420863 -0.0132248
internal_weight=8649.36 6589.01 1145.92 5443.09 4412.31 784.806 1030.78 792.125 993.711 3627.5 913.796 452.458 2713.71 242.677 461.337 515.742 255.527 269.064 2632.14 1470.42 448.638 243.95 431.753 1021.78 565.119 1161.73 212.705 165.11 290.105 81.5639
internal_count=14722 10710 1785 8925 6807 1275 2118 1697 1506 5532 1346 609 4186 540 737 900 407 375 4047 2272 760 319 684 1512 762 1775 295 201 427 139
cat_boundaries=0 1
cat_threshold=5
is_linear=0
shrinkage=0.05


Tree=4
num_leaves=31
num_cat=5
split_feature=26 7 26 22 67 73 22 44 26 28 34 27 60 26 26 26 68 67 6 72 30 17 6 60 28 97 67 26 28 104
split_gain=1805.01 660.703 209.374 201.303 215.198 177.464 258.527 106.152 96.0551 184.581 111.87 89.2541 74.7025 70.5212 63.2393 63.1283 58.4305 57.7524 54.0621 45.1058 44.8145 38.6532 34.9656 34.0345 32.2768 31.7821 29.0233 28.9435 41.4643 27.6721
threshold=197.65500000000003 1.5000000000000002 43.050000000000004 5723.4126984126988 0 339.64500000000004 4005.3174603174607 -4.1300000000000514 130.45000000000002 89.215000000000018 295.00000000000006 5.4900000000000011 1 84.810000000000016 57.120000000000012 212.42000000000004 1.0000000180025095e-35 2 8.5000000000000018 246.46000000000001 0.39916215199154875 0.34926548044721195 8.5000000000000018 3 76.920000000000016 586.16780045351481 4 128.28000000000003 92.41500000000002 0.88453510032814253
decision_type=2 2 2 2 9 2 2 2 2 2 2 2 1 2 2 2 2 9 2 2 2 2 2 1 2 2 9 2 2 2
left_child=1 3 -3 5 16 7 19 13 9 10 -9 -6 -4 -1 -11 22 27 -14 -16 -7 -12 -17 -2 -15 -8 -13 -10 28 -5 -22
right_child=15 2 12 4 11 6 24 8 26 14 20 25 17 23 18 21 -18 -19 -20 -21 29 -23 -24 -25 -26 -27 -28 -29 -30 -31
leaf_value=1.7191994443988801 -0.03918981936693218 2.1641812468814852 0.49621897033095375 -0.61558340216591967 0.48556228926420214 -2.3141184911882875 -0.48758025492191309 1.6460256877994539 2.3340498148107529 3.7293922583675383 -1.2561804600870612 0.98137978985548002 -0.52947002615690231 0.37050270935773855 1.6375370452022555 -0.072269071264267029 -0.48950088287308824 -2.1345325032687188 -0.026936041147708957 0.83447090112209321 -0.094496544987559272 -2.6343020530533794 -4.3516999217486392 -1.0050229699856044 1.5485675289797787 -2.4872224385476116 0.42022102245330811 2.4141867469692233 1.374286835563034 0.072014775066971556
leaf_weight=93.420246571302414 191.72570607066154 152.19988757371902 117.06970138847828 36.647068813443184 87.756860613822937 251.47987131774426 70.524517625570297 71.785246402025223 1033.3233761638403 458.68570598959923 129.69736379384995 24.260142028331757 141.82248438894749 174.02511912584305 1078.3619569540024 63.442242741584778 113.73277005553246 669.59681336581707 150.97460955381393 63.232486426830292 32.809465050697327 1912.3537606298923 113.4913976341486 109.05196067690849 461.84564483165741 328.33275406062603 38.298234984278679 292.56770351529121 109.37575446069241 38.357118248939514
leaf_count=133 346 276 227 62 116 441 160 96 1689 750 160 30 293 235 1421 118 201 875 194 132 43 3759 208 153 1110 524 80 610 189 47
internal_value=0.000139912 0.0138832 -0.0217182 0.0212136 0.000938321 0.0259428 0.00546095 0.0310325 0.0341415 0.0275625 -0.0106098 -0.0251343 -0.0306286 0.00599228 0.0337281 -0.0379942 0.0217252 -0.0357668 0.0278166 -0.0304652 -0.0297564 -0.0412635 -0.0168309 -0.00643903 0.0266988 -0.0363645 0.0461788 0.0300066 0.0118256 0.00212638
internal_weight=8610.25 6329.23 1080.69 5248.55 992.673 4255.87 847.083 3408.79 3032.29 1960.67 272.649 440.35 928.489 376.497 1688.02 2281.01 552.323 811.419 1229.34 314.712 200.864 1975.8 305.217 283.077 532.37 352.593 1071.62 438.591 146.023 71.1666
internal_count=14678 10247 1671 8576 1732 6844 1843 5001 4480 2711 346 670 1395 521 2365 4431 1062 1168 1615 573 250 3877 554 388 1270 554 1769 861 251 90
cat_boundaries=0 1 2 3 4 5
cat_threshold=4 5 4 2 4
is_linear=0
shrinkage=0.05


Tree=5
num_leaves=31
num_cat=4
split_feature=27 7 44 61 22 77 73 22 22 30 35 27 60 77 61 24 18 67 18 38 10 7 27 6 98 44 85 18 24 27
split_gain=1682.39 677.734 188.231 154.778 158.31 135.464 123.326 112.528 97.5268 83.2789 115.874 78.1842 70.255 67.5663 58.8923 51.2281 61.4244 50.3713 44.5989 43.7974 41.7536 41.7031 41.3168 56.0818 38.4184 38.1033 35.9078 34.6847 38.4291 33.9796
threshold=116.83000000000001 1.5000000000000002 -3.5599999999999734 0 5154.8639455782322 0.98104623841088279 339.64500000000004 4203.5147392290255 4055.192743764173 0.43518818639003642 1185.0000000000002 137.35500000000005 1 0.82025508443459216 2 165.82500000000002 0.67519094593916928 3 0.51914899164941009 4570.9050000000016 5.5000000000000009 1.0000000180025095e-35 5.7300000000000013 8.5000000000000018 396.59863945578235 1.0000000180025095e-35 -15.647491714667588 0.9294379131695063 338.78000000000003 24.935000000000006
decision_type=2 2 2 1 2 2 2 2 2 2 2 2 1 2 1 2 2 9 2 2 2 2 2 2 2 2 2 2 2 2
left_child=1 2 13 8 6 12 9 21 29 10 22 14 -3 19 -2 -6 -17 -14 -13 -1 27 -8 -5 -24 -19 -11 -12 -20 -29 -4
right_child=11 5 3 4 15 -7 7 -9 -10 25 26 18 17 -15 -16 16 -18 24 20 -21 -22 -23 23 -25 -26 -27 -28 28 -30 -31
leaf_value=-0.18588913258397569 -3.0825154233273273 0.47140802181440605 2.506559545640469 3.4964099481339455 -1.621361320434928 1.7594721692786219 1.4424066511504652 1.6521558556119205 2.2714935957758424 -0.9776467684196235 0.70079634226989718 -0.17965558336877835 -0.25481529716503637 1.4271742478958371 0.036186726683735591 1.2070095040755273 -0.38278086575698822 0.42669412952411179 -2.6715870038064722 -3.0853262513865234 -2.5900869504007105 -1.7349577719418408 1.3186602997536661 -0.19758926579320432 -2.0039871267701388 2.2173473240702153 -1.0512239309595828 1.2011392669717076 -3.0715870038064725 0.068414036313622972
leaf_weight=356.31223627924919 285.56882175803185 128.42732453346252 46.237669706344604 187.4643709808588 127.77228461205959 143.1305954605341 42.006392657756805 301.87116391956806 1063.0102039128542 23.647412925958633 26.505721315741539 88.04106679558754 136.05333991348743 98.848550140857697 166.3334319293499 179.48126696050167 297.87200933694839 31.70556914806366 453.76848161220551 100.88028231263161 1401.9932651221752 159.47550940513611 711.12631110846996 129.59319549798965 668.53461138904095 951.0342670828104 112.00188632309437 42.269332945346832 28.755708813667297 200.01196940243244
leaf_count=524 527 242 69 293 163 265 93 697 1869 32 43 162 285 141 329 328 533 42 979 156 2665 269 941 165 890 1499 146 101 65 282
internal_value=0.000328746 0.01418 0.0218592 0.0252088 0.0193614 -0.0212758 0.02464 0.00237021 0.0397234 0.0298748 0.0208623 -0.034615 -0.0280103 -0.00560543 -0.0158189 -0.00370932 0.0038173 -0.0330742 -0.0388307 -0.0137098 -0.0404208 -0.0265671 0.0266458 0.0219128 -0.0388787 0.0406627 -0.02207 -0.0283905 0.00410003 0.0113703
internal_weight=8689.73 6223 5115.15 4559.11 3249.85 1107.85 2644.73 503.353 1309.26 2141.37 1166.69 2466.73 964.721 556.041 451.902 605.126 477.353 836.294 2014.83 457.193 1926.79 201.482 1028.18 840.72 700.24 974.682 138.508 524.794 71.025 246.25
internal_count=14795 9967 8243 7422 5202 1724 4178 1059 2220 3119 1588 4828 1459 821 856 1024 861 1217 3972 680 3810 362 1399 1106 932 1531 189 1145 166 351
cat_boundaries=0 1 2 3 4
cat_threshold=4 5 2 4
is_linear=0
shrinkage=0.05


Tree=6
num_leaves=31
num_cat=3
split_feature=26 7 37 7 30 26 28 26 82 26 5 23 43 22 60 6 30 2 18 37 37 82 30 18 60 26 9 56 38 28
split_gain=1593.91 632.261 186.916 235.367 284.612 168.453 162.671 155.954 187.032 100.145 97.1548 86.9409 90.8011 74.6684 70.4706 66.7002 63.6984 43.686 41.6028 41.2589 40.6979 33.5403 33.3424 32.7509 31.9894 31.0394 28.6868 28.3795 27.392 27.3171
threshold=192.20500000000001 1.5000000000000002 265.00000000000006 1.0000000180025095e-35 0.42757068456650632 43.050000000000004 92.41500000000002 54.070000000000007 1921.7755 217.94500000000002 0.6515151515151516 165.19000000000003 -92.939999999999984 5780.3174603174621 0 8.5000000000000018 0.15937585397132811 1 0.54041073601565681 1205.0000000000002 915.00000000000011 3111.0335000000005 0.15937585397132811 0.72350076222256909 2 126.66000000000001 1.0000000180025095e-35 0.5435319695910098 4551.3050000000012 97.065000000000012
decision_type=2 2 2 2 2 2 2 2 2 2 2 2 2 2 1 2 2 9 2 2 2 2 2 2 1 2 2 2 2 2
left_child=1 2 11 4 6 -3 25 28 13 15 26 12 24 -9 -7 -2 -15 23 -11 -12 -10 -8 -14 -16 -1 -4 -6 -19 -5 -17
right_child=9 5 3 7 10 14 21 8 20 18 19 -13 22 16 17 29 -18 27 -20 -21 -22 -23 -24 -25 -26 -27 -28 -29 -30 -31
leaf_value=-0.72897736867182261 -0.019824809252578214 2.0274986981437926 -1.2435826388401554 3.1074026303198696 2.1051226465702415 0.56283758257671312 -0.92849877328999497 1.0338054201133489 -1.4795950078656019 -0.20757111696391117 -1.744003684762621 2.1606262295723315 0.58379978118016707 -2.942293300189549 2.6399597374552553 -4.548694356866914 2.0693150658291937 0.10361846335590474 -2.4300825723630965 1.1896758794308668 1.3883145329868023 2.0627114531493915 2.0307271626956704 -0.77325575236141086 0.41494058925966615 -0.021080126304274673 -1.529769221198398 -1.9422877933198153 0.33259546657604577 0.082417332269471733
leaf_weight=114.49419170618057 334.41288156807423 156.35520097613335 158.50966417789459 138.96307606995106 1026.7107534259558 112.83934086561203 81.676179960370064 209.94696635007858 697.78565922379494 100.03370130062103 77.456105902791023 1234.8031479567289 222.30835522711277 67.711132198572159 26.409793213009834 178.72906246781349 54.812237530946732 33.514263987541199 1731.9314989745617 88.515579625964165 41.338255271315575 208.94728194177151 434.19187095761299 113.72152981162071 155.29112327098846 72.573105543851852 28.446312636137009 643.16149546205997 87.854177117347717 23.181784495711327
leaf_count=158 625 285 206 231 1790 217 104 406 1190 188 183 1968 286 82 59 328 129 51 3429 220 98 304 615 230 213 95 74 837 115 38
internal_value=0.000195669 0.0133624 0.0206062 0.012617 0.0246229 -0.021338 -0.0062898 -0.00349837 -0.0114707 -0.0347649 0.0378298 0.0318492 0.0202702 0.0196748 -0.0294139 -0.0157624 -0.0113427 -0.0342911 -0.0403281 0.00226969 -0.0254805 0.0186062 0.0303056 -0.00694597 -0.00415014 -0.0376005 0.0434232 -0.0397703 0.0341668 -0.0384548
internal_weight=8656.63 6288.34 5202.34 3041.25 1742.83 1086 521.706 1298.41 1071.59 2368.29 1221.13 2161.09 926.286 332.47 929.646 536.324 122.523 816.807 1831.97 165.972 739.124 290.623 656.5 140.131 269.785 231.083 1055.16 676.676 226.817 201.911
internal_count=14754 10146 8467 5227 2976 1679 709 2251 1905 4608 2267 3240 1272 617 1394 991 211 1177 3617 403 1288 408 901 289 371 301 1864 888 346 366
cat_boundaries=0 1 2 3
cat_threshold=5 32 12
is_linear=0
shrinkage=0.05


Tree=7
num_leaves=31
num_cat=6
split_feature=24 7 22 67 73 22 77 61 30 43 24 28 6 60 28 36 58 30 67 38 28 7 18 28 19 67 56 18 67 77
split_gain=1446.36 613.603 175.936 177.56 133.76 176.027 110.253 107.32 100.273 81.4039 98.3529 151.196 80.2219 78.4616 77.6894 70.5359 64.3412 62.7408 58.7564 43.7959 43.612 42.8925 42.2299 42.1309 48.8817 41.3618 45.4531 37.5412 33.0657 47.5195
threshold=278.96000000000009 1.5000000000000002 5780.3174603174621 0 339.64500000000004 4005.3174603174607 0.98104623841088279 1 0.64607086610473607 -139.92499999999993 219.84500000000003 92.41500000000002 8.5000000000000018 2 154.18500000000003 425.00000000000006 0.17734618656081658 0.43771088953899406 3 4493.6750000000011 109.265 1.0000000180025095e-35 0.54041073601565681 126.72000000000001 475.14750000000009 4 0.58087099114282126 0.89234865541299968 5 0.82942921090391086
decision_type=2 2 2 9 2 2 2 1 2 2 2 2 2 1 2 2 2 2 9 2 2 2 2 2 2 9 2 2 9 2
left_child=1 2 4 7 9 21 13 -4 12 18 11 15 -2 -3 16 -11 -5 -17 -1 -7 22 -6 -10 24 -13 -15 -27 -22 -12 -30
right_child=8 6 3 14 5 19 -8 -9 20 10 28 23 -14 25 -16 17 -18 -19 -20 -21 27 -23 -24 -25 -26 26 -28 -29 29 -31
leaf_value=-1.1885663406027633 -0.023916030147065826 0.81719558900695954 0.04408649170000345 -1.9155871706329082 1.0111785613559821 1.8344854055108231 1.6056239616008605 3.0827340296043482 -0.20429420639047394 0.36797429740040571 2.001223825538192 0.8011710213525518 -3.9939252669067642 -0.45159297237273482 0.65905833772902123 -0.875781119655343 0.77653317871672312 0.61490121600791703 1.4574669918496115 -0.41800351760701765 -2.3131542323293912 -1.5742301329514685 -2.3750785352976762 3.2602318639385803 2.8789048355014546 0.33975631059674005 -1.8459921053979043 0.9202337299186365 -0.3210702383138454 3.9870659730131495
leaf_weight=91.786642789840698 422.02814890444279 128.08320660889149 316.55419620871544 340.50466620922089 53.589135333895683 365.39799046516418 138.16489471495152 208.18310481309891 99.036500662565231 609.45157888531685 969.5645549595356 493.14542591571808 253.63367305696011 141.92181088030338 36.68618181347847 116.73341310024261 28.118527919054031 36.631367146968842 61.415676206350327 86.925381630659103 66.856084659695625 214.92344687879086 1604.9917181283236 382.27527491748333 532.25520247220993 46.832087755203247 631.5778931081295 52.910190537571907 80.304915055632591 79.932412922382355
leaf_count=131 800 238 556 517 126 862 263 458 186 788 1585 664 490 285 51 143 38 46 106 208 143 371 3136 614 700 70 819 147 126 140
internal_value=0.000507549 0.0134683 0.020731 0.00106492 0.0251126 0.00552188 -0.020649 0.0202654 -0.0315953 0.0292017 0.0308556 0.0246282 -0.0151416 -0.0267281 -0.0237932 0.00670142 -0.030699 -0.0236076 -0.00642758 0.0245589 -0.0376909 -0.026547 -0.0397407 0.0343427 0.0290611 -0.0321833 -0.0377108 -0.00852628 0.0428193 0.0217784
internal_weight=8690.42 6190.96 5104.38 930.047 4174.33 720.836 1086.58 524.737 2499.46 3453.5 3300.29 2170.49 675.662 948.415 405.309 762.816 368.623 153.365 153.202 452.323 1823.79 268.513 1704.03 1407.68 1025.4 820.332 678.41 119.766 1129.8 160.237
internal_count=14807 9905 8230 1620 6610 1567 1675 1014 4902 5043 4806 2955 1290 1412 606 977 555 189 237 1070 3612 497 3322 1978 1364 1174 889 290 1851 266
cat_boundaries=0 1 2 3 4 5 6
cat_threshold=4 2 5 1 4 4
is_linear=0
shrinkage=0.05


Tree=8
num_leaves=31
num_cat=6
split_feature=26 7 22 67 26 22 73 26 61 26 26 28 26 42 23 26 28 61 26 67 67 58 24 65 72 18 44 56 94 10
split_gain=1406.15 576.957 182.143 163.692 163.662 148.578 204.039 142.579 115.391 97.1015 122.196 91.9193 120.246 116.621 93.6856 91.5885 75.2297 66.5103 63.5528 59.8146 56.7336 52.8289 42.4896 41.265 39.5203 36.5161 35.3336 34.45 31.769 29.6758
threshold=190.48000000000005 1.5000000000000002 5154.8639455782322 0 43.050000000000004 4055.192743764173 325.30000000000007 222.91500000000005 1 82.725000000000009 124.48 90.644999999999996 132.45000000000002 265.00000000000006 186.16500000000005 43.050000000000004 95.79500000000003 2 89.010000000000005 3 4 0.19861071732350435 165.82500000000002 5 258.23500000000007 0.57881246441553902 15.74500000000012 0.58087099114282126 754.59000000000015 4.5000000000000009
decision_type=2 2 2 9 2 2 2 2 1 2 2 2 2 2 2 2 2 1 2 9 9 2 2 1 2 2 2 2 2 2
left_child=1 2 5 8 -3 6 9 16 -4 -1 -11 12 13 -7 18 -5 17 29 22 21 -12 28 -13 -14 -8 -9 -20 -17 -6 -2
right_child=7 4 3 15 19 11 24 25 -10 10 20 14 23 -15 -16 27 -18 -19 26 -21 -22 -23 -24 -25 -26 -27 -28 -29 -30 -31
leaf_value=1.109663293152878 0.032754690219292469 1.8564427696243329 0.0080880653211849573 0.47317461006502559 -1.7156925840513488 0.89078074754685377 -1.6347186747505504 -0.56807952086648239 2.9854767837118774 -0.71402848204791169 1.4451379666355049 0.46631357435196819 -0.36016583503316363 -0.91234205022576809 1.9852483990604008 1.2944200166157422 0.081675402911299433 0.023362312826046686 -0.25006407744592585 -0.0065133332908413168 -1.8342250685491295 1.3059498085816124 2.1833646776577851 1.6888045366649349 1.1058705048079951 -2.3133245780152145 1.3994444146202316 -2.0291522871826531 0.37312622450425431 -3.8458820735880801
leaf_weight=231.15868607163429 51.268433228135109 148.02031897008419 328.06385415792465 86.153075188398361 695.59692928195 158.21356001496315 235.12491735816002 135.91299664974213 221.76198250055313 177.79090231657028 270.5629059523344 194.55194470286369 57.804772257804871 196.99899159371853 1660.0746478587389 18.151269495487213 163.13931386172771 195.51429517567158 201.16072285175323 171.22416138648987 29.943176284432411 29.900986671447754 423.07041123509407 286.56405536830425 50.302557677030563 1542.9972904473543 73.415239930152893 336.48240056633949 39.285549819469452 304.81091783940792
leaf_count=307 95 272 565 113 890 205 416 253 490 218 353 240 125 288 2952 26 316 373 271 366 44 49 613 486 109 3103 129 538 83 538
internal_value=0.00112417 0.0134829 0.0203552 0.00104901 -0.0197196 0.0248587 0.00795039 -0.0315141 0.0192474 0.0223128 0.00945318 0.0300316 0.0139751 -0.00643545 0.0344327 -0.0216512 -0.0128112 -0.0216331 0.0213657 -0.0274454 0.0288924 -0.0334261 0.0302634 0.0350283 -0.0277486 -0.0394762 0.00135161 -0.0328849 -0.0360768 -0.0344984
internal_weight=8715.02 6321.38 5237.35 990.613 1084.03 4246.74 994.883 2393.64 549.826 709.456 478.297 3251.85 699.581 355.213 2552.27 440.787 714.733 551.594 892.198 936.008 300.506 764.783 617.622 344.369 285.427 1678.91 274.576 354.634 734.882 356.079
internal_count=14826 10148 8488 1732 1660 6756 1447 4678 1055 922 615 5309 1104 493 4205 677 1322 1006 1253 1388 397 1022 853 611 525 3356 400 564 973 633
cat_boundaries=0 1 2 3 4 5 6
cat_threshold=4 2 2 1 4 43009
is_linear=0
shrinkage=0.05


Tree=9
num_leaves=31
num_cat=5
split_feature=26 7 22 22 26 7 2 26 26 30 61 26 37 38 23 60 37 26 2 27 44 28 27 18 94 61 59 28 27 6
split_gain=1317.43 549.841 190.143 158.767 191.756 183.243 152.058 147.883 145.473 121.354 102.261 87.0795 86.7125 72.6125 85.9249 71.5071 70.5207 49.194 48.9193 47.285 45.001 42.3169 42.1843 38.1681 35.9825 34.8471 36.3522 41.7778 44.8673 28.3723
threshold=187.66500000000002 1.5000000000000002 5780.3174603174621 4005.3174603174607 81.340000000000018 1.0000000180025095e-35 0 224.78000000000003 43.050000000000004 0.39916215199154875 1 43.050000000000004 225.00000000000003 4493.6750000000011 124.11500000000002 2 905.00000000000011 132.89500000000001 3 92.890000000000015 19.975000000000026 76.920000000000016 58.365000000000002 0.54041073601565681 1597.7650000000001 4 0.014690700670750652 105.645 9.8150000000000031 9.5000000000000018
decision_type=2 2 2 2 2 2 9 2 2 2 1 2 2 2 2 1 2 2 9 2 2 2 2 2 2 1 2 2 2 2
left_child=1 2 3 4 -1 9 10 12 29 -6 -4 -8 -2 14 20 -10 -14 -15 -17 22 -5 -16 -11 -9 -19 -23 -27 28 -28 -3
right_child=7 8 6 13 5 -7 11 23 15 19 -12 -13 16 17 21 18 -18 24 -20 -21 -22 25 -24 -25 -26 26 27 -29 -30 -31
leaf_value=1.0317577236818256 0.027033515137598399 2.0135203808989757 0.035732927063226151 0.043403007312762656 -1.1173102977240059 -1.3182050391098636 0.49099264722245906 -0.2871755352864151 0.70812053794130803 0.21996098486496829 2.8608487338093234 -1.9179416432158067 -3.7687698558392726 -0.048999051794018561 -0.077337848086645886 -0.078187693329180172 0.10512254804104836 1.5007361908352472 -1.6349078785548361 -2.082126521918668 1.3756296484253099 1.9819602104657514 1.6758809462334172 -2.2386583338556645 -0.203077504187063 1.803250216597081 -0.6738005126085107 2.2739933849646388 1.2349702859189085 -0.04047951991889534
leaf_weight=206.41840550303459 314.8381245881319 96.11051033437252 316.67700542509556 278.0303583741188 72.135465949773788 314.2726101577282 80.728464335203171 105.05347785353661 118.11904987692833 104.75222615897655 198.85953785479069 342.923852622509 379.32180817425251 200.64022183418274 72.055205792188644 125.85360510647297 116.65483537316322 104.86020338535309 681.28082852065563 27.095358118414879 234.77386385202408 698.54652239382267 210.7642574608326 1531.6333073079586 51.341269567608833 938.59412515163422 67.538339138031006 207.15110509097576 384.89428228139877 48.823003590106964
leaf_count=274 552 182 556 367 91 497 105 193 228 135 437 535 685 289 147 258 278 171 892 57 329 1197 309 3101 128 1564 84 377 619 83
internal_value=0.00115501 0.0134453 0.0202667 0.0248405 0.00669618 -0.00534976 -5.9843e-05 -0.0298946 -0.0191452 0.0164713 0.0180253 -0.0219742 -0.0124327 0.0300816 0.0327163 -0.0264412 -0.0254603 0.00880572 -0.0315318 0.0288815 0.0141596 0.0367335 0.0343248 -0.0385452 0.0298462 0.0379172 0.0338454 0.0248499 0.0163351 0.0274325
internal_weight=8630.74 6183.24 5113.05 4173.86 935.438 729.02 939.189 2447.5 1070.19 414.747 515.537 423.652 810.815 3238.43 2881.58 925.253 495.977 356.842 807.134 342.612 512.804 2368.78 315.516 1636.69 156.201 2296.72 1598.18 659.584 452.433 144.934
internal_count=14720 9911 8268 6635 1363 1089 1633 4809 1643 592 993 640 1515 5272 4684 1378 963 588 1150 501 696 3988 444 3294 299 3841 2644 1080 703 265
cat_boundaries=0 1 2 3 4 5
cat_threshold=32 2 5 32 4
is_linear=0
shrinkage=0.05


Tree=10
num_leaves=31
num_cat=1
split_feature=26 7 23 7 27 18 26 28 44 37 28 27 26 43 37 6 27 37 56 67 29 28 28 18 101 37 38 39 6 37
split_gain=1232.12 656.301 237.229 160.904 198.604 154.42 154.411 153.176 102.785 93.645 87.4018 82.3004 65.4369 63.392 58.6702 56.3286 75.7401 52.3845 50.2617 44.5591 37.3243 38.6674 36.5769 35.5395 35.4718 29.1536 33.949 28.0946 27.4199 26.7229
threshold=227.27500000000003 1.5000000000000002 577.58000000000004 1.0000000180025095e-35 54.405000000000008 0.84319273067252654 43.050000000000004 92.469999999999985 -3.5599999999999734 745.00000000000011 149.77500000000001 82.785000000000011 133.57500000000002 -124.55999999999996 305.00000000000006 8.5000000000000018 5.7300000000000013 755.00000000000011 0.46457044629262684 0 67.715000000000003 83.715000000000003 92.41500000000002 0.57881246441553902 0.23036415822066372 195.00000000000003 5600.0000000000009 2304.6050000000005 9.5000000000000018 475.00000000000006
decision_type=2 2 2 2 2 2 2 2 2 2 2 2 2 2 2 2 2 2 2 9 2 2 2 2 2 2 2 2 2 2
left_child=1 2 8 4 7 9 28 -4 13 10 14 12 22 19 -5 20 -17 18 -8 -1 -10 -22 -6 -2 -16 -20 -27 -13 -3 -9
right_child=23 6 3 5 11 -7 17 29 15 -11 -12 27 -14 -15 24 16 -18 -19 25 -21 21 -23 -24 -25 -26 26 -28 -29 -30 -31
leaf_value=-1.0474881651807597 -0.52531676805883742 1.9103445907358632 -1.0614447828378057 0.028989948425785662 -0.0052313070745501735 0.19706403669718037 1.3223977120802737 3.0201546634136416 0.90464686897880575 1.0812578978124037 1.1536320734564798 1.957326135835352 1.7206450660263188 0.81981020154401707 0.82133357089170256 2.4931765832011954 -0.12013752801399634 0.19021530339208612 0.15580343539205543 0.13544240814750097 -0.01825625407044278 2.1094968151147597 1.592086898921746 -2.1457254705686433 -1.858982344465006 -1.9836662756676544 -0.91616249607118627 0.076321383725642997 -0.087351701002507914 0.44173219344449388
leaf_weight=141.08470517396927 133.5263170003891 96.882441520690918 214.37589500844479 113.22455993294716 113.05102932453156 413.6301344037056 30.444758743047714 71.995965242385864 705.88969196379185 169.72524528205395 50.064070537686348 80.02193620800972 614.84034875035286 185.54381033778191 27.303798481822014 99.805016130208969 217.26994770765305 98.97020235657692 44.61892856657505 55.943083241581917 53.548964142799377 1239.5691732168198 90.710815146565437 1413.5272629112005 710.67436130344868 733.61253403127193 199.54865489900112 297.81610611081123 54.648887723684311 183.8149523884058
leaf_count=196 247 179 287 222 147 860 50 115 1002 400 74 226 1162 253 40 129 290 211 70 80 67 1786 141 2890 1200 1056 330 691 90 267
internal_value=0.00124274 0.0100432 0.0170905 0.0077727 0.0184362 -0.00419811 -0.0227087 -0.00909685 0.0279709 -0.0142195 -0.0206355 0.0292564 0.0381657 0.00396152 -0.0244116 0.0319368 0.0123581 -0.0291873 -0.0325948 -0.0157895 0.0350423 0.0400902 0.0136093 -0.039195 -0.0295534 -0.0345647 -0.0364526 0.00995412 0.0246286 0.0170282
internal_weight=8655.68 7108.63 5849.9 3151.25 1666.63 1484.62 1258.73 470.187 2698.65 1070.99 901.267 1196.44 818.602 382.572 851.203 2316.08 317.075 1107.2 1008.22 197.028 1999.01 1293.12 203.762 1547.05 737.978 977.78 933.161 377.838 151.531 255.811
internal_count=14758 11621 9635 5832 3036 2796 1986 669 3803 1936 1536 2367 1450 529 1462 3274 419 1717 1506 276 2855 1853 288 3137 1240 1456 1386 917 269 382
cat_boundaries=0 1
cat_threshold=1
is_linear=0
shrinkage=0.05


Tree=11
num_leaves=31
num_cat=3
split_feature=27 7 27 44 23 24 27 7 77 43 22 6 43 27 30 27 23 58 67 18 73 10 24 67 95 6 61 44 18 22
split_gain=1097.43 542.552 136.495 131.479 133.979 179.189 115.064 93.87 92.7578 77.2223 71.3324 70.3602 118.443 54.9739 56.0012 57.3472 56.3161 48.1757 55.3405 45.1636 43.6988 40.5678 39.5653 38.4975 49.4973 37.5881 36.0852 35.5467 35.515 34.1084
threshold=109.70000000000002 1.5000000000000002 153.29500000000004 -3.5599999999999734 607.68500000000006 214.59500000000006 86.695000000000007 1.5000000000000002 0.96377459129491927 -98.57999999999997 4055.192743764173 4.5000000000000009 -16.98500000000001 5.4900000000000011 0.39544605501802865 43.315000000000005 726.62500000000011 0.19861071732350435 0 0.82712306139894221 339.64500000000004 5.5000000000000009 206.27500000000003 1 508.91000000000003 4.5000000000000009 2 42.110000000000078 0.51914899164941009 4055.192743764173
decision_type=2 2 2 2 2 2 2 2 2 2 2 2 2 2 2 2 2 2 9 2 2 2 2 9 2 2 1 2 2 2
left_child=1 3 7 9 11 13 25 19 17 23 -8 22 27 -6 15 16 -15 18 -3 26 -14 -4 -5 -1 -25 -7 -2 -13 -23 -27
right_child=2 8 21 4 5 6 10 -9 -10 -11 -12 12 20 14 -16 -17 -18 -19 -20 -21 -22 28 -24 24 -26 29 -28 -29 -30 -31
leaf_value=0.25658436819737462 -2.2742260158905587 -1.4039791708437117 -2.0289297043518393 -0.045046395662000374 0.65396095129203013 1.639473840168721 -1.254923323387624 -4.3454393572574963 1.2363273764578591 0.7444785140673208 0.4427960881865165 -0.011272809033131638 2.0429663151890147 -2.0237302783393214 0.073447815873662323 -1.0674736970898693 0.56809412549731275 1.5602055685461065 -0.011789047129444619 0.011635827326167969 -0.96396816627087789 -0.25455091248975797 1.7611126422386734 -0.012667065458497363 -1.8825321920090266 -1.5748736867852224 0.00056082537113562043 0.51517371347910268 -2.0384391970402111 1.3422761077730518
leaf_weight=80.169092699885368 235.70382098853588 743.20728728175163 442.83951163291931 46.716147243976593 91.825784429907799 713.22955676913261 96.97758837044239 230.89588706195354 146.4607348293066 143.90719713270664 265.65116168558598 382.25917221605778 780.19749814271927 115.45815119147301 288.64731304347515 157.61774721741676 108.72367839515209 34.754287555813789 161.16565565764904 455.29037037491798 28.152774602174759 75.964800477027893 802.56346224248409 144.27642714977264 164.21271529793739 42.895900338888168 171.97039629518986 320.51774173974991 958.62105138599873 238.69241331517696
leaf_count=119 405 1008 974 63 153 1354 171 443 274 206 650 518 1207 156 482 211 187 59 344 834 38 140 1052 193 267 69 348 444 1908 499
internal_value=0.00156986 0.0131212 -0.0258263 0.0200616 0.0228535 0.0137292 0.0246231 -0.012438 -0.018926 -0.00342507 0.000511905 0.0310474 0.0245757 -0.00567037 -0.0106397 -0.0232044 -0.00695596 -0.0246978 -0.0269178 -0.00486155 0.0376279 -0.0357387 0.0425624 -0.0150105 -0.0230326 0.033412 -0.0169496 0.00956279 -0.0411593 0.0179442
internal_weight=8669.57 6098.28 2571.29 5012.69 4480.13 2119.72 1357.45 1093.86 1085.59 532.565 362.629 2360.41 1511.13 762.273 670.447 381.8 224.182 939.127 904.373 862.965 808.35 1477.43 849.28 388.658 308.489 994.818 407.674 702.777 1034.59 281.588
internal_count=14776 9724 5052 8039 7254 3932 2743 2030 1685 785 821 3322 2207 1189 1036 554 343 1411 1352 1587 1245 3022 1115 579 460 1922 753 962 2048 568
cat_boundaries=0 1 2 3
cat_threshold=1 4 2
is_linear=0
shrinkage=0.05


Tree=12
num_leaves=31
num_cat=4
split_feature=26 13 26 37 26 67 28 73 37 28 26 10 26 29 25 37 38 18 13 31 43 27 28 61 8 18 18 61 38 67
split_gain=1093.45 393.746 163.848 160.714 169.835 313.695 196.552 136.952 125.925 114.59 102.326 72.0747 106.223 65.4197 64.4202 60.3168 45.8232 44.6715 43.5719 42.7975 41.1908 51.4259 40.217 39.5129 37.9373 37.6614 35.256 41.1033 32.5254 31.7133
threshold=184.68000000000004 0.17156862745098037 229.85000000000005 265.00000000000006 134.17000000000004 0 92.41500000000002 281.55000000000007 275.00000000000006 95.185000000000016 43.050000000000004 4.5000000000000009 57.120000000000012 103.80000000000001 1061.7200000000003 935.00000000000011 895.00000000000011 0.9092430665072877 0.17156862745098037 1315.0000000000002 -115.80999999999999 9.8150000000000031 138.94500000000002 1 1.0000000180025095e-35 0.57881246441553902 0.84319273067252654 2 845.00000000000011 3
decision_type=2 2 2 2 2 9 2 2 2 2 2 2 2 2 2 2 2 2 2 2 2 2 2 1 2 2 2 1 2 9
left_child=1 3 9 11 6 7 16 -6 -3 18 -10 -1 -13 28 29 19 -5 -7 26 -9 -14 -22 24 -23 -15 -4 27 -2 -8 -12
right_child=2 8 25 4 5 17 13 15 10 -11 14 12 20 22 -16 -17 -18 -19 -20 -21 21 23 -24 -25 -26 -27 -28 -29 -30 -31
leaf_value=1.8966020655791729 -2.724558591944056 0.94901090082344275 -0.48632338403140773 0.23392488702411393 1.5450817604574749 -1.5561024728274422 0.63878918210404056 1.5083992206807946 1.225010732976763 0.055297024120112039 0.11051493928055081 2.9275454708511761 -0.22433364679848183 0.92235992464508887 0.0082223848304823662 1.3691781623471027 -0.48512218197651163 1.3720507684629604 -4.1011673436182541 -2.0595881129746743 -0.37108887855907774 0.75830493942907651 2.4128265304033434 1.1419088997179709 -1.0216771648476373 -2.1235171303766771 0.0074371574905750751 -0.021635097370624301 -0.80866462819814233 -1.4497745315125492
leaf_weight=676.96615552902222 187.85814163088799 176.30999059975147 123.36390276253223 27.989551842212677 703.11703404784203 209.25328104197979 28.054850190877914 92.86926294863224 139.6116555929184 274.14823944866657 56.00228177011013 337.3069486618042 165.80860827863216 576.90259963274002 183.31002451479435 223.97930938005447 571.1523939371109 24.356121271848679 213.54420219361782 114.28390191495419 165.20964246988297 263.32913872599602 139.3889332562685 414.49363847076893 44.065168470144272 1316.354865655303 214.40694025158882 128.41091497242451 169.32449267804623 638.86691465973854
leaf_count=1001 325 294 234 34 1230 416 34 213 250 514 128 540 251 837 378 539 815 74 407 226 200 408 222 606 68 2712 362 270 280 827
internal_value=0.00158769 0.0128665 -0.0265944 0.0190858 0.0115911 0.0244453 0.000297419 0.0353119 -0.0129034 -0.0112455 -0.0196613 0.0299206 0.0232281 0.0143489 -0.0259826 0.0131244 -0.0221641 -0.0283156 -0.0214251 -0.00632211 0.0151066 0.0195873 0.0210069 0.025684 0.0155588 -0.0374513 -0.0137506 -0.0243618 -0.0112994 -0.0329381
internal_weight=8600.04 6141.95 2458.09 4947.85 2924.74 1367.86 1556.88 1134.25 1194.1 1018.37 1017.79 2023.11 1346.15 957.736 878.179 431.132 599.142 233.609 744.22 207.153 1008.84 843.032 760.357 677.823 620.968 1439.72 530.676 316.269 197.379 694.869
internal_count=14695 9871 4824 7994 4988 2698 2290 2208 1877 1878 1583 3006 2005 1441 1333 978 849 490 1364 439 1465 1214 1127 1014 905 2946 957 595 314 955
cat_boundaries=0 1 2 3 4
cat_threshold=4 2 2 4
is_linear=0
shrinkage=0.05


Tree=13
num_leaves=31
num_cat=4
split_feature=26 7 30 26 28 67 22 26 25 38 28 75 6 60 22 26 61 26 22 27 10 17 61 96 55 38 22 28 96 27
split_gain=984.306 583.618 223.221 177.627 303.417 178.758 132.55 128.885 124.77 112.332 91.2185 86.8345 75.2541 63.7121 60.5199 49.0958 43.3812 38.2586 37.5235 43.6189 33.9601 32.6783 31.6576 30.1629 29.6429 29.5797 30.0518 29.1564 28.9439 28.8017
threshold=233.16500000000005 1.5000000000000002 0.54402321751191618 134.17000000000004 92.41500000000002 0 4005.3174603174607 43.050000000000004 749.6600000000002 4570.9050000000016 149.77500000000001 563.32500000000016 8.5000000000000018 1 5780.3174603174621 125.12000000000002 2 109.49000000000002 4234.4331065759643 28.290000000000003 4.5000000000000009 0.34926548044721195 3 241.95011337868488 0.034190531852717657 4561.2250000000013 4055.192743764173 100.86499999999999 4073.2426303854882 52.155000000000008
decision_type=2 2 2 2 2 9 2 2 2 2 2 2 2 1 2 2 1 2 2 2 2 2 1 2 2 2 2 2 2 2
left_child=1 2 3 4 8 -5 -4 -3 24 27 12 -7 14 -9 18 -10 -11 22 19 -6 -20 -2 -16 -15 -1 26 -13 -8 -25 -22
right_child=21 7 6 5 10 11 9 13 15 16 -12 25 -14 23 17 -17 -18 -19 20 -21 29 -23 -24 28 -26 -27 -28 -29 -30 -31
leaf_value=0.021732487949576298 -0.0090071938490023495 1.313260470986128 -1.8443141549287381 -1.3046004168055332 0.72504155896475453 1.4561848591558861 0.041314425158184065 0.42586036540683808 -1.1762877239880802 -1.8087036873346272 2.6731149278041282 -1.2757654162703986 -0.45364416642384459 0.65979571132794934 0.72434860216567221 -0.042026919302912094 -0.063715693861749051 1.0274051508784048 2.5812580274317596 0.12551064271468668 1.102594986416485 -2.0307417534513679 -1.0494286075273853 -1.5741887515771795 0.62015675915874235 -0.4143412861003018 1.5541862739171906 0.16533490352123908 0.52988928217080622 -0.29608493284351989
leaf_weight=276.24488013982773 58.605800807476044 155.83455160260201 309.30336759984493 86.899868935346603 84.694327741861343 968.64577662944794 606.99275171756744 135.36680218577385 310.53240887820721 159.49447764456272 420.50221228599548 61.815346613526344 181.7283795773983 27.23404523730278 45.303748458623886 207.6832480430603 174.04778009653091 134.98911215364933 453.89170125126839 228.48516358435154 393.18670734763145 1290.6573809534311 109.91832382977009 938.33999973535538 146.30811375379562 71.065065920352936 208.98054552078247 322.23414772748947 30.62626476585865 44.299447521567345
leaf_count=346 111 281 545 123 108 1607 1153 263 432 297 692 122 245 37 77 292 398 215 615 307 571 2658 158 1422 193 165 482 659 61 75
internal_value=0.00212201 0.00937849 0.0159256 0.0216639 0.0148773 0.036417 -0.000263313 -0.0211716 -0.00871502 0.00692213 0.0254614 0.0410221 0.0202387 -0.0270425 0.0239324 -0.0251575 -0.0179691 0.00343544 0.0288706 0.0139824 0.0341015 -0.0371094 -0.0134943 -0.0312404 0.01145 0.0193573 0.0268917 0.0158567 -0.0330126 0.0241608
internal_weight=8643.91 7294.65 6007.25 4435.17 3037.77 1397.41 1572.07 1287.4 940.769 1262.77 2097 1310.51 1676.5 1131.57 1494.77 518.216 333.542 290.211 1204.56 313.179 891.378 1349.26 155.222 996.2 422.553 341.861 270.796 929.227 968.966 437.486
internal_count=14710 11941 9877 6825 4326 2499 3052 2064 1263 2507 3063 2376 2371 1783 2126 724 695 450 1676 415 1261 2769 235 1520 539 769 604 1812 1483 646
cat_boundaries=0 1 2 3 4
cat_threshold=1 5 2 4
is_linear=0
shrinkage=0.05


Tree=14
num_leaves=31
num_cat=2
split_feature=26 7 30 26 28 67 34 26 18 37 23 37 4 26 6 37 58 65 26 24 28 25 18 37 26 55 28 6 6 30
split_gain=941.681 580.675 236.344 198.917 287.617 147.501 130.899 128.969 102.017 103.231 93.6493 69.5055 65.6159 63.7639 74.4441 60.7042 45.5852 41.5793 37.1918 35.8237 35.2651 34.7882 33.1159 31.5178 31.24 31.08 29.397 28.8249 27.0407 23.2533
threshold=235.35500000000005 1.5000000000000002 0.53156575662154049 134.17000000000004 92.41500000000002 0 275.00000000000006 43.050000000000004 0.82630240294554624 1075.0000000000002 625.02500000000009 305.00000000000006 1.5000000000000002 48.800000000000004 8.5000000000000018 585.00000000000011 0.18854550609583218 1 123.93500000000002 184.92000000000004 83.715000000000003 908.37000000000012 0.54041073601565681 195.00000000000003 86.360000000000014 0.021980676328502403 86.445000000000007 5.5000000000000009 9.5000000000000018 0.63946547067667481
decision_type=2 2 2 2 2 9 2 2 2 2 2 2 2 2 2 2 2 1 2 2 2 2 2 2 2 2 2 2 2 2
left_child=1 2 3 4 6 -5 25 28 9 11 13 29 -7 -6 17 16 23 24 19 -8 -14 -12 -2 -9 -15 -1 -20 -24 -3 -4
right_child=22 7 8 5 10 12 18 15 -10 -11 21 -13 20 14 -16 -17 -18 -19 26 -21 -22 -23 27 -25 -26 -27 -28 -29 -30 -31
leaf_value=0.11225453585641532 -0.30705689519170853 1.6560973558840872 -0.069852624770054925 -0.95154046537598203 2.55557638732494 1.3833756161980919 -0.31430325565679262 0.37927184005865566 0.063953246115354648 1.5553205391047238 -1.8980042795726157 -1.5794923985378251 -1.63243794920258 0.7593366814406064 -0.32763417999720201 0.042598735008454194 1.2255237065506659 2.0135467230386257 0.0040539778687334049 -1.065056145253277 1.4444446808188496 0.53651283679729755 -2.0027047268139557 -1.5395821129968932 -0.35663098989278907 0.64147420320277537 -0.15533942329001926 -2.1038042929967982 -0.23631791078204609 0.0835929185767222
leaf_weight=234.65859940648079 93.965553790330887 95.427258342504501 64.322943508625031 70.872183233499527 395.20181423425674 1039.3075519949198 111.33424836397171 51.154308944940567 902.68633322417736 141.09424062073231 46.113503023982048 556.05931749939919 46.31660121679306 112.56765261292458 136.66778692603111 169.57248459756374 31.664745181798935 769.83985313773155 160.9435308277607 196.19531211256981 161.88595344126225 500.70262418687344 288.84105041623116 900.75798067450523 77.391664192080498 152.34156510233879 74.405006527900696 923.61601731181145 58.87017996609211 86.116315618157387
leaf_count=293 177 182 112 99 625 1773 165 82 1780 357 61 982 101 157 176 332 52 1041 230 267 367 810 619 1351 106 202 104 1927 98 148
internal_value=0.00191468 0.00887218 0.0154149 0.0217364 0.0145584 0.0378978 -0.00848572 -0.0213382 -6.76357e-05 -0.012525 0.0250702 -0.020323 0.0418841 0.0315588 0.0253525 -0.0270825 -0.0318458 0.0302687 -0.0243248 -0.0357735 0.0162639 0.00736975 -0.0371991 -0.033809 0.00762354 0.0137331 -0.00936483 -0.0394152 0.0215922 0.00982817
internal_weight=8650.89 7344.47 6037.02 4286.75 2968.36 1318.38 929.878 1307.45 1750.28 847.593 2038.48 706.499 1247.51 1491.67 1096.47 1153.15 983.577 959.799 542.878 307.53 208.203 546.816 1306.42 951.912 189.959 387 235.349 1212.46 154.297 150.439
internal_count=14776 12053 9956 6577 4237 2340 1261 2097 3379 1599 2976 1242 2241 2105 1480 1817 1485 1304 766 432 468 871 2723 1433 263 495 334 2546 280 260
cat_boundaries=0 1 2
cat_threshold=1 156676
is_linear=0
shrinkage=0.05


Tree=15
num_leaves=31
num_cat=2
split_feature=27 7 6 24 43 27 37 23 43 37 96 96 37 37 61 43 18 43 61 17 44 23 27 44 57 44 41 27 39 10
split_gain=858.883 460.054 152.855 232.393 224.695 133.467 111.503 101.839 101.644 101.059 83.8531 81.3718 78.3787 107.355 68.5817 44.3941 41.6173 39.6046 39.0293 37.3044 36.8804 36.3955 37.4419 34.254 31.041 30.8511 30.0819 28.2985 73.69 26.7975
threshold=109.70000000000002 1.5000000000000002 4.5000000000000009 203.45000000000002 -16.069999999999968 165.63000000000002 255.00000000000003 594.69500000000005 -95.125000000000043 905.00000000000011 571.20181405895698 301.81405895691614 285.00000000000006 855.00000000000011 0 -94.279999999999959 0.56013589665785257 -118.76499999999997 1 0.40931687305284192 56.904999999999937 625.02500000000009 13.550000000000002 38.410000000000032 0.13815081519210978 34.460000000000043 145.00000000000003 55.360000000000007 3762.9800000000005 5.5000000000000009
decision_type=2 2 2 2 2 2 2 2 2 2 2 2 2 2 1 2 2 2 1 2 2 2 2 2 2 2 2 2 2 2
left_child=1 2 3 -1 12 6 -2 11 27 16 23 -3 17 15 25 -14 -8 -4 -19 -7 -20 22 -17 -6 -13 -10 -12 28 -5 -21
right_child=5 7 4 8 10 19 9 -9 14 -11 26 24 13 -15 -16 21 -18 18 20 29 -22 -23 -24 -25 -26 -27 -28 -29 -30 -31
leaf_value=-0.81867555628052857 0.0089508009040747301 1.5595923271096581 -0.25147219917884772 -0.57391332952535812 2.5032976747702165 -0.35079966884892055 1.2294101583357104 0.29479250334867191 2.4209700035738777 0.067483585670611218 0.62098597523562349 -0.13987797649270414 -1.2768462069901174 1.434822410658094 1.5290416493648427 0.30064180524889716 -2.8195233014009529 0.99238598427357239 0.12359396811502243 -2.0345694599556801 1.5408473088231329 -0.87918176693869876 -0.064539638144614039 0.93598393817729153 -1.240102969200076 -0.052819007500786344 -2.275306004356219 1.3258496486669022 2.3748000327109939 -2.1106139715354346
leaf_weight=191.88000530004501 651.36373609304428 58.298984244465828 182.57081557810307 95.982835367321968 380.87629780173302 125.54965202510357 22.871670961380005 297.15699379146099 62.203895181417465 190.92538931965828 324.02631098031998 88.645149320363998 324.7477385699749 157.78787299990654 294.14881581068039 56.943113058805466 614.51409085094929 182.83561968803406 391.0563368499279 307.74536713957787 96.845234602689743 231.00049637258053 119.06116968393326 392.93047827482224 636.0327315479517 298.05547203123569 23.225978523492813 1009.4992247223854 216.77907346189022 672.79131792485714
leaf_count=275 1150 83 293 117 603 250 41 606 83 447 617 122 527 389 564 74 1115 248 519 674 172 380 169 590 864 530 28 1604 281 1402
internal_value=0.00220089 0.0124197 0.0187746 0.0287888 0.0111919 -0.0219558 -0.0121344 -0.0171886 0.0338885 -0.0243059 0.0286542 -0.0266467 -4.04717e-05 -0.0104255 0.0177717 -0.0184914 -0.0338644 0.0107856 0.0164055 -0.0350944 0.00902211 -0.00749065 0.00963863 0.0378148 -0.0312186 0.0031457 0.00824114 0.041865 0.0287236 -0.0383802
internal_weight=8698.35 6112.59 5032.46 2168.55 2863.91 2585.76 1479.67 1080.13 1976.67 828.311 1121.06 782.977 1742.85 889.54 654.408 731.753 637.386 853.308 670.737 1106.09 487.902 407.005 176.004 773.807 724.678 360.259 347.252 1322.26 312.762 980.537
internal_count=14817 9738 8063 3454 4609 5079 2753 1675 3179 1603 1838 1069 2771 1539 1177 1150 1156 1232 939 2326 691 623 243 1193 986 613 645 2002 398 2076
cat_boundaries=0 1 2
cat_threshold=2 4
is_linear=0
shrinkage=0.05


Tree=16
num_leaves=31
num_cat=2
split_feature=26 7 26 37 26 67 75 7 28 23 26 26 44 29 23 39 24 56 76 17 30 4 26 6 45 28 67 6 24 28
split_gain=864.774 403.759 167.675 152.615 167.372 257.003 120.551 118.752 115.957 112.261 103.409 76.1519 65.3848 63.5018 63.3445 60.3099 51.6852 48.7512 45.6391 40.6054 39.0039 37.0192 36.9779 36.4981 35.9233 31.3103 30.1596 30.0477 28.7586 27.6673
threshold=181.63500000000002 1.5000000000000002 237.28500000000003 305.00000000000006 136.30000000000004 0 598.57500000000005 1.5000000000000002 92.41500000000002 186.16500000000005 40.330000000000005 70.520000000000024 56.904999999999937 103.80000000000001 588.69000000000017 2175.0000000000005 316.91500000000008 0.58087099114282126 1051.0750000000003 0.37425055044161543 0.37707751321021082 1.5000000000000002 101.25500000000001 5.5000000000000009 221.03000000000003 149.77500000000001 1 8.5000000000000018 176.35500000000005 79.485000000000028
decision_type=2 2 2 2 2 9 2 2 2 2 2 2 2 2 2 2 2 2 2 2 2 2 2 2 2 2 9 2 2 2
left_child=1 3 7 9 8 6 -6 16 18 11 -3 -1 -13 22 17 -8 -2 -12 28 -4 -20 -17 24 -21 -10 27 -19 -15 -5 -22
right_child=2 10 19 4 5 -7 15 -9 13 -11 14 12 -14 25 -16 21 -18 26 20 23 29 -23 -24 -25 -26 -27 -28 -29 -30 -31
leaf_value=1.6646574406691004 -0.1541824201986767 1.4565874953133791 -0.054664002139823614 0.20049720122016376 1.2812823204149018 -1.2432647111632362 1.5752974547496514 -3.5225469990018037 0.47490531306385564 1.427666195093072 0.71962633808474663 -0.0028461129276092126 1.489091883628322 0.72111881389600829 0.069651141249960968 1.3308560969431842 0.02360363405555246 0.42184373860470664 -1.0853260636079745 -1.7273409564403179 0.057320913070665475 -1.3491893453259891 -0.90923111771291287 -1.9358063318120722 -1.689338765376174 1.9670859222348924 -1.1780978207400721 -0.76622833119349165 -0.29536111096672235 -0.086312397935992644
leaf_weight=378.35756534337997 664.54422536492348 141.38600677251816 93.185825571417809 65.839911833405495 613.20815652608871 210.73324891924858 149.17131212353706 255.3144543170929 102.27597643435001 1100.608312651515 53.120699495077133 575.8870929479599 123.01748050749302 626.18511134386063 207.90539701282978 94.872810289263725 375.60612578690052 36.917416587471962 211.42370483279228 269.89491824805737 101.32821421325207 156.65934357047081 79.770008116960526 883.11745612323284 35.136613562703133 134.23925068974495 620.64584240317345 48.934856995940208 38.642271444201469 248.81109531223774
leaf_count=531 1248 261 177 99 1089 443 382 487 147 1739 83 754 212 920 407 223 638 88 277 575 163 305 157 1846 44 221 782 74 60 351
internal_value=0.0020543 0.0121861 -0.0224815 0.018027 0.0105501 0.0246299 0.0350723 -0.00988573 0.000362906 0.0280423 -0.0158904 0.016568 0.00678685 0.0109045 -0.0220174 0.0137445 -0.00238561 -0.029119 -0.0158843 -0.0355753 -0.0215299 -0.00119376 -0.0131022 -0.0381411 0.00261714 0.0173464 -0.0328411 0.0129612 0.0144592 -0.0112903
internal_weight=8696.74 6155.08 2541.66 5095.1 2917.23 1224.64 1013.91 1295.46 1692.59 2177.87 1059.98 1077.26 698.905 1026.54 918.589 400.703 1040.15 710.684 666.045 1246.2 561.563 251.532 217.183 1153.01 137.413 809.359 657.563 675.12 104.482 350.139
internal_count=14783 9812 4971 8191 4955 2442 1999 2373 2513 3236 1621 1497 966 1563 1360 910 1886 953 950 2598 791 528 348 2421 191 1215 870 994 159 514
cat_boundaries=0 1 2
cat_threshold=4 4
is_linear=0
shrinkage=0.05


Tree=17
num_leaves=31
num_cat=3
split_feature=26 7 38 38 26 23 7 26 2 61 30 26 23 41 39 26 7 18 61 58 18 37 28 26 44 22 26 26 6 28
split_gain=815.565 385.937 175.088 189.245 172.217 125.084 122.523 104.727 104.052 97.9251 84.391 81.7436 58.5935 52.1022 47.1996 81.6062 115.35 46.3354 48.1304 43.2247 42.2272 41.183 39.5332 84.5142 38.1624 46.835 36.5637 34.5796 31.9052 31.6408
threshold=178.905 1.5000000000000002 4493.6750000000011 3965.0000000000005 240.61500000000004 143.33000000000001 1.5000000000000002 55.125000000000007 0 1 0.64188694201827912 43.050000000000004 574.57000000000005 145.00000000000003 1894.6700000000003 130.72500000000005 1.0000000180025095e-35 0.82825522176221289 2 0.18854550609583218 0.54041073601565681 315.00000000000006 88.715000000000003 133.57500000000002 56.904999999999937 4083.3560090702949 89.010000000000005 136.30000000000004 5.5000000000000009 92.41500000000002
decision_type=2 2 2 2 2 2 2 2 9 1 2 2 2 2 2 2 2 2 1 2 2 2 2 2 2 2 2 2 2 2
left_child=1 2 3 7 6 26 17 -1 -4 -10 13 -3 19 14 24 -16 -17 18 21 -13 -6 -2 23 -7 25 -9 -5 29 -22 -11
right_child=4 11 8 5 20 22 -8 10 9 27 -12 12 -14 -15 15 16 -18 -19 -20 -21 28 -23 -24 -25 -26 -27 -28 -29 -30 -31
leaf_value=1.8892303409519877 0.039066466278583879 1.2149680329023818 -0.92417885935051458 1.158769245726506 -0.10502649769724944 -0.63549715000279083 -3.2199568593104164 0.40437663804818097 -0.12512831001314578 -0.013187041913917598 -1.3501761523664804 -1.0696929411471603 0.046746604584008193 -2.1943718728837323 -0.27882351217690976 1.1579072721336694 -1.4094026464125855 0.015765437901704749 0.014700690805734952 1.1775052624073348 -1.7469740459474037 -2.5049146394816204 1.4451066480380002 1.2585162810794597 1.4567649189994025 0.11318461961101818 -0.053026393143083439 1.6800656691759337 -1.8577930402913994 1.9494002744322789
leaf_weight=192.98091623187065 71.486040383577347 150.1250377446413 360.48236313462257 112.10071901977062 93.155881315469742 79.956475526094437 277.69323167204857 82.984685689210892 424.02873355150223 84.444970488548279 85.94179280102253 648.88411204516888 213.00675417482853 43.238080620765686 409.94577799737453 219.89053304493427 117.78937119245529 626.11115376651287 237.23094910383224 33.391217529773712 269.55932550132275 218.26746854186058 1558.125151693821 171.24579095840454 200.03680391609669 317.17694801092148 276.67037504911423 196.60066570341587 803.20395563542843 72.7344641238451
leaf_count=281 118 269 613 154 171 127 535 100 695 132 171 861 412 52 544 335 195 1141 467 53 578 380 2702 315 331 425 374 396 1715 125
internal_value=0.00200423 0.0120619 0.0178318 0.0229042 -0.0214359 0.032544 -0.00981221 0.010216 0.00059499 0.0108617 0.00569005 -0.0155696 -0.021295 0.00866073 0.0103939 0.00201035 0.0202115 -0.00263193 -0.0135569 -0.0284421 -0.0357001 -0.0272295 0.0380729 0.0196659 0.0208367 0.0119226 0.00681286 0.0304241 -0.0385042 0.0129414
internal_weight=8648.49 6051.78 5006.37 3868.08 2596.71 2198.1 1430.79 1669.98 1138.29 777.809 1477 1045.41 895.282 1391.06 1347.82 747.626 337.68 1153.1 526.984 682.275 1165.92 289.754 1809.33 251.202 600.198 400.162 388.771 353.78 1072.76 157.179
internal_count=14767 9662 8067 6106 5105 3672 2641 2434 1961 1348 2153 1595 1326 1982 1930 1074 530 2106 965 914 2464 498 3144 442 856 525 528 653 2293 257
cat_boundaries=0 1 2 3
cat_threshold=68 2 2
is_linear=0
shrinkage=0.05


Tree=18
num_leaves=31
num_cat=5
split_feature=26 13 26 37 26 67 73 23 13 28 29 96 23 43 24 39 24 18 30 67 61 61 18 10 45 18 18 61 74 26
split_gain=780.051 306.091 168.991 133.568 164.569 195.339 122.823 119.447 116.786 98.5395 95.3289 85.8382 84.6735 68.834 58.7447 57.0337 47.4138 45.5077 45.1023 37.2823 35.4135 35.0872 34.4577 34.3658 34.2044 33.4879 33.3605 36.953 33.2857 45.9265
threshold=181.63500000000002 0.17156862745098037 239.35500000000005 265.00000000000006 137.57500000000002 0 281.55000000000007 186.16500000000005 0.17156862745098037 92.41500000000002 113.97500000000001 326.75736961451253 574.57000000000005 -79.060000000000045 317.83500000000004 2106.3500000000008 189.86000000000004 0.54041073601565681 0.16258344994785767 1 2 3 0.71768747778699216 5.5000000000000009 250.78499999999994 0.9092430665072877 0.84319273067252654 4 740.91500000000008 123.59000000000002
decision_type=2 2 2 2 2 9 2 2 2 2 2 2 2 2 2 2 2 2 2 9 1 1 2 2 2 2 2 1 2 2
left_child=1 3 8 7 9 6 -6 13 14 28 16 -3 19 -1 26 -8 24 -4 20 -13 -15 -17 -16 -19 -11 -7 27 -2 -5 -30
right_child=2 11 17 4 5 25 15 -9 -10 10 -12 12 -14 18 22 21 -18 23 -20 -21 -22 -23 -24 -25 -26 -27 -28 -29 29 -31
leaf_value=-0.12760764657976723 -2.2105761511300273 0.96671819649748236 -0.046679477147969987 0.061366026837732339 1.1566056852709714 -1.4228458055306716 1.4561408269995391 1.3904684284200954 -3.0658664489020842 0.37915701443420285 0.90247844333603311 -1.0152082712016186 0.15742534154748286 -0.039582458256690961 -2.0407879043227939 -1.2945908758466933 -0.76955057438012175 -1.75912523683851 1.5072332258679102 0.40523612625258121 1.6717757923864796 0.82811422171669991 0.043979259290027772 -1.7734032967240951 -1.7216531724280224 1.422867890784292 0.020918388435879721 -0.012599886097056335 -1.0373804808126359 -0.017748047339676453
leaf_weight=310.07715436816216 218.87278600037098 137.73185329139233 103.35084487497807 118.75259883701801 576.52904158830643 158.56650710105896 136.18258866667747 992.77663479745388 287.20414105057716 90.310505658388138 849.18089884519577 628.934291690588 348.56488308310509 218.01309877634048 41.262591481208801 157.88916216790676 119.45012027025223 325.44779172539711 419.98147414624691 59.626711294054985 89.246644645929337 88.119442224502563 345.71296770870686 796.81909923255444 30.353155449032784 21.753918468952179 291.07976262271404 168.18188920617104 266.18783774971962 293.96107184886932
leaf_count=418 385 216 190 185 1024 319 351 1565 562 130 1285 806 700 263 62 318 223 706 620 129 136 202 593 1663 37 62 535 353 369 422
internal_value=0.00224709 0.0119758 -0.0208194 0.0174339 0.0105618 0.0253835 0.0343634 0.0272753 -0.00863214 0.00101389 0.0103323 -0.0109619 -0.015887 0.0154103 -0.00100215 0.0123831 -0.0174841 -0.0342665 0.0238206 -0.0260518 0.00926291 -0.00198774 0.0145422 -0.0371902 0.0046223 -0.0223605 -0.0098725 -0.0194897 -0.0139374 -0.019035
internal_weight=8690.12 6112.19 2577.93 4937.33 2907.24 1139.04 958.72 2030.1 1352.31 1768.2 1089.29 1174.86 1037.13 1037.32 1065.11 382.191 240.114 1225.62 727.241 688.561 307.26 246.009 386.976 1122.27 120.664 180.32 678.134 387.055 678.902 560.149
internal_count=14829 9780 5049 7929 4927 2276 1895 3002 2490 2651 1675 1851 1635 1437 1928 871 390 2559 1019 935 399 520 655 2369 167 381 1273 738 976 791
cat_boundaries=0 1 2 3 4 5
cat_threshold=4 1 1 2 2
is_linear=0
shrinkage=0.05


Tree=19
num_leaves=31
num_cat=3
split_feature=26 7 23 43 37 26 37 7 26 26 30 7 28 26 43 26 60 67 28 44 26 22 26 26 39 26 26 56 61 17
split_gain=664.875 505.664 181.521 132.189 131.657 108.056 107.194 155.26 93.4545 114.756 89.8557 63.1476 94.1788 93.7397 57.5159 56.191 51.039 50.6279 50.4454 50.0654 49.827 40.5827 38.5778 38.3987 40.3046 37.5338 35.6701 33.5751 31.3904 31.1831
threshold=244.42000000000004 1.5000000000000002 607.68500000000006 -139.92499999999993 915.00000000000011 40.330000000000005 265.00000000000006 1.0000000180025095e-35 136.69500000000002 48.800000000000004 0.37707751321021082 1.0000000180025095e-35 92.41500000000002 107.2 -96.264999999999972 130.45000000000002 0 1 92.469999999999985 56.904999999999937 165.215 4789.115646258505 43.050000000000004 112.39000000000001 3762.9800000000005 135.49000000000004 164.36500000000004 0.61319871725670794 2 0.40931687305284192
decision_type=2 2 2 2 2 2 2 2 2 2 2 2 2 2 2 2 1 9 2 2 2 2 2 2 2 2 2 2 1 2
left_child=1 2 3 17 6 -3 -4 10 9 -5 18 12 -11 19 20 28 -7 -1 -8 21 25 -13 -9 -14 -25 -12 -17 -18 -6 -2
right_child=29 5 4 8 15 16 7 22 -10 11 14 13 23 -15 -16 26 27 -19 -20 -21 -22 -23 -24 24 -26 -27 -28 -29 -30 -31
leaf_value=-1.0164504501894649 -0.26384556814042509 1.0986036821051854 0.063161762893693393 2.0695426664099421 -0.65959370838605391 0.27438510524303189 -0.94741587888680423 0.47841113965647841 1.0268900904219103 -0.41807276997935078 0.35295829353395974 0.25229772168114833 -0.1736005569881435 -0.6768879833322774 0.0047726826857882546 1.2099074030297849 0.27228404315824356 0.036571084049617751 0.35157509502280038 1.4645433103285974 -1.3867491479396969 -0.65613764380954798 -1.200961123995401 -1.0382529279826269 2.0879544059426607 1.1166112138315094 0.20472688561837737 -1.3549619650660114 1.7888651489909002 -1.7942332539582027
leaf_weight=130.73678857088089 111.75278270244598 142.99471437931061 658.57119289040565 422.79234713315964 76.117950573563576 136.87117627263069 97.324137449264526 82.905735328793526 510.73525750637054 49.518188267946243 175.52930590510368 748.24478358030319 38.532456248998642 159.22581760585308 360.40641143918037 394.66911666095257 48.127869188785553 198.33900086581707 69.130552634596825 166.28878130018711 48.528427794575691 64.758613228797913 850.65714740753174 32.767158269882202 346.47403430938721 210.95675215125084 271.99812588095665 1004.4937027692795 47.640947178006172 970.05052749812603
leaf_count=183 226 261 1240 661 133 266 123 126 772 66 219 966 52 224 654 948 72 309 107 251 81 78 1487 49 448 301 655 1539 131 2075
internal_value=0.00232917 0.007585 0.0135794 0.0228079 0.00566449 -0.0203646 0.000145621 -0.00589235 0.0266719 0.0218589 0.00820563 0.0157569 0.0312335 0.00940467 0.0151965 0.023497 -0.0253014 -0.00700882 -0.0252011 0.0151898 0.0274345 0.0100769 -0.0204179 0.0389615 0.0437933 0.0334308 0.0292408 -0.0288855 -0.00744439 -0.0343291
internal_weight=8627.14 7545.34 6212.85 2868.41 3344.44 1332.49 2554.01 1895.44 2539.34 2028.6 961.876 1605.81 467.292 1138.52 795.421 790.426 1189.49 329.076 166.455 979.292 435.014 813.003 933.563 417.774 379.241 386.486 666.667 1052.62 123.759 1081.8
internal_count=14703 12402 10264 4059 6205 2138 4338 3098 3567 2795 1485 2134 615 1519 1255 1867 1877 492 230 1295 601 1044 1613 549 497 520 1603 1611 264 2301
cat_boundaries=0 1 2 3
cat_threshold=5 1 2
is_linear=0
shrinkage=0.05


Tree=20
num_leaves=31
num_cat=2
split_feature=26 7 26 37 26 2 7 23 71 28 27 23 96 22 38 30 39 44 26 74 26 61 26 28 17 37 57 26 26 6
split_gain=645.345 341.593 180.277 143.98 198.019 194.233 141.345 117.333 112.589 96.4529 89.2425 73.2536 67.5519 59.2646 70.0488 50.5347 49.5291 46.7007 59.9044 39.4768 42.7419 37.3532 37.2812 46.4957 36.9036 32.9056 32.5126 31.7097 30.6079 28.9313
threshold=176.89000000000001 1.5000000000000002 246.96500000000003 265.00000000000006 137.57500000000002 0 1.5000000000000002 176.25000000000003 8.8850000000000016 92.469999999999985 66.915000000000006 594.69500000000005 301.81405895691614 4005.3174603174607 4570.9050000000016 0.65462914550316642 1961.7800000000004 56.904999999999937 57.120000000000012 752.69000000000017 122.82000000000001 1 128.28000000000003 149.77500000000001 0.40931687305284192 1135.0000000000002 0.15153046784079233 107.2 123.93500000000002 5.5000000000000009
decision_type=2 2 2 2 2 9 2 2 2 2 2 2 2 2 2 2 2 2 2 2 2 1 2 2 2 2 2 2 2 2
left_child=1 3 6 7 9 -6 13 17 -7 19 22 12 -3 -2 15 -15 -10 18 -1 27 -21 -18 23 -11 -4 -16 -14 -5 -28 -26
right_child=2 11 24 4 5 8 -8 -9 16 10 -12 -13 26 14 25 -17 21 -19 -20 20 -22 -23 -24 -25 29 -27 28 -29 -30 -31
leaf_value=1.774040621457347 -2.7513798058828538 1.2592688861896209 -0.26265327828931201 0.15457032183080238 -1.2710891186997824 1.0547160656471888 -2.9283803243526316 1.2653501547225279 1.3982586429667627 0.14680821419165932 -0.6710249894613457 0.31017358955266056 0.016651671828461438 -0.00091847201805350664 -1.6778086632684717 0.052636625900409323 -1.092554288558105 1.3515604495929054 0.1271140124936892 -1.1188189242850211 -0.023792190979894559 0.88684812533293789 1.4067066634068439 1.6256690535882499 -1.6274574114808034 0.80624940488117192 -1.0381997555735398 -0.50502400538036329 -0.1655749693488954 -2.0460214920781636
leaf_weight=159.18057197332382 198.67456178367138 57.81534706056118 111.21555890142918 89.121219143271446 170.19917283952236 579.62719187140465 295.71402312815189 1063.1933473050594 119.57985700666904 669.69199740886688 95.012538641691208 283.5186900049448 97.583247423171997 523.80828455090523 146.20442821085453 376.52593982219696 154.31534074246883 172.5387876033783 675.17637510597706 276.05971400439739 307.33039186894894 85.030437961220741 170.81481440365314 130.89662662148476 233.84309463202953 48.101181253790855 531.1168320029974 44.607697680592537 85.170234173536301 685.89902050793171
leaf_count=234 344 81 223 130 360 1030 561 1697 304 958 202 583 132 966 253 677 310 282 879 381 436 200 282 216 497 114 680 73 136 1504
internal_value=0.00238443 0.0114024 -0.018328 0.0168957 0.00969049 0.0262836 -0.00776361 0.0269628 0.0349835 -0.000624755 0.00891021 -0.0144315 -0.0224167 -0.000632965 0.00392689 0.00980281 0.0133493 0.0147307 0.00983398 -0.014804 -0.0204207 0.000220784 0.0134338 0.00890927 -0.0346111 -0.0232997 -0.0266267 0.00969855 -0.0308727 -0.0379006
internal_weight=8637.57 6017.58 2619.99 4962.38 2892.29 1108.75 1589.03 2070.09 938.553 1783.53 1066.42 1055.2 771.686 1293.31 1094.64 900.334 358.926 1006.9 834.357 717.119 583.39 239.346 971.403 800.589 1030.96 194.306 713.87 133.729 616.287 919.742
internal_count=14725 9586 5139 7974 4882 2204 2915 3092 1844 2678 1658 1612 1029 2354 2010 1643 814 1395 1113 1020 817 510 1456 1174 2224 367 948 203 816 2001
cat_boundaries=0 1 2
cat_threshold=68 2
is_linear=0
shrinkage=0.05


Tree=21
num_leaves=31
num_cat=2
split_feature=26 6 26 37 43 26 37 7 28 44 22 30 56 3 22 26 28 37 38 6 30 18 22 22 28 22 52 35 26 60
split_gain=590.818 332.047 272.689 184.964 184.272 172.684 170.344 148.13 121.962 81.7171 71.1053 70.8511 65.5156 57.1455 59.4389 136.917 54.4696 52.3734 51.2677 46.1785 45.2154 35.044 34.6493 34.6448 34.623 30.7201 28.8025 28.6148 28.4051 27.57
threshold=176.89000000000001 5.5000000000000009 43.050000000000004 205.00000000000003 -95.125000000000043 249.79500000000004 815.00000000000011 1.5000000000000002 91.455000000000027 56.904999999999937 4965.4195011337879 0.42757068456650632 0.62453706951004184 0 4055.192743764173 96.455000000000013 92.915000000000006 295.00000000000006 5670.0000000000009 8.5000000000000018 0.38463084343309428 0.64987146342085989 5154.8639455782322 4114.7392290249436 89.215000000000018 4150.6235827664414 157.79812925170083 1185.0000000000002 233.16500000000005 1
decision_type=2 2 2 2 2 2 2 2 2 2 2 2 2 9 2 2 2 2 2 2 2 2 2 2 2 2 2 2 2 1
left_child=1 4 10 9 11 7 12 16 20 24 -3 17 -5 23 15 -15 19 -1 -16 25 -6 -7 -10 -14 -4 -2 -22 -25 -18 -12
right_child=5 2 3 6 8 21 -8 -9 22 -11 29 -13 13 14 18 -17 28 -19 -20 -21 26 -23 -24 27 -26 -27 -28 -29 -30 -31
leaf_value=1.9187643991619887 -1.8855075085992739 1.930432469705651 0.91118984842490747 0.48838772529732033 -0.69116758687192004 -0.58302061818954365 0.88526640872143048 -2.7534550992982112 1.5809224047973078 1.0631532542931788 -0.16046376197959092 0.95217626011351442 -0.9955076626526369 0.23635717621140737 -1.159380054997877 -0.71248212709699443 0.034545920326848611 0.12843351430539104 -0.15416500255105339 -2.0145227109261525 0.071638821157745267 -2.0915845332773686 0.029337791504978838 0.94488910411620142 0.018256059043619998 0.015546943484594778 -0.062936113779836586 -0.072224958691391811 0.063820686958645206 1.6774549366851996
leaf_weight=155.17853355407715 174.26007588207722 409.54010763764381 100.85267744958401 102.34524038434029 115.25441145896912 166.24695625901222 268.2784037142992 308.14835305511951 376.9754590690136 300.35251227021217 132.06470541656017 1016.3382699638605 128.26298210024834 132.76914778351784 844.19189196825027 121.47458696365356 370.54711470007896 223.88883844017982 159.26394255459309 172.93984319269657 186.51788271963596 805.76554402709007 117.22477215528488 100.06185871362686 729.98882208764553 501.02939602732658 96.143068179488182 162.72557343542576 115.61442719399929 72.064505457878113
leaf_count=199 304 674 148 152 150 323 635 590 711 540 198 1611 207 162 1155 190 707 291 241 292 366 1787 254 215 974 919 127 294 210 127
internal_value=0.00257558 0.0111566 0.00202653 -0.00391282 0.0261806 -0.0172864 -0.0129802 -0.00740141 0.00843225 0.0122739 0.032519 0.0375275 -0.0186643 -0.0210739 -0.026183 -0.00479678 -0.000185817 0.0190793 -0.0318625 -0.00783366 -0.0121706 -0.0339903 0.0250211 -0.00387328 0.00419386 -0.00192981 -0.0014081 0.00642499 0.0131578 0.00841165
internal_weight=8666.31 6051.76 3764.24 3150.57 2287.52 2614.55 2019.37 1642.54 892.116 1131.19 613.669 1395.41 1751.1 1648.75 1257.7 254.244 1334.39 379.067 1003.46 848.229 397.915 972.013 494.2 391.05 830.841 675.289 282.661 262.787 486.162 204.129
internal_count=14753 9621 5912 4913 3709 5132 3251 3022 1608 1662 999 2101 2616 2464 1748 352 2432 490 1396 1515 643 2110 965 716 1122 1223 493 509 917 325
cat_boundaries=0 1 2
cat_threshold=928 2
is_linear=0
shrinkage=0.05


end of trees

feature_importances:
base_pre=106
base_cons_gap=47
syllable_start_ms=36
file_cv_count=34
wav_duration_ms=34
file_voiced_ratio=30
base_ovl=29
bridge_type=27
file_row_count=26
base_ovl_ratio=23
voicing_class=23
base_offset=21
base_offset_to_expected_ms=19
base_cons=17
base_pre_to_expected_ms=17
syllable_end_ms=15
onset_class=14
file_mean_energy=9
syllable_len_ms=9
f0_voicing_mean=8
file_vcv_count=7
file_cv_ratio=7
prev_base_offset=7
mapping_confidence=7
zcr_mean=6
mel_voiced_onset_ms=6
alias_type=5
mel_vowel_nucleus_start_ms=5
base_cutoff_abs=4
base_cut_gap=4
row_index_in_wav=3
curr_vowel_end_ms=3
vowel_class=3
next_base_pre=3
prev_base_cutoff_abs=3
mel_offset_candidate_ms=3
alias_group=2
file_vv_count=2
file_mono_count=2
curr_phone_start_ms=2
curr_vowel_start_ms=2
next_phone_gap_ms=2
base_cutoff_to_next_anchor_ms=2
db_silence_ratio=2
f0_voicing_near_pre=2
is_nasal_or_sonorant=2
next_base_offset=2
words_vs_alias_score_margin=2
row_ratio_in_wav=1
file_vc_count=1
file_mean_syllable_dur_ms=1
curr_phone_end_ms=1
curr_phone_len_ms=1
curr_vowel_len_ms=1
expected_anchor_ms=1
valley_dist_from_cutoff_ms=1
spectral_flux_mean=1
prev_base_pre=1
next_base_cutoff_abs=1
local_peak_db=1
mel_cutoff_candidate_ms=1
mel_vowel_nucleus_end_ms=1
onset_patch_energy_mean=1
tail_patch_energy_mean=1

parameters:
[boosting: gbdt]
[objective: regression_l1]
[metric: l1]
[tree_learner: serial]
[device_type: cpu]
[data_sample_strategy: bagging]
[data: ]
[valid: ]
[num_iterations: 500]
[learning_rate: 0.05]
[num_leaves: 31]
[num_threads: 0]
[seed: 0]
[deterministic: 0]
[force_col_wise: 0]
[force_row_wise: 0]
[histogram_pool_size: -1]
[max_depth: -1]
[min_data_in_leaf: 40]
[min_sum_hessian_in_leaf: 0.001]
[bagging_fraction: 0.85]
[pos_bagging_fraction: 1]
[neg_bagging_fraction: 1]
[bagging_freq: 1]
[bagging_seed: 3]
[bagging_by_query: 0]
[feature_fraction: 0.85]
[feature_fraction_bynode: 1]
[feature_fraction_seed: 2]
[extra_trees: 0]
[extra_seed: 6]
[early_stopping_round: 0]
[early_stopping_min_delta: 0]
[first_metric_only: 0]
[max_delta_step: 0]
[lambda_l1: 0]
[lambda_l2: 0]
[linear_lambda: 0]
[min_gain_to_split: 0]
[drop_rate: 0.1]
[max_drop: 50]
[skip_drop: 0.5]
[xgboost_dart_mode: 0]
[uniform_drop: 0]
[drop_seed: 4]
[top_rate: 0.2]
[other_rate: 0.1]
[min_data_per_group: 100]
[max_cat_threshold: 32]
[cat_l2: 10]
[cat_smooth: 10]
[max_cat_to_onehot: 4]
[top_k: 20]
[monotone_constraints: ]
[monotone_constraints_method: basic]
[monotone_penalty: 0]
[feature_contri: ]
[forcedsplits_filename: ]
[refit_decay_rate: 0.9]
[cegb_tradeoff: 1]
[cegb_penalty_split: 0]
[cegb_penalty_feature_lazy: ]
[cegb_penalty_feature_coupled: ]
[path_smooth: 0]
[interaction_constraints: ]
[verbosity: -1]
[saved_feature_importance_type: 0]
[use_quantized_grad: 0]
[num_grad_quant_bins: 4]
[quant_train_renew_leaf: 0]
[stochastic_rounding: 1]
[linear_tree: 0]
[max_bin: 255]
[max_bin_by_feature: ]
[min_data_in_bin: 3]
[bin_construct_sample_cnt: 200000]
[data_random_seed: 1]
[is_enable_sparse: 1]
[enable_bundle: 1]
[use_missing: 1]
[zero_as_missing: 0]
[feature_pre_filter: 1]
[pre_partition: 0]
[two_round: 0]
[header: 0]
[label_column: ]
[weight_column: ]
[group_column: ]
[ignore_column: ]
[categorical_feature: 0,1,2,3,60,61,64,65,66,67,69,70,84]
[forcedbins_filename: ]
[precise_float_parser: 0]
[parser_config_file: ]
[objective_seed: 5]
[num_class: 1]
[is_unbalance: 0]
[scale_pos_weight: 1]
[sigmoid: 1]
[boost_from_average: 1]
[reg_sqrt: 0]
[alpha: 0.9]
[fair_c: 1]
[poisson_max_delta_step: 0.7]
[tweedie_variance_power: 1.5]
[lambdarank_truncation_level: 30]
[lambdarank_norm: 1]
[label_gain: ]
[lambdarank_position_bias_regularization: 0]
[eval_at: ]
[multi_error_top_k: 1]
[auc_mu_weights: ]
[num_machines: 1]
[local_listen_port: 12400]
[time_out: 120]
[machine_list_filename: ]
[machines: ]
[gpu_platform_id: -1]
[gpu_device_id: -1]
[gpu_use_dp: 0]
[num_gpu: 1]

end of parameters

pandas_categorical:[["korean"], ["vcv"], ["br", "cv", "cv_head", "mono", "vc", "vcv", "vv"], ["br_standalone", "cv", "cv_glide", "cv_head", "cv_head_glide", "mono", "vc_other", "vc_sonorant", "vc_stop", "vcv", "vv"], ["other", "plosive", "sibilant", "sonorant"], ["unknown", "voiced", "voiceless"], ["liquid", "nasal", "none", "other", "stop"], ["", "a", "e", "eo", "eu", "eui", "i", "o", "u", "ui", "wa", "we", "weo", "wi", "ya", "ye", "yeo", "yo", "yu"], ["head", "mid", "tail"], ["", "vc", "vcv", "vv"], ["", "cv", "cv_head", "mono", "vc", "vcv", "vv"], ["", "cv", "cv_head", "mono", "vc", "vcv", "vv"], ["unknown"]]
