tree
version=v4
num_class=1
num_tree_per_iteration=1
label_index=0
max_feature_idx=30
objective=regression_l1
feature_names=language format_type voicebank_id wav_norm alias_norm occurrence_index row_index_in_wav source_mode source_detail token_source source_confidence onset_ms voiced_onset_ms nucleus_start_ms nucleus_end_ms nucleus_span_ms tail_ms tail_margin_ms blank_confidence voiced_confidence unvoiced_confidence boundary_confidence mel_window_energy_mean mel_window_silence_ratio mel_window_voiced_ratio prev_gap_ms next_gap_ms neighbor_boundary_gap_ms file_row_count file_mean_energy file_voiced_ratio
feature_infos=none none -1:2:3:0 -1:69:79 -1:69:79:1:2:3:4:5:8:9:10:12:13:14:15:16:18:21:26:27:28:29:30:31:32:34:35:36:37:38:39:41:43:44:45:46:49:50:51:52:53:54:55:56:58:59:60:61:62:63:64:65:67:68:70:71:72:73:74:75:77:78:80:81:82:83:84:85:87:88:89:90:91:92:93:94:96:97:98:100:101:103:104:105:106:107:108:109:111:112:115:121:124:127:128:129:130:132:133 none none none none none none [0:1037.6417233560092] [19.954648526077097:5218.1405895691614] [19.954648526077097:5218.1405895691614] [154.6485260770975:5402.7210884353735] [4.988662131519277:1317.0068027210882] [259.41043083900223:10082.086167800457] [0:4679.3650793650813] [0:0.31213872832369938] [0.029813664596273201:1] [0.017486338797814201:1] none [0.0059729063712063999:0.16377742201517639] [0.0232940031626322:0.90291235710397399] [0:0.9285923753665688] none none none none [0.0036462827703251:0.099768188372761205] [0:0.67460075909481521]
tree_sizes=841 760 764 863 861 862 763 858 760 862 957 960 960 960 759 959 1060 964 1084 1066 1067 1066 962 1057 865 1062 1193 1065 1063 977 1072 1175 1171 1065 959 1180 1065 1185 1066 1062 1061 1080 1164 1171 1160 988 1270 1063 1090 1167 1169 1276 1186 1074 1188 1162 1065 1070 1168 1273 1166 1173 1075 1276 1175 1179 1075 1183 1073 1082 1180 1180 1281 1163 1076 1179 1182 1180 1176 1076

Tree=0
num_leaves=7
num_cat=0
split_feature=11 11 15 30 16 14
split_gain=292.694 8.70748 3.06326 0.425199 0.162451 1.42109e-14
threshold=299.31972789115656 192.06349206349208 1020.1814058956918 0.037127488261400561 940.36281179138325 885.48752834467132
decision_type=2 2 2 2 2 2
left_child=1 3 4 -1 -2 -5
right_child=2 -3 -4 5 -6 -7
leaf_value=275.96226514160634 289.34934539794921 284.42859573364257 292.27434692382815 275.30799310508166 298.94050564796282 275.84192019364235
leaf_weight=27.974484264850616 29.303040504455566 32.965920567512512 35.407840609550476 93.963128209114075 115.98639345169067 29.037329256534576
leaf_count=24 24 27 29 77 95 24
internal_value=288.204 288.16 288.249 288.155 288.253 288.154
internal_weight=364.638 183.941 180.697 150.975 145.289 123
internal_count=300 152 148 125 119 101
is_linear=0
shrinkage=1


Tree=1
num_leaves=6
num_cat=0
split_feature=11 12 12 29 14
split_gain=262.613 13.1565 7.7806 0.407903 0.161423
threshold=326.75736961451253 236.96145124716557 406.5759637188209 0.011555508969178752 1628.7981859410434
decision_type=2 2 2 2 2
left_child=1 3 -2 -1 -4
right_child=2 -3 4 -5 -6
leaf_value=-11.514435121229024 1.1790323638916023 -2.2697290546907705 6.8985899186286082 -12.214449700267512 14.365158788885971
leaf_weight=28.505906760692596 29.303040504455566 57.373959302902222 112.32832193374634 111.51262408494949 29.298231959342957
leaf_count=24 24 47 92 92 24
internal_value=-0.0010847 -0.0403725 0.0442856 -0.0486355 0.0491379
internal_weight=368.322 197.392 170.93 140.019 141.627
internal_count=303 163 140 116 116
is_linear=0
shrinkage=0.05


Tree=2
num_leaves=6
num_cat=0
split_feature=11 12 11 16 29
split_gain=270.406 9.99232 9.38705 0.163163 0.099909
threshold=306.80272108843542 396.59863945578235 167.12018140589569 1688.6621315192745 0.011883892039458452
decision_type=2 2 2 2 2
left_child=2 -2 4 -3 -1
right_child=1 3 -4 -5 -6
leaf_value=-11.002301627956308 0.30308245468139605 6.9537567902871702 -3.7449436086057943 17.440471089359303 -11.727604218564432
leaf_weight=28.769740581512451 36.628800630569458 118.43312203884125 45.175520777702332 29.298231959342957 106.61396926641464
leaf_count=24 30 97 37 24 88
internal_value=0.000782559 0.0433773 -0.0427088 0.0491735 -0.0492944
internal_weight=364.919 184.36 180.559 147.731 135.384
internal_count=300 151 149 121 112
is_linear=0
shrinkage=0.05


Tree=3
num_leaves=7
num_cat=0
split_feature=11 11 12 11 30 15
split_gain=261.463 13.7609 4.89461 0.503525 0.418517 0.153658
threshold=276.87074829931981 351.70068027210891 236.96145124716557 391.60997732426307 0.037127488261400561 1002.7210884353742
decision_type=2 2 2 2 2 2
left_child=2 -2 4 -3 -1 -5
right_child=1 3 -4 5 -6 -7
leaf_value=-10.922276419621049 0.25061635531548349 1.6703786499270337 -4.441832452683947 9.5561927308987382 -11.034657062074707 8.043815818227392
leaf_weight=27.974484264850616 36.628800630569458 29.303040504455566 31.735676288604736 90.351041555404663 113.24201756715775 29.303040504455566
leaf_count=24 30 24 26 74 93 24
internal_value=-0.000429608 0.0407895 -0.0446596 0.047541 -0.0486471 0.0489796
internal_weight=358.538 185.586 172.952 148.957 141.217 119.654
internal_count=295 152 143 122 117 98
is_linear=0
shrinkage=0.05


Tree=4
num_leaves=7
num_cat=0
split_feature=11 12 12 11 29 16
split_gain=245.709 18.4681 4.88086 0.732075 0.407886 0.146735
threshold=276.87074829931981 396.59863945578235 236.96145124716557 409.07029478458054 0.011820003814117653 1688.6621315192745
decision_type=2 2 2 2 2 2
left_child=2 -2 4 -3 -1 -5
right_child=1 3 -4 5 -6 -7
leaf_value=-9.842484462788704 0.15431243923287924 1.9509358581555958 -4.2200312797256947 7.6713175793905384 -10.484437745691029 16.09048899231167
leaf_weight=28.505906760692596 41.512640714645386 40.291680693626404 31.738800764083862 75.69952130317688 111.48963505029678 29.298231959342957
leaf_count=24 34 33 26 62 92 24
internal_value=-0.00145234 0.038235 -0.0446218 0.0466385 -0.0486353 0.0488372
internal_weight=358.536 186.802 171.734 145.289 139.996 104.998
internal_count=295 153 142 119 116 86
is_linear=0
shrinkage=0.05


Tree=5
num_leaves=7
num_cat=0
split_feature=11 12 12 11 30 15
split_gain=255.552 20.8383 4.21898 0.764283 0.386534 0.142837
threshold=276.87074829931981 396.59863945578235 236.96145124716557 409.07029478458054 0.046423619102135556 1002.7210884353742
decision_type=2 2 2 2 2 2
left_child=2 -2 4 -3 -1 -5
right_child=1 3 -4 5 -6 -7
leaf_value=-9.317411510958868 0.32732341549757538 2.1885121288819094 -3.8950649092269525 8.759558558259867 -9.8600501136487892 7.404362095078632
leaf_weight=29.726866781711578 47.617440819740295 40.291680693626404 35.396678924560547 83.020472884178162 109.84677016735077 30.524000525474548
leaf_count=25 39 33 29 68 90 25
internal_value=-0.000515723 0.0378785 -0.0447212 0.0468253 -0.0486312 0.0489247
internal_weight=376.424 201.454 174.97 153.836 139.574 113.544
internal_count=309 165 144 126 115 93
is_linear=0
shrinkage=0.05


Tree=6
num_leaves=6
num_cat=0
split_feature=11 11 12 30 12
split_gain=273.993 16.8365 4.26313 0.415551 0.162451
threshold=276.87074829931981 376.6439909297053 236.96145124716557 0.046423619102135556 476.41723356009078
decision_type=2 2 2 2 2
left_child=2 -2 3 -1 -3
right_child=1 4 -4 -5 -6
leaf_value=-8.8839710137585417 0.71756310684934455 1.3492988437293179 -4.0307457453527435 -9.3313396827241828 8.5795446455735416
leaf_weight=28.240195512771606 54.943200945854187 29.303040504455566 35.396678924560547 115.68393760919571 115.98639345169067
leaf_count=24 45 24 29 95 95
internal_value=4.1314e-05 0.0402437 -0.0448493 -0.0486726 0.0491596
internal_weight=379.553 200.233 179.321 143.924 145.289
internal_count=312 164 148 119 119
is_linear=0
shrinkage=0.05


Tree=7
num_leaves=7
num_cat=0
split_feature=11 11 12 12 29 14
split_gain=231.305 19.0269 3.67744 2.46787 0.408085 0.137213
threshold=276.87074829931981 351.70068027210891 236.96145124716557 471.4285714285715 0.011883892039458452 1628.7981859410434
decision_type=2 2 2 2 2 2
left_child=2 -2 4 -3 -1 -5
right_child=1 3 -4 5 -6 -7
leaf_value=-8.3658915812715176 0.086145500056062474 1.72440755832952 -3.4302784336157313 7.4154918839980271 -8.9818227741189798 14.158811590365069
leaf_weight=28.505906760692596 37.84976065158844 37.84976065158844 29.293756246566772 72.036641240119934 111.75726771354675 30.524000525474548
leaf_count=24 31 31 24 59 92 25
internal_value=-0.00346512 0.0363014 -0.0452728 0.0447826 -0.0486379 0.0488095
internal_weight=347.817 178.26 169.557 140.41 140.263 102.561
internal_count=286 146 140 115 116 84
is_linear=0
shrinkage=0.05


Tree=8
num_leaves=6
num_cat=0
split_feature=11 11 23 12 16
split_gain=238.736 13.3863 7.6437 2.42794 0.665551
threshold=299.31972789115656 376.6439909297053 0.16216105941302791 476.41723356009078 920.40816326530614
decision_type=2 2 2 2 2
left_child=2 -2 -1 -3 -4
right_child=1 3 4 -5 -6
leaf_value=-1.9073689864343408 0.49233019801758932 1.4713284805294748 -8.7755029450889559 7.9506991283919808 -7.3379696826574445
leaf_weight=34.186880588531494 40.291680693626404 30.524000525474548 99.534584403038025 106.21871328353882 47.086018323898315
leaf_count=28 33 25 82 87 39
internal_value=-0.00230746 0.0389652 -0.0427189 0.0464284 -0.047683
internal_weight=357.842 177.034 180.807 136.743 146.621
internal_count=294 145 149 112 121
is_linear=0
shrinkage=0.05


Tree=9
num_leaves=7
num_cat=0
split_feature=11 11 12 12 15 29
split_gain=216.15 19.4968 4.93656 3.77459 1.17479 0.395706
threshold=276.87074829931981 341.72335600907036 179.59183673469394 434.01360544217692 995.2380952380953 0.011980828182829502
decision_type=2 2 2 2 2 2
left_child=2 -2 5 -3 -5 -1
right_child=1 3 -4 4 -6 -7
leaf_value=-7.5832213870953726 -0.067629934124425972 0.75517802450115568 -2.6213679974258675 6.6772223752500652 4.9952039937736972 -8.2033535313827226
leaf_weight=28.505906760692596 39.070720672607422 32.965920567512512 39.059558987617493 85.462392926216125 32.965920567512512 96.849432170391083
leaf_count=24 32 27 32 70 27 80
internal_value=-0.00164022 0.034615 -0.0436397 0.0427417 0.0469071 -0.0484759
internal_weight=354.88 190.465 164.415 151.394 118.428 125.355
internal_count=292 156 136 124 97 104
is_linear=0
shrinkage=0.05


Tree=10
num_leaves=8
num_cat=0
split_feature=11 12 12 11 14 14 24
split_gain=227.65 14.4711 5.61974 1.40696 0.91572 0.50727 0.101539
threshold=276.87074829931981 416.55328798185946 179.59183673469394 426.53061224489801 900.45351473922926 1628.7981859410434 0.055927395612624359
decision_type=2 2 2 2 2 2 2
left_child=2 4 6 -3 -2 -5 -1
right_child=1 3 -4 5 -6 -7 -8
leaf_value=-7.1855002171900937 0.1987106836817418 1.2365675771415567 -2.829293570813014 6.9378562201734049 1.2382166944511455 9.7925976475126841 -7.5954745331137987
leaf_weight=28.240195512771606 29.303040504455566 34.186880588531494 37.838598966598511 65.931841135025024 29.303040504455566 31.74015200138092 103.48565477132797
leaf_count=24 24 28 31 54 24 26 85
internal_value=-0.00225811 0.035256 -0.0443962 0.0444442 0.0145833 0.0474999 -0.0492748
internal_weight=360.029 190.465 169.564 131.859 58.6061 97.672 131.726
internal_count=296 156 140 108 48 80 109
is_linear=0
shrinkage=0.05


Tree=11
num_leaves=8
num_cat=0
split_feature=11 16 11 11 15 16 20
split_gain=234.83 15.9686 6.04609 5.10363 0.85394 0.725147 0.141703
threshold=276.87074829931981 915.41950113378687 381.63265306122457 167.12018140589569 995.2380952380953 920.40816326530614 0.20972152623666693
decision_type=2 2 2 2 2 2 2
left_child=3 -2 -3 5 6 -1 -4
right_child=1 2 4 -5 -6 -7 -8
leaf_value=-7.390327373807529 -0.10653127740965118 1.2738172602327553 6.3362125851901254 -2.3314895559831896 4.5908186297782683 -6.817608893989501 5.0811630033119188
leaf_weight=106.86135375499725 30.524000525474548 36.628800630569458 67.152801156044006 29.303040504455566 35.407840609550476 39.494546949863434 29.298231959342957
leaf_count=88 25 30 55 24 29 33 24
internal_value=-0.00191354 0.0352757 0.0413041 -0.0440469 0.0462962 -0.0478604 0.0487341
internal_weight=374.671 199.012 168.488 175.659 131.859 146.356 96.451
internal_count=308 163 138 145 108 121 79
is_linear=0
shrinkage=0.05


Tree=12
num_leaves=8
num_cat=0
split_feature=11 11 24 11 16 16 15
split_gain=194.371 19.6372 6.83451 3.68469 1.06315 0.683098 0.572784
threshold=251.92743764172334 434.01360544217692 0.50255712272389952 341.72335600907036 1264.6258503401361 920.40816326530614 975.2834467120183
decision_type=2 2 2 2 2 2 2
left_child=2 3 5 -2 -5 -1 -3
right_child=1 6 -4 4 -6 -7 -8
leaf_value=-7.2425684037259437 0.0040832696857904692 7.6719408187725397 -2.262276175562957 1.2641567883620839 0.51955322648541657 -5.8811527243599393 4.5215944955464691
leaf_weight=89.514326632022858 36.628800630569458 69.58991265296936 29.303040504455566 30.524000525474548 29.303040504455566 39.760258197784424 29.303040504455566
leaf_count=74 30 57 24 25 24 33 24
internal_value=-0.00150994 0.0318746 -0.0426357 0.0158228 0.0234694 -0.0475777 0.0475307
internal_weight=353.926 195.349 158.578 96.4558 59.827 129.275 98.893
internal_count=291 160 131 79 49 107 81
is_linear=0
shrinkage=0.05


Tree=13
num_leaves=8
num_cat=0
split_feature=11 11 11 11 30 23 30
split_gain=189.927 15.6529 12.4209 3.59111 1.01493 0.69943 0.402744
threshold=276.87074829931981 434.01360544217692 134.69387755102045 331.7460317460318 0.34260395734380716 0.16691274547774479 0.033129165479717608
decision_type=2 2 2 2 2 2 2
left_child=2 3 6 -2 -5 -3 -1
right_child=1 5 -4 4 -6 -7 -8
leaf_value=-6.1126218676616437 -0.069061571216099085 5.6789341829492628 -2.2034743728929995 0.76518001330256746 0.77552799310439302 6.7569685074409698 -6.6935628220650862
leaf_weight=28.240195512771606 31.74496054649353 42.733600735664368 40.291680693626404 30.524000525474548 31.74496054649353 53.717432379722595 99.55018413066864
leaf_count=24 26 35 33 25 26 44 82
internal_value=-0.00213483 0.0320508 -0.0408729 0.0175325 0.0245098 0.0462023 -0.048505
internal_weight=358.547 190.465 168.082 94.0139 62.269 96.451 127.79
internal_count=295 156 139 77 51 79 106
is_linear=0
shrinkage=0.05


Tree=14
num_leaves=6
num_cat=0
split_feature=11 11 11 14 20
split_gain=228.661 9.83808 7.90775 5.74621 2.1262
threshold=276.87074829931981 331.7460317460318 134.69387755102045 962.81179138322011 0.14962015630977757
decision_type=2 2 2 2 2
left_child=2 -2 -1 -3 -5
right_child=1 3 -4 4 -6
leaf_value=-6.4644669226303852 -0.15391731397628236 0.80894762495156991 -3.1289382498405289 7.3863590908542935 4.8843452403565806
leaf_weight=128.32252168655396 34.186880588531494 35.407840609550476 45.175520777702332 81.80432140827179 45.170712232589722
leaf_count=106 28 29 37 67 37
internal_value=-0.0018317 0.0350928 -0.0436664 0.0402253 0.0451921
internal_weight=370.068 196.57 173.498 162.383 126.975
internal_count=304 161 143 133 104
is_linear=0
shrinkage=0.05


Tree=15
num_leaves=8
num_cat=0
split_feature=11 11 17 11 12 11 24
split_gain=199.92 16.2603 5.80988 4.83895 3.93868 0.97187 0.103226
threshold=221.99546485260774 341.72335600907036 19.954648526077055 434.01360544217692 157.14285714285717 468.93424036281186 0.046835274513845906
decision_type=2 2 2 2 2 2 2
left_child=4 -2 5 -4 6 -3 -1
right_child=1 2 3 -5 -6 -7 -8
leaf_value=-6.2482635134383564 0.045178102636789674 1.4703336111612701 0.71611431041923201 4.7934921339421184 -4.2015278417428181 9.5364947703510037 -6.0163240357926515
leaf_weight=28.240195512771606 50.059360861778259 32.965920567512512 31.74496054649353 32.965920567512512 29.29616117477417 48.833592295646667 112.02105754613876
leaf_count=24 41 27 26 27 24 40 92
internal_value=-0.00605456 0.0282603 0.0366662 0.0254717 -0.0458362 0.0455221 -0.049319
internal_weight=366.127 196.57 146.51 64.7109 169.557 81.7995 140.261
internal_count=301 161 120 53 140 67 116
is_linear=0
shrinkage=0.05


Tree=16
num_leaves=9
num_cat=0
split_feature=11 11 11 24 15 16 30 14
split_gain=217.95 15.8295 9.52354 3.96501 8.30067 0.589552 0.385731 1.42109e-14
threshold=286.84807256235831 434.01360544217692 134.69387755102045 0.79337697628458514 601.13378684807265 1673.6961451247166 0.037127488261400561 800.68027210884361
decision_type=2 2 2 2 2 2 2 2
left_child=2 3 6 4 -2 -3 -1 -8
right_child=1 5 -4 -5 -6 -7 7 -9
leaf_value=-5.9216511211726592 1.0980085068141421 4.5538175272450134 -2.7624149452613609 0.12871222150263578 0.12198599299611601 11.510958716588583 -6.088658023385122 -5.4114027336290471
leaf_weight=29.461155533790588 29.303040504455566 76.920481324195862 42.733600735664368 29.303040504455566 32.965920567512512 29.298231959342957 57.332406163215637 46.130769550800323
leaf_count=25 24 63 35 24 27 24 47 38
internal_value=-0.00142925 0.0345675 -0.0419616 0.0193333 0.0264706 0.047701 -0.0485627 -0.05
internal_weight=373.449 197.791 175.658 91.572 62.269 106.219 132.924 103.463
internal_count=307 162 145 75 51 87 110 85
is_linear=0
shrinkage=0.05


Tree=17
num_leaves=8
num_cat=0
split_feature=11 11 23 11 22 16 11
split_gain=184.066 15.1193 12.1709 4.87461 2.95931 0.675007 0.508715
threshold=251.92743764172334 486.39455782312933 0.19988046425427827 341.72335600907036 0.038044038648569055 920.40816326530614 576.19047619047626
decision_type=2 2 2 2 2 2 2
left_child=2 3 -1 -2 -5 -4 -3
right_child=1 6 5 4 -6 -7 -8
leaf_value=-1.6833352179260004 0.054665688389880535 4.3122051305271558 -5.5855981048486036 0.38860985322368724 0.85732005265818578 -5.1185820027351525 11.65156514680209
leaf_weight=29.037329256534576 36.628800630569458 29.303040504455566 98.053924262523651 34.186880588531494 45.175520777702332 40.981218218803406 48.833592295646667
leaf_count=24 30 24 81 28 37 34 40
internal_value=-0.00329181 0.0298737 -0.0415988 0.0184211 0.0253846 -0.0477477 0.0468748
internal_weight=362.2 194.128 168.072 115.991 79.3624 139.035 78.1366
internal_count=298 159 139 95 65 115 64
is_linear=0
shrinkage=0.05


Tree=18
num_leaves=9
num_cat=1
split_feature=11 14 11 23 2 11 30 30
split_gain=172.474 16.2079 7.36298 6.70464 5.89889 0.868179 0.398737 1.42109e-14
threshold=221.99546485260774 962.81179138322011 446.48526077097512 0.070757639356089017 0 596.14512471655337 0.037127488261400561 0.15173403308852165
decision_type=2 2 2 2 1 2 2 2
left_child=4 3 -3 -2 6 -4 -1 -8
right_child=1 2 5 -5 -6 -7 7 -9
leaf_value=-4.9107551997136518 -0.46684281479488732 0.54543146406852683 3.7298166622184712 1.0139665967645286 -2.5225925849866346 11.912166883876088 -5.5336581280396899 -5.5218437536818543
leaf_weight=28.240195512771606 29.303040504455566 54.943200945854187 48.838400840759277 32.965920567512512 34.150135517120361 39.065912127494812 48.834610819816589 46.385310292243958
leaf_count=24 24 45 40 27 28 32 40 38
internal_value=-0.00403281 0.0261899 0.0354696 0.00490196 -0.0433651 0.0444441 -0.0484525 -0.05
internal_weight=362.727 205.116 142.848 62.269 157.61 87.9043 123.46 95.2199
internal_count=298 168 117 51 130 72 102 78
cat_boundaries=0 1
cat_threshold=4
is_linear=0
shrinkage=0.05


Tree=19
num_leaves=9
num_cat=0
split_feature=12 14 30 15 14 22 20 30
split_gain=153.638 13.7862 7.31282 5.19877 9.30712 2.00012 1.69456 0.377054
threshold=301.81405895691614 962.81179138322011 0.34260395734380716 651.02040816326553 1548.9795918367347 0.10823339221240641 0.065439946470391364 0.033129165479717608
decision_type=2 2 2 2 2 2 2 2
left_child=2 5 7 -3 -5 -2 -6 -1
right_child=1 3 -4 4 6 -7 -8 -9
leaf_value=-5.100750899885913 -0.30933976170077376 3.9304502120770688 -1.8917491893412977 0.84683544008682221 5.4335882445102932 0.23972143958892503 2.8804586629398758 -5.0241502205058168
leaf_weight=29.461155533790588 35.398556351661682 45.170712232589722 29.02122837305069 50.059360861778259 30.524000525474548 29.303040504455566 29.303040504455566 93.730655491352081
leaf_count=25 29 37 24 41 25 24 24 77
internal_value=-0.0045188 0.0222247 -0.0431299 0.0303144 0.0244444 0.00283777 0.0377551 -0.0484492
internal_weight=371.972 219.759 152.213 155.057 109.886 64.7016 59.827 123.192
internal_count=306 180 126 127 90 53 49 102
is_linear=0
shrinkage=0.05


Tree=20
num_leaves=9
num_cat=0
split_feature=11 11 17 12 11 30 11 30
split_gain=165.088 18.8773 6.35106 5.34027 4.56158 1.80202 0.94415 0.390055
threshold=221.99546485260774 506.34920634920644 14.965986394557776 434.01360544217692 134.69387755102045 0.43311872367994819 606.12244897959192 0.046423619102135556
decision_type=2 2 2 2 2 2 2 2
left_child=4 2 -2 5 7 -4 -3 -1
right_child=1 6 3 -5 -6 -7 -8 -9
leaf_value=-4.6936448048675734 1.1021375207448145 3.8330909736257199 -0.41232881163938662 0.47147441903934395 -3.2502886603939021 0.015847127449863763 11.27852006995785 -4.7791732114399554
leaf_weight=29.193566858768463 32.965920567512512 30.524000525474548 34.186880588531494 47.617440819740295 32.965920567512512 30.524000525474548 35.403032064437866 103.46697455644608
leaf_count=25 27 25 28 39 27 25 29 85
internal_value=-0.00705123 0.0222537 0.0121849 0.00652174 -0.0444234 -0.00283019 0.044444 -0.0485599
internal_weight=376.848 211.221 145.294 112.328 165.626 64.7109 65.927 132.661
internal_count=310 173 119 92 137 53 54 110
is_linear=0
shrinkage=0.05


Tree=21
num_leaves=9
num_cat=0
split_feature=11 11 17 23 15 11 11 22
split_gain=169.633 21.1653 7.93547 6.25972 9.35096 2.3786 1.03757 0.0967003
threshold=221.99546485260774 506.34920634920644 14.965986394557776 0.070757639356089017 665.98639455782325 122.22222222222224 596.14512471655337 0.014024314047403102
decision_type=2 2 2 2 2 2 2 2
left_child=5 2 -2 -4 -5 7 -3 -1
right_child=1 6 3 4 -6 -7 -8 -9
leaf_value=-4.0039073411525363 1.0469586123388452 3.912717137484893 -0.37144513348124947 0.99399371629579181 -0.98148389000034664 -3.4216053482443516 9.7128266508008849 -4.6483446521885865
leaf_weight=28.769740581512451 30.524000525474548 30.524000525474548 30.524000525474548 40.291680693626404 29.303040504455566 29.303040504455566 43.94975221157074 92.214984059333801
leaf_count=24 25 25 25 33 24 24 36 76
internal_value=-0.0057593 0.0238089 0.0116822 0.00487805 0.0131579 -0.0461147 0.0450816 -0.0492104
internal_weight=355.404 205.116 130.643 100.119 69.5947 150.288 74.4738 120.985
internal_count=292 168 107 82 57 124 61 100
is_linear=0
shrinkage=0.05


Tree=22
num_leaves=8
num_cat=0
split_feature=11 11 30 11 15 11 29
split_gain=181.298 19.7309 5.32392 4.18928 3.28384 1.15581 0.398186
threshold=221.99546485260774 376.6439909297053 0.3834686252218279 596.14512471655337 770.74829931972806 122.22222222222224 0.011820003814117653
decision_type=2 2 2 2 2 2 2
left_child=5 2 -2 4 -3 6 -1
right_child=1 3 -4 -5 -6 -7 -8
leaf_value=-3.8208883460904262 -0.59240551802547547 1.6115170464399258 0.38844165172342787 10.187768303642617 1.8570603460255286 -3.4842199885337779 -4.4359583087920162
leaf_weight=28.504029333591461 29.303040504455566 47.617440819740295 45.175520777702332 39.065912127494812 46.396480798721313 29.303040504455566 99.541463732719421
leaf_count=24 24 39 37 32 38 24 82
internal_value=-0.00598042 0.0247053 0.00409836 0.036238 0.0305195 -0.0464579 -0.048508
internal_weight=364.907 207.558 74.4786 133.08 94.0139 157.349 128.045
internal_count=300 170 61 109 77 130 106
is_linear=0
shrinkage=0.05


Tree=23
num_leaves=9
num_cat=0
split_feature=11 11 17 22 11 12 11 30
split_gain=163.306 21.0699 6.74435 6.87807 6.26061 3.12422 1.79543 0.381545
threshold=221.99546485260774 496.37188208616789 17.46031746031753 0.04026760885193096 134.69387755102045 434.01360544217692 606.12244897959192 0.037127488261400561
decision_type=2 2 2 2 2 2 2 2
left_child=4 2 3 -2 7 -4 -3 -1
right_child=1 6 5 -5 -6 -7 -8 -9
leaf_value=-4.086689480014873 0.058359914345072643 3.6242540011586275 -0.28344978932483683 0.98193739028015448 -1.8592174255932292 0.39454126106106174 9.6784258033024173 -4.1236785979652089
leaf_weight=29.461155533790588 29.303040504455566 41.512640714645386 41.512640714645386 36.628800630569458 32.965920567512512 29.303040504455566 41.507832169532776 98.583134472370148
leaf_count=25 24 34 34 30 27 24 34 81
internal_value=-0.00525002 0.0227772 0.0107143 0.0222222 -0.0435052 0 0.0426466 -0.0485079
internal_weight=380.778 219.768 136.748 65.9318 161.01 70.8157 83.0205 128.044
internal_count=313 180 112 54 133 58 68 106
is_linear=0
shrinkage=0.05


Tree=24
num_leaves=7
num_cat=0
split_feature=12 14 22 15 14 30
split_gain=164.694 13.1549 12.9678 6.03068 3.00891 0.4127
threshold=336.73469387755108 985.26077097505697 0.048908236159796913 665.98639455782325 1566.4399092970523 0.033129165479717608
decision_type=2 2 2 2 2 2
left_child=2 -2 5 -3 -5 -1
right_child=1 3 -4 4 -6 -7
leaf_value=-3.6342568668605022 0.007679026318544402 3.5704119793283868 -1.2737462946471851 0.92568654990578381 3.4373724892507442 -3.8741385097824557
leaf_weight=28.240195512771606 53.722240924835205 40.286872148513794 34.186880588531494 45.175520777702332 50.059360861778259 111.74846696853638
leaf_count=24 44 33 28 37 41 92
internal_value=-0.00680815 0.0254832 -0.0418932 0.0337832 0.0269231 -0.0486352
internal_weight=363.42 189.244 174.176 135.522 95.2349 139.989
internal_count=299 155 144 111 78 116
is_linear=0
shrinkage=0.05


Tree=25
num_leaves=9
num_cat=0
split_feature=12 23 12 22 22 23 30 29
split_gain=142.252 9.8355 8.39292 9.86112 7.03506 4.16898 3.61621 0.400308
threshold=311.7913832199547 0.19988046425427827 521.31519274376433 0.034740139897836905 0.10017621169116486 0.16508241059313819 0.17482486093337857 0.011820003814117653
decision_type=2 2 2 2 2 2 2 2
left_child=1 -1 3 -2 -5 -4 -7 -3
right_child=2 7 5 4 -6 6 -8 -9
leaf_value=-1.0239424396933214 -0.62899341127843444 -3.2127767014030044 7.0999490615987613 1.0122287810770914 0.17266447694476597 5.0091222610526493 1.10854582273505 -3.7412312514055177
leaf_weight=29.037329256534576 41.501479029655457 28.505906760692596 30.524000525474548 32.965920567512512 43.95456075668335 32.961112022399902 31.74496054649353 102.00659251213074
leaf_count=24 34 24 25 27 36 27 26 84
internal_value=-0.00695882 -0.0426805 0.0197172 0.0108305 0.0214286 0.0307683 0.0235829 -0.0485362
internal_weight=373.202 159.55 213.652 118.422 76.9205 95.2301 64.7061 130.512
internal_count=307 132 175 97 63 78 53 108
is_linear=0
shrinkage=0.05


Tree=26
num_leaves=10
num_cat=1
split_feature=11 11 17 11 2 23 15 29 22
split_gain=144.57 20.7969 7.62634 4.53925 4.06857 5.33172 2.46211 0.318075 0.136708
threshold=221.99546485260774 496.37188208616789 14.965986394557776 134.69387755102045 0 0.074326266618756659 927.89115646258517 0.014062045767793501 0.014633231582217502
decision_type=2 2 2 2 1 2 2 2 2
left_child=3 2 -2 7 -4 -6 -3 8 -1
right_child=1 6 4 -5 5 -7 -8 -9 -10
leaf_value=-3.2424371633208731 0.97706877399853342 5.9880925167661045 -0.40054229978106548 -2.9557317639394505 -0.2245005122924198 0.88186650047425141 3.1611611319298336 -3.6362190043206684 -3.3284597536860625
leaf_weight=33.387869417667389 34.186880588531494 48.833592295646667 30.524000525474548 30.524000525474548 29.303040504455566 40.291680693626404 29.303040504455566 63.177654802799225 28.771618008613586
leaf_count=28 28 40 25 25 24 33 24 52 24
internal_value=-0.00671787 0.0201143 0.00818182 -0.0432907 0.00121951 0.00789474 0.0406244 -0.0475016 -0.0449622
internal_weight=368.303 212.442 134.306 155.861 100.119 69.5947 78.1366 125.337 62.1595
internal_count=303 174 110 129 82 57 64 104 52
cat_boundaries=0 1
cat_threshold=8
is_linear=0
shrinkage=0.05


Tree=27
num_leaves=9
num_cat=0
split_feature=12 14 15 30 24 20 16 30
split_gain=144.197 23.3246 5.23114 5.21294 11.3039 0.453924 0.44918 0.0941239
threshold=266.89342403628126 985.26077097505697 481.40589569161006 0.1710094841292216 0.49530972454200806 0.04555217831813576 1419.2743764172337 0.085049500488135268
decision_type=2 2 2 2 2 2 2 2
left_child=5 2 -2 -3 -5 -1 -6 -7
right_child=1 3 -4 4 6 7 -8 -9
leaf_value=-2.9818422264942002 -0.59382374738980304 4.738699676357446 0.23945506028752847 -0.04879798748187341 1.5434968414865295 -3.1662185343513016 3.0012664763913466 -3.190663454199012
leaf_weight=31.74496054649353 41.501479029655457 39.065912127494812 37.84976065158844 56.164160966873169 29.303040504455566 28.502984941005707 30.524000525474548 79.062278568744659
leaf_count=26 34 32 31 46 24 24 25 65
internal_value=-0.00727393 0.0166692 -0.00537834 0.0279521 0.0226316 -0.0475614 0.0377551 -0.0491119
internal_weight=373.719 234.408 79.3512 155.057 115.991 139.31 59.827 107.565
internal_count=307 192 65 127 95 115 49 89
is_linear=0
shrinkage=0.05


Tree=28
num_leaves=9
num_cat=0
split_feature=11 11 23 17 24 14 16 14
split_gain=140.206 18.0866 8.91312 4.56287 4.54485 2.98223 0.560615 0.149855
threshold=276.87074829931981 496.37188208616789 0.21457067123783818 14.965986394557776 0.52713047601485752 1628.7981859410434 920.40816326530614 810.65759637188216
decision_type=2 2 2 2 2 2 2 2
left_child=2 3 -1 -2 -5 -3 7 -4
right_child=1 5 6 4 -6 -7 -8 -9
leaf_value=-1.1762435085168856 1.011169286201772 1.6208360919848019 -3.3352110675989288 -0.4314570376827902 0.55068347214350977 6.0317900166624501 -3.0379814714124915 -2.6455141187686473
leaf_weight=29.037329256534576 30.524000525474548 41.512640714645386 72.001843571662903 29.303040504455566 57.385120987892151 29.303040504455566 37.31833815574646 28.505906760692596
leaf_count=24 25 34 59 24 47 24 31 24
internal_value=-0.00817713 0.0214286 -0.0415379 0.009375 0.00352113 0.0413793 -0.0468421 -0.0487852
internal_weight=354.891 188.028 166.863 117.212 86.6882 70.8157 137.826 100.508
internal_count=292 154 138 96 71 58 114 83
is_linear=0
shrinkage=0.05


Tree=29
num_leaves=8
num_cat=1
split_feature=12 14 15 2 16 24 14
split_gain=121.969 14.3808 5.84029 4.93842 8.3145 2.2468 0.158791
threshold=266.89342403628126 975.2834467120183 481.40589569161006 0 1563.9455782312928 0.2734144045059908 815.64625850340144
decision_type=2 2 2 1 2 2 2
left_child=5 2 -2 -3 -5 6 -1
right_child=1 3 -4 4 -6 -7 -8
leaf_value=-3.1008432182984733 -0.82628098378401593 3.4740969956224128 0.8032220342231029 -0.016429940343940075 2.7977893030186438 -2.8674260641447993 -2.5186083781219541
leaf_weight=55.616577863693237 39.059558987617493 37.84495210647583 32.965920567512512 51.280320882797241 56.164160966873169 34.851025581359863 48.572689592838287
leaf_count=46 32 31 27 42 46 29 40
internal_value=-0.00766505 0.015733 -0.00253502 0.0247891 0.0193182 -0.0442353 -0.0479113
internal_weight=356.355 217.315 72.0255 145.289 107.444 139.04 104.189
internal_count=293 178 59 119 88 115 86
cat_boundaries=0 1
cat_threshold=1
is_linear=0
shrinkage=0.05


Tree=30
num_leaves=9
num_cat=0
split_feature=11 11 29 23 15 24 11 24
split_gain=124.248 33.1159 13.9109 5.49636 7.39067 0.941393 0.471248 0.0898807
threshold=276.87074829931981 496.37188208616789 0.023004638621931455 0.15787560548198842 526.3038548752836 0.21416771213282843 596.14512471655337 0.046835274513845906
decision_type=2 2 2 2 2 2 2 2
left_child=2 3 5 4 -2 7 -3 -1
right_child=1 6 -4 -5 -6 -7 -8 -9
leaf_value=-2.6642891490362794 -0.16581104852750173 2.5243368473474703 -1.0263386245581785 -0.21424175837036616 0.61797530320350236 -2.5886791055269063 7.9291758739275018 -2.9503367145826052
leaf_weight=28.505906760692596 37.84976065158844 29.303040504455566 29.303040504455566 39.070720672607422 36.628800630569458 48.293404340744019 40.291680693626404 67.136640548706055
leaf_count=24 31 24 24 32 30 40 33 55
internal_value=-0.00937999 0.0193333 -0.039735 0.00268817 0.0106557 -0.0461279 0.0464912 -0.0490012
internal_weight=356.383 183.144 173.239 113.549 74.4786 143.936 69.5947 95.6425
internal_count=293 150 143 93 61 119 57 79
is_linear=0
shrinkage=0.05


Tree=31
num_leaves=10
num_cat=0
split_feature=11 11 23 24 11 11 22 16 20
split_gain=127.361 33.7042 7.84038 10.3239 4.79911 1.01747 1.01129 2.53045 0.0850169
threshold=157.14285714285717 506.34920634920644 0.15787560548198842 0.74024420719082584 351.70068027210891 623.58276643990939 0.017846880665935004 820.63492063492072 0.098922738329665208
decision_type=2 2 2 2 2 2 2 2 2
left_child=6 2 3 -2 -5 -3 8 -8 -1
right_child=1 5 -4 4 -6 -7 7 -9 -10
leaf_value=-2.3116155460526562 1.8655668348094823 2.3800132598050427 -0.29750868958435606 -0.80878836436333479 0.24366138990935726 8.4517045252818068 -3.0567470289336649 -2.3584166295002045 -3.1067078135487596
leaf_weight=58.340369760990143 30.524000525474548 29.303040504455566 51.280320882797241 36.628800630569458 32.965920567512512 36.628800630569458 32.933508396148682 28.767335653305054 28.757413983345032
leaf_count=48 25 24 42 30 27 30 27 24 24
internal_value=-0.00979435 0.0146067 0.0016129 0.0097561 -0.000877193 0.0444444 -0.0454339 -0.0405365 -0.0489032
internal_weight=366.13 217.331 151.399 100.119 69.5947 65.9318 148.799 61.7008 87.0978
internal_count=301 178 124 82 57 54 123 51 72
is_linear=0
shrinkage=0.05


Tree=32
num_leaves=10
num_cat=0
split_feature=11 11 24 23 15 14 11 22 16
split_gain=120.93 31.0897 14.2165 10.8966 3.66288 1.88543 1.46968 3.58605 0.0798698
threshold=157.14285714285717 506.34920634920644 0.55842868141417534 0.070757639356089017 1002.7210884353742 1618.8208616780046 67.346938775510225 0.017044759084177703 825.62358276643999
decision_type=2 2 2 2 2 2 2 2 2
left_child=6 2 4 -4 -2 -3 8 -8 -1
right_child=1 5 3 -5 -6 -7 7 -9 -10
leaf_value=-2.8889078681555493 -0.16392701535756515 3.8769103822028841 -0.21116095219136854 1.0805333780222015 -0.39175172145906179 4.6331659273403494 -2.4975619925155437 -2.2557303937218114 -2.5922057832830898
leaf_weight=48.804216384887695 29.303040504455566 40.291680693626404 42.733600735664368 53.722240924835205 29.303040504455566 29.298231959342957 31.74496054649353 29.037329256534576 28.756018280982971
leaf_count=40 24 33 35 44 24 24 26 24 24
internal_value=-0.00743028 0.0152166 0.00275591 0.014557 -0.0166667 0.042982 -0.0442062 -0.0383847 -0.0487684
internal_weight=362.994 224.652 155.062 96.4558 58.6061 69.5899 138.343 60.7823 77.5602
internal_count=298 184 127 79 48 57 114 50 64
is_linear=0
shrinkage=0.05


Tree=33
num_leaves=9
num_cat=0
split_feature=11 22 11 17 24 11 15 22
split_gain=120.762 16.5851 15.1513 3.12832 3.05504 2.77586 1.7587 3.39127
threshold=299.31972789115656 0.031988966921124261 506.34920634920644 14.965986394557776 0.57683820165744537 638.54875283446722 713.37868480725638 0.017419324268239604
decision_type=2 2 2 2 2 2 2 2
left_child=1 6 3 -2 -5 -4 -1 -8
right_child=2 -3 5 4 -6 -7 7 -9
leaf_value=-2.6699267974286021 0.80170593764811149 -0.31465506670235471 2.0852738228797025 -0.33909893098895055 0.54722331023719739 8.5212603840494747 -2.3797919613885248 -1.6438437301433002
leaf_weight=70.505371510982513 31.74496054649353 36.628800630569458 36.628800630569458 29.303040504455566 51.280320882797241 32.961112022399902 43.15742701292038 29.037329256534576
leaf_count=58 26 30 30 24 42 27 36 24
internal_value=-0.00756237 -0.0366794 0.0211402 0.00978261 0.00454545 0.039473 -0.0443831 -0.0388977
internal_weight=361.247 179.329 181.918 112.328 80.5834 69.5899 142.7 72.1948
internal_count=297 148 149 92 66 57 118 60
is_linear=0
shrinkage=0.05


Tree=34
num_leaves=8
num_cat=0
split_feature=12 11 14 15 15 11 23
split_gain=99.2064 21.3903 5.88097 4.2412 2.72491 1.7248 2.58189
threshold=266.89342403628126 606.12244897959192 860.54421768707493 995.2380952380953 526.3038548752836 57.369614512471664 0.36405163726244544
decision_type=2 2 2 2 2 2 2
left_child=5 2 -2 4 -4 -1 -7
right_child=1 -3 3 -5 -6 6 -8
leaf_value=-2.463322557646995 -1.0069550430783003 6.7068723991685744 0.31362288812625821 -0.039749678308834295 1.8255063787514758 -1.7383029850900091 -2.5741433594782293
leaf_weight=53.415985763072968 30.51784074306488 39.065912127494812 45.175520777702332 43.95456075668335 54.943200945854187 46.129760324954987 36.363089382648468
leaf_count=44 25 32 37 36 45 38 30
internal_value=-0.00781463 0.0134296 0.00594603 0.0101695 0.0158537 -0.0412118 -0.0366793
internal_weight=349.566 213.657 174.591 144.073 100.119 135.909 82.4928
internal_count=287 175 143 118 82 112 68
is_linear=0
shrinkage=0.05


Tree=35
num_leaves=10
num_cat=1
split_feature=2 14 13 23 15 24 29 15 23
split_gain=113.474 17.8354 7.85285 7.5273 4.88948 2.75459 3.66198 2.10417 1.25366
threshold=0 810.65759637188216 521.31519274376433 0.15787560548198842 531.29251700680288 0.49530972454200806 0.012463230664883503 713.37868480725638 0.39298294339611212
decision_type=1 2 2 2 2 2 2 2 2
left_child=7 -2 3 4 -3 6 -4 -1 -9
right_child=1 2 5 -5 -6 -7 -8 8 -10
leaf_value=-2.4574973421977724 -0.8939281051988055 0.1394249565820104 3.6412198107666152 -0.12839596817277368 1.5013538759594696 3.7782020951900166 0.29562693394294398 -1.7853336197333132 -2.2583209886470907
leaf_weight=64.435281217098236 29.270288109779358 31.74496054649353 29.298231959342957 36.628800630569458 32.965920567512512 34.186880588531494 29.303040504455566 28.240195512771606 33.921169340610504
leaf_count=53 24 26 24 30 27 28 24 24 28
internal_value=-0.00584914 0.0155826 0.0210685 0.0114458 0.0216981 0.031578 0.0249979 -0.0436686 -0.0371057
internal_weight=349.995 223.398 194.128 101.34 64.7109 92.7882 58.6013 126.597 62.1614
internal_count=288 183 159 83 53 76 48 105 52
cat_boundaries=0 1
cat_threshold=4
is_linear=0
shrinkage=0.05


Tree=36
num_leaves=9
num_cat=0
split_feature=11 11 23 23 16 22 11 16
split_gain=109.787 14.6488 7.76696 7.23957 5.43145 8.39573 2.5793 0.494462
threshold=276.87074829931981 506.34920634920644 0.15787560548198842 0.070110910453863959 820.63492063492072 0.017044759084177703 606.12244897959192 718.36734693877565
decision_type=2 2 2 2 2 2 2 2
left_child=4 2 3 -2 7 -6 -3 -1
right_child=1 6 -4 -5 5 -7 -8 -9
leaf_value=-2.4197037852910306 -0.34802679252045721 1.0338721971866107 -0.22780104980495822 0.92387210606978565 -2.0398735519321649 -1.1556075335692351 5.8984819937482298 -2.0986243277155081
leaf_weight=29.27067232131958 34.186880588531494 31.74496054649353 46.396480798721313 48.838400840759277 48.996515870094299 45.849458575248718 35.403032064437866 45.170773863792419
leaf_count=24 28 26 38 40 41 38 29 37
internal_value=-0.00709593 0.0183222 0.00849057 0.0176471 -0.0366105 -0.0286761 0.0372718 -0.0467197
internal_weight=365.857 196.57 129.422 83.0253 169.287 94.846 67.148 74.4414
internal_count=301 161 106 68 140 79 55 61
is_linear=0
shrinkage=0.05


Tree=37
num_leaves=10
num_cat=1
split_feature=2 11 24 24 14 30 15 11 22
split_gain=100.68 26.5538 10.2347 9.19161 6.43145 4.78101 3.18965 3.12548 1.40296
threshold=0 506.34920634920644 0.49530972454200806 0.74024420719082584 865.53287981859421 0.19881640440095538 713.37868480725638 638.54875283446722 0.015961080656188006
decision_type=1 2 2 2 2 2 2 2 2
left_child=6 2 5 -4 -5 -2 -1 -3 -8
right_child=1 7 3 4 -6 -7 8 -9 -10
leaf_value=-2.2285275456111826 -0.28422542774508203 1.5993133214575992 1.4615890595637895 -0.64530149957961391 0.61914628094472879 -1.3286866302287379 -2.1378234389924673 6.2969996466068601 -1.6818839134083181
leaf_weight=65.65116935968399 29.303040504455566 40.291680693626404 30.524000525474548 34.186880588531494 32.965920567512512 32.942414283752441 37.58404940366745 30.519191980361938 29.992578029632568
leaf_count=54 24 33 25 28 27 27 31 25 25
internal_value=-0.00754333 0.0124394 0.00115256 0.01125 0.000909091 -0.0146926 -0.0421509 0.0379302 -0.0345254
internal_weight=363.961 230.733 159.922 97.6768 67.1528 62.2455 133.228 70.8109 67.5766
internal_count=299 189 131 80 55 51 110 58 56
cat_boundaries=0 1
cat_threshold=4
is_linear=0
shrinkage=0.05


Tree=38
num_leaves=9
num_cat=0
split_feature=11 11 16 29 12 11 17 20
split_gain=101.037 21.0543 5.89045 3.84097 5.35217 3.63237 2.8181 1.9651
threshold=157.14285714285717 506.34920634920644 820.63492063492072 0.014866501443557952 359.18367346938788 658.50340136054433 24.943310657596502 0.15567275185936444
decision_type=2 2 2 2 2 2 2 2
left_child=2 3 -1 -2 -5 -3 -4 -6
right_child=1 5 6 4 7 -7 -8 -9
leaf_value=-2.0994904251994955 -0.23746393430890012 1.6555608261466306 -1.1495017249709052 -0.76760285598797329 0.43650212117438802 6.3412749030825175 -2.1093660957812421 0.26424156353810629
leaf_weight=65.894726037979126 29.303040504455566 42.733600735664368 46.820307075977325 40.291680693626404 56.164160966873169 29.298231959342957 35.816067159175873 32.965920567512512
leaf_count=54 24 35 39 33 46 24 30 27
internal_value=-0.00668371 0.0140204 -0.0388495 0.00384615 0.00754717 0.0364398 -0.029958 0.0143836
internal_weight=379.288 230.757 148.531 158.725 129.422 72.0318 82.6364 89.1301
internal_count=312 189 123 130 106 59 69 73
is_linear=0
shrinkage=0.05


Tree=39
num_leaves=9
num_cat=0
split_feature=11 11 16 23 15 22 13 29
split_gain=86.5774 25.6796 5.63458 5.3596 3.27908 5.88645 4.57657 3.03135
threshold=157.14285714285717 606.12244897959192 820.63492063492072 0.36405163726244544 995.2380952380953 0.095792312302854218 486.39455782312933 0.063153173107138569
decision_type=2 2 2 2 2 2 2 2
left_child=2 4 -1 -4 5 6 -2 -7
right_child=1 -3 3 -5 -6 7 -8 -9
leaf_value=-1.9945694375724976 0.463988473804055 5.9768866498980096 -1.0467526340490845 -1.9987432923918793 -0.17672108336594194 -0.32981752005933629 0.16355395333591505 0.038305945585414142
leaf_weight=56.151631355285645 37.84976065158844 37.84495210647583 33.119753241539001 47.074700951576233 47.617440819740295 35.407840609550476 39.070720672607422 35.407840609550476
leaf_count=46 31 31 28 39 39 29 32 29
internal_value=-0.00620246 0.0123029 -0.037853 -0.0293477 0.005 0.00867769 0.018254 -0.00172414
internal_weight=369.545 233.199 136.346 80.1945 195.354 147.736 76.9205 70.8157
internal_count=304 191 113 67 160 121 63 58
is_linear=0
shrinkage=0.05


Tree=40
num_leaves=9
num_cat=0
split_feature=11 11 16 23 17 20 12 15
split_gain=89.6924 14.1005 7.52843 5.92455 4.9053 6.56445 4.34518 1.11251
threshold=221.99546485260774 606.12244897959192 830.61224489795927 0.36405163726244544 14.965986394557889 0.22090052356020942 466.43990929705222 601.13378684807265
decision_type=2 2 2 2 2 2 2 2
left_child=2 4 7 -4 6 -6 -2 -1
right_child=1 -3 3 -5 5 -7 -8 -9
leaf_value=-2.0729509600207079 0.5012652251907781 4.71627847038474 -0.70164667970559946 -1.9774454751526946 -0.45279484282413596 0.24649375611136648 0.29039959131542331 -1.6604160613924859
leaf_weight=29.272006511688232 39.070720672607422 39.065912127494812 33.389746844768524 45.853740930557251 48.838400840759277 37.84976065158844 43.95456075668335 45.175520777702332
leaf_count=24 32 32 28 38 40 31 36 37
internal_value=-0.00467399 0.0166659 -0.0336628 -0.0229368 0.0104317 0.00211268 0.0191176 -0.0450799
internal_weight=362.47 208.779 153.691 79.2435 169.713 86.6882 83.0253 74.4475
internal_count=298 171 127 66 139 71 68 61
is_linear=0
shrinkage=0.05


Tree=41
num_leaves=9
num_cat=1
split_feature=11 11 20 2 15 22 15 20
split_gain=85.7341 13.7259 5.3194 4.29475 6.48848 3.99287 7.66209 2.4951
threshold=207.02947845804991 623.58276643990939 0.22090052356020942 0 713.37868480725638 0.034740139897836905 526.3038548752836 0.062035703100532358
decision_type=2 2 2 1 2 2 2 2
left_child=3 2 5 4 -1 -2 -7 -6
right_child=1 -3 -4 -5 7 6 -8 -9
leaf_value=-1.8001903928068115 -0.19309237062215345 5.7280587921466211 0.36561300733217483 -0.94622972230951286 -1.1820395527141117 -0.30654990405465699 1.3783317234785486 -1.5119698714386347
leaf_weight=64.432086765766144 43.95456075668335 29.298231959342957 42.733600735664368 30.497563600540161 33.655458092689514 41.512640714645386 50.059360861778259 28.771618008613586
leaf_count=53 36 24 35 25 28 34 41 24
internal_value=-0.00698517 0.0141168 0.00890411 -0.0348193 -0.0388695 0.00405405 0.01 -0.0273815
internal_weight=364.915 207.558 178.26 157.357 126.859 135.527 91.572 62.4271
internal_count=300 170 146 130 105 111 75 52
cat_boundaries=0 1
cat_threshold=4
is_linear=0
shrinkage=0.05


Tree=42
num_leaves=10
num_cat=0
split_feature=11 11 16 15 17 20 11 23 20
split_gain=71.4504 16.2294 8.52015 4.6778 8.10421 5.66319 3.08542 2.95295 1.15772
threshold=221.99546485260774 658.50340136054433 830.61224489795927 995.2380952380953 14.965986394557889 0.22090052356020942 67.346938775510225 0.37379760811578994 0.074592479895674815
decision_type=2 2 2 2 2 2 2 2 2
left_child=2 3 6 4 8 -6 -1 -4 -2
right_child=1 -3 7 -5 5 -7 -8 -9 -10
leaf_value=-1.7121217026927711 1.4164965065104043 5.4416558525392906 -0.82023226169032404 -0.28725055155166362 -0.58494304564746924 0.12477091749694297 -1.3527440621790967 -1.3306323452447859 1.3588604853197355
leaf_weight=45.157428383827209 29.303040504455566 29.298231959342957 37.048344552516937 45.175520777702332 41.512640714645386 31.74496054649353 29.302031278610229 37.307020783424377 31.74496054649353
leaf_count=37 24 24 31 37 34 26 24 31 26
internal_value=-0.00337304 0.0154963 -0.0298457 0.00986395 0.0145455 0.00333333 -0.0418012 -0.0178735 0.028
internal_weight=357.594 208.779 148.815 179.481 134.306 73.2576 74.4595 74.3554 61.048
internal_count=294 171 123 147 110 60 61 62 50
is_linear=0
shrinkage=0.05


Tree=43
num_leaves=10
num_cat=0
split_feature=11 11 29 22 14 23 11 12 12
split_gain=79.3406 15.3766 8.56099 6.50856 4.40875 4.34531 3.025 1.62121 1.39762
threshold=157.14285714285717 506.34920634920644 0.011555508969178752 0.048908236159796913 800.68027210884361 0.17922191399137222 299.31972789115656 486.39455782312933 401.58730158730162
decision_type=2 2 2 2 2 2 2 2 2
left_child=2 3 -1 7 -4 -3 -5 -2 -8
right_child=1 5 4 6 -6 -7 8 -9 -10
leaf_value=-0.83693767898348015 -0.11402115659736296 2.6107722231128889 -1.6899149290534414 -0.033760215305846941 -1.2799063809900326 3.1963100578637751 0.3977471268519594 -0.46054950838492348 0.033011670065326369
leaf_weight=28.505906760692596 35.407840609550476 29.303040504455566 53.689943075180054 30.524000525474548 54.411778450012207 36.623992085456848 29.303040504455566 30.524000525474548 34.186880588531494
leaf_count=24 29 24 44 25 45 30 24 25 28
internal_value=-0.0033279 0.0148641 -0.0334074 0.00648855 -0.0398349 0.0351841 0.0149351 -0.00555556 0.0211538
internal_weight=362.48 225.873 136.608 159.946 108.102 65.927 94.0139 65.9318 63.4899
internal_count=298 185 113 131 89 54 77 54 52
is_linear=0
shrinkage=0.05


Tree=44
num_leaves=10
num_cat=0
split_feature=11 11 14 15 14 22 17 11 11
split_gain=66.2824 20.4772 10.1673 5.14297 6.05926 5.97423 3.11785 2.9999 2.32073
threshold=157.14285714285717 658.50340136054433 865.53287981859421 1020.1814058956918 985.26077097505697 0.11574640761565151 19.954648526077055 456.46258503401367 67.346938775510225
decision_type=2 2 2 2 2 2 2 2 2
left_child=2 3 8 4 5 6 -2 -6 -1
right_child=1 -3 -4 -5 7 -7 -8 -9 -10
leaf_value=-1.6055160758926996 -0.25107505098700073 5.3466653433732292 -1.4966506130405968 -0.52825958738218903 0.35248872749011756 -0.48968683580411326 -0.0023479400092291771 1.5340050217298768 -1.1160433616836027
leaf_weight=54.627661526203156 29.303040504455566 29.303040504455566 40.715506970882416 37.84976065158844 37.84976065158844 30.524000525474548 30.524000525474548 47.617440819740295 42.201169013977051
leaf_count=45 24 24 34 31 31 25 25 39 35
internal_value=-0.00489698 0.010804 -0.0326327 0.00542857 0.00902778 0 0.00918367 0.0185714 -0.0414478
internal_weight=380.515 242.971 137.544 213.668 175.818 90.351 59.827 85.4672 96.8288
internal_count=313 199 114 175 144 74 49 70 80
is_linear=0
shrinkage=0.05


Tree=45
num_leaves=8
num_cat=1
split_feature=2 16 22 24 15 20 29
split_gain=74.1612 8.88443 5.34989 10.0622 4.56028 2.07229 1.61342
threshold=0 915.41950113378687 0.033225570359291155 0.3802828518028995 690.92970521541963 0.10045045045045047 0.013323455357230202
decision_type=1 2 2 2 2 2 2
left_child=4 -2 3 -3 -1 -4 -6
right_child=1 2 5 -5 6 -7 -8
leaf_value=-1.2555917707514257 -0.24756619406652308 0.83964205799163416 2.1801992923105273 -0.88550274433428344 -1.4702768589220996 0.55799517661401699 -1.1937500142436015
leaf_weight=57.104449212551117 54.921547532081604 57.380312442779541 46.396480798721313 36.628800630569458 32.434498071670532 35.407840609550476 42.202178239822388
leaf_count=47 45 47 38 30 27 29 35
internal_value=-0.00729611 0.00979313 0.0152768 0.00714067 -0.0372267 0.0246269 -0.0290897
internal_weight=362.476 230.735 175.813 94.0091 131.741 81.8043 74.6367
internal_count=298 189 144 77 109 67 62
cat_boundaries=0 1
cat_threshold=4
is_linear=0
shrinkage=0.05


Tree=46
num_leaves=11
num_cat=0
split_feature=11 11 30 11 30 30 22 29 20 15
split_gain=83.2042 13.1157 5.69587 8.42086 3.58985 5.63782 4.46867 2.50007 1.79672 0.406987
threshold=207.02947845804991 638.54875283446722 0.037127488261400561 67.346938775510225 0.32637853060843608 0.25012209111399702 0.11574640761565151 0.014329427502341551 0.10045045045045047 927.89115646258517
decision_type=2 2 2 2 2 2 2 2 2 2
left_child=2 4 -1 -4 5 9 8 -5 -6 -2
right_child=1 -3 3 7 6 -7 -8 -9 -10 -11
leaf_value=-1.458646622564449 0.2878082462623951 4.3999156917692721 -1.5501683362415706 -1.1129723435230328 1.2670192086823597 -0.42756671747725083 -0.40649848621771273 -0.71292337528835548 0.21202783667166331 -0.075508133822049225
leaf_weight=31.637364327907562 29.303040504455566 30.519191980361938 62.217255473136902 31.743951320648193 30.524000525474548 30.524000525474548 30.524000525474548 35.142129361629486 29.303040504455566 29.303040504455566
leaf_count=27 24 25 51 26 25 25 25 29 24 24
internal_value=-0.00502648 0.0156969 -0.0321006 -0.0367599 0.0105442 0.00342466 0.0175676 -0.0244439 0.0255102 0.0125
internal_weight=370.741 210 160.741 129.103 179.481 89.1301 90.351 66.8861 59.827 58.6061
internal_count=305 172 133 106 147 73 74 55 49 48
is_linear=0
shrinkage=0.05


Tree=47
num_leaves=9
num_cat=0
split_feature=11 11 14 23 15 17 20 17
split_gain=64.6578 15.5378 9.75131 5.51255 3.64013 6.39866 3.26196 1.0848
threshold=207.02947845804991 638.54875283446722 800.68027210884361 0.42794414654678453 995.2380952380953 14.965986394557889 0.22090052356020942 19.954648526077168
decision_type=2 2 2 2 2 2 2 2
left_child=2 4 7 -4 5 -2 -7 -1
right_child=1 -3 3 -5 -6 6 -8 -9
leaf_value=-1.4097936387612149 1.2584722229394161 4.2104691624166009 -0.5898342036729366 -1.3840604640157848 -0.26279093314035434 -0.44659538809432037 0.060370040640420092 -1.4117832317454868
leaf_weight=29.303040504455566 54.943200945854187 31.74015200138092 48.996515870094299 29.037329256534576 45.175520777702332 46.396480798721313 37.84976065158844 48.536294043064117
leaf_count=24 45 26 41 24 37 38 31 40
internal_value=-0.00386313 0.013841 -0.0284084 -0.0159181 0.00827815 0.0122807 0.00362319 -0.04093
internal_weight=371.978 216.105 155.873 78.0338 184.365 139.189 84.2462 77.8393
internal_count=306 177 129 65 151 114 69 64
is_linear=0
shrinkage=0.05


Tree=48
num_leaves=9
num_cat=1
split_feature=2 14 20 12 30 30 22 14
split_gain=63.9892 23.7156 6.41213 5.7951 8.89345 4.37593 3.27195 0.940557
threshold=0 800.68027210884361 0.04475743348982781 695.91836734693891 0.37616449357520793 0.24841594675903367 0.015035576915285752 800.68027210884361
decision_type=1 2 2 2 2 2 2 2
left_child=2 -2 -1 4 5 -3 -4 -8
right_child=1 3 6 -5 -6 -7 7 -9
leaf_value=-1.1079753814827986 -0.44657631103036821 0.11483535687555105 -0.85047732811454235 2.0746258410337872 0.65458909027026957 -0.22281028364384525 -1.2992384530414764 -1.2447642421302172
leaf_weight=29.037329256534576 31.723307132720947 48.838400840759277 28.504029333591461 50.054552316665649 57.385120987892151 50.059360861778259 42.722430229187012 32.434498071670532
leaf_count=24 26 40 24 41 47 41 35 27
internal_value=-0.0060166 0.00949177 -0.0338386 0.0156797 0.0109375 0.00185185 -0.0396558 -0.0451264
internal_weight=370.759 238.061 132.698 206.337 156.283 98.8978 103.661 75.1569
internal_count=305 195 110 169 128 81 86 62
cat_boundaries=0 1
cat_threshold=4
is_linear=0
shrinkage=0.05


Tree=49
num_leaves=10
num_cat=0
split_feature=11 11 17 13 24 14 15 11 13
split_gain=66.4136 18.6945 6.7549 6.63915 4.79335 4.36087 6.98084 2.81374 5.09842
threshold=207.02947845804991 658.50340136054433 32.426303854875307 67.346938775510225 0.15691244239631338 865.53287981859421 995.2380952380953 506.34920634920644 486.39455782312933
decision_type=2 2 2 2 2 2 2 2 2
left_child=2 5 3 -1 -5 -2 7 8 -7
right_child=1 -3 -4 4 -6 6 -8 -9 -10
leaf_value=-1.0047039563055231 -0.030949303428771203 4.4874415799535265 -1.3371212965667723 -1.0406551404861861 -0.27906464792488805 0.78658738339573242 -0.29322911279919311 1.013944646402166 -0.34172062919090962
leaf_weight=32.693224847316742 31.74496054649353 32.961112022399902 49.218374192714691 30.258289277553558 35.142129361629486 51.280320882797241 45.175520777702332 32.965920567512512 30.524000525474548
leaf_count=27 26 27 41 25 29 42 37 27 25
internal_value=-0.00189186 0.0152166 -0.0279824 -0.0203984 -0.0112014 0.00923567 0.0125954 0.0191489 0.0141791
internal_weight=371.964 224.652 147.312 98.0936 65.4004 191.691 159.946 114.77 81.8043
internal_count=306 184 122 81 54 157 131 94 67
is_linear=0
shrinkage=0.05


Tree=50
num_leaves=10
num_cat=0
split_feature=11 11 17 14 29 23 14 12 24
split_gain=49.5534 16.878 9.34806 7.11731 3.62689 10.4843 5.50063 1.8717 0.378004
threshold=276.87074829931981 638.54875283446722 32.426303854875307 795.69160997732433 0.026468232896310753 0.19988046425427827 975.2834467120183 112.24489795918369 0.17734418266297458
decision_type=2 2 2 2 2 2 2 2 2
left_child=2 4 3 -1 5 -2 -6 -5 -4
right_child=1 -3 8 7 6 -7 -8 -9 -10
leaf_value=-0.66043884191083901 -0.50877116177063897 3.6718423332464027 -1.4872331007891857 -0.12068007361596678 -0.046556509392267742 0.16346558509683007 0.8606640262677786 -0.8479992999227588 -1.2640170331838658
leaf_weight=43.952648162841797 30.524000525474548 29.298231959342957 28.755492568016052 35.831666886806488 45.175520777702332 47.617440819740295 29.303040504455566 29.303040504455566 31.449644386768341
leaf_count=36 25 24 24 30 37 39 24 24 26
internal_value=-0.00704493 0.0110728 -0.0265139 -0.0177853 0.0044 -0.003125 0.0122951 -0.00729409 -0.0423293
internal_weight=351.211 181.918 169.292 109.087 152.62 78.1414 74.4786 65.1347 60.2051
internal_count=289 149 140 90 125 64 61 54 50
is_linear=0
shrinkage=0.05


Tree=51
num_leaves=11
num_cat=0
split_feature=11 11 30 17 24 14 30 30 11 16
split_gain=61.3287 19.1713 11.145 9.05896 6.67333 4.34167 5.06693 5.39866 3.05494 0.109212
threshold=202.04081632653063 638.54875283446722 0.037127488261400561 19.954648526077168 0.21416771213282843 860.54421768707493 0.37616449357520793 0.24841594675903367 426.53061224489801 825.62358276643999
decision_type=2 2 2 2 2 2 2 2 2 2
left_child=2 5 -1 4 -4 -2 7 8 -7 -5
right_child=1 -3 3 9 -6 6 -8 -9 -10 -11
leaf_value=-0.68440039289082355 -0.2250172701513421 3.5849832617182722 -1.3827170338802033 -1.2034357351446734 -0.066343102638579413 -0.019517825674954282 0.83410592462268773 -0.19311383592837217 0.46565511041651036 -1.3806287307553686
leaf_weight=27.974484264850616 30.524000525474548 30.519191980361938 30.524000525474548 32.928805470466614 32.965920567512512 31.74496054649353 43.95456075668335 48.838400840759277 30.524000525474548 29.021729528903961
leaf_count=24 25 25 25 27 27 26 36 40 25 24
internal_value=-0.00388662 0.013276 -0.0280625 -0.0344266 -0.0211538 0.00723684 0.0106299 0.00494505 0.0147059 -0.0480291
internal_weight=369.52 216.105 153.415 125.44 63.4899 185.586 155.062 111.107 62.269 61.9505
internal_count=304 177 127 103 52 152 127 91 51 51
is_linear=0
shrinkage=0.05


Tree=52
num_leaves=10
num_cat=0
split_feature=12 30 16 16 23 23 30 20 29
split_gain=66.3429 11.5554 10.0866 8.40382 8.26718 3.87311 5.29678 3.32693 0.101787
threshold=157.14285714285717 0.037127488261400561 1568.9342403628118 1688.6621315192745 0.22766711970200337 0.070110910453863959 0.37616449357520793 0.062035703100532358 0.015044041919837102
decision_type=2 2 2 2 2 2 2 2 2
left_child=1 -1 4 -4 5 -2 -7 -3 -9
right_child=2 7 3 -5 -6 6 -8 8 -10
leaf_value=-0.45921508336609351 -0.052508458616992472 -0.90926583634879565 1.7944209964133735 0.010711969877702348 -0.85496664275241674 -0.011597591481010739 0.82342968322623167 -1.0163953785138908 -0.98831620812089405
leaf_weight=27.974484264850616 48.838400840759277 41.512640714645386 39.070720672607422 29.298231959342957 32.959041237831116 47.617440819740295 39.070720672607422 29.286879897117615 29.277647972106934
leaf_count=24 40 34 32 24 27 39 32 24 24
internal_value=-0.00330357 -0.0322987 0.0123722 0.0285699 0.00579938 0.0112613 0.0176056 -0.0402399 -0.0479152
internal_weight=364.906 128.052 236.855 68.369 168.486 135.527 86.6882 100.077 58.5645
internal_count=300 106 194 56 138 111 71 82 48
is_linear=0
shrinkage=0.05


Tree=53
num_leaves=9
num_cat=0
split_feature=11 11 16 23 20 20 22 12
split_gain=43.2346 19.0512 8.88308 7.55164 3.01939 5.42004 4.25143 1.74756
threshold=306.80272108843542 658.50340136054433 830.61224489795927 0.35926159541718022 0.098922738329665208 0.19860368818912802 0.038044038648569055 82.312925170068041
decision_type=2 2 2 2 2 2 2 2
left_child=2 4 7 -4 6 -6 -2 -1
right_child=1 -3 3 -5 5 -7 -8 -9
leaf_value=-1.0619158717192221 -0.0132901622153085 3.6106573386280014 -0.017025644420542819 -1.1295183475387403 -0.30903915331727067 0.38796073816445759 0.82117714945544273 -0.8781927442836297
leaf_weight=34.158461093902588 35.407840609550476 29.298231959342957 51.69986480474472 49.516620993614197 40.291680693626404 39.070720672607422 31.74496054649353 43.947681427001953
leaf_count=28 29 24 43 41 33 32 26 36
internal_value=-0.00442551 0.0131934 -0.0216997 -0.0119239 0.00583333 -0.000769231 0.0136364 -0.0343679
internal_weight=355.136 175.813 179.323 101.216 146.515 79.3624 67.1528 78.1061
internal_count=292 144 148 84 120 65 55 64
is_linear=0
shrinkage=0.05


Tree=54
num_leaves=10
num_cat=1
split_feature=2 11 16 15 15 12 17 17 12
split_gain=53.547 21.6077 7.16443 6.5566 9.38851 5.6315 3.45605 2.80525 2.11189
threshold=0 658.50340136054433 770.74829931972806 526.3038548752836 995.2380952380953 371.65532879818602 32.426303854875307 17.46031746031753 97.278911564625858
decision_type=1 2 2 2 2 2 2 2 2
left_child=2 3 -1 5 7 -2 8 -5 -4
right_child=1 -3 6 4 -6 -7 -8 -9 -10
leaf_value=-1.1310856955160038 -0.44801999671324622 3.838201375239612 -0.44230466246123146 1.5252822929959693 -0.097403442449972746 -0.0050500530631808265 -0.89923333673217154 -0.21861674379177032 -0.83700927807238923
leaf_weight=32.955242395401001 31.724534749984741 29.298231959342957 34.876418113708496 47.617440819740295 45.175520777702332 57.385120987892151 33.385464489459991 34.186880588531494 30.524000525474548
leaf_count=27 26 24 29 39 37 47 28 28 25
internal_value=-0.00409903 0.00970567 -0.0298124 0.00424241 0.0115385 -0.00615434 -0.0230777 0.0216418 -0.0163958
internal_weight=377.129 245.388 131.741 216.089 126.98 89.1097 98.7859 81.8043 65.4004
internal_count=310 201 109 177 104 73 82 67 54
cat_boundaries=0 1
cat_threshold=4
is_linear=0
shrinkage=0.05


Tree=55
num_leaves=10
num_cat=0
split_feature=11 11 14 23 15 14 15 11 14
split_gain=45.0616 13.1103 7.63643 3.79973 2.38224 4.90299 4.25703 2.79281 1.84394
threshold=157.14285714285717 623.58276643990939 800.68027210884361 0.37379760811578994 526.3038548752836 885.48752834467132 995.2380952380953 446.48526077097512 685.94104308390035
decision_type=2 2 2 2 2 2 2 2 2
left_child=2 4 8 -4 5 -2 7 -6 -1
right_child=1 -3 3 -5 6 -7 -8 -9 -10
leaf_value=-1.2543143519064661 0.012244439150521202 1.9007001385212889 -0.47241271833607956 -0.90730894800514139 -0.0057503053052670346 -0.32319507436069728 -0.11112331755541192 1.3188967917865186 -0.70695121860530363
leaf_weight=29.253212332725525 41.512640714645386 30.519191980361938 34.344995617866516 37.58404940366745 46.396480798721313 36.628800630569458 42.733600735664368 30.524000525474548 40.025969445705414
leaf_count=24 34 25 29 31 38 30 35 25 33
internal_value=-0.00223491 0.0114965 -0.0244368 -0.0130255 0.00679012 0 0.0112245 0.018254 -0.0362845
internal_weight=369.523 228.315 141.208 71.929 197.796 78.1414 119.654 76.9205 69.2792
internal_count=304 187 117 60 162 64 98 63 57
is_linear=0
shrinkage=0.05


Tree=56
num_leaves=9
num_cat=0
split_feature=11 11 11 11 29 15 17 14
split_gain=47.935 15.8323 6.67063 5.84526 3.56183 3.06767 4.88671 2.3696
threshold=207.02947845804991 638.54875283446722 67.346938775510225 97.278911564625858 0.013835045648478253 995.2380952380953 14.965986394557889 1030.1587301587304
decision_type=2 2 2 2 2 2 2 2
left_child=2 5 4 -4 -1 6 -2 -8
right_child=1 -3 3 -5 -6 -7 7 -9
leaf_value=-0.99464622093644806 0.71689124112404423 2.7364151130035967 -0.04214561664381327 -0.84077064481751718 -0.90463612202581756 -0.15744217737146329 -0.3863320599460508 0.19499571530294732
leaf_weight=28.769740581512451 57.385120987892151 31.74496054649353 34.875408887863159 44.909809529781342 41.473332405090332 37.84976065158844 47.617440819740295 30.524000525474548
leaf_count=24 47 26 29 37 34 31 39 25
internal_value=-0.00201938 0.0136905 -0.0234982 -0.0136056 -0.0347345 0.00774648 0.0112613 0.003125
internal_weight=355.15 205.121 150.028 79.7852 70.2431 173.376 135.527 78.1414
internal_count=292 168 124 66 58 142 111 64
is_linear=0
shrinkage=0.05


Tree=57
num_leaves=9
num_cat=0
split_feature=11 17 11 11 12 11 11 30
split_gain=41.9191 13.0964 12.7591 5.25387 3.4749 5.16924 2.00113 3.04675
threshold=361.67800453514752 32.426303854875307 638.54875283446722 67.346938775510225 491.38321995464861 506.34920634920644 251.92743764172334 0.16289489180116154
decision_type=2 2 2 2 2 2 2 2
left_child=1 3 4 -1 -2 -6 7 -5
right_child=2 -3 -4 6 5 -7 -8 -9
leaf_value=-0.45484481974081681 0.61249203548279363 -1.0161661688318879 2.0134191197006781 -0.67460741003843772 -0.32181845427128908 0.67216895076239502 -0.36907491952611909 0.032855221188837901
leaf_weight=46.123785078525543 46.396480798721313 55.598325490951538 31.74015200138092 34.876418113708496 31.74496054649353 39.070720672607422 47.617440819740295 35.407840609550476
leaf_count=38 38 46 26 29 26 32 39 29
internal_value=-0.00244347 -0.0163301 0.0180318 -0.00922153 0.0104167 0.00344828 -0.00362451 0.00173717
internal_weight=368.576 219.624 148.952 164.025 117.212 70.8157 117.902 70.2843
internal_count=303 181 122 135 96 58 97 58
is_linear=0
shrinkage=0.05


Tree=58
num_leaves=10
num_cat=0
split_feature=11 11 14 15 15 30 11 12 12
split_gain=37.1656 20.9859 8.95941 7.78384 5.1036 3.11147 2.23765 4.03857 1.83144
threshold=157.14285714285717 658.50340136054433 685.94104308390035 1010.2040816326534 563.71882086167818 0.42793416900559761 97.278911564625858 72.335600907029487 536.28117913832216
decision_type=2 2 2 2 2 2 2 2 2
left_child=2 3 -1 4 5 -2 7 -4 -6
right_child=1 -3 6 -5 8 -7 -8 -9 -10
leaf_value=-1.0529780406278266 0.026098704631195346 2.6642385280467842 -0.73851488864286863 -0.10722044531354982 1.0832931765925622 -0.13882606800597089 -0.64523452212765475 -0.38583182438607272 0.30426557944028904
leaf_weight=30.471285700798035 56.164160966873169 29.298231959342957 42.202178239822388 43.95456075668335 30.524000525474548 45.175520777702332 31.47924929857254 38.539298176765442 29.303040504455566
leaf_count=25 46 24 35 36 25 37 26 32 24
internal_value=-0.00183056 0.0104159 -0.0219494 0.0047619 0.00984848 0.00301205 -0.0154208 -0.0110123 0.0214286
internal_weight=377.112 234.42 142.692 205.121 161.167 101.34 112.221 80.7415 59.827
internal_count=310 192 118 168 132 83 93 67 49
is_linear=0
shrinkage=0.05


Tree=59
num_leaves=11
num_cat=0
split_feature=11 11 11 17 24 30 30 14 24 22
split_gain=35.5454 13.1757 10.1771 7.27928 4.30814 3.99436 3.87995 3.75904 3.64013 1.84187
threshold=207.02947845804991 623.58276643990939 42.40362811791384 32.426303854875307 0.24232014667482482 0.32637853060843608 0.18762121856753028 1514.0589569161 0.82097537878787896 0.015731490535143753
decision_type=2 2 2 2 2 2 2 2 2 2
left_child=2 5 -1 4 9 6 -2 -8 -7 -4
right_child=1 -3 3 -5 -6 8 7 -9 -10 -11
leaf_value=-1.021315752883589 0.2376062055435412 3.1305325026181432 -0.21482497986081697 -0.65425297600352972 0.18697070562671458 0.68489332718376095 -0.28681375929520531 -0.76881587527996664 -0.31128885938291551 -0.74677696346379374
leaf_weight=39.978483617305756 30.524000525474548 30.519191980361938 29.303040504455566 29.98835825920105 30.524000525474548 56.164160966873169 34.186880588531494 29.303040504455566 29.303040504455566 30.258289277553558
leaf_count=33 25 25 24 25 25 46 28 24 24 25
internal_value=-0.00190151 0.011627 -0.019652 -0.0123768 -0.00527387 0.00646259 -0.000649351 -0.00769231 0.0142857 -0.0131014
internal_weight=370.052 210 160.052 120.074 90.0853 179.481 94.0139 63.4899 85.4672 59.5613
internal_count=304 172 132 99 74 147 77 52 70 49
is_linear=0
shrinkage=0.05


Tree=60
num_leaves=10
num_cat=0
split_feature=11 11 11 14 11 16 11 12 24
split_gain=35.8628 14.2643 7.72758 5.48182 3.42155 2.98299 4.00016 3.7041 5.18403
threshold=207.02947845804991 638.54875283446722 67.346938775510225 685.94104308390035 97.278911564625858 1603.854875283447 468.93424036281186 466.43990929705222 0.73415811446190726
decision_type=2 2 2 2 2 2 2 2 2
left_child=2 5 3 -1 -4 6 7 8 -2
right_child=1 -3 4 -5 -6 -7 -8 -9 -10
leaf_value=-0.94253293013976391 0.24183507474122337 2.8757720034112029 0.051808708626617996 -0.48953785858736087 -0.34056103557189593 -0.21421030489667744 0.76759931308870366 -0.38164539344654147 0.013194949844228178
leaf_weight=30.474111199378967 36.628800630569458 29.303040504455566 36.096368908882141 45.865058302879333 40.025969445705414 30.524000525474548 31.74496054649353 31.74496054649353 53.722240924835205
leaf_count=25 30 24 30 38 33 25 26 26 44
internal_value=0.000209976 0.0134286 -0.0183153 -0.029556 -0.00704256 0.00827815 0.0111111 0.007 0.0121622
internal_weight=366.13 213.668 152.462 76.3392 76.1223 184.365 153.841 122.096 90.351
internal_count=301 175 126 63 63 151 126 100 74
is_linear=0
shrinkage=0.05


Tree=61
num_leaves=10
num_cat=0
split_feature=11 11 17 24 15 15 16 29 22
split_gain=28.1176 7.88388 5.83525 6.20814 3.77855 4.60278 4.82046 1.75594 1.59408
threshold=207.02947845804991 638.54875283446722 24.943310657596502 0.24232014667482482 526.3038548752836 725.85034013605446 1563.9455782312928 0.054129521240733662 0.017681951952881702
decision_type=2 2 2 2 2 2 2 2 2
left_child=2 4 3 -1 7 -6 -7 -2 -4
right_child=1 -3 8 -5 5 6 -8 -9 -10
leaf_value=-0.74480745431514084 0.014882741402846024 2.1102996592511576 -0.75222689948408983 0.0041478724177673098 1.0725838588222716 -1.12323120709042 0.093731518998747279 -0.36757660519664626 -1.081214935415264
leaf_weight=57.117497146129608 35.407840609550476 30.524000525474548 29.03632003068924 36.35801750421524 40.291680693626404 35.407840609550476 40.291680693626404 34.186880588531494 30.231546461582184
leaf_count=47 29 25 24 30 33 29 33 28 25
internal_value=-0.00115384 0.010452 -0.0175744 -0.00979263 0.00657895 0.0121053 0.00483871 -0.00263158 -0.0298476
internal_weight=368.853 216.11 152.743 93.4755 185.586 115.991 75.6995 69.5947 59.2679
internal_count=303 177 126 77 152 95 62 57 49
is_linear=0
shrinkage=0.05


Tree=62
num_leaves=9
num_cat=0
split_feature=14 11 16 22 15 24 20 30
split_gain=38.5459 13.3637 7.40192 5.97658 3.27599 4.27845 3.3864 3.20641
threshold=800.68027210884361 506.34920634920644 1656.2358276643993 0.016913889482585855 720.86167800453529 0.74024420719082584 0.057400257400257358 0.21608219429747202
decision_type=2 2 2 2 2 2 2 2
left_child=7 3 -3 -2 5 -5 -6 -1
right_child=1 2 -4 4 6 -7 -8 -9
leaf_value=-0.72461908546419818 -0.71747618413257008 1.2050635693073048 0.76443720346780031 0.52461985448663595 0.018869760271316871 0.041354745414372479 -0.27433411371205269 -0.27096582339611464
leaf_weight=48.549579679965973 43.42313826084137 36.628800630569458 30.519191980361938 29.303040504455566 31.47924929857254 48.838400840759277 37.58404940366745 39.041115760803223
leaf_count=40 36 30 25 24 26 40 31 32
internal_value=-0.000738584 0.00899845 0.0281803 0.00224173 0.00705015 0.0140625 -0.000883943 -0.0293943
internal_weight=345.367 257.776 67.148 190.628 147.205 78.1414 69.0633 87.5907
internal_count=284 212 55 157 121 64 57 72
is_linear=0
shrinkage=0.05


Tree=63
num_leaves=11
num_cat=0
split_feature=11 11 14 16 11 14 22 16 20 14
split_gain=31.7265 16.9353 8.00655 3.65907 6.82747 6.25132 5.71846 3.08113 2.29009 0.91572
threshold=221.99546485260774 658.50340136054433 800.68027210884361 1623.8095238095241 416.55328798185946 1294.5578231292518 0.069929591927581011 885.48752834467132 0.12456896551724136 875.51020408163276
decision_type=2 2 2 2 2 2 2 2 2 2
left_child=2 3 8 4 6 -6 -2 -4 -1 -8
right_child=1 -3 7 -5 5 -7 9 -9 -10 -11
leaf_value=-0.58811201532113633 -0.7981124742029494 2.6928746934665599 0.071107891815002752 -0.24201361762892759 0.36143170449362716 0.40229243436980511 0.030615111955270891 -0.53897481495210176 -0.87402207840866708 -0.20314751395820282
leaf_weight=42.467889487743378 37.84976065158844 30.519191980361938 30.258289277553558 30.524000525474548 30.524000525474548 30.524000525474548 29.303040504455566 47.775555849075317 34.13416576385498 29.303040504455566
leaf_count=35 31 25 25 25 25 25 24 40 28 24
internal_value=-0.000811518 0.0114517 -0.0181431 0.00584416 0.00891473 0.022 0.000632911 -0.00687069 -0.0296262 0.0104167
internal_weight=373.183 218.547 154.636 188.028 157.504 61.048 96.4558 78.0338 76.6021 58.6061
internal_count=307 179 128 154 129 50 79 65 63 48
is_linear=0
shrinkage=0.05


Tree=64
num_leaves=10
num_cat=0
split_feature=11 11 22 12 17 22 20 24 11
split_gain=34.5514 12.6547 9.48845 3.32037 3.27335 5.38536 3.86177 3.06025 0.879091
threshold=157.14285714285717 638.54875283446722 0.014633231582217502 97.278911564625858 14.965986394557889 0.069929591927581011 0.22090052356020942 0.17734418266297458 426.53061224489801
decision_type=2 2 2 2 2 2 2 2 2
left_child=2 4 -1 7 5 8 -6 -4 -2
right_child=1 -3 3 -5 6 -7 -8 -9 -10
leaf_value=0.019140390914044049 -0.012213130321573829 1.8425020276398287 -0.7967232594975131 -1.1286043615968879 -0.26804330409506888 0.91559019728058932 -0.020871707200143419 -0.47217281792862997 0.54098312488170852
leaf_weight=33.389746844768524 30.524000525474548 30.519191980361938 30.245962679386139 29.293756246566772 57.385120987892151 42.733600735664368 36.628800630569458 42.190973997116089 30.524000525474548
leaf_count=28 25 25 25 24 47 35 30 35 25
internal_value=0.000171328 0.0120313 -0.0198686 -0.0274594 0.00740741 0.0135294 0.000649351 -0.021715 0.004
internal_weight=363.435 228.315 135.12 101.731 197.796 103.782 94.0139 72.4369 61.048
internal_count=299 187 112 84 162 85 77 60 50
is_linear=0
shrinkage=0.05


Tree=65
num_leaves=10
num_cat=0
split_feature=11 11 30 22 30 23 17 22 29
split_gain=19.6409 7.92542 3.7508 5.43882 4.26092 3.73231 3.43845 2.16918 1.83526
threshold=157.14285714285717 638.54875283446722 0.32637853060843608 0.087349179309384559 0.24841594675903367 0.30630767736536973 24.943310657596502 0.024194791441515952 0.063153173107138569
decision_type=2 2 2 2 2 2 2 2 2
left_child=5 2 4 -4 7 -1 -7 -2 -5
right_child=1 -3 3 8 -6 6 -8 -9 -10
leaf_value=-0.60095532149387454 -0.01160247380549464 1.7994629698545535 1.1352660014806177 -0.055887935623920276 -0.34997453634748155 -0.14921246332433175 -0.60541047382338165 0.23953939316363632 -0.11592828844489134
leaf_weight=35.111936151981354 35.407840609550476 29.298231959342957 30.524000525474548 34.186880588531494 37.84976065158844 55.367027223110199 41.237646639347076 29.303040504455566 32.965920567512512
leaf_count=29 29 24 25 28 31 46 34 24 27
internal_value=0.000210062 0.0090417 0.0054878 0.0125 -0.00119048 -0.0151804 -0.0101062 0.00660377 0.00454545
internal_weight=361.252 229.536 200.237 97.6768 102.561 131.717 96.6047 64.7109 67.1528
internal_count=297 188 164 80 84 109 80 53 55
is_linear=0
shrinkage=0.05


Tree=66
num_leaves=9
num_cat=0
split_feature=11 14 12 15 23 30 16 23
split_gain=20.2739 7.10829 6.5734 5.74465 4.21987 5.95934 5.04026 4.05211
threshold=134.69387755102045 685.94104308390035 336.73469387755108 730.83900226757385 0.19100442589470773 0.32968068132491396 1568.9342403628118 0.06663720538720537
decision_type=2 2 2 2 2 2 2 2
left_child=1 -1 -2 -3 5 -4 -6 -7
right_child=2 3 4 -5 6 7 -8 -9
leaf_value=-0.74733477702123285 -0.1623584379472284 -0.024268680140723777 -0.20750977371361332 -0.54033252974418144 0.087623471228391037 -0.0027062319352950228 0.49615028909426484 0.93608055716413796
leaf_weight=30.487674951553345 47.617440819740295 48.306978344917297 48.838400840759277 51.438435912132263 37.84976065158844 30.524000525474548 37.84495210647583 36.628800630569458
leaf_count=25 39 40 40 43 31 25 31 30
internal_value=-0.000987437 -0.0168628 0.00765221 -0.0104046 0.0117825 0.00578947 0.0209659 0.0154545
internal_weight=369.536 130.233 239.303 99.7454 191.686 115.991 75.6947 67.1528
internal_count=304 108 196 83 157 95 62 55
is_linear=0
shrinkage=0.05


Tree=67
num_leaves=10
num_cat=0
split_feature=11 11 12 12 17 24 22 24 29
split_gain=20.1024 8.92119 4.17563 5.78302 2.99408 4.16309 14.7191 4.27336 3.87397
threshold=157.14285714285717 658.50340136054433 112.24489795918369 62.358276643990941 37.414965986394471 0.73415811446190726 0.036902031650983408 0.39157725711464036 0.063153173107138569
decision_type=2 2 2 2 2 2 2 2 2
left_child=2 4 3 -1 5 6 7 -2 -7
right_child=1 -3 -4 -5 -6 8 -8 -9 -10
leaf_value=-0.51092581798191972 -0.041054102412866202 1.9999824920636327 -1.1149880772095444 -0.10207958857921894 -0.11601450186354896 -0.30018249178751977 1.0991802790630942 -0.84587702736497761 -0.09802264697498729
leaf_weight=44.885366499423981 34.186880588531494 31.74015200138092 35.396678924560547 55.366017997264862 29.303040504455566 46.396480798721313 32.965920567512512 34.186880588531494 32.965920567512512
leaf_count=37 28 26 29 46 24 38 27 28 27
internal_value=-0.00258446 0.00605973 -0.0179897 -0.0127771 0.00232558 0.00472973 0.0114458 -0.00178571 -0.00384615
internal_weight=377.393 241.745 135.648 100.251 210.005 180.702 101.34 68.3738 79.3624
internal_count=310 198 112 83 172 148 83 56 65
is_linear=0
shrinkage=0.05


Tree=68
num_leaves=9
num_cat=0
split_feature=11 17 16 16 29 20 11 13
split_gain=13.6933 5.87432 4.58818 7.35295 5.96612 3.21106 7.9034 2.70737
threshold=299.31972789115656 39.909297052154166 1673.6961451247166 1568.9342403628118 0.03775173342133966 0.086948267679164665 97.278911564625858 406.5759637188209
decision_type=2 2 2 2 2 2 2 2
left_child=1 5 3 4 -2 6 -1 -6
right_child=2 -3 -4 -5 7 -7 -8 -9
leaf_value=-0.056797763675306527 -0.11447973526492775 -0.68595788355665421 -0.41653838839883406 0.96231981462929639 0.66052421281507068 0.0080922317095509129 -0.55682534544276374 0.24866342048958218
leaf_weight=56.853698492050171 56.164160966873169 50.970695555210114 31.74496054649353 31.74496054649353 29.303040504455566 40.284696221351624 30.524000525474548 35.407840609550476
leaf_count=47 46 42 26 26 24 33 25 29
internal_value=4.36104e-05 -0.00982215 0.00960265 0.0132 0.00757576 -0.00409292 -0.00947726 0.0179245
internal_weight=362.998 178.633 184.365 152.62 120.875 127.662 87.3777 64.7109
internal_count=298 147 151 125 99 105 72 53
is_linear=0
shrinkage=0.05


Tree=69
num_leaves=9
num_cat=0
split_feature=11 30 22 15 29 30 22 22
split_gain=12.9413 7.31717 9.20297 6.89527 6.72703 4.46617 3.57844 0.897424
threshold=571.20181405895698 0.32637853060843608 0.087349179309384559 940.36281179138325 0.063153173107138569 0.097455667571939422 0.018757921313513004 0.022201981670729006
decision_type=2 2 2 2 2 2 2 2
left_child=1 3 -3 5 -4 -1 -7 -8
right_child=-2 2 4 -5 -6 6 7 -9
leaf_value=-0.65442616144720267 1.5574896580071169 0.82563309723127709 -0.30963509766162933 0.0146336608784992 0.48238024898031001 -0.063749171558210888 -0.67259742512198883 -0.22480768554720476
leaf_weight=55.362227976322174 50.059360861778259 33.921169340610504 31.74496054649353 46.130769550800323 35.407840609550476 43.941321969032288 29.290563225746155 32.959821939468384
leaf_count=46 41 28 26 38 29 36 24 27
internal_value=-0.0028507 -0.00667414 0.0043594 -0.0120438 -0.00636364 -0.0169122 -0.0109095 -0.018621
internal_weight=358.818 308.759 101.074 207.685 67.1528 161.554 106.192 62.2504
internal_count=295 254 83 171 55 133 87 51
is_linear=0
shrinkage=0.05


Tree=70
num_leaves=10
num_cat=0
split_feature=11 15 11 24 17 11 29 23 16
split_gain=17.0152 12.4742 9.10147 5.82772 5.59587 5.48908 2.49399 2.49095 1.62795
threshold=361.67800453514752 975.2834467120183 42.40362811791384 0.74819731873631357 14.965986394557889 167.12018140589569 0.015998341783419353 0.41939512220011227 1341.950113378685
decision_type=2 2 2 2 2 2 2 2 2
left_child=2 4 -1 5 -2 6 7 -4 -6
right_child=1 -3 3 -5 8 -7 -8 -9 -10
leaf_value=-0.61903604238991272 1.1959903414391879 -0.20829277996021889 0.01764849055974806 -0.25104208637501202 -0.12822755595807395 0.090326987961589833 -0.63901232408236242 -0.54946565715629869 0.074944666538974053
leaf_weight=41.199443638324738 51.275512337684631 40.291680693626404 37.583040177822113 37.84976065158844 29.303040504455566 42.733600735664368 29.298820734024048 30.524000525474548 29.303040504455566
leaf_count=34 42 33 31 31 24 35 24 25 24
internal_value=-0.00280376 0.0101613 -0.0116866 -0.00678465 0.0188875 -0.00208274 -0.00863713 -0.00338961 0.00833333
internal_weight=369.362 150.173 219.189 177.989 109.882 140.139 97.4059 68.107 58.6061
internal_count=303 123 180 146 90 115 80 56 48
is_linear=0
shrinkage=0.05


Tree=71
num_leaves=10
num_cat=0
split_feature=11 15 17 14 20 30 30 15 15
split_gain=17.5594 9.56529 4.53412 5.62641 3.49996 2.3162 4.30187 3.64468 5.60398
threshold=658.50340136054433 424.03628117913843 39.909297052154166 865.53287981859421 0.082669632925472705 0.37616449357520793 0.28862785734442215 1020.1814058956918 870.52154195011349
decision_type=2 2 2 2 2 2 2 2 2
left_child=1 -1 3 4 -3 6 7 8 -5
right_child=-2 2 -4 5 -6 -7 -8 -9 -10
leaf_value=-0.37814210871076037 2.2913534116962708 -0.25225801121081587 -0.31805043678044936 -0.12924131507209632 -0.015556848921627876 0.62968985412510114 -0.36579248629751948 -0.014952285679697752 0.99077077506394751
leaf_weight=40.248257517814636 29.298231959342957 55.898449718952179 41.2451131939888 36.363089382648468 30.524000525474548 39.070720672607422 31.47924929857254 31.74496054649353 29.037329256534576
leaf_count=33 24 46 34 30 25 32 26 26 24
internal_value=0.000376043 -0.00286463 0.000251361 0.00274715 -0.00761657 0.00808813 0.0048495 0.0100547 0.0168021
internal_weight=364.909 335.611 295.363 254.118 86.4225 167.695 128.625 97.1454 65.4004
internal_count=300 276 243 209 71 138 106 80 54
is_linear=0
shrinkage=0.05


Tree=72
num_leaves=11
num_cat=0
split_feature=14 20 30 22 15 15 15 16 13 23
split_gain=14.0903 6.71386 5.70381 5.86824 4.61526 4.5258 4.11152 4.58476 2.17488 1.01038
threshold=1000.2267573696146 0.12153307232639605 0.12267236293708862 0.014818267157573452 1109.9773242630388 665.98639455782325 511.33786848072572 860.54421768707493 386.62131519274379 0.17922191399137222
decision_type=2 2 2 2 2 2 2 2 2 2
left_child=2 4 3 -1 9 -3 8 -8 -4 -2
right_child=1 5 6 -5 -6 -7 7 -9 -10 -11
leaf_value=-0.44435456881018082 1.0931611384297042 0.28782004924550003 -0.47200923093578651 -0.78204392961354174 -0.40846617307144301 -0.3590483130323463 0.1545175496457647 -0.46180758305251929 -0.069192515009211003 1.2204623598114801
leaf_weight=29.726866781711578 29.303040504455566 29.298231959342957 31.712644696235657 30.245962679386139 31.74496054649353 34.186880588531494 39.070720672607422 46.130769550800323 29.298758149147034 30.258289277553558
leaf_count=25 24 24 26 25 26 28 32 38 24 25
internal_value=-0.000839986 0.0105611 -0.00939922 -0.0223841 0.0192441 -0.00192701 -0.00407314 0.00302198 -0.0139814 0.0274509
internal_weight=360.977 154.791 206.186 59.9728 91.3063 63.4851 146.213 85.2015 61.0114 59.5613
internal_count=297 127 170 50 75 52 120 70 50 49
is_linear=0
shrinkage=0.05


Tree=73
num_leaves=10
num_cat=0
split_feature=16 23 24 11 12 11 12 29 23
split_gain=16.2677 7.71814 7.81833 5.73586 5.54884 7.90905 4.38553 2.94656 2.87564
threshold=975.2834467120183 0.23645934757672313 0.8174560733384264 638.54875283446722 486.39455782312933 486.39455782312933 62.358276643990941 0.014062045767793501 0.24316007621000982
decision_type=2 2 2 2 2 2 2 2 2
left_child=1 2 -1 4 8 -6 -3 -8 -2
right_child=3 6 -4 -5 5 -7 7 -9 -10
leaf_value=0.034151559185535245 -0.052811053794351893 -0.38340131721990522 -0.18457298694528959 1.540203394632722 -1.0439395728534748 0.15500669201936149 -0.23695199193086475 -0.49510108412585602 0.40962894409563655
leaf_weight=50.057544589042664 36.628800630569458 37.545321762561798 29.303040504455566 29.298231959342957 31.74496054649353 46.396480798721313 38.537420749664307 32.955627083778381 31.47924929857254
leaf_count=41 30 31 24 24 26 38 32 27 26
internal_value=0.00218669 -0.00801735 0.0038451 0.0131377 0.00909248 0 -0.0166511 -0.0093844 0.0195244
internal_weight=363.947 188.399 79.3606 175.548 146.249 78.1414 109.038 71.493 68.108
internal_count=299 155 65 144 120 64 90 59 56
is_linear=0
shrinkage=0.05


Tree=74
num_leaves=9
num_cat=0
split_feature=14 20 22 29 16 15 22 22
split_gain=13.038 7.76668 5.27544 9.18102 2.94039 7.47309 6.62469 6.51179
threshold=805.66893424036289 0.12456896551724136 0.016365093234030906 0.012637231893481203 1583.9002267573699 835.60090702947866 0.095792312302854218 0.031988966921124261
decision_type=2 2 2 2 2 2 2 2
left_child=1 -1 -2 -4 5 6 7 -5
right_child=2 -3 3 4 -6 -7 -8 -9
leaf_value=-0.22899258940942468 -0.38221700038678819 -0.57266844496921254 0.58769884487532353 0.10816253025323946 0.26080848697113196 -0.45364573054819934 -0.063261307345587173 0.8926959818398843
leaf_weight=53.456529676914215 40.981218218803406 35.362953186035156 32.695400774478912 29.303040504455566 45.175520777702332 33.921169340610504 54.943200945854187 29.303040504455566
leaf_count=44 34 29 27 24 37 28 45 24
internal_value=0.002031 -0.0145582 0.00756355 0.0105646 0.00640681 0.00298786 0.00913978 0.0208333
internal_weight=355.142 88.8195 266.323 225.341 192.646 147.47 113.549 58.6061
internal_count=292 73 219 185 158 121 93 48
is_linear=0
shrinkage=0.05


Tree=75
num_leaves=10
num_cat=0
split_feature=17 14 14 14 11 12 11 22 22
split_gain=18.5045 8.09303 8.41324 5.84702 5.36994 3.67808 5.33208 4.10113 2.43985
threshold=39.909297052154166 800.68027210884361 840.58956916099783 895.46485260770987 87.301587301587318 376.6439909297053 571.20181405895698 0.033225570359291155 0.020856085151866755
decision_type=2 2 2 2 2 2 2 2 2
left_child=1 8 -3 -4 -2 -5 7 -7 -1
right_child=4 2 3 5 -6 6 -8 -9 -10
leaf_value=-0.3514451523969947 -0.58748765606414477 0.36575187191352754 -0.48117997443770993 0.56426684888073353 -0.085847180380659444 -0.34897384030616724 0.25320407039199661 -0.022542727000188736 -0.078902955312647557
leaf_weight=30.517016053199768 39.983976781368256 29.303040504455566 36.097378134727478 43.42313826084137 29.303040504455566 35.407840609550476 47.612632274627686 46.396480798721313 30.524000525474548
leaf_count=25 33 24 30 36 24 29 39 38 25
internal_value=0.00285784 0.00824842 0.0124103 0.00889152 -0.0204265 0.012714 0.00848902 0.000746269 -0.00799519
internal_weight=368.569 299.282 238.241 208.937 69.287 172.84 129.417 81.8043 61.041
internal_count=303 246 196 172 57 142 106 67 50
is_linear=0
shrinkage=0.05


Tree=76
num_leaves=10
num_cat=0
split_feature=14 11 24 23 22 29 22 29 23
split_gain=14.6711 9.41021 3.33069 5.67494 3.51016 4.67093 4.31156 3.37504 2.41906
threshold=658.50340136054433 658.50340136054433 0.15691244239631338 0.28358912578943951 0.033225570359291155 0.047489918952168655 0.026422973841500653 0.063153173107138569 0.43770929887106363
decision_type=2 2 2 2 2 2 2 2 2
left_child=-1 2 8 4 6 -6 -4 -7 -2
right_child=1 -3 3 -5 5 7 -8 -9 -10
leaf_value=-0.51635856044906236 -0.41674819047146638 1.4577979503950431 0.012781340886568772 0.13134727509564267 0.30822403642628304 -0.33319522681610608 -0.75346049120458913 -0.20601879110394067 -0.19637544703360593
leaf_weight=30.476287603378296 32.434498071670532 29.298231959342957 30.524000525474548 57.119409739971161 47.617440819740295 37.84976065158844 32.700209319591522 36.628800630569458 29.037329256534576
leaf_count=25 27 24 25 47 39 31 27 30 24
internal_value=0.00323125 0.00626836 0.00365945 0.00629518 0.0020482 0.007 -0.0075145 -0.000819672 -0.00673561
internal_weight=363.686 333.21 303.911 242.44 185.32 122.096 63.2242 74.4786 61.4718
internal_count=299 274 250 199 152 100 52 61 51
is_linear=0
shrinkage=0.05


Tree=77
num_leaves=10
num_cat=0
split_feature=11 17 14 16 24 16 23 24 23
split_gain=10.5954 9.29478 4.10698 7.42647 2.6444 4.83997 9.94777 2.66595 2.0401
threshold=426.53061224489801 24.943310657596502 1648.7528344671202 1384.3537414965988 0.24232014667482482 965.30612244897964 0.070757639356089017 0.12731486733982725 0.31521260997067452
decision_type=2 2 2 2 2 2 2 2 2
left_child=1 4 3 -2 7 6 -6 -1 -3
right_child=2 8 -4 -5 5 -7 -8 -9 -10
leaf_value=-0.0034382940229692573 0.18487750473105963 -0.34788832605876663 -0.38872397748746979 1.2542594667837677 -0.040318371251206034 -0.18424056195858834 0.30843446763377741 -0.43449799154861446 -0.25476086927828279
leaf_weight=29.992578029632568 29.303040504455566 34.166497349739075 30.519191980361938 45.175520777702332 29.303040504455566 48.572689592838287 39.065648794174194 30.522087931632996 43.673733294010162
leaf_count=25 24 28 25 37 24 40 32 25 36
internal_value=0.00407037 -0.00142842 0.0174404 0.0237705 0.00489022 0.00928093 0.0178548 -0.00359459 -0.0158333
internal_weight=360.294 255.296 104.998 74.4786 177.456 116.941 68.3687 60.5147 77.8402
internal_count=296 210 86 61 146 96 56 50 64
is_linear=0
shrinkage=0.05


Tree=78
num_leaves=10
num_cat=0
split_feature=11 16 16 24 14 29 22 17 16
split_gain=11.7947 5.44468 8.03144 4.76719 5.1636 4.17079 5.0185 4.14543 1.41069
threshold=331.7460317460318 1688.6621315192745 1563.9455782312928 0.78458041958041969 1329.478458049887 0.014062045767793501 0.015803703256535701 17.46031746031753 860.54421768707493
decision_type=2 2 2 2 2 2 2 2 2
left_child=5 2 3 4 -2 6 -1 -7 -9
right_child=1 -3 -4 -5 -6 7 -8 8 -10
leaf_value=-0.49894370279891564 -0.15631479633679676 -0.39596066268518942 1.3553104904753412 0.46387743274926552 0.030650195374417422 -0.047825741934769184 0.016475830903235612 -0.27104993458681198 -0.75215752183220463
leaf_weight=45.863180875778198 37.84976065158844 29.303040504455566 30.524000525474548 36.628800630569458 29.303040504455566 50.059360861778259 29.992578029632568 43.924324989318848 32.684609591960907
leaf_count=38 31 24 25 30 24 41 25 36 27
internal_value=0.00120947 0.011194 0.0154545 0.00882353 0.000909091 -0.00685654 0.00241561 -0.0124092 -0.019721
internal_weight=366.133 163.609 134.306 103.782 67.1528 202.524 75.8558 126.668 76.6089
internal_count=301 134 110 85 55 167 63 104 63
is_linear=0
shrinkage=0.05


Tree=79
num_leaves=9
num_cat=0
split_feature=17 17 14 23 22 20 12 15
split_gain=8.18128 4.54604 2.85915 7.3635 9.03814 5.46269 3.10821 3.31568
threshold=39.909297052154166 114.73922902494333 962.81179138322011 0.25585730212511526 0.034740139897836905 0.086948267679164665 112.24489795918369 730.83900226757385
decision_type=2 2 2 2 2 2 2 2
left_child=2 -2 5 4 -4 6 7 -1
right_child=1 -3 3 -5 -6 -7 -8 -9
leaf_value=0.023466085878949272 -0.4876806352939137 -0.13297293658430429 -0.18251997077602056 0.82869908452000285 1.1661352209292459 0.14319666955067273 -0.67071321196129718 -0.31114714364908175
leaf_weight=29.303040504455566 31.463148415088654 46.101140081882477 52.501280903816223 32.695400774478912 51.280320882797241 56.157176494598389 37.84976065158844 28.505906760692596
leaf_count=24 26 38 43 27 42 46 31 24
internal_value=0.00150643 -0.0129084 0.00538471 0.0106364 0.00411765 0.000663611 -0.00660339 0.000689455
internal_weight=365.857 77.5643 288.293 136.477 103.782 151.816 95.6587 57.8089
internal_count=301 64 237 112 85 125 79 48
is_linear=0
shrinkage=0.05


end of trees

feature_importances:
onset_ms=176
nucleus_end_ms=53
nucleus_span_ms=53
voiced_onset_ms=49
tail_ms=44
mel_window_energy_mean=44
file_voiced_ratio=43
mel_window_silence_ratio=39
tail_margin_ms=33
mel_window_voiced_ratio=33
file_mean_energy=29
unvoiced_confidence=26
voicebank_id=9
nucleus_start_ms=6

parameters:
[boosting: gbdt]
[objective: regression_l1]
[metric: l1]
[tree_learner: serial]
[device_type: cpu]
[data_sample_strategy: bagging]
[data: ]
[valid: ]
[num_iterations: 700]
[learning_rate: 0.05]
[num_leaves: 31]
[num_threads: 0]
[seed: 0]
[deterministic: 0]
[force_col_wise: 0]
[force_row_wise: 0]
[histogram_pool_size: -1]
[max_depth: -1]
[min_data_in_leaf: 24]
[min_sum_hessian_in_leaf: 0.001]
[bagging_fraction: 0.85]
[pos_bagging_fraction: 1]
[neg_bagging_fraction: 1]
[bagging_freq: 1]
[bagging_seed: 3]
[bagging_by_query: 0]
[feature_fraction: 0.9]
[feature_fraction_bynode: 1]
[feature_fraction_seed: 2]
[extra_trees: 0]
[extra_seed: 6]
[early_stopping_round: 0]
[early_stopping_min_delta: 0]
[first_metric_only: 0]
[max_delta_step: 0]
[lambda_l1: 0]
[lambda_l2: 0]
[linear_lambda: 0]
[min_gain_to_split: 0]
[drop_rate: 0.1]
[max_drop: 50]
[skip_drop: 0.5]
[xgboost_dart_mode: 0]
[uniform_drop: 0]
[drop_seed: 4]
[top_rate: 0.2]
[other_rate: 0.1]
[min_data_per_group: 100]
[max_cat_threshold: 32]
[cat_l2: 10]
[cat_smooth: 10]
[max_cat_to_onehot: 4]
[top_k: 20]
[monotone_constraints: ]
[monotone_constraints_method: basic]
[monotone_penalty: 0]
[feature_contri: ]
[forcedsplits_filename: ]
[refit_decay_rate: 0.9]
[cegb_tradeoff: 1]
[cegb_penalty_split: 0]
[cegb_penalty_feature_lazy: ]
[cegb_penalty_feature_coupled: ]
[path_smooth: 0]
[interaction_constraints: ]
[verbosity: -1]
[saved_feature_importance_type: 0]
[use_quantized_grad: 0]
[num_grad_quant_bins: 4]
[quant_train_renew_leaf: 0]
[stochastic_rounding: 1]
[linear_tree: 0]
[max_bin: 255]
[max_bin_by_feature: ]
[min_data_in_bin: 3]
[bin_construct_sample_cnt: 200000]
[data_random_seed: 1]
[is_enable_sparse: 1]
[enable_bundle: 1]
[use_missing: 1]
[zero_as_missing: 0]
[feature_pre_filter: 1]
[pre_partition: 0]
[two_round: 0]
[header: 0]
[label_column: ]
[weight_column: ]
[group_column: ]
[ignore_column: ]
[categorical_feature: 0,1,2,3,4,7,8,9]
[forcedbins_filename: ]
[precise_float_parser: 0]
[parser_config_file: ]
[objective_seed: 5]
[num_class: 1]
[is_unbalance: 0]
[scale_pos_weight: 1]
[sigmoid: 1]
[boost_from_average: 1]
[reg_sqrt: 0]
[alpha: 0.9]
[fair_c: 1]
[poisson_max_delta_step: 0.7]
[tweedie_variance_power: 1.5]
[lambdarank_truncation_level: 30]
[lambdarank_norm: 1]
[label_gain: ]
[lambdarank_position_bias_regularization: 0]
[eval_at: ]
[multi_error_top_k: 1]
[auc_mu_weights: ]
[num_machines: 1]
[local_listen_port: 12400]
[time_out: 120]
[machine_list_filename: ]
[machines: ]
[gpu_platform_id: -1]
[gpu_device_id: -1]
[gpu_use_dp: 0]
[num_gpu: 1]

end of parameters

pandas_categorical:[["japanese"], ["cv"], ["Anonymous VB - JP CV", "Darae JP_CV", "SOLTiE JP_CV", "WAISELY LITE JP CV"], ["a", "ba", "be", "bi", "bo", "bu", "bya", "bye", "byo", "byu", "cha", "che", "chi", "cho", "chu", "da", "de", "di", "do", "du", "dyu", "e", "fa", "fe", "fi", "fo", "fu", "ga", "ge", "gi", "go", "gu", "gya", "gye", "gyo", "gyu", "ha", "he", "hi", "ho", "hu", "hya", "hye", "hyo", "hyu", "i", "ja", "je", "ji", "jo", "ju", "ka", "ke", "ki", "ko", "ku", "kya", "kye", "kyo", "kyu", "ma", "me", "mi", "mo", "mu", "mya", "mye", "myo", "myu", "n", "na", "ne", "ni", "no", "nu", "nya", "nye", "nyo", "nyu", "o", "pa", "pe", "pi", "po", "pu", "pya", "pye", "pyo", "pyu", "ra", "re", "ri", "ro", "ru", "rya", "rye", "ryo", "ryu", "sa", "sample", "se", "sha", "she", "shi", "sho", "shu", "so", "su", "ta", "te", "ti", "to", "tsu", "tu", "tyu", "u", "va", "ve", "vi", "vo", "vu", "wa", "we", "wi", "wo", "ya", "ye", "yo", "yu", "za", "ze", "zi", "zo", "zu", "\u3042", "\u3044", "\u3044\u3047", "\u3046", "\u3046\u3043", "\u3046\u3047", "\u3048", "\u304a", "\u304b", "\u304c", "\u304d", "\u304d\u3083", "\u304d\u3085", "\u304d\u3087", "\u304e", "\u304e\u3083", "\u304e\u3085", "\u304e\u3087", "\u304f", "\u3050", "\u3051", "\u3052", "\u3053", "\u3054", "\u3055", "\u3056", "\u3057", "\u3057\u3047", "\u3057\u3083", "\u3057\u3085", "\u3057\u3087", "\u3058", "\u3058\u3047", "\u3058\u3083", "\u3058\u3085", "\u3058\u3087", "\u3059", "\u305a", "\u305b", "\u305c", "\u305d", "\u305e", "\u305f", "\u3060", "\u3061", "\u3061\u3047", "\u3061\u3083", "\u3061\u3085", "\u3061\u3087", "\u3064", "\u3066", "\u3066\u3043", "\u3066\u3085", "\u3067", "\u3067\u3043", "\u3067\u3085", "\u3068", "\u3068\u3045", "\u3069", "\u3069\u3045", "\u306a", "\u306b", "\u306b\u3083", "\u306b\u3085", "\u306b\u3087", "\u306c", "\u306d", "\u306e", "\u306f", "\u3070", "\u3071", "\u3072", "\u3072\u3083", "\u3072\u3085", "\u3072\u3087", "\u3073", "\u3073\u3083", "\u3073\u3085", "\u3073\u3087", "\u3074", "\u3074\u3083", "\u3074\u3085", "\u3074\u3087", "\u3075", "\u3075\u3041", "\u3075\u3043", "\u3075\u3047", "\u3075\u3049", "\u3076", "\u3077", "\u3078", "\u3079", "\u307a", "\u307b", "\u307c", "\u307d", "\u307e", "\u307f", "\u307f\u3083", "\u307f\u3085", "\u307f\u3087", "\u3080", "\u3081", "\u3082", "\u3084", "\u3086", "\u3088", "\u3089", "\u308a", "\u308a\u3083", "\u308a\u3085", "\u308a\u3087", "\u308b", "\u308c", "\u308d", "\u308f", "\u3092", "\u3093", "\u3094", "\u3094\u3041", "\u3094\u3043", "\u3094\u3047", "\u3094\u3049"], ["a", "ba", "be", "bi", "bo", "bu", "bya", "bye", "byo", "byu", "cha", "che", "chi", "cho", "chu", "da", "de", "di", "do", "du", "dyu", "e", "fa", "fe", "fi", "fo", "fu", "ga", "ge", "gi", "go", "gu", "gya", "gye", "gyo", "gyu", "ha", "he", "hi", "ho", "hu", "hya", "hye", "hyo", "hyu", "i", "ja", "je", "ji", "jo", "ju", "ka", "ke", "ki", "ko", "ku", "kya", "kye", "kyo", "kyu", "ma", "me", "mi", "mo", "mu", "mya", "mye", "myo", "myu", "n", "na", "ne", "ni", "no", "nu", "nya", "nye", "nyo", "nyu", "o", "pa", "pe", "pi", "po", "pu", "pya", "pye", "pyo", "pyu", "ra", "re", "ri", "ro", "ru", "rya", "rye", "ryo", "ryu", "sa", "sale", "se", "sha", "she", "shi", "sho", "shu", "so", "su", "ta", "te", "ti", "to", "tsu", "tu", "tyu", "u", "va", "ve", "vi", "vo", "vu", "wa", "we", "wi", "wo", "ya", "ye", "yo", "yu", "za", "ze", "zi", "zo", "zu", "\u3094"], ["audio_only"], ["boundary_guided"], ["filename"]]
