tree
version=v4
num_class=1
num_tree_per_iteration=1
label_index=0
max_feature_idx=74
objective=regression_l1
feature_names=language format_type alias_type alias_group row_index_in_wav row_ratio_in_wav is_head_row is_tail_row wav_duration_ms base_offset base_cons base_cutoff_abs base_pre base_ovl base_cons_gap base_cut_gap base_ovl_ratio curr_phone_start_ms curr_phone_end_ms curr_phone_len_ms curr_vowel_start_ms curr_vowel_end_ms curr_vowel_len_ms syllable_start_ms syllable_end_ms syllable_len_ms prev_phone_gap_ms next_phone_gap_ms expected_anchor_ms base_offset_to_expected_ms base_pre_to_expected_ms base_cutoff_to_next_anchor_ms energy_mean energy_min energy_max energy_slope_pre energy_slope_post valley_energy valley_dist_from_cutoff_ms db_mean db_min db_silence_ratio f0_voicing_mean f0_voicing_near_pre zcr_mean spectral_flux_mean onset_class voicing_class is_tense is_diphthong coda_type vowel_class mora_position bridge_type is_nasal_or_sonorant prev_alias_type next_alias_type prev_base_pre next_base_pre prev_base_offset next_base_offset prev_base_cutoff_abs next_base_cutoff_abs mapping_confidence used_alias_occurrence_mapping used_exact_vowel_fix used_nuclei_fallback used_alias_based_syllables words_vs_alias_score_margin jump_blocked_flag mapping_reason_code local_peak_db local_valley_db mel_window_energy_mean mel_window_silence_ratio
feature_infos=none none -1:1:3:0:2 -1:3:2:5:1:4:0 [0:16] [0:1] [0:1] [0:1] [3120:7166.5079365079364] [0:4555.8900000000003] [141.41:454.69] [275.38:5067.3000000000002] [48.490000000000002:331.79000000000002] [8.3300000000000001:254.03] [79.279999999999987:161.70999999999998] [49.29000000000002:216.19] [0.1058046487996951:0.95913180296122957] [0:4770] [110:6050] [10:2510] [0:4770] [0:6050] [0:2510] [0:4100] [470:6393.2200000000003] [90:5930] none none [0:4770] [-343.79000000000002:36.419999999999959] [-19.349999999999909:337.00999999999999] [-337.16000000000008:2277.4099999999999] [0.35802370996828542:1] [0:1] [0.4846922111787712:1] [-0.67683684056131355:1] [-0.52843924000837106:0.96660618743171955] [0:1] [0.038911564625891501:375.3214058956919] [-36.843429140065822:-8.1115021538819665] [-85.909353932085665:-10.373942349188429] [0:0.29729729729729731] [0.52921292313282087:1] [0:1] [0.0093563935355826001:0.2078253473206691] [0:0.057246312996616498] -1:1:3:2:0 -1:1:2:0 [0:1] [0:1] none -1:10:0:13:15:14:12:6:1:16:17:2:7:9:5:11:8 -1:0:1:2 -1:0:1 [0:1] -1:0:4:2:5:1 none [0:336.80000000000001] [0:383.33999999999997] [0:4572.6700000000001] [0:4383.6800000000003] [0:5060.4099999999999] [0:5022.4400000000005] [0.7200984478274316:0.99259504915113839] none [0:1] none none [-34.322000000000003:5537.0230000000001] none none [-36.843429140065822:-8.1115021538819665] [-85.909353932085665:-10.373942349188429] [0.35802370996828542:1] [0:0.29729729729729731]
tree_sizes=2653 2726 2744 2738 2731 2742 2717 2725 2700 2742 2738 2691 2731 2715 2733 2734 2750

Tree=0
num_leaves=31
num_cat=2
split_feature=20 25 29 25 30 43 12 46 13 68 38 12 12 8 29 30 51 38 8 22 68 22 63 25 14 68 25 38 24 8
split_gain=318.324 147.293 65.7214 54.0453 63.3672 41.9379 39.1581 35.784 26.9706 20.6104 17.5931 17.5523 15.8399 8.41073 8.09874 10.8185 10.5874 7.82948 7.24925 5.38189 5.74947 5.24716 4.44478 4.15765 3.6759 4.62634 3.53498 2.8135 2.73727 0.876623
threshold=330.00000000000006 935.00000000000011 -213.715 3796.8600000000001 5.9650000000000185 0.92388612369047118 126.325 0 146.79500000000004 4048.8230000000008 258.86463718820869 181.55000000000004 155.32500000000002 3640.0000000000005 -101.24999999999999 8.8999999999999932 1 286.25851473922927 4412.040816326532 325.00000000000006 1452.7560000000001 295.00000000000006 0.74340243332257949 5367.8000000000002 99.950000000000003 3506.4130000000005 2985.0000000000005 246.31791383219954 3245.0000000000005 4472.9931972789118
decision_type=2 2 2 2 2 2 2 1 2 2 2 2 2 2 2 2 9 2 2 2 2 2 2 2 2 2 2 2 2 2
left_child=12 8 5 4 11 -3 13 9 10 -5 -2 28 14 -6 15 16 18 23 -1 20 -18 -14 -12 -9 25 -16 -21 -22 -4 -17
right_child=1 2 3 7 6 -7 -8 17 -10 -11 22 -13 21 -15 24 29 19 -19 -20 26 27 -23 -24 -25 -26 -27 -28 -29 -30 -31
leaf_value=-6.2067499637603758 -6.2874999642372131 -4.2207499027252195 -8.9942499637603763 -7.8734999656677243 -5.5294999599456789 -9.6747499942779545 -7.0722499847412106 -9.6969999790191643 -9.5892500400543206 -5.5617499589920047 -4.1107499599456787 -6.8387499809265133 -6.8972499847412108 -5.9267499446868896 -4.7259999275207516 -5.4782499790191652 -6.0819999575614929 -8.6695000171661381 -6.7492499828338621 -5.1489999771118162 -5.5512499570846554 -6.1187499582767488 -3.5665000438690182 -8.2802500247955315 -4.4232499599456787 -5.3629999637603758 -5.704749965667725 -6.2407499611377713 -8.3882500171661381 -5.704749965667725
leaf_weight=58 44 65 85 66 42 43 73 354 41 42 40 41 41 45 46 44 68 40 45 54 42 42 86 61 56 54 67 52 49 40
leaf_count=58 44 65 85 66 42 43 73 354 41 42 40 41 41 45 46 44 68 40 45 54 42 42 86 61 56 54 67 52 49 40
internal_value=-6.66448 -6.68 -6.68796 -6.69239 -6.67649 -6.65111 -6.65375 -6.70186 -6.64201 -6.67263 -6.63324 -6.69729 -6.63785 -6.63109 -6.63513 -6.6384 -6.64194 -6.70769 -6.65836 -6.63718 -6.64216 -6.65837 -6.62373 -6.71066 -6.62526 -6.631 -6.62822 -6.63415 -6.70604 -6.62214
internal_weight=1926 1217 1006 898 335 108 160 563 211 108 170 175 709 87 626 470 386 455 103 283 162 83 126 415 156 100 121 94 134 84
internal_count=1926 1217 1006 898 335 108 160 563 211 108 170 175 709 87 626 470 386 455 103 283 162 83 126 415 156 100 121 94 134 84
cat_boundaries=0 1 2
cat_threshold=5 615
is_linear=0
shrinkage=1


Tree=1
num_leaves=31
num_cat=0
split_feature=17 25 16 8 12 19 16 16 10 10 45 14 22 15 44 60 23 24 42 33 43 25 24 45 8 45 43 58 58 13
split_gain=318.413 156.235 63.2186 73.191 103.431 59.9064 42.4504 24.7085 17.8213 12.6619 10.3172 9.8459 10.3268 9.29121 8.97795 9.48597 8.56792 7.51361 6.10211 5.6999 11.2658 3.23646 3.17631 2.28235 2.15128 2.65368 1.97852 1.65806 1.50538 1.13627
threshold=315.00000000000006 935.00000000000011 0.52236718350509748 3942.4036281179146 125.88500000000001 125.00000000000001 0.67138136704770868 0.72153688505812341 236.01000000000002 263.54500000000002 0.019470322749844053 106.20500000000001 300.00000000000017 119.62500000000004 0.047207258293166958 528.35000000000014 95.000000000000014 4665.0000000000009 0.99762369799163131 0.07575978546527197 0.75031782161550109 5367.8000000000002 3375.0000000000005 0.012767330953064251 4760.0340136054429 0.023873228514315104 0.98907715360407 209.38500000000002 259.44500000000005 43.260000000000012
decision_type=2 2 2 2 2 2 2 2 2 2 2 2 2 2 2 2 2 2 2 2 2 2 2 2 2 2 2 2 2 2
left_child=8 6 3 4 -3 11 10 17 16 14 26 22 -13 21 15 -10 -1 -7 -11 -18 -21 24 -4 -22 25 28 -2 -25 -5 -29
right_child=1 2 5 13 -6 7 -8 -9 9 18 -12 12 -14 -15 -16 -17 19 -19 -20 20 23 -23 -24 27 -26 -27 -28 29 -30 -31
leaf_value=0.46728749752044685 3.1023249793052674 0.97422499418258668 -2.4072874712944032 -3.0269000315666199 -0.81048752665519719 2.4595374608039857 -2.294787528514862 -1.2123500323295593 -0.16829375386238099 0.2291937492787838 0.88087499439716344 0.32171250104904181 -3.4936499857902525 -1.7380250144004823 0.50323750495910646 0.67310000360012057 2.0522999489307403 1.8235062766075132 1.0436437332630157 0.46209999650716782 0.91533751726150525 -1.5192375445365907 -2.7775624704360964 0.85279999256134043 -2.6413999819755554 -1.9381499552726744 2.4848250555992131 1.3456499600410463 -3.3721499705314635 1.6039125180244449
leaf_weight=46 59 58 47 70 64 56 42 59 78 54 40 47 63 71 63 41 82 42 44 52 43 60 49 41 218 41 71 69 54 89
leaf_count=46 59 58 47 70 64 56 42 59 78 54 40 47 63 71 63 41 82 42 44 52 43 60 49 41 218 41 71 69 54 89
internal_value=0.000130685 -0.0154005 -0.0236737 -0.0331761 0.00163934 -0.00702479 0.0235849 0.016242 0.0269231 0.0171429 0.0347059 -0.0247573 -0.0145455 -0.0414397 0.00934066 0.0012605 0.0334123 0.0316327 0.0316327 0.0359043 0.0326531 -0.0441309 -0.0364583 0.0371901 -0.0458225 -0.0415152 0.0415385 0.0394472 -0.0451613 0.0417722
internal_weight=1913 1211 999 636 122 363 212 157 702 280 170 206 110 514 182 119 422 98 98 376 294 443 96 242 383 165 130 199 124 158
internal_count=1913 1211 999 636 122 363 212 157 702 280 170 206 110 514 182 119 422 98 98 376 294 443 96 242 383 165 130 199 124 158
is_linear=0
shrinkage=0.05


Tree=2
num_leaves=31
num_cat=1
split_feature=20 25 38 25 12 24 46 8 22 10 12 10 14 8 10 33 48 58 45 14 43 35 33 60 39 43 10 14 35 72
split_gain=307.734 112.167 59.166 44.2987 50.8532 60.9816 44.4743 37.4497 21.6415 19.2525 18.3794 14.8186 14.379 14.3306 12.2496 7.69784 6.14517 6.06294 5.1986 4.82943 4.51363 4.22413 4.96321 4.21834 3.25899 3.13166 2.96844 1.90622 1.95502 1.64495
threshold=345.00000000000006 935.00000000000011 323.75748299319736 3796.8600000000001 124.49500000000002 3741.0200000000004 0 3880.0000000000005 274.99999999999994 236.74000000000004 153.49500000000003 316.75000000000006 93.360000000000014 4575.7029478458062 293.36500000000007 0.31047082912159613 1.0000000180025095e-35 312.49500000000006 0.018571217310267604 118.01500000000001 0.8749159226572466 0.082558785009391053 0.66260114501515066 389.26500000000004 -19.719352684997443 0.8936320126153886 216.91500000000002 106.42000000000002 0.43422856097684925 -17.332097731215082
decision_type=2 2 2 2 2 2 1 2 2 2 2 2 2 2 2 2 2 2 2 2 2 2 2 2 2 2 2 2 2 2
left_child=9 8 3 4 7 14 10 -3 -2 13 -5 21 -11 16 27 20 23 -10 -18 -17 -14 22 -8 -1 -25 -26 -27 28 -6 -23
right_child=1 2 -4 6 5 -7 11 -9 17 12 -12 -13 15 -15 -16 19 18 -19 -20 -21 -22 29 -24 24 25 26 -28 -29 -30 -31
leaf_value=1.6543350388407712 -0.57093625028431416 0.97176375401020065 1.4513105915784834 -1.01079498898983 -1.6269861737489699 2.3360902720689771 -2.4860268367528917 -2.0620175229310989 1.9952075866907835 -0.11062281471490863 1.2959121993780138 -2.0318778648376465 0.27337781120091681 0.63992624315619473 -1.2791481450796127 0.64137717920541759 0.45764188182353971 2.4570837227106095 1.1694562645331026 0.87370531234145155 -0.012772189341485496 -2.6805256139039995 -2.7536239162683489 1.0008765705004334 0.70402250981330872 1.9708349861502648 0.92004188191890712 -1.0432175027132036 -1.3838631930947305 -1.980373717904091
leaf_weight=94 76 51 64 63 81 40 44 47 54 62 41 40 43 72 44 69 57 78 42 48 50 295 59 40 53 47 45 45 41 40
leaf_count=94 76 51 64 63 81 40 44 47 54 62 41 40 43 72 44 69 57 78 42 48 50 295 59 40 53 47 45 45 41 40
internal_value=-0.000597403 -0.0160848 -0.0230653 -0.0262621 -0.0121777 -0.0241036 -0.0347079 0.0183673 0.0173077 0.0252078 -0.00263158 -0.0407787 0.0147059 0.0315556 -0.0348341 0.0209524 0.0354497 0.0295455 0.0247475 0.0294872 0.0102151 -0.0442922 -0.0354369 0.0392473 0.0348649 0.0313793 0.0369565 -0.041018 -0.0442623 -0.0470149
internal_weight=1925 1203 995 931 349 251 582 98 208 722 104 478 272 450 211 210 378 132 99 117 93 438 103 279 185 145 92 167 122 335
internal_count=1925 1203 995 931 349 251 582 98 208 722 104 478 272 450 211 210 378 132 99 117 93 438 103 279 185 145 92 167 122 335
cat_boundaries=0 1
cat_threshold=5
is_linear=0
shrinkage=0.05


Tree=3
num_leaves=31
num_cat=1
split_feature=17 25 29 8 12 46 43 8 13 38 9 23 58 25 29 38 48 58 25 39 8 14 63 58 40 36 39 25 62 33
split_gain=272.961 130.933 50.4116 57.2429 86.2353 38.365 36.8497 25.43 24.8843 20.2705 16.4543 14.7546 19.9955 12.3876 12.2586 16.2382 8.59096 11.1244 8.17525 6.85631 6.19189 5.65252 5.52204 4.86065 4.19228 4.75965 3.46147 3.25926 6.79504 2.32505
threshold=345.00000000000006 935.00000000000011 -213.715 4374.1836734693889 129.71000000000001 0 0.86325449219567763 6027.5170068027219 146.79500000000004 250.23682539682542 934.07500000000016 455.00000000000006 191.65000000000003 2815.0000000000005 -138.33499999999995 267.48883219954649 1.0000000180025095e-35 207.46500000000003 2085.0000000000005 -15.140306646977109 5801.213151927438 93.360000000000014 0.74215226993360139 215.32500000000002 -24.831163389733025 0.038281477229630052 -18.310152057770903 2955.0000000000005 1027.8950000000002 0.30004360160068794
decision_type=2 2 2 2 2 1 2 2 2 2 2 2 2 2 2 2 2 2 2 2 2 2 2 2 2 2 2 2 2 2
left_child=14 8 6 4 13 7 -3 20 9 -2 24 26 -13 -4 15 19 17 -16 -18 21 -5 -1 -11 -20 -7 -26 -6 -19 29 -29
right_child=1 2 3 5 11 10 -8 -9 -10 22 -12 12 -14 -15 16 -17 18 27 23 -21 -22 -23 -24 -25 25 -27 -28 28 -30 -31
leaf_value=-0.11449166799485688 -0.39752553396448492 2.3699093383729459 1.0176755834758282 -0.73817365157008175 -1.3931022045671941 -2.6615974524676802 -2.5829861382722856 1.3132537900030614 -2.0244048973523081 2.2005045419156555 -1.9420674934804438 -1.5367138827860356 0.64583112975955004 0.46963259079456332 0.54658075623810287 0.73357003514319663 -0.0060402314722538542 1.4044336272161455 0.34968853252530102 -0.13377996950019155 -1.193477062445879 0.30982668727859858 2.4694680351413787 1.1124795224471018 -2.1947613201558589 -2.2610606188118463 -1.9372917295396328 1.6665511978194119 0.69121939228679985 0.84832408098038281
leaf_weight=41 40 59 49 42 41 211 43 40 40 40 61 42 43 40 74 62 41 99 45 52 44 56 94 42 172 52 62 90 52 56
leaf_count=41 40 59 49 42 41 211 43 40 40 40 61 42 43 40 74 62 41 99 45 52 44 56 94 42 172 52 62 90 52 56
internal_value=-0.000545455 -0.0149383 -0.0225275 -0.026307 -0.00740072 -0.0347267 0.0107843 -0.00735294 0.0205607 0.0287356 -0.0407115 -0.0265957 -0.0111765 0.0331461 0.0240845 0.013981 0.0283567 0.0322102 0.0171875 0.00503356 -0.0232558 0.0128866 0.0380597 0.0258621 -0.0449425 -0.0401786 -0.0393204 0.036532 0.0328283 0.0383562
internal_weight=1925 1215 1001 899 277 622 102 126 214 174 496 188 85 89 710 211 499 371 128 149 86 97 134 87 435 224 103 297 198 146
internal_count=1925 1215 1001 899 277 622 102 126 214 174 496 188 85 89 710 211 499 371 128 149 86 97 134 87 435 224 103 297 198 146
cat_boundaries=0 1
cat_threshold=5
is_linear=0
shrinkage=0.05


Tree=4
num_leaves=31
num_cat=2
split_feature=20 25 16 8 13 19 38 15 51 57 29 51 42 38 18 36 23 32 37 38 37 35 71 16 29 68 21 29 38 40
split_gain=257.648 128.422 54.7364 65.4208 99.3722 43.7738 22.651 19.7363 19.6601 17.2587 14.7993 13.2718 20.4834 12.96 9.68253 6.66307 10.0111 6.06675 8.73963 5.11139 4.37808 4.08441 3.03426 3.72308 4.9336 2.91783 2.78722 2.57498 2.40551 2.17095
threshold=345.00000000000006 935.00000000000011 0.52345633621031762 4041.1111111111118 52.935000000000009 135.00000000000003 245.10017006802721 118.46000000000002 0 283.4500000000001 -138.33499999999995 1 0.92552696971547632 267.48883219954649 1005.0000000000001 0.0065271199265076506 455.00000000000006 0.84924314559339276 0.46095909335672952 246.02749433106581 0.057254404382191905 0.24568769355504036 -17.739264887862003 0.42577220663866494 -102.00999999999999 4896.6170000000011 1655.0000000000002 -194.84 256.16400226757372 -23.19624613392476
decision_type=2 2 2 2 2 2 2 2 9 2 2 9 2 2 2 2 2 2 2 2 2 2 2 2 2 2 2 2 2 2
left_child=10 8 3 4 -3 15 -7 25 27 -10 13 22 -13 17 -9 -4 26 -1 -19 -14 -8 -21 -12 24 -24 29 -17 -2 -23 -5
right_child=1 2 5 7 -6 6 20 14 9 -11 11 12 19 -15 -16 16 -18 18 -20 21 -22 28 23 -25 -26 -27 -28 -29 -30 -31
leaf_value=0.26639791911588051 1.2956311653355881 0.82365429209500562 -0.25751718591839073 -2.4188050001171235 -0.68138679748296738 -1.2288563837930562 2.2963765167078378 -1.8305443910095094 -0.63198465486004951 2.2916616524088012 1.3342533304635065 -0.1848166720454395 1.0339811703303923 0.8136598930432275 -0.077187390879690648 -2.3531653947040438 -0.47135503605693585 -0.32325742268759761 0.24669384652718904 0.16817772745534781 1.7673375435671212 1.2376748908343911 0.34992716504223642 0.91089207242392023 1.6551738199831452 -1.6534861755409835 -2.6626226643934849 2.983901805007346 1.1222119096157142 -2.2054781031766537
leaf_weight=53 42 61 55 230 68 70 40 49 79 41 120 42 50 60 43 51 51 41 59 41 57 59 46 40 44 63 43 58 44 127
leaf_count=53 42 61 55 230 68 70 40 49 79 41 120 42 50 60 43 51 51 41 59 41 57 59 46 40 44 63 43 58 44 127
internal_value=-0.00127141 -0.0150651 -0.022619 -0.0314353 0.000387597 -0.00722071 0.0116766 -0.0394531 0.0195455 0.00384615 0.0229614 0.0277778 0.0166667 0.0119718 -0.0184783 -0.023 -0.0286207 0.00424837 -0.003 0.0242268 0.0273196 0.0194444 0.0361538 0.0323077 0.0266667 -0.0440476 -0.0382979 0.0345455 0.0247573 -0.0457983
internal_weight=1927 1228 1008 641 129 367 167 512 220 120 699 486 236 213 92 200 145 153 100 194 97 144 250 130 90 420 94 100 103 357
internal_count=1927 1228 1008 641 129 367 167 512 220 120 699 486 236 213 92 200 145 153 100 194 97 144 250 130 90 420 94 100 103 357
cat_boundaries=0 1 2
cat_threshold=37377 143555
is_linear=0
shrinkage=0.05


Tree=5
num_leaves=31
num_cat=2
split_feature=17 25 16 8 13 47 38 10 30 43 16 29 10 51 58 58 38 30 40 40 24 32 71 44 22 22 18 71 71 33
split_gain=255.355 125.773 61.379 72.682 79.5505 58.4852 33.7967 33.0563 24.9954 21.2982 15.2907 13.7075 14.6101 9.23684 9.10675 6.93725 7.47292 6.71535 8.86957 6.96014 6.56329 6.1131 6.09507 5.3356 5.24923 5.22554 5.14864 2.9598 2.25728 2.24978
threshold=315.00000000000006 935.00000000000011 0.50534334931276392 4125.8956916099787 51.005000000000003 0 247.80736961451245 337.42500000000007 2.33499999999998 0.91527281853232745 0.45546218220357843 -138.33499999999995 263.54500000000002 1 211.01500000000001 319.70500000000004 278.26595238095246 8.5849999999999955 -36.944345324141722 -28.419011783262004 4195.0000000000009 0.87793903563483677 -13.481804800637573 0.021689821377941555 315.00000000000006 455.00000000000006 1135.0000000000002 -20.003155243922382 -21.008942948573353 0.53896181968991408
decision_type=2 2 2 2 2 1 2 2 2 2 2 2 2 9 2 2 2 2 2 2 2 2 2 2 2 2 2 2 2 2
left_child=11 7 3 4 -3 8 9 10 23 -7 -2 12 21 14 -13 16 -12 18 -15 -20 -14 -1 24 -4 -21 27 -8 -5 -28 -29
right_child=1 2 5 25 -6 6 26 -9 -10 -11 15 13 20 17 -16 -17 -18 -19 19 22 -22 -23 -24 -25 -26 -27 28 29 -30 -31
leaf_value=0.37667743066197773 -0.065989528571970782 0.8236606394299717 -1.4146682400690915 -2.3901003875030726 -0.4763240995871425 1.027572670319006 0.24941846351017052 -2.6377731188281359 0.24797373644460735 -2.1459608957688063 1.7176203214446142 -0.20407423482614015 0.52242269661539742 1.4092445434949479 0.95847017257101452 2.463730591808051 2.768686059826432 1.0354780383322768 0.60824452060676415 0.89376268290469874 0.22509048711535151 -0.12625378221679392 0.38284729254552202 -2.683909054221675 1.3328590966812914 -1.6767268080438229 2.5585902531990858 -2.0064960534216612 1.4480612473519594 -2.2245896496499626
leaf_weight=41 40 57 57 123 62 67 40 40 42 43 58 43 49 47 65 50 43 110 79 40 40 72 42 108 66 45 41 147 42 145
leaf_count=41 40 57 57 123 62 67 40 40 42 43 58 43 49 47 65 50 43 110 79 40 40 72 42 108 66 45 41 147 42 145
internal_value=-0.000977366 -0.01448 -0.0220314 -0.0327288 0.00210084 -0.00795455 0.00922747 0.0188312 -0.0272947 -0.0109091 0.0274869 0.0233429 0.0123762 0.0278455 0.0110169 0.0347682 0.0272277 0.0314721 0.0281022 0.0240088 0.0275281 0.000442478 0.0304054 -0.0360606 0.0367925 -0.0417391 0.0272358 -0.043494 0.0343373 -0.0407534
internal_weight=1944 1250 1019 579 119 440 233 231 207 110 191 694 202 492 108 151 101 384 274 227 89 113 148 165 106 460 123 415 83 292
internal_count=1944 1250 1019 579 119 440 233 231 207 110 191 694 202 492 108 151 101 384 274 227 89 113 148 165 106 460 123 415 83 292
cat_boundaries=0 1 2
cat_threshold=2 34852
is_linear=0
shrinkage=0.05


Tree=6
num_leaves=31
num_cat=3
split_feature=17 2 23 24 12 11 12 10 20 19 47 51 23 34 32 30 12 22 29 35 40 45 24 35 62 58 14 30 41 58
split_gain=238.284 99.3987 107.962 44.8203 79.721 42.8572 40.3322 40.0281 30.0786 13.6948 12.2262 11.7323 14.7811 16.2501 10.2304 10.5474 9.01333 7.47577 17.7458 6.40667 5.46322 6.94284 4.60312 4.40951 7.61438 3.488 3.17599 3.16396 4.03585 2.332
threshold=315.00000000000006 0 525.00000000000011 3615.0000000000005 131.03500000000003 822.59500000000014 160.45500000000001 424.40000000000003 655.00000000000011 225.00000000000003 1 2 95.000000000000014 0.99993070817924612 0.9085008494046859 8.9700000000000149 119.12000000000002 285.00000000000006 -193.10999999999993 0.25931317660497166 -24.831163389733025 0.019624094194276905 4083.3550000000005 0.25782621115904425 1013.5250000000001 318.31 100.71500000000002 6.0000000000001146 0.019803921568627456 204.75500000000002
decision_type=2 9 2 2 2 2 2 2 2 2 1 9 2 2 2 2 2 2 2 2 2 2 2 2 2 2 2 2 2 2
left_child=11 2 8 4 5 -3 20 9 -2 10 -4 12 -1 -14 23 22 -15 18 -10 -18 29 26 -16 24 -13 -12 -22 28 -25 -5
right_child=1 3 7 6 -6 -7 -8 -9 17 -11 25 14 13 16 15 -17 19 -19 -20 -21 21 -23 -24 27 -26 -27 -28 -29 -30 -31
leaf_value=-0.29065593688329278 0.81485519141120255 0.78582818447166758 0.0028577175459807871 -1.5873713735838302 -0.69956940320104666 -1.8345915150798326 0.97493592747658941 -2.4721759469201814 0.40431888916222453 2.4602668729368471 1.5986156019583697 0.33739885066141301 -0.13840530009617408 1.6851856233506208 -0.0057992028242271681 0.78352905404460271 0.5576033445717905 -2.7758155904508897 -1.8582305021638938 0.098846456526845858 -2.1641573524877229 -1.4442350341228183 0.81331842415920841 1.3128389850500222 0.89747720839904166 1.8520368010263959 -1.5080682312635119 1.2195862013119316 0.36165442952750049 -2.4190285258449089
leaf_weight=56 41 73 50 71 92 41 40 45 41 108 45 62 52 50 63 45 60 99 57 40 127 46 41 79 42 44 72 48 76 130
leaf_count=56 41 73 50 71 92 41 40 45 41 108 45 62 52 50 63 45 60 99 57 40 127 46 41 79 42 44 72 48 76 130
internal_value=-0.00123967 -0.0146481 0.00185185 -0.0269231 -0.00776699 0.0201754 -0.0355967 0.0222603 -0.0231092 0.0301619 0.0197842 0.0217087 0.0115672 0.0183168 0.0266094 0.016443 0.0266667 -0.0312183 -0.0214286 0.018 -0.0399103 -0.034898 0.00769231 0.0324104 0.0240385 0.0308989 -0.0389447 0.0366995 0.0332258 -0.0460199
internal_weight=1936 1222 530 692 206 114 486 292 238 247 139 714 258 202 456 149 150 197 98 100 446 245 104 307 104 89 199 203 155 201
internal_count=1936 1222 530 692 206 114 486 292 238 247 139 714 258 202 456 149 150 197 98 100 446 245 104 307 104 89 199 203 155 201
cat_boundaries=0 1 2 3
cat_threshold=12 2 36386
is_linear=0
shrinkage=0.05


Tree=7
num_leaves=31
num_cat=2
split_feature=17 25 46 25 30 13 16 16 38 63 25 39 38 37 23 51 9 62 23 8 39 11 23 14 58 13 42 40 63 13
split_gain=237.769 96.5171 53.1544 39.9017 44.3602 41.1854 33.9295 24.9459 20.0037 18.8535 15.6965 13.7339 13.4163 12.3966 10.3315 9.58075 12.5023 12.0688 8.32468 8.14539 6.75471 6.72501 8.43991 9.1216 5.59895 4.87805 4.42837 3.16024 3.85438 2.43507
threshold=315.00000000000006 935.00000000000011 0 3796.8600000000001 5.9650000000000185 131.81000000000003 0.58706350672563057 0.66041629800845236 261.43154195011351 0.77889567465634912 5215.0000000000009 -15.899009818491667 263.41095238095249 0.65061372792813599 95.000000000000014 1 106.12500000000001 1043.2100000000003 165.00000000000003 4526.8934240362823 -15.082597752756397 398.94000000000005 155.00000000000003 96.77500000000002 266.67500000000007 74.165000000000006 0.93211495273707545 -24.539462534086596 0.79931111513360154 54.610000000000007
decision_type=2 2 1 2 2 2 2 2 2 2 2 2 2 2 2 9 2 2 2 2 2 2 2 2 2 2 2 2 2 2
left_child=14 7 8 4 6 10 -4 12 11 -6 27 25 -2 -12 20 16 17 -16 -18 -14 24 -17 23 -23 -1 -3 -24 -5 -29 -25
right_child=1 2 3 5 9 -7 -8 -9 -10 -11 13 -13 19 -15 15 21 18 -19 -20 -21 -22 22 26 29 -26 -27 -28 28 -30 -31
leaf_value=0.19037188754916071 0.1428616343146 -0.69815081664534206 -1.7653189770556992 -2.2107460150368561 -0.052933998762541547 1.0569306768942059 1.3148475899458791 -1.9838884365855241 1.3342380121208526 0.7111709025058941 -0.16181816768749765 0.5051013202899125 2.2902384055588736 -2.081222047069426 0.4695433630748963 1.6673160710655965 -0.47270330295627938 0.97374834423760748 0.63998265681794209 0.86090228546978897 -0.015838613040366944 0.018418817712429581 0.64844862395013636 0.58254190155032659 0.50797711759425701 -0.47087422479560481 1.3306487747747289 -2.7384994402921929 -1.5603691905264778 0.82795347061926394
leaf_weight=50 47 41 127 203 57 48 41 40 75 54 48 58 78 44 70 74 41 55 53 47 70 47 43 44 41 41 74 112 66 40
leaf_count=50 47 41 127 203 57 48 41 40 75 54 48 58 78 44 70 74 41 55 53 47 70 47 43 44 41 41 74 112 66 40
internal_value=-0.00184033 -0.0151182 -0.0215271 -0.027284 -0.0123656 -0.0357965 -0.0285714 0.015566 0.00111111 0.0121622 -0.0402748 -0.01 0.0238372 -0.0217391 0.0213675 0.0246765 0.0141921 0.0252 0.00106383 0.0324 0.0102484 0.0304217 0.0274194 0.0187023 0.0192308 -0.0231707 0.0371795 -0.0447507 -0.0398876 0.0285714
internal_weight=1929 1227 1015 800 279 521 168 212 215 111 473 140 172 92 702 541 219 125 94 125 161 322 248 131 91 82 117 381 178 84
internal_count=1929 1227 1015 800 279 521 168 212 215 111 473 140 172 92 702 541 219 125 94 125 161 322 248 131 91 82 117 381 178 84
cat_boundaries=0 1 2
cat_threshold=5 69156
is_linear=0
shrinkage=0.05


Tree=8
num_leaves=31
num_cat=4
split_feature=17 68 46 51 23 29 12 23 20 12 51 68 33 9 47 29 58 20 48 43 42 39 44 30 12 62 29 12 43 40
split_gain=199.474 80.8723 73.442 51.7342 45.1699 34.0516 26.1139 24.0241 21.21 19.5774 12.8544 12.0423 14.2571 10.5956 19.4021 8.22146 10.8739 7.46357 6.98819 9.56098 7.73909 9.01016 6.90208 6.58286 6.34399 4.03661 3.91124 3.85714 3.82573 3.42245
threshold=315.00000000000006 3432.5270000000005 0 1 475.00000000000006 -220.08500000000012 153.49500000000003 805.00000000000011 665.00000000000011 140.31500000000003 2 4738.2970000000005 0.575184205171274 615.96500000000003 3 -128.88499999999996 215.56000000000003 875.00000000000011 1.0000000180025095e-35 0.8749159226572466 0.94844833819376861 -15.112051707800118 0.05174369152254036 2.2899999999999925 114.44500000000001 1722.8250000000003 -103.55 176.68500000000003 0.9999373887103955 -24.539462534086596
decision_type=2 2 1 9 2 2 2 2 2 2 9 2 2 2 1 2 2 2 2 2 2 2 2 2 2 2 2 2 2 2
left_child=10 3 6 7 9 -4 -3 8 -2 -5 15 25 -13 -6 -15 23 24 -10 20 -20 22 -22 -12 -1 -17 29 -18 -11 -25 -7
right_child=1 2 5 4 13 11 -8 -9 17 27 18 12 -14 14 -16 16 26 -19 19 -21 21 -23 -24 28 -26 -27 -28 -29 -30 -31
leaf_value=-0.27822053505957717 -0.13636511908690593 -0.76884167509124623 1.0811648738496005 0.2756839353865812 1.9480433217398927 -2.0725398369477932 1.2814477208456923 0.63729934766672081 -2.3127872038894139 -1.048940003795525 0.41685334845185412 -0.052316206855224402 -1.6190508771692891 -0.1054617332331847 1.7913348998762246 -0.070501034677441829 0.52088672312219175 -1.6306496042436998 0.7150433169846202 -0.10383586412598517 1.174425286721499 0.47894112038771114 0.86022083502709146 0.0068447132010220901 0.56829708532746259 -2.4959396757919885 1.0968843678925098 -1.8537101913109106 0.66274742757296068 -1.8508884951750195
leaf_weight=40 76 64 43 40 84 163 67 49 75 42 77 40 71 49 81 48 49 44 41 41 103 80 43 59 57 64 40 42 41 141
leaf_count=40 76 64 43 40 84 163 67 49 75 42 77 40 71 49 81 48 49 44 41 41 103 80 43 59 57 64 40 42 41 141
internal_value=-0.00153531 -0.0137247 -0.025804 -0.000171821 0.0123563 -0.0338346 0.00815603 -0.0173228 -0.0258974 -0.0112903 0.0194019 -0.038309 -0.0238739 0.0266355 0.0176923 0.0110465 0.0180412 -0.0390756 0.0256962 0.0134146 0.029868 0.0363388 0.02 0.00214286 0.00714286 -0.042663 0.0308989 -0.025 0.009 -0.0450658
internal_weight=1954 1235 653 582 338 522 131 244 195 124 719 479 111 214 130 334 194 119 385 82 303 183 120 140 105 368 89 84 100 304
internal_count=1954 1235 653 582 338 522 131 244 195 124 719 479 111 214 130 334 194 119 385 82 303 183 120 140 105 368 89 84 100 304
cat_boundaries=0 1 2 3 4
cat_threshold=5 216864 55846 2
is_linear=0
shrinkage=0.05


Tree=9
num_leaves=31
num_cat=2
split_feature=21 68 16 47 8 12 38 15 30 10 43 16 51 63 41 29 10 30 44 35 38 31 63 23 25 8 8 8 62 29
split_gain=202.532 88.6189 49.461 56.535 51.5598 81.8928 31.9843 20.5709 18.125 16.9331 12.155 10.8882 13.3902 12.065 14.1947 11.2192 9.54277 13.0068 9.30115 8.30916 7.20809 7.09747 8.09538 6.92749 7.27359 6.69258 8.26889 4.73877 4.41093 2.43515
threshold=645.00000000000011 458.28600000000006 0.52236718350509748 0 4096.6553287981869 120.95500000000001 262.65087301587306 133.58500000000001 -3.8399999999999745 323.66000000000003 0.8435946299054764 0.22656949930842107 1 0.74294758256826976 0.039607843137254913 -101.24999999999999 262.74000000000007 5.9650000000000185 0.019421604763254854 0.41010993071416862 245.41565759637191 74.429999999999993 0.77638423519059074 345.00000000000006 5255.0000000000009 4526.8934240362823 4300.1360544217696 4470.0340136054429 978.44000000000017 -93.229999999999976
decision_type=2 2 2 1 2 2 2 2 2 2 2 2 9 2 2 2 2 2 2 2 2 2 2 2 2 2 2 2 2 2
left_child=11 9 4 8 5 -3 10 23 18 25 -5 -1 28 -14 15 16 17 -15 -4 -8 -19 -22 27 -6 29 26 -2 -23 -13 -25
right_child=1 2 3 6 7 -7 19 -9 -10 -11 -12 12 13 14 -16 -17 -18 20 -20 -21 21 22 -24 24 -26 -27 -28 -29 -30 -31
leaf_value=1.1174247589613433 0.85487371093529241 0.80678367070383394 -1.2111684321910396 0.27299111190159459 -1.5793335726082989 -0.37611116752336565 0.68139748140030099 -0.89704983110186509 0.18511714552789163 -1.3637598958766988 -1.1865862324554897 0.40306560548591081 0.67929115113538918 -0.3142790122035109 -0.03695776689191458 1.0386820068794047 0.49630179444946149 0.67487268884853702 -2.3342576692666812 1.8943332422130568 -0.2067892585929868 1.1315890112960705 0.31394063731065813 -1.9954756373211113 -1.2824819828418439 0.50169948428441302 2.4509710028249629 0.42123761925606407 -0.092728418402023241 -1.3868865395431056
leaf_weight=43 40 49 40 64 46 79 47 65 40 44 51 40 69 48 62 67 69 48 105 61 40 55 64 260 80 43 50 43 63 59
leaf_count=43 40 49 40 64 46 79 47 65 40 44 51 40 69 48 62 67 69 48 105 61 40 55 64 260 80 43 50 43 63 59
internal_value=-0.00258532 -0.0149223 -0.0204589 -0.00686275 -0.0291536 -0.00078125 0.0100897 -0.0362745 -0.0272973 0.0177966 -0.00826087 0.0186357 0.0170659 0.019913 0.0175403 0.0207373 0.0173025 0.0134228 -0.0355172 0.0296296 0.018 0.0138614 0.0185185 -0.0401124 -0.0422306 0.0266917 0.0344444 0.027551 -0.000442478 -0.0456113
internal_weight=1934 1223 1046 408 638 128 223 510 185 177 115 711 668 565 496 434 367 298 145 108 250 202 162 445 399 133 90 98 103 319
internal_count=1934 1223 1046 408 638 128 223 510 185 177 115 711 668 565 496 434 367 298 145 108 250 202 162 445 399 133 90 98 103 319
cat_boundaries=0 1 2
cat_threshold=2 2082
is_linear=0
shrinkage=0.05


Tree=10
num_leaves=31
num_cat=2
split_feature=20 25 46 8 12 9 40 24 15 12 12 8 45 41 58 24 33 30 51 30 63 14 58 58 9 39 14 68 29 40
split_gain=191.025 81.1649 44.5137 53.2813 72.2474 50.582 42.2777 21.6063 18.827 15.8318 15.7449 15.7047 17.7431 11.5879 11.4704 10.3571 9.461 9.24917 8.48379 10.8024 8.48464 7.99828 7.2244 6.91924 5.8175 5.62752 6.90824 9.24616 5.23346 3.79154
threshold=345.00000000000006 935.00000000000011 0 4096.6553287981869 120.95500000000001 829.53000000000009 -30.921088430607849 3420.0000000000005 132.91000000000003 148.97500000000002 97.685000000000016 3942.4036281179146 0.019898604238167004 0.039607843137254913 183.88500000000002 5650.0000000000009 0.66749227481439011 5.9650000000000185 1 8.415000000000008 0.76392506008915839 104.39500000000001 213.70500000000001 215.84500000000003 565.96500000000003 -18.793366655735028 99.040000000000006 2595.5810000000006 -209.67999999999992 -24.539462534086596
decision_type=2 2 1 2 2 2 2 2 2 2 2 2 2 2 2 2 2 2 9 2 2 2 2 2 2 2 2 2 2 2
left_child=10 11 7 4 -4 15 -7 -3 9 -9 -1 -2 24 17 -6 29 -17 21 22 20 -20 -12 -19 -15 -13 -22 -27 -28 -8 -5
right_child=1 2 3 5 14 6 28 8 -10 -11 13 12 -14 23 -16 16 -18 18 19 -21 25 -23 -24 -25 -26 26 27 -29 -30 -31
leaf_value=1.0618033897011347 -0.61585988776845557 -0.60114519512702957 0.66063975871255254 -1.99759478920098 -1.0214181261253026 1.648657693221768 -2.4971291008922045 -0.82003808218431162 1.469962382852992 0.29653583926576638 -0.20571176068805119 2.5088289720484376 -0.30175618435503371 -0.13920040527621752 -0.13410967532706675 -0.42890852105805211 -1.8664266500136593 -0.0080594831014855432 0.743830035175712 0.91564051144733227 0.83156732906132802 0.37302502813641963 0.51739626775218606 0.22639614751907078 1.289350882483514 -0.087826225475186204 1.5631428833508012 0.17127070120798651 -1.7551713871419725 -1.6715659462687
leaf_weight=53 54 50 49 221 54 64 42 54 63 44 40 47 41 43 75 52 50 74 76 79 47 57 43 48 66 57 40 49 44 156
leaf_count=53 54 50 49 221 54 64 42 54 63 44 40 47 41 43 75 52 50 74 76 79 47 57 43 48 66 57 40 49 44 156
internal_value=-0.00258799 -0.0145188 -0.020334 -0.0255202 -0.00168539 -0.0326709 -0.00733333 0.000678733 0.00962733 -0.00408163 0.0181303 0.0139423 0.0220779 0.0160031 -0.0213178 -0.0406054 -0.0264706 0.0186833 0.0216129 0.025419 0.0213755 0.00463918 0.00748031 -0.000549451 0.0323009 0.0158031 0.0109589 0.0196629 -0.0302326 -0.0444297
internal_weight=1932 1226 1018 807 178 629 150 211 161 98 706 208 154 653 129 479 102 562 465 348 269 97 117 91 113 193 146 89 86 377
internal_count=1932 1226 1018 807 178 629 150 211 161 98 706 208 154 653 129 479 102 562 465 348 269 97 117 91 113 193 146 89 86 377
cat_boundaries=0 1 2
cat_threshold=5 550
is_linear=0
shrinkage=0.05


Tree=11
num_leaves=31
num_cat=4
split_feature=17 25 46 51 29 25 12 30 59 10 25 16 25 29 58 22 43 33 47 34 31 51 16 35 44 5 30 63 43 39
split_gain=172.797 91.275 64.0679 47.4823 41.0935 24.1001 40.0538 20.3516 19.415 18.2671 15.1441 14.9422 13.18 11.8726 11.0859 11.7613 9.90863 9.8749 9.84361 7.49313 7.0903 8.59292 10.9922 6.18348 5.81538 3.98666 5.53203 3.9445 3.84 2.38036
threshold=315.00000000000006 3796.8600000000001 0 1 -220.08500000000012 2725.0000000000005 133.57500000000002 5.9650000000000185 458.28000000000003 256.51000000000005 2855.0000000000005 0.45032175047943335 5215.0000000000009 -100.8 296.10000000000008 285.00000000000006 0.97730674663299855 0.65061372792813599 2 0.99826912296285897 138.08000000000001 3 0.42107850717476386 0.20243392197788082 0.042103770910121859 0.15476190476190474 -5.2049999999999974 0.769925297045854 0.74668336577726235 -20.617089604870802
decision_type=2 2 1 9 2 2 2 2 2 2 2 2 2 2 2 2 2 2 1 2 2 9 2 2 2 2 2 2 2 2
left_child=13 3 9 7 -4 18 -7 8 29 -3 -8 -9 25 14 16 -16 20 -14 -5 -15 21 22 -1 -18 -23 -6 -27 -25 -20 -2
right_child=1 2 4 5 12 6 10 11 -10 -11 -12 -13 17 19 15 -17 23 -19 28 -21 -22 24 -24 27 -26 26 -28 -29 -30 -31
leaf_value=-0.15209162923554131 -1.8053030936936922 -0.66545987701835585 1.1559391806729327 0.98522888003177655 -1.7282593390330878 0.47916525742676186 -1.2197366962800436 0.25405032262364485 -0.78323482895219088 1.1730175505746889 0.54490588559446285 -0.7261952202355958 -0.1183273529168008 0.92173439984936145 0.074108323153589103 0.71152065325856384 0.18765370841143453 -1.5963929353646116 0.86049802921494634 1.360343432836578 0.97236913216705789 -0.00084701386721079967 0.39506244083189412 0.86404566039656638 -0.37471428193736445 -2.5691061518169493 -1.5211495260315069 0.80172401873320853 2.1819941430593075 -0.96091996752391096
leaf_weight=40 47 59 41 66 289 49 66 40 52 71 47 50 48 52 47 81 61 50 40 92 44 65 70 62 40 45 40 44 60 43
leaf_count=40 47 59 41 66 289 49 66 40 52 71 47 50 48 52 47 81 61 50 40 92 44 65 70 62 40 45 40 44 60 43
internal_value=-0.00202525 -0.0135079 -0.0263608 0.00125 -0.0339388 0.0133136 0 -0.0157025 -0.028169 0.00571429 -0.0163717 0.00222222 -0.0387712 0.017765 0.0144404 0.0273438 0.0105634 -0.022449 0.0271084 0.0305556 0.00444015 0.000697674 0.01 0.0200599 -0.00913043 -0.0430481 -0.0335294 0.0273585 0.037 -0.0422222
internal_weight=1901 1203 643 560 513 328 162 232 142 130 113 90 472 698 554 128 426 98 166 144 259 215 110 167 105 374 85 106 100 90
internal_count=1901 1203 643 560 513 328 162 232 142 130 113 90 472 698 554 128 426 98 166 144 259 215 110 167 105 374 85 106 100 90
cat_boundaries=0 1 2 3 4
cat_threshold=5 216832 2 106501
is_linear=0
shrinkage=0.05


Tree=12
num_leaves=31
num_cat=2
split_feature=17 25 46 8 10 8 29 15 14 12 58 51 41 43 28 29 24 16 16 10 19 22 43 43 14 19 40 33 14 14
split_gain=170.137 101.098 61.2324 42.1147 47.123 72.6796 34.9533 27.0351 21.4742 20.6575 11.552 12.9705 12.0152 9.7747 9.55307 8.90328 6.82096 6.80481 10.3864 6.7357 6.67996 6.46008 5.86958 5.86529 5.2844 8.64809 10.696 4.87213 4.50429 4.38259
threshold=325.00000000000006 3796.8600000000001 0 5780.3174603174621 237.22500000000002 4159.1609977324269 -198.68499999999997 190.34 114.73000000000002 152.45500000000001 296.10000000000008 1 0.035401002506265655 0.36244374025303211 765.00000000000011 -101.24999999999999 4369.1250000000009 0.3899405777092278 0.44935019795630787 210.02500000000003 325.00000000000006 295.00000000000006 0.97681119534434668 0.8749159226572466 100.71500000000002 185.00000000000003 -24.539462534086596 0.46095909335672952 107.33000000000003 96.675000000000026
decision_type=2 2 1 2 2 2 2 2 2 2 2 9 2 2 2 2 2 2 2 2 2 2 2 2 2 2 2 2 2 2
left_child=10 3 9 4 17 6 -6 13 28 -3 11 12 19 -4 -5 16 22 -2 -19 -1 27 -12 23 -13 -15 -26 -27 -21 -7 -17
right_child=1 2 7 14 5 8 -8 -9 -10 -11 21 15 -14 24 -16 29 -18 18 -20 20 -22 -23 -24 -25 25 26 -28 -29 -30 -31
leaf_value=0.95391897881327314 0.61398114999281805 -0.66258369802267603 -0.76866856884965817 -1.8052030877685585 1.6215483073337129 1.7827221695977364 -0.95358849150276448 0.36488667155781535 -0.92383018586441201 1.287725892696659 0.38469545251308868 0.38676978161408465 -0.07958223239993574 -1.8923450426025745 -0.47295200271220045 0.86766445943111714 -0.029791474964949806 0.0052754435961013257 2.3413076348926731 -0.1344003097189678 0.6554576512335677 0.65171292360008881 0.68718700861300241 -0.12746658077121517 -2.2207586186343113 -1.1402719095867291 -0.42623873000120177 0.13190764726177046 1.5314589862426122 1.0823139496855614
leaf_weight=45 62 64 40 47 47 57 142 41 42 66 47 75 53 218 40 41 40 41 44 45 58 83 67 43 101 49 68 46 50 46
leaf_count=45 62 64 40 47 47 57 142 41 42 66 47 75 53 218 40 41 40 41 44 45 58 83 67 43 101 49 68 46 50 46
internal_value=-0.00251572 -0.0137408 -0.0272798 0.00157343 0.00731959 -0.00295858 -0.023545 -0.03463 0.0231544 0.00428571 0.017344 0.0142218 0.00486381 -0.0386555 -0.0304598 0.0208075 0.0162222 0.0309524 0.0217647 0.0108247 0.0057047 0.0307692 0.0202703 0.0135593 -0.0408257 -0.0353211 -0.0260684 -0.00274725 0.0350467 0.0350575
internal_weight=1908 1219 647 572 485 338 189 517 149 130 689 559 247 476 87 312 225 147 85 194 149 130 185 118 436 218 117 91 107 87
internal_count=1908 1219 647 572 485 338 189 517 149 130 689 559 247 476 87 312 225 147 85 194 149 130 185 118 436 218 117 91 107 87
cat_boundaries=0 1 2
cat_threshold=5 88098
is_linear=0
shrinkage=0.05


Tree=13
num_leaves=31
num_cat=4
split_feature=20 25 46 51 23 15 30 51 20 47 12 33 29 42 60 14 25 9 35 34 63 8 32 30 63 38 36 40 11 24
split_gain=125.305 94.0614 55.1498 51.4267 36.108 25.803 23.6295 16.1213 15.3325 22.7352 12.9522 10.8541 9.15105 8.36204 8.22143 8.06916 8.269 8.91692 8.05516 7.39342 6.73533 6.50301 6.13017 5.27411 6.2998 5.21996 4.41992 4.08484 3.7505 3.56149
threshold=345.00000000000006 3796.8600000000001 0 1 455.00000000000006 190.34 5.3849999999999918 2 725.00000000000011 3 150.34500000000003 0.38752370624927351 -101.24999999999999 0.83948854830152486 920.48000000000013 98.560000000000016 4150.3950000000013 557.77500000000009 0.59117886419214238 0.98318418083425374 0.76636912252779876 4533.9455782312934 0.93799365746147345 5.9650000000000185 0.76486319883972576 198.37927437641727 0.0052991912592815502 -31.593490624885742 875.14000000000021 4464.920000000001
decision_type=2 2 1 9 2 2 2 9 2 1 2 2 2 2 2 2 2 2 2 2 2 2 2 2 2 2 2 2 2 2
left_child=7 3 10 6 14 13 21 19 28 -10 -3 -11 18 -4 -5 -15 29 -18 23 -1 -21 -2 -22 -9 -25 -8 -26 -14 -6 -17
right_child=1 2 5 4 8 -7 25 12 9 11 -12 -13 27 15 -16 16 17 -19 -20 20 22 -23 -24 24 26 -27 -28 -29 -30 -31
leaf_value=-0.21800091197564472 -0.69343960862691467 -0.68102421727094875 -0.71862281053590182 -0.0026148657167589296 0.48554757219399652 0.47480632175017956 -0.65777431319867352 0.14419909223038152 -0.31598884052569542 1.8532871829412743 0.78948236121119164 0.4042862139222001 0.86064351907606462 -1.9580987698515468 -1.1430316668747487 -1.8152698443949937 -0.22318321019707163 -1.2278328071196751 -0.017593403783559093 -0.039187661378881022 0.55875733982423481 -1.6247777846205793 0.14391167256021267 0.63129904177933249 0.48776986227294528 0.72191441169988346 0.53217713665964805 1.3013809792691042 2.1998623195416132 -1.3588327537139133
leaf_weight=54 63 55 40 48 57 40 47 65 70 61 73 41 46 175 41 85 56 55 57 76 71 57 57 110 73 40 61 43 48 53
leaf_count=54 63 55 40 48 57 40 47 65 70 61 73 41 46 175 41 85 56 55 57 76 71 57 57 110 73 40 61 43 48 53
internal_value=-0.00265902 -0.0124896 -0.0257911 0.0021815 0.0132979 -0.0328794 -0.0172811 0.0139551 0.0225632 0.0133721 0.00434783 0.0284314 0.0194624 -0.0368534 -0.0140449 -0.0389151 -0.0331325 -0.022973 0.0163934 0.00335821 0.00784314 -0.0325 0.0148438 0.0195793 0.0229508 0.00172414 0.0156716 0.0342697 0.037619 -0.0413043
internal_weight=1918 1205 632 573 366 504 207 713 277 172 128 102 455 464 89 424 249 111 366 258 204 120 128 309 244 87 134 89 105 138
internal_count=1918 1205 632 573 366 504 207 713 277 172 128 102 455 464 89 424 249 111 366 258 204 120 128 309 244 87 134 89 105 138
cat_boundaries=0 1 2 3 4
cat_threshold=5 216320 68134 2
is_linear=0
shrinkage=0.05


Tree=14
num_leaves=31
num_cat=3
split_feature=20 25 46 8 10 18 29 14 29 43 9 12 51 21 29 58 58 63 22 60 19 14 30 62 47 19 11 11 35 58
split_gain=149.194 84.7471 47.0282 45.8262 76.318 44.4907 21.3282 17.6311 17.2841 14.122 13.2874 10.0715 9.54129 7.96964 7.16201 9.74636 10.1097 8.56791 8.32386 6.43354 8.32158 6.41625 12.3195 6.17654 8.99528 5.78467 5.25326 5.24195 4.68116 3.83195
threshold=345.00000000000006 935.00000000000011 0 4083.3560090702949 227.93000000000004 1785.0000000000002 -158.05499999999995 114.485 -144.83999999999997 0.37991229864736625 565.96500000000003 181.55000000000004 1 805.00000000000011 -101.24999999999999 287.14000000000004 219.27000000000004 0.77511907834439031 285.00000000000006 400.38000000000005 285.00000000000006 102.42500000000003 3.7500000000000004 1013.5250000000001 2 255.00000000000003 1070.0000000000002 434.61500000000007 0.061121997101001205 319.27000000000004
decision_type=2 2 1 2 2 2 2 2 2 2 2 2 9 2 2 2 2 2 2 2 2 2 2 2 1 2 2 2 2 2
left_child=12 7 3 4 -3 9 25 8 29 -5 13 26 19 -8 15 16 17 27 -17 -1 -21 28 -23 -22 -25 -4 -6 -14 -11 -2
right_child=1 2 6 5 11 -7 10 -9 -10 21 -12 -13 14 -15 -16 18 -18 -19 -20 20 23 22 -24 24 -26 -27 -28 -29 -30 -31
leaf_value=0.53081947283302322 1.6191634228744336 0.50094937543334461 0.20840017750227419 -0.40547764068409198 -0.21555374182463299 0.32290202189241557 -0.50957759190088037 -1.7028976182540718 0.038320529393066273 -1.6728409892504521 -0.72884031934326921 -0.18682341569153429 0.31197361442479016 0.1041688696498432 0.99510037298394283 0.21241613397087911 -0.11620556105222866 -0.022632668120092306 0.55143866927136542 -0.067044888909041547 -0.1193332433972699 -1.7683581121743104 -0.78205631642136064 0.7766880117878856 0.15523839331246769 1.8472275471835724 -1.3187017813416162 0.59524945033732324 -1.6640742806408562 1.4996016383908666
leaf_weight=63 69 63 51 40 40 77 42 44 50 56 40 40 63 51 94 43 56 47 87 42 50 130 85 45 59 43 43 67 228 41
leaf_count=63 69 63 51 40 40 77 42 44 50 56 40 40 63 51 94 43 56 47 87 42 50 130 85 45 59 43 43 67 228 41
internal_value=-0.00223191 -0.0127737 -0.0186103 -0.0241379 -0.00268817 -0.0310065 0.00189873 0.0166667 0.024375 -0.0360853 -0.0109023 -0.0256098 0.0159218 -0.000537634 0.0202355 0.0174931 0.0113734 0.0172316 0.0284615 0.00724907 0.00306122 -0.0383768 -0.0318605 0.00844156 0.0153846 0.0202128 -0.0355422 0.0238462 -0.0433099 0.0354545
internal_weight=1949 1233 1029 802 186 616 227 204 160 539 133 123 716 93 457 363 233 177 130 259 196 499 215 154 104 94 83 130 284 110
internal_count=1949 1233 1029 802 186 616 227 204 160 539 133 123 716 93 457 363 233 177 130 259 196 499 215 154 104 94 83 130 284 110
cat_boundaries=0 1 2 3
cat_threshold=10 68134 2
is_linear=0
shrinkage=0.05


Tree=15
num_leaves=31
num_cat=2
split_feature=21 68 46 22 18 8 29 12 23 14 39 38 19 38 51 68 33 21 30 29 58 39 31 41 45 12 45 14 30 38
split_gain=135.213 80.7418 36.8502 39.1435 23.5307 23.1591 21.4281 29.8689 21.2738 14.2073 13.2689 12.2469 11.7429 13.4693 11.2377 11.2119 9.33495 8.50001 8.34193 8.30053 7.79476 8.09009 7.57285 8.16179 9.18121 5.21135 6.20313 7.31947 6.88822 5.43053
threshold=645.00000000000011 458.28600000000006 0 295.00000000000006 1360.0000000000002 5922.5396825396829 -107.22999999999998 190.27000000000001 555.00000000000011 112.825 -15.347668819529655 269.13471655328806 30.000000000000117 232.73666666666671 1 4738.2970000000005 0.67055854681072924 555.00000000000011 -2.2999999999999541 -144.83999999999997 198.66000000000003 -18.887613287793862 147.79999999999998 0.019803921568627456 0.022222088712664304 147.33500000000004 0.012686032957639202 104.18000000000002 7.6400000000000157 253.15534013605449
decision_type=2 2 1 2 2 2 2 2 2 2 2 2 2 2 9 2 2 2 2 2 2 2 2 2 2 2 2 2 2 2
left_child=12 9 3 6 15 11 7 10 -6 19 -3 20 18 -14 17 -5 -17 -15 -1 -2 -4 -22 23 24 25 26 -16 28 29 -28
right_child=1 2 5 4 8 -7 -8 -9 -10 -11 -12 -13 13 14 22 16 -18 -19 -20 -21 21 -23 -24 -25 -26 -27 27 -29 -30 -31
leaf_value=-0.11892567092455607 1.755404273995228 -1.2703536876107298 -0.73772890588681062 -1.3763834349322854 -2.0657483159107293 1.0000862514754483 0.41965396394074228 1.2680249817583449 0.54722167554848422 -1.3127057919792029 -0.021640680888206899 0.74758822664612379 0.62936476294776511 -0.11782854801699126 -0.017468633280223179 -0.2584141205394605 -1.3575065201551664 0.16086001357034529 0.281549653995461 0.35180316419330859 -0.47665173272024752 0.10898686665614465 0.74443689807838576 0.12504563228927912 1.0900185226014962 0.42426420943415666 0.032454965497022183 -0.010833671174402482 0.7502103883841077 0.94737560628739803
leaf_weight=40 92 120 40 327 43 55 66 40 56 40 41 40 82 59 46 55 45 45 42 40 45 44 45 99 47 57 43 40 43 49
leaf_count=40 92 120 40 327 43 55 66 40 56 40 41 40 82 59 46 55 45 45 42 40 45 44 45 99 47 57 43 40 43 49
internal_value=-0.00264798 -0.0130782 -0.0184366 -0.0233499 -0.0315589 0 -0.00805243 -0.0161692 -0.00959596 0.0186047 -0.0257764 -0.0091716 0.0141791 0.0164122 0.0136998 -0.0366511 -0.022 -0.00175439 -0.00365854 0.0265152 -0.0166667 -0.00842697 0.0168058 0.0150943 0.0189231 0.0154676 0.011991 0.0162857 0.0218519 0.0141304
internal_weight=1926 1189 1017 793 526 224 267 201 99 172 161 169 737 655 573 427 100 104 82 132 129 89 469 424 325 278 221 175 135 92
internal_count=1926 1189 1017 793 526 224 267 201 99 172 161 169 737 655 573 427 100 104 82 132 129 89 469 424 325 278 221 175 135 92
cat_boundaries=0 1 2
cat_threshold=10 546
is_linear=0
shrinkage=0.05


Tree=16
num_leaves=31
num_cat=1
split_feature=20 25 42 23 51 38 8 12 25 18 24 18 23 17 23 45 8 31 60 33 62 8 19 63 33 62 22 10 14 65
split_gain=124.373 73.5408 27.7525 22.6901 22.0551 20.3842 24.4111 47.7906 25.5476 17.849 15.1864 13.1843 12.2204 8.94056 8.34206 6.70023 6.2277 7.35138 6.09485 8.32008 7.39538 6.08533 9.76114 5.63788 5.26827 5.02214 4.10942 4.07407 3.18369 1.29485
threshold=345.00000000000006 905.00000000000011 0.81701709246959253 785.00000000000011 0 326.25153061224501 4387.5170068027219 136.94500000000002 5375.0000000000009 1475.0000000000002 3345.0000000000005 1335.0000000000002 75.000000000000014 235.00000000000003 345.00000000000006 0.025675239057832852 4291.2585034013618 122.23 667.40500000000009 0.32555763609351768 875.6400000000001 4372.6417233560105 274.99999999999994 0.77199433789154936 0.26971285478571372 1510.6250000000002 435.00000000000006 278.19500000000005 111.53000000000004 1.0000000180025095e-35
decision_type=2 2 2 2 9 2 2 2 2 2 2 2 2 2 2 2 2 2 2 2 2 2 2 2 2 2 2 2 2 2
left_child=12 4 -3 5 25 6 7 -4 9 14 27 -6 28 15 -8 16 -14 18 19 -18 -21 -15 -23 -24 -19 -2 29 -9 -1 -16
right_child=1 2 3 -5 11 -7 8 10 -10 -11 -12 -13 13 21 26 -17 17 24 -20 20 -22 22 23 -25 -26 -27 -28 -29 -30 -31
leaf_value=0.1577793951760004 2.2989761423361461 0.42111659836761767 0.15663372046304272 0.2188275703920522 -0.65114467979778556 0.53572380456088065 -1.0925883010068553 -0.6341929084135014 -0.13733168965133835 -0.6851766526457127 -0.46805861466727738 1.4810184891510234 0.27106168334964958 0.52669353250738549 -1.4766340889737493 1.2468525389433678 0.74266842990872417 1.069119910127929 0.63721970140121709 0.64186180744539001 -0.088914722525936241 -0.26904071087265741 0.35962179303347958 -0.014368235682699333 0.68461665086479018 0.84266575179035963 -0.91910594108304666 -1.4088128004287157 -0.029649106773871094 -1.3863018180342206
leaf_weight=40 43 69 79 52 68 47 61 54 77 57 79 40 54 47 160 57 72 51 47 45 58 48 48 40 62 59 47 45 54 169
leaf_count=40 43 69 79 52 68 47 61 54 77 57 79 40 54 47 160 57 72 51 47 45 58 48 48 40 62 59 47 45 54 169
internal_value=-0.00277346 -0.0126036 -0.0182731 -0.0205502 0.0142857 -0.0224571 -0.0242754 -0.0114786 -0.030035 -0.0342105 -0.0258427 -0.00254237 0.0136238 0.0161367 -0.037643 0.0199552 0.0176093 0.0201493 0.0148649 0.0105714 0.00145631 0.0068306 0.00147059 0.0113636 0.030531 0.0294643 -0.0404255 -0.0388889 -0.00319149 -0.0424012
internal_weight=1929 1206 996 927 210 875 828 257 571 494 178 108 723 629 437 446 389 335 222 175 103 183 136 88 113 102 376 99 94 329
internal_count=1929 1206 996 927 210 875 828 257 571 494 178 108 723 629 437 446 389 335 222 175 103 183 136 88 113 102 376 99 94 329
cat_boundaries=0 1
cat_threshold=37377
is_linear=0
shrinkage=0.05


end of trees

feature_importances:
syllable_len_ms=29
wav_duration_ms=27
base_pre=25
base_offset_to_expected_ms=25
valley_dist_from_cutoff_ms=21
next_base_pre=21
base_cons_gap=20
base_pre_to_expected_ms=19
vowel_class=18
base_cons=16
syllable_start_ms=16
f0_voicing_near_pre=16
base_ovl_ratio=15
energy_min=13
curr_vowel_len_ms=12
syllable_end_ms=12
mapping_confidence=12
curr_vowel_start_ms=11
db_min=11
onset_class=11
db_mean=10
words_vs_alias_score_margin=10
curr_phone_start_ms=9
curr_phone_len_ms=9
energy_slope_pre=9
spectral_flux_mean=9
base_ovl=8
next_base_cutoff_abs=8
base_offset=7
voicing_class=7
base_cut_gap=6
curr_phone_end_ms=6
f0_voicing_mean=6
base_cutoff_abs=5
curr_vowel_end_ms=5
db_silence_ratio=5
zcr_mean=5
next_base_offset=5
base_cutoff_to_next_anchor_ms=4
energy_mean=4
local_peak_db=4
energy_max=3
energy_slope_post=3
valley_energy=3
is_tense=3
alias_type=1
row_ratio_in_wav=1
expected_anchor_ms=1
prev_base_pre=1
prev_base_offset=1
used_exact_vowel_fix=1
local_valley_db=1

parameters:
[boosting: gbdt]
[objective: regression_l1]
[metric: l1]
[tree_learner: serial]
[device_type: cpu]
[data_sample_strategy: bagging]
[data: ]
[valid: ]
[num_iterations: 500]
[learning_rate: 0.05]
[num_leaves: 31]
[num_threads: 0]
[seed: 0]
[deterministic: 0]
[force_col_wise: 0]
[force_row_wise: 0]
[histogram_pool_size: -1]
[max_depth: -1]
[min_data_in_leaf: 40]
[min_sum_hessian_in_leaf: 0.001]
[bagging_fraction: 0.85]
[pos_bagging_fraction: 1]
[neg_bagging_fraction: 1]
[bagging_freq: 1]
[bagging_seed: 3]
[bagging_by_query: 0]
[feature_fraction: 0.85]
[feature_fraction_bynode: 1]
[feature_fraction_seed: 2]
[extra_trees: 0]
[extra_seed: 6]
[early_stopping_round: 0]
[early_stopping_min_delta: 0]
[first_metric_only: 0]
[max_delta_step: 0]
[lambda_l1: 0]
[lambda_l2: 0]
[linear_lambda: 0]
[min_gain_to_split: 0]
[drop_rate: 0.1]
[max_drop: 50]
[skip_drop: 0.5]
[xgboost_dart_mode: 0]
[uniform_drop: 0]
[drop_seed: 4]
[top_rate: 0.2]
[other_rate: 0.1]
[min_data_per_group: 100]
[max_cat_threshold: 32]
[cat_l2: 10]
[cat_smooth: 10]
[max_cat_to_onehot: 4]
[top_k: 20]
[monotone_constraints: ]
[monotone_constraints_method: basic]
[monotone_penalty: 0]
[feature_contri: ]
[forcedsplits_filename: ]
[refit_decay_rate: 0.9]
[cegb_tradeoff: 1]
[cegb_penalty_split: 0]
[cegb_penalty_feature_lazy: ]
[cegb_penalty_feature_coupled: ]
[path_smooth: 0]
[interaction_constraints: ]
[verbosity: -1]
[saved_feature_importance_type: 0]
[use_quantized_grad: 0]
[num_grad_quant_bins: 4]
[quant_train_renew_leaf: 0]
[stochastic_rounding: 1]
[linear_tree: 0]
[max_bin: 255]
[max_bin_by_feature: ]
[min_data_in_bin: 3]
[bin_construct_sample_cnt: 200000]
[data_random_seed: 1]
[is_enable_sparse: 1]
[enable_bundle: 1]
[use_missing: 1]
[zero_as_missing: 0]
[feature_pre_filter: 1]
[pre_partition: 0]
[two_round: 0]
[header: 0]
[label_column: ]
[weight_column: ]
[group_column: ]
[ignore_column: ]
[categorical_feature: 0,1,2,3,46,47,50,51,52,53,55,56,70]
[forcedbins_filename: ]
[precise_float_parser: 0]
[parser_config_file: ]
[objective_seed: 5]
[num_class: 1]
[is_unbalance: 0]
[scale_pos_weight: 1]
[sigmoid: 1]
[boost_from_average: 1]
[reg_sqrt: 0]
[alpha: 0.9]
[fair_c: 1]
[poisson_max_delta_step: 0.7]
[tweedie_variance_power: 1.5]
[lambdarank_truncation_level: 30]
[lambdarank_norm: 1]
[label_gain: ]
[lambdarank_position_bias_regularization: 0]
[eval_at: ]
[multi_error_top_k: 1]
[auc_mu_weights: ]
[num_machines: 1]
[local_listen_port: 12400]
[time_out: 120]
[machine_list_filename: ]
[machines: ]
[gpu_platform_id: -1]
[gpu_device_id: -1]
[gpu_use_dp: 0]
[num_gpu: 1]

end of parameters

pandas_categorical:[["korean"], ["vcv"], ["cv", "cv_head", "mono", "vcv", "vv"], ["cv", "cv_glide", "cv_head", "cv_head_glide", "mono", "vcv", "vv"], ["other", "plosive", "sibilant", "sonorant"], ["unknown", "voiced", "voiceless"], ["none"], ["a", "e", "eo", "eu", "eui", "i", "o", "u", "ui", "wa", "we", "weo", "wi", "ya", "ye", "yeo", "yo", "yu"], ["head", "mid", "tail"], ["", "vcv", "vv"], ["", "cv", "cv_head", "vc", "vcv", "vv"], [""], ["unknown"]]
