tree
version=v4
num_class=1
num_tree_per_iteration=1
label_index=0
max_feature_idx=74
objective=regression_l1
feature_names=language format_type alias_type alias_group row_index_in_wav row_ratio_in_wav is_head_row is_tail_row wav_duration_ms base_offset base_cons base_cutoff_abs base_pre base_ovl base_cons_gap base_cut_gap base_ovl_ratio curr_phone_start_ms curr_phone_end_ms curr_phone_len_ms curr_vowel_start_ms curr_vowel_end_ms curr_vowel_len_ms syllable_start_ms syllable_end_ms syllable_len_ms prev_phone_gap_ms next_phone_gap_ms expected_anchor_ms base_offset_to_expected_ms base_pre_to_expected_ms base_cutoff_to_next_anchor_ms energy_mean energy_min energy_max energy_slope_pre energy_slope_post valley_energy valley_dist_from_cutoff_ms db_mean db_min db_silence_ratio f0_voicing_mean f0_voicing_near_pre zcr_mean spectral_flux_mean onset_class voicing_class is_tense is_diphthong coda_type vowel_class mora_position bridge_type is_nasal_or_sonorant prev_alias_type next_alias_type prev_base_pre next_base_pre prev_base_offset next_base_offset prev_base_cutoff_abs next_base_cutoff_abs mapping_confidence used_alias_occurrence_mapping used_exact_vowel_fix used_nuclei_fallback used_alias_based_syllables words_vs_alias_score_margin jump_blocked_flag mapping_reason_code local_peak_db local_valley_db mel_window_energy_mean mel_window_silence_ratio
feature_infos=none none -1:1:3:0:2 -1:3:2:5:1:4:0 [0:16] [0:1] [0:1] [0:1] [3120:7166.5079365079364] [0:4555.8900000000003] [141.41:454.69] [275.38:5067.3000000000002] [48.490000000000002:331.79000000000002] [8.3300000000000001:254.03] [79.279999999999987:161.70999999999998] [49.29000000000002:216.19] [0.1058046487996951:0.95913180296122957] [0:4770] [110:6050] [10:2510] [0:4770] [0:6050] [0:2510] [0:4100] [470:6393.2200000000003] [90:5930] none none [0:4770] [-343.79000000000002:36.419999999999959] [-19.349999999999909:337.00999999999999] [-337.16000000000008:2277.4099999999999] [0.35802370996828542:1] [0:1] [0.4846922111787712:1] [-0.67683684056131355:1] [-0.52843924000837106:0.96660618743171955] [0:1] [0.038911564625891501:375.3214058956919] [-36.843429140065822:-8.1115021538819665] [-85.909353932085665:-10.373942349188429] [0:0.29729729729729731] [0.52921292313282087:1] [0:1] [0.0093563935355826001:0.2078253473206691] [0:0.057246312996616498] -1:1:3:2:0 -1:1:2:0 [0:1] [0:1] none -1:10:0:13:15:14:12:6:1:16:17:2:7:9:5:11:8 -1:0:1:2 -1:0:1 [0:1] -1:0:4:2:5:1 none [0:336.80000000000001] [0:383.33999999999997] [0:4572.6700000000001] [0:4383.6800000000003] [0:5060.4099999999999] [0:5022.4400000000005] [0.7200984478274316:0.99259504915113839] none [0:1] none none [-34.322000000000003:5537.0230000000001] none none [-36.843429140065822:-8.1115021538819665] [-85.909353932085665:-10.373942349188429] [0.35802370996828542:1] [0:0.29729729729729731]
tree_sizes=2627 2755 2745 2715 2729 2741 2732 2735 2769 2744 2737 2748 2741 2738

Tree=0
num_leaves=31
num_cat=1
split_feature=22 8 15 22 31 8 25 14 45 22 38 21 47 12 23 14 15 13 42 42 29 42 14 17 14 30 30 31 13 13
split_gain=356.678 85.8002 67.7205 64.8943 54.5714 53.4067 42.6745 33.2945 17.2187 16.3219 13.9294 13.626 12.6188 12.2784 12.1737 11.7333 9.83268 9.14286 7.86047 7.74652 7.68008 10.1185 6.54935 4.44057 3.47607 3.12121 3.01889 4.32731 1.0386 0.896703
threshold=315.00000000000006 4125.8956916099787 183.98000000000002 175.00000000000003 59.200000000000024 4595.2607709750582 3115.0000000000005 115.60500000000003 0.01930111493013795 375.00000000000006 248.72981859410436 625.00000000000011 0 173.70500000000001 505.00000000000006 102.81500000000001 133.58000000000001 59.650000000000006 0.94383216344433929 0.93683542635590833 -151.46999999999994 0.98286674707063149 96.530000000000015 175.00000000000003 101.325 -6.6350000000000042 4.3700000000000054 183.12500000000003 36.07500000000001 47.685000000000009
decision_type=2 2 2 2 2 2 2 2 2 2 2 2 1 2 2 2 2 2 2 2 2 2 2 2 2 2 2 2 2 2
left_child=1 -1 5 19 20 6 8 11 13 14 17 12 23 24 -7 -10 28 -6 -14 -3 25 -22 -21 -8 -2 -5 -11 -28 -13 -29
right_child=2 3 -4 4 10 9 7 -9 15 26 -12 16 18 -15 -16 -17 -18 -19 -20 22 21 -23 -24 -25 -26 -27 27 29 -30 -31
leaf_value=39.764248561859134 42.400748538970944 45.912498474121094 39.907998561859131 42.08324856758118 43.261998558044432 44.986998367309567 45.275998687744142 42.669248533248904 44.599998474121094 46.625998687744143 42.428748559951785 44.854748535156247 43.915998458862305 43.390498542785643 43.412498474121094 43.216498565673831 44.297998619079593 43.715998554229735 43.186998558044436 42.963998603820798 42.617498588562015 41.451248550415038 44.136248588562012 44.207998466491702 42.294248580932617 38.975998497009279 44.846248435974118 46.506998443603514 45.145498466491702 47.905498886108397
leaf_weight=264 40 50 75 44 56 69 48 46 48 117 64 40 43 53 47 40 45 56 43 40 61 58 44 59 42 103 66 40 74 51
leaf_count=264 40 50 75 44 56 69 48 46 48 117 64 40 43 53 47 40 45 56 43 40 61 58 44 59 42 103 66 40 74 51
internal_value=43.3496 43.3251 43.3685 43.3359 43.3267 43.3719 43.3628 43.3726 43.3453 43.3864 43.3483 43.3778 43.3689 43.3341 43.3707 43.3625 43.3887 43.3589 43.3546 43.3664 43.3124 43.3218 43.3571 43.3804 43.3219 43.3048 43.3931 43.3885 43.3965 43.3956
internal_weight=1926 840 1086 576 442 1011 621 398 223 390 176 352 193 135 116 88 159 112 86 134 266 119 84 107 82 147 274 157 114 91
internal_count=1926 840 1086 576 442 1011 621 398 223 390 176 352 193 135 116 88 159 112 86 134 266 119 84 107 82 147 274 157 114 91
cat_boundaries=0 1
cat_threshold=2
is_linear=0
shrinkage=1


Tree=1
num_leaves=31
num_cat=1
split_feature=22 8 15 8 22 31 45 44 14 22 21 42 51 40 44 42 31 21 8 21 58 33 58 33 31 23 30 33 12 21
split_gain=322.976 86.0236 53.3138 53.2463 46.8006 77.4774 42.9868 21.0608 17.4521 15.6467 15.4747 27.2951 14.1247 13.6744 12.1763 10.9512 10.5941 10.3336 9.63184 9.50484 9.4297 7.28375 4.23982 5.63631 1.91244 1.5458 1.33878 1.09206 0.272 0.235052
threshold=315.00000000000006 4083.3560090702949 183.98000000000002 4595.2607709750582 165.00000000000003 74.429999999999993 0.018633727394703304 0.025092146299971602 107.54500000000003 375.00000000000006 805.00000000000011 0.98183857267145169 0 -21.131185332449686 0.036716756450240952 0.93683542635590833 99.019999999999996 595.00000000000011 4385.0566893424048 535.00000000000011 211.76000000000002 0.31047082912159613 178.21000000000001 0.53896181968991408 43.27999999999998 615.00000000000011 9.8349999999999671 0.15163648214059128 152.77000000000001 835.00000000000011
decision_type=2 2 2 2 2 2 2 2 2 2 2 2 9 2 2 2 2 2 2 2 2 2 2 2 2 2 2 2 2 2
left_child=1 26 3 6 15 10 12 -8 17 20 11 21 16 18 -7 -3 -2 19 -14 -9 -5 -6 28 25 -13 -24 -1 -12 -11 -19
right_child=2 4 -4 9 5 14 7 8 -10 22 27 24 13 -15 -16 -17 -18 29 -20 -21 -22 -23 23 -25 -26 -27 -28 -29 -30 -31
leaf_value=-3.2617123937606816 -1.3690249156951904 2.5233749389648441 -2.5093999266624452 1.5551498985290531 -0.26629984855651861 -0.45643737077713031 -0.19561236858367936 0.98400001525878911 0.15920000076293947 4.4007000350952152 -5.5150874805450449 -1.9303124260902405 0.070068737268447742 -0.65553738117218008 0.61040013313293473 0.14130011558532729 -0.0072123527526855476 1.6722627258300784 1.3802876472473145 1.0188751125335693 0.093012552261352618 0.096625032424926621 2.3007126903533939 1.321687517166138 -0.89359995841979978 2.1226500320434574 -3.6072124338150027 -1.9827999281883242 3.2109501266479494 2.3266811609268188
leaf_weight=205 53 50 72 59 50 48 40 47 73 85 86 60 58 43 75 77 61 57 71 74 52 53 54 45 46 59 40 40 40 40
leaf_count=205 53 50 72 59 50 48 40 47 73 85 86 60 58 43 75 77 61 57 71 74 52 53 54 45 46 59 40 40 40 40
internal_value=-2.6137e-05 -0.023494 0.0179594 0.0209199 -0.0130769 -0.020524 0.0117504 0.0240181 0.0286942 0.0352792 -0.0329851 -0.0246411 -0.00244755 0.00659341 0.0134146 0.0137795 -0.0153226 0.0357798 0.0151163 0.0260331 0.0193694 -0.00631068 0.0415194 0.0360759 -0.0424528 0.0420354 -0.0483673 -0.0468254 0.0484 0.0479381
internal_weight=1913 830 1083 1011 585 458 617 331 291 394 335 209 286 172 123 127 114 218 129 121 111 103 283 158 106 113 245 126 125 97
internal_count=1913 830 1083 1011 585 458 617 331 291 394 335 209 286 172 123 127 114 218 129 121 111 103 283 158 106 113 245 126 125 97
cat_boundaries=0 1
cat_threshold=214560
is_linear=0
shrinkage=0.05


Tree=2
num_leaves=31
num_cat=0
split_feature=22 8 15 25 22 31 8 23 22 11 31 25 23 36 9 42 14 44 45 14 36 35 43 11 25 44 45 22 22 21
split_gain=339.855 74.2235 52.7922 58.0558 50.2577 55.288 36.6125 29.6188 29.3224 16.9685 16.8199 17.0777 15.8348 12.9275 12.8116 18.7452 12.7149 10.7432 9.36234 7.89151 7.29114 4.47831 4.2663 3.60817 2.90865 2.54894 2.45 1.24871 0.720154 0.578571
threshold=315.00000000000006 4125.8956916099787 149.39500000000004 3115.0000000000005 165.00000000000003 72.270000000000024 4592.9138321995479 245.00000000000003 385.00000000000006 420.65000000000009 110.24000000000005 4034.1250000000005 615.00000000000011 0.038281477229630052 545.78500000000008 0.98183857267145169 121.41000000000001 0.037567337680748457 0.020666696076505453 97.860000000000014 0.038281477229630052 0.014100515076407302 0.98793595872199036 458.14000000000004 4155.8500000000013 0.017153388148568153 0.019624094194276905 345.00000000000006 175.00000000000003 1505.0000000000002
decision_type=2 2 2 2 2 2 2 2 2 2 2 2 2 2 2 2 2 2 2 2 2 2 2 2 2 2 2 2 2 2
left_child=1 25 3 6 13 14 9 10 -4 -2 11 -5 16 -3 15 18 21 -7 -6 -12 22 -9 -11 -17 -21 -1 -13 -23 -27 -16
right_child=2 4 8 7 5 17 -8 12 -10 20 19 26 -14 -15 29 23 -18 -19 -20 24 -22 27 -24 -25 -26 28 -28 -29 -30 -31
leaf_value=-2.4043768103122716 0.72130008697509784 -0.071321216106414551 -3.6599143362045292 0.85787610387802116 0.16805010485649119 -0.45461550605297102 1.9667244563102724 1.9643926782608034 0.52836101359128962 -0.23552836400270466 0.69750001907348647 -0.66499399495124834 1.0593050155639649 1.6257352013587956 -4.252640199959278 -0.71206996226310748 1.2633650894165038 0.51388014173507701 -0.26998486375808711 1.3454463944435122 -0.059219244241714368 1.0718927545547488 -1.6064174308776857 -2.0061033692955976 0.83748674318194372 -4.2178518445491795 -0.055309939384460452 2.5052084109783177 -3.2243518025875093 -6.2340456118583685
leaf_weight=40 40 54 45 50 46 54 48 45 78 47 69 40 56 73 72 40 44 70 45 64 59 68 52 76 40 41 40 202 187 40
leaf_count=40 40 54 45 50 46 54 48 45 78 47 69 40 56 73 72 40 44 70 45 64 59 68 52 76 40 41 40 202 187 40
internal_value=-0.00101299 -0.0249403 0.0174333 0.0213693 -0.0147368 -0.0226862 0.000406504 0.0285515 -0.0134146 -0.00909091 0.0166667 0.00307692 0.0372289 0.0129921 -0.0336991 -0.0263285 0.0410864 0.00564516 -0.00934066 0.0268786 -0.0164557 0.0446032 -0.0247475 -0.0396552 0.0355769 -0.0466418 -0.01125 0.047037 -0.0486842 -0.0473214
internal_weight=1925 838 1087 964 570 443 246 718 123 198 303 130 415 127 319 207 359 124 91 173 158 315 99 116 104 268 80 270 228 112
internal_count=1925 838 1087 964 570 443 246 718 123 198 303 130 415 127 319 207 359 124 91 173 158 315 99 116 104 268 80 270 228 112
is_linear=0
shrinkage=0.05


Tree=3
num_leaves=31
num_cat=1
split_feature=22 8 15 25 38 9 22 31 8 22 17 31 20 33 62 44 31 15 9 62 43 48 47 32 25 60 43 29 25 40
split_gain=316.043 74.8332 60.7709 54.2536 50.1614 36.1134 34.9898 39.6296 25.788 23.0062 17.193 14.2357 14.1967 12.988 12.5603 12.381 11.4543 9.8 9.072 8.33333 7.99258 7.85979 7.7649 7.12022 6.07843 5.06144 4.6391 3.50948 3.49091 2.45
threshold=315.00000000000006 4083.3560090702949 149.39500000000004 3115.0000000000005 20.721043083900273 149.17500000000004 175.00000000000003 74.429999999999993 4592.9138321995479 385.00000000000006 645.00000000000011 106.53500000000001 685.00000000000011 0.46821000372636701 1822.3100000000002 0.039268500141763509 -185.57499999999996 191.48000000000002 49.385000000000005 1573.7150000000004 0.99046309414685296 1.0000000180025095e-35 0 0.89457245727509849 905.00000000000011 406.19500000000005 0.96303363716114221 -95.57999999999997 2755.0000000000005 -29.642299984366222
decision_type=2 2 2 2 2 2 2 2 2 2 2 2 2 2 2 2 2 2 2 2 2 2 1 2 2 2 2 2 2 2
left_child=1 27 3 8 -3 11 16 10 13 -4 20 25 26 22 19 -9 -6 -11 -13 -14 21 -8 -2 29 -24 -5 -7 -1 -22 -20
right_child=2 4 9 5 6 12 7 15 -10 17 -12 18 14 -15 -16 -17 -18 -19 23 -21 28 -23 24 -25 -26 -27 -28 -29 -30 -31
leaf_value=-3.0839091992020613 -0.43481176563501339 -4.3723433312654496 -3.2529341996908188 0.45221473261117923 0.01226217701435104 2.6036624643385409 0.15646634594202063 -0.2417806013137101 1.8285596385717391 0.93241863420307658 -3.5604730355903507 1.2826227035880091 1.1285477844297886 -1.18714160220623 1.7485959299921987 0.58401738460063923 2.2693459034204486 -1.3413479633659122 1.7630805330634118 0.020984815585613249 -0.67646646414995204 -0.62448565108776077 1.5667288361132146 -0.04027845269441635 -0.01943772702068074 -0.38504442334175126 1.3990435607731344 -2.2381592011094096 -1.2771594370454551 0.65066533901765933
leaf_weight=217 48 87 43 40 60 224 45 54 44 40 80 50 48 58 60 58 62 40 40 50 40 57 40 45 62 45 60 40 48 40
leaf_count=217 48 87 43 40 60 224 45 54 44 40 80 50 48 58 60 58 62 40 40 50 40 57 40 45 62 45 60 40 48 40
internal_value=-0.000753247 -0.0235849 0.0172238 0.0214885 -0.0137902 0.0286325 -0.0077381 -0.0151832 0.0015873 -0.0158537 -0.0255556 0.0138462 0.0373303 -0.00576923 0.0253165 0.00982143 0.0155738 0 0.022 0.0142857 -0.0173684 -0.00784314 0.002 0.0148 0.00980392 -0.00294118 0.0440141 -0.0461089 -0.0284091 0.02375
internal_weight=1925 848 1077 954 591 702 504 382 252 123 270 260 442 208 158 112 122 80 175 98 190 102 150 125 102 85 284 257 88 80
internal_count=1925 848 1077 954 591 702 504 382 252 123 270 260 442 208 158 112 122 80 175 98 190 102 150 125 102 85 284 257 88 80
cat_boundaries=0 1
cat_threshold=4
is_linear=0
shrinkage=0.05


Tree=4
num_leaves=31
num_cat=0
split_feature=8 31 19 31 38 8 14 42 11 42 36 44 25 29 45 43 11 19 15 44 23 17 24 71 19 14 25 23 71 32
split_gain=265.981 118.997 84.5369 51.3362 41.6521 28.5659 21.728 20.3047 16.9941 15.9905 18.5229 14.2838 12.6157 13.8075 12.1624 10.4915 10.4189 9.63158 8.75081 8.07424 7.84319 6.06532 5.82319 6.47568 4.97776 6.93512 4.97099 3.15746 2.93541 2.27585
threshold=4005.3174603174607 101.93000000000002 175.00000000000003 72.270000000000024 182.05965986394565 4526.8934240362823 91.685000000000002 0.97720478436837876 930.34000000000003 0.92552696971547632 0.079069530443223762 0.026793308760986602 3854.005000000001 -150.95499999999998 0.024008252967490852 0.97244221649722551 720.06500000000005 24.99999999999989 118.45 0.029912106606180853 245.00000000000003 245.00000000000003 4055.0000000000005 -17.689226264802834 325.00000000000006 99.440000000000012 3425.0000000000005 185.00000000000003 -14.659927425422188 0.94552018862634923
decision_type=2 2 2 2 2 2 2 2 2 2 2 2 2 2 2 2 2 2 2 2 2 2 2 2 2 2 2 2 2 2
left_child=16 2 4 14 -2 7 -5 22 21 12 11 -11 13 -6 15 -4 -1 -13 -9 -10 -12 -7 -3 -24 25 -8 -20 -17 -14 -19
right_child=1 5 3 6 9 8 24 18 19 10 20 17 28 -15 -16 27 -18 29 26 -21 -22 -23 23 -25 -26 -27 -28 -29 -30 -31
leaf_value=-1.3956075098472835 -3.773262843064852 0.55966760114252556 -0.80839164343118675 0.62376353241451088 -0.075366735859886097 1.5780112773033979 -0.51462697543248537 0.95960121944528076 1.4500016900853812 0.85798019370481393 0.11308552715957135 0.65024296576470142 1.5719488598367573 2.6935822501677276 -4.7716398814163359 -1.3737539570009709 -2.9564700282472374 -0.74878055375352481 -0.49103679733045419 0.051940980890244154 2.1156273293735088 2.4379652296563985 0.766207601002455 1.1637060762903093 -0.72797486140728018 0.14846852241665101 0.022774626675247947 -1.7750213923892382 2.3390759770566225 -0.49967059928692897
leaf_weight=42 58 57 68 72 49 57 40 52 40 48 45 41 41 43 84 57 246 43 41 48 66 190 41 55 53 52 43 52 63 40
leaf_count=42 58 57 68 72 49 57 40 52 40 48 45 41 41 43 84 57 246 43 41 48 66 190 41 55 53 52 43 52 63 40
internal_value=-0.000129735 0.00765711 -0.0029064 -0.0182008 0.0107076 0.0248397 -0.000230415 0.0133218 0.0347761 0.0155532 0.00795053 -0.00232558 0.0265306 0.0130435 -0.0331418 -0.0257062 -0.0444444 -0.0112903 -0.000735294 0.0159091 0.0238739 0.041498 0.025817 0.0333333 -0.0113793 -0.00434783 -0.0107143 -0.0353211 0.0384615 -0.0210843
internal_weight=1927 1639 1015 478 537 624 217 289 335 479 283 172 196 92 261 177 288 124 136 88 111 247 153 96 145 92 84 109 104 83
internal_count=1927 1639 1015 478 537 624 217 289 335 479 283 172 196 92 261 177 288 124 136 88 111 247 153 96 145 92 84 109 104 83
is_linear=0
shrinkage=0.05


Tree=5
num_leaves=31
num_cat=1
split_feature=22 8 10 8 38 29 25 41 22 22 8 42 40 47 11 31 40 71 71 40 38 25 32 33 25 25 35 24 11 71
split_gain=296.905 74.014 47.9517 48.7935 47.7507 42.5767 35.1672 18.0664 16.7875 16.5578 16.516 13.1128 12.0927 11.8778 11.6272 10.5029 9.26916 9.08667 8.89645 8.72626 7.73984 6.75208 6.63753 5.73143 5.62616 4.94422 4.55744 4.05254 3.32351 2.61224
threshold=315.00000000000006 4083.3560090702949 337.42500000000007 4605.9523809523816 20.721043083900273 -141.095 3005.0000000000005 0.019803921568627456 95.000000000000014 350.00000000000017 4353.7981859410438 0.93211495273707545 -39.669163472977417 0 930.34000000000003 75.485000000000028 -25.384591186125636 -20.93709253500424 -15.347668819529655 -21.670692239309762 246.12555555555562 2085.0000000000005 0.91120656226092211 0.063412630574423659 4089.1250000000005 4129.920000000001 0.12156108751566116 4165.0000000000009 731.43000000000006 -16.801371109459318
decision_type=2 2 2 2 2 2 2 2 2 2 2 2 2 1 2 2 2 2 2 2 2 2 2 2 2 2 2 2 2 2
left_child=1 28 3 6 -3 12 10 8 -7 -5 22 23 -6 19 26 24 -12 -16 -15 25 -14 -22 -2 -8 -10 27 -11 -13 -1 -25
right_child=2 4 -4 9 5 7 11 -9 15 14 16 13 20 18 17 -17 -18 -19 -20 -21 21 -23 -24 29 -26 -27 -28 -29 -30 -31
leaf_value=-1.5275771319409313 -0.12342718316513662 -3.8953027345743636 -2.9331244009587971 0.10558925432532291 -4.5608079026043091 1.5358089411218319 0.83283889704306435 1.1817348656728546 -1.0731672258510145 2.3238821595159744 0.71006050181885072 0.91509050626406074 -0.063292199980398686 -0.53536707093575975 1.1690403632082718 0.13371659130173158 -0.42796725834329052 1.087463435275525 0.45401021511872097 0.08823210113482248 -0.49450539249998332 -1.2385984305381443 -1.8281844898486135 0.78952783215683664 -0.12151363213364218 0.24925565870666608 2.8846993701167856 1.3589000251425802 -2.8158902530883854 1.5034995610587563
leaf_weight=40 42 82 74 49 44 44 48 48 61 74 75 47 47 40 79 73 68 42 54 42 41 79 41 49 48 42 158 45 219 49
leaf_count=40 42 82 74 49 44 44 48 48 61 74 75 47 47 40 79 73 68 42 54 42 41 79 41 49 48 42 158 45 219 49
internal_value=-0.000874486 -0.0236077 0.0159213 0.0186782 -0.0134921 -0.00752577 0.0101246 0.00547445 -0.000442478 0.0323383 -0.00575221 0.01875 -0.0244076 0.0122222 0.036119 -0.00714286 0.00454545 0.0235537 -0.00212766 0.0198864 -0.0182635 -0.025 -0.023494 0.0308219 -0.0169725 0.0261194 0.0426724 0.0326087 -0.0457529 0.0377551
internal_weight=1944 826 1118 1044 567 485 642 274 226 402 226 416 211 270 353 182 143 121 94 176 167 120 83 146 109 134 232 92 259 98
internal_count=1944 826 1118 1044 567 485 642 274 226 402 226 416 211 270 353 182 143 121 94 176 167 120 83 146 109 134 232 92 259 98
cat_boundaries=0 1
cat_threshold=2
is_linear=0
shrinkage=0.05


Tree=6
num_leaves=31
num_cat=2
split_feature=22 28 15 22 24 38 38 22 71 42 47 65 14 62 40 47 23 16 11 33 58 32 9 62 71 32 35 38 32 33
split_gain=254.853 94.2073 42.7514 40.2621 33.725 30.5124 26.3177 23.0348 22.0162 17.8193 18.8776 16.2964 14.3321 14.5362 14.1029 11.8788 11.553 12.2594 10.1879 10.1654 9.58418 8.93332 8.43108 7.80091 6.63472 4.89253 2.17617 1.98738 2.50345 1.62769
threshold=330.00000000000017 505.00000000000006 149.39500000000004 125.00000000000001 3545.0000000000005 182.05965986394565 245.93281179138327 415.00000000000006 -13.432790602607492 0.91536068098386181 0 1.0000000180025095e-35 111.155 1041.2450000000001 -21.854307931496727 1 245.00000000000003 0.41018505076772027 930.34000000000003 0.52273461867040449 210.05000000000004 0.93065542561896375 85.38000000000001 1429.0850000000003 -15.386324135726037 0.924956085331752 0.49264496528463581 182.05965986394565 0.71543629311861812 0.29384384734154784
decision_type=2 2 2 2 2 2 2 2 2 2 1 2 2 2 2 1 2 2 2 2 2 2 2 2 2 2 2 2 2 2
left_child=1 5 4 -3 14 -1 19 -4 27 18 16 -12 13 20 15 -2 17 -11 26 -7 -8 -18 -22 -17 -14 -15 -6 -5 -29 -30
right_child=2 3 7 8 9 6 12 -9 -10 10 11 -13 24 25 -16 23 21 -19 -20 -21 22 -23 -24 -25 -26 -27 -28 28 29 -31
leaf_value=-1.4875926147539122 -0.27242295121302823 0.0010549548239172425 -2.0822823215819652 -3.8830958281720029 2.5090882595859521 0.91857358392509691 0.62045826395574799 1.1169219284767402 -0.26032618995385842 1.5625351140182822 -0.27853907500239716 1.2270577256016297 -0.55951471865464519 0.51010795508195006 -0.51849751837242886 0.18831463959650102 1.594627251135136 0.017837395217582677 0.90535953306438166 0.029897965226134107 -0.070163388125329004 1.7760930509837878 -0.6198886335421343 2.040706742947012 -1.1630848052552136 0.012426153706704569 1.8307983563427532 -2.5995951591098656 -2.430094524380003 -2.5355944595301496
leaf_weight=67 40 71 52 125 135 72 40 57 40 72 56 40 48 61 56 63 117 62 40 42 57 40 76 47 41 46 41 40 117 75
leaf_count=67 40 71 52 125 135 72 40 57 40 72 56 40 48 61 56 63 117 62 40 42 57 40 76 47 41 46 41 40 117 75
internal_value=-0.000258264 -0.0174853 0.0188453 -0.0339744 0.0228059 -0.00345455 0.000931677 -0.0105505 -0.0401763 0.0287728 0.0223514 0.003125 -0.00555556 0 0.00533981 0.0133333 0.0286942 0.0179104 0.0402778 0.0219298 -0.00895954 0.0378981 -0.0154135 0.0218182 -0.0230337 0.014486 0.0454545 -0.0441176 -0.0413793 -0.04375
internal_weight=1936 1018 918 468 809 550 483 109 397 603 387 96 369 280 206 150 291 134 216 114 173 157 133 110 89 107 176 357 232 192
internal_count=1936 1018 918 468 809 550 483 109 397 603 387 96 369 280 206 150 291 134 216 114 173 157 133 110 89 107 176 357 232 192
cat_boundaries=0 1 2
cat_threshold=2 4
is_linear=0
shrinkage=0.05


Tree=7
num_leaves=31
num_cat=0
split_feature=22 8 15 8 38 25 14 48 22 22 9 15 45 11 30 42 11 14 8 39 38 43 9 32 38 23 16 58 32 32
split_gain=268.659 55.0438 54.7044 49.8625 42.8353 36.5256 32.9254 33.6021 32.9152 32.195 24.5089 17.7767 14.8029 12.0073 12.5473 10.6056 9.81946 9.16721 8.06887 8.06514 8.03922 7.19279 7.05333 6.6429 4.68236 3.83576 3.15902 3.58762 1.82222 0.476793
threshold=300.00000000000017 4171.7006802721107 195.90500000000003 4589.0136054421773 20.721043083900273 3115.0000000000005 115.36500000000001 1.0000000180025095e-35 345.00000000000006 185.00000000000003 565.96500000000003 165.76000000000008 0.017806653644753052 937.55500000000018 5.9650000000000185 0.98286674707063149 453.62000000000006 104.02499999999999 4372.6417233560105 -13.319692297078483 249.65781179138327 0.98760348708071732 139.70500000000001 0.89785198198724514 247.60178004535149 255.00000000000003 0.60159847319457549 235.34000000000003 0.88560205571219386 0.86494278227931787
decision_type=2 2 2 2 2 2 2 2 2 2 2 2 2 2 2 2 2 2 2 2 2 2 2 2 2 2 2 2 2 2
left_child=1 26 3 5 -3 12 7 19 -5 23 15 13 18 25 -15 20 -17 -14 -2 21 -11 22 24 -6 -7 -10 27 -1 -21 -27
right_child=2 4 -4 8 9 6 -8 -9 11 10 -12 -13 17 14 -16 16 -18 -19 -20 28 -22 -23 -24 -25 -26 29 -28 -29 -30 -31
leaf_value=-2.5786785031046602 -1.0679988825100211 -3.6607062384961049 -3.9082135211978297 -0.076837106065712577 1.4505142310990624 1.1838626857005214 -0.63865997090203097 -0.1738685342877524 1.9461393991633582 0.2641532805710437 -2.9537197853381181 0.030593801607978224 1.0550609282125503 1.6092672227632023 0.32131954314478756 -0.026412510994739513 -1.0259373410256312 -0.21266453087303017 -0.36148774245309989 0.90474025816182757 -0.64881094754406277 0.30896679464692839 1.3471888194036046 -0.00048797736445287403 0.42538046480608166 2.416159803814669 -2.9154735432975372 -2.5217153824042411 0.97685973321848862 3.0441213744539448
leaf_weight=158 63 77 46 60 74 42 53 62 43 79 78 41 69 65 47 40 54 50 79 40 51 79 50 47 58 79 41 50 41 113
leaf_count=158 63 77 46 60 74 42 53 62 43 79 78 41 69 65 47 40 54 50 79 40 51 79 50 47 58 79 41 50 41 113
internal_value=-0.000544323 -0.0239653 0.014322 0.0164903 -0.0144 0.00801749 0.0170588 0.0223118 0.0294643 -0.00815603 -0.0168874 0.0347938 -0.00670498 0.0384726 0.025 -0.00848214 -0.0212766 0.00630252 -0.0176056 0.0290323 0.000769231 0.0242358 0.0306667 0.0136364 0.023 0.0448936 -0.0431727 -0.0456731 0.0425926 0.0479167
internal_weight=1929 749 1180 1134 500 686 425 372 448 423 302 388 261 347 112 224 94 119 142 310 130 229 150 121 100 235 249 208 81 192
internal_count=1929 749 1180 1134 500 686 425 372 448 423 302 388 261 347 112 224 94 119 142 310 130 229 150 121 100 235 249 208 81 192
is_linear=0
shrinkage=0.05


Tree=8
num_leaves=31
num_cat=1
split_feature=22 8 15 8 38 22 62 68 14 48 51 14 23 43 39 41 15 44 32 18 15 20 17 43 42 60 8 30 44 33
split_gain=263.207 59.4116 45.7245 47.1039 39.2641 33.5737 27.2189 24.4587 31.2628 19.7398 17.8262 12.2595 13.436 17.5089 12.2488 11.2745 10.5367 10.1833 11.743 9.61329 10.7545 9.30448 8.51262 7.6832 6.90097 6.5188 5.35565 4.39069 3.36284 2.34822
threshold=300.00000000000017 4083.3560090702949 198.51000000000002 4639.0022675736973 20.721043083900273 350.00000000000017 1528.5850000000003 2677.5740000000005 117.08000000000001 1.0000000180025095e-35 0 108.41000000000001 125.00000000000001 0.9409915678425218 -19.867190631043083 0.045804195804195758 165.76000000000008 0.023390983838956603 0.94323283709763517 615.00000000000011 133.58000000000001 725.00000000000011 225.00000000000003 0.9986424370357857 0.92157572823921308 768.18500000000006 4371.621315192745 10.555000000000009 0.017153388148568153 0.35275131693602296
decision_type=2 2 2 2 2 2 2 2 2 2 9 2 2 2 2 2 2 2 2 2 2 2 2 2 2 2 2 2 2 2
left_child=1 28 3 7 -3 -5 10 15 9 19 23 12 -12 -14 -8 17 21 -2 25 22 29 27 24 -6 -9 -19 -26 -7 -1 -21
right_child=2 4 -4 5 6 16 14 8 -10 -11 11 -13 13 -15 -16 -17 -18 18 -20 20 -22 -23 -24 -25 26 -27 -28 -29 -30 -31
leaf_value=-1.5653433054692369 -1.6355377975805734 -3.47500254326838 -4.0186401871567607 -0.15274408159777836 -0.31595577405483904 2.4170389728450434 -3.1128904950423766 1.3267102729835747 -0.82517715655080848 -0.12826775658361883 0.6252962702416186 -0.63046930771865317 0.92765953949528068 -0.32290740398953588 -0.70822902559573286 1.1497516876724567 0.39207795365356513 -0.075052091619697781 -0.96375669948062637 1.4965002021472757 0.43767173972532358 0.8295018656907438 -0.024843254619202428 -0.97501533391139228 0.55745251269856999 1.6022598324642072 0.17633318986386223 2.4667473360295831 -2.5868699371132977 1.1992262318337823
leaf_weight=40 58 78 41 54 61 205 55 41 48 67 42 42 73 65 40 41 41 76 43 53 47 77 44 41 48 57 68 40 214 54
leaf_count=40 58 78 41 54 61 205 55 41 48 67 42 42 73 65 40 41 41 76 43 53 47 77 44 41 48 57 68 40 214 54
internal_value=-0.000409417 -0.0236352 0.0140898 0.0159208 -0.0135815 0.0293765 -0.0075179 0.00838926 0.0153191 0.0196682 -0.000617284 0.00732759 0.0133333 0.0057971 -0.0310526 -0.00345455 0.0348485 -0.00769231 -0.00170455 0.0243662 0.0337662 0.0378882 0.0171642 -0.0169643 0.0226115 0.0056391 0.0163793 0.0426531 -0.0433071 0.0425234
internal_weight=1954 751 1203 1162 497 417 419 745 470 422 324 222 180 138 95 275 363 234 176 355 154 322 201 102 157 133 116 245 254 107
internal_count=1954 751 1203 1162 497 417 419 745 470 422 324 222 180 138 95 275 363 234 176 355 154 322 201 102 157 133 116 245 254 107
cat_boundaries=0 1
cat_threshold=70276
is_linear=0
shrinkage=0.05


Tree=9
num_leaves=31
num_cat=3
split_feature=8 31 38 46 51 8 23 5 41 48 35 43 39 11 63 47 20 31 11 44 58 19 25 33 40 58 68 8 42 36
split_gain=232.189 104.476 66.13 45.5442 37.852 24.3753 21.6713 18.3888 15.9916 14.7187 14.2043 13.7446 13.001 12.8919 12.0015 11.7378 8.65171 8.25 8.19822 8.12773 7.5956 7.48082 11.6178 6.77807 6.33535 6.20461 5.07329 4.70471 4.2908 2.98225
threshold=4005.3174603174607 150.72000000000006 14.900997732426335 0 1 4490.351473922904 215.00000000000003 0.15476190476190474 0.07029898690387941 1.0000000180025095e-35 0.63377378369258164 0.99595309993957615 -18.310152057770903 449.72500000000008 0.77107055958414394 2 725.00000000000011 94.815000000000012 720.06500000000005 0.04890842075418201 213.19500000000002 75.000000000000014 4089.1250000000005 0.49965140964413807 -23.478892776888454 218.32500000000002 3498.1620000000007 4472.9931972789118 0.93988213296799938 0.14462064398515312
decision_type=2 2 2 1 9 2 2 2 2 2 2 2 2 2 2 1 2 2 2 2 2 2 2 2 2 2 2 2 2 2
left_child=18 2 23 9 6 14 13 -8 10 20 11 12 26 19 -3 -13 -7 25 -1 -5 -4 -14 -23 -2 -24 -17 -6 -27 -15 -20
right_child=1 5 3 4 8 16 7 -9 -10 -11 -12 15 21 28 -16 17 -18 -19 29 -21 -22 22 24 -25 -26 27 -28 -29 -30 -31
leaf_value=-0.83004039746908909 -3.8180840022844635 -0.23410615847275143 0.19979708783492089 0.59282749457309514 0.016535656540579247 2.3331646164368958 1.5101260718885963 0.53191656346948724 1.6973124916220741 -2.4233097423867536 -1.2677081927000835 -0.5863027969119976 1.3242178085113261 0.010719794423214246 0.88432711907435779 -0.89105699537366501 1.1241109490840839 0.8729915446364207 -2.4934567610988632 0.031414799337660781 -0.4395248400216909 -0.26698231225301222 0.72117640745690326 -1.3465864351055767 0.34612761167294048 -0.53511167135879489 -0.46008481691227382 0.20093216852462137 -0.21217439916651007 -1.9053136303510403
leaf_weight=42 62 40 42 78 42 173 138 73 40 61 53 57 51 40 48 46 47 44 213 53 78 57 55 44 44 41 40 45 46 41
leaf_count=42 62 40 42 78 42 173 138 73 40 61 53 57 51 40 48 46 47 44 213 53 78 57 55 44 44 41 40 45 46 41
internal_value=-0.00113754 0.00622711 0.000150376 0.00343137 0.00745489 0.0324675 0.0187215 0.0305687 -0.00056 -0.0191099 -0.00269565 -0.000191571 0.00709343 0.00806452 0.0102273 -0.00922747 0.0413636 -0.00284091 -0.0418919 0.0179389 -0.01 0.0137681 0.00833333 -0.0377358 0.0186869 -0.00909091 -0.0097561 -0.00116279 -0.00697674 -0.0452756
internal_weight=1934 1638 1330 1224 1043 308 428 211 615 181 575 522 289 217 88 233 220 176 296 131 120 207 156 106 99 132 82 86 86 254
internal_count=1934 1638 1330 1224 1043 308 428 211 615 181 575 522 289 217 88 233 220 176 296 131 120 207 156 106 99 132 82 86 86 254
cat_boundaries=0 1 2 3
cat_threshold=4 122914 4
is_linear=0
shrinkage=0.05


Tree=10
num_leaves=31
num_cat=3
split_feature=8 38 58 46 57 9 11 23 47 39 38 11 42 33 48 11 33 9 38 38 47 10 14 68 32 42 12 58 36 10
split_gain=226.826 80.8988 65.4402 54.4346 28.9508 22.819 22.5102 30.7673 32.4342 29.2368 16.7932 15.2587 14.6022 13.8496 12.0186 10.1105 9.92306 9.78105 7.47702 7.25953 7.60406 7.17389 6.96889 6.89349 6.08192 6.05042 4.25219 2.9641 1.66678 1.42473
threshold=4005.3174603174607 17.562607709750583 202.41000000000003 0 162.13500000000002 192.44000000000003 395.62500000000006 245.00000000000003 1 -20.16826749317822 287.25261904761902 445.53000000000003 0.99995288619230049 0.49605891904288213 1.0000000180025095e-35 881.16500000000008 0.32213127428762245 362.65500000000003 245.97816326530616 245.93281179138327 2 226.44500000000002 97.630000000000024 487.5750000000001 0.88792965777222688 0.98894058829232734 110.74000000000002 183.28000000000003 0.13225447249088859 243.85000000000005
decision_type=2 2 2 1 2 2 2 2 1 2 2 2 2 2 2 2 2 2 2 2 1 2 2 2 2 2 2 2 2 2
left_child=26 13 4 14 5 -3 18 11 10 -10 25 19 16 -2 24 27 -13 -11 -5 -8 21 -21 -18 -19 -4 29 -1 -7 -28 -9
right_child=1 2 3 6 -6 15 7 8 9 17 -12 12 -14 -15 -16 -17 22 23 -20 20 -22 -23 -24 -25 -26 -27 28 -29 -30 -31
leaf_value=-1.1014166660066926 -4.0555118808775026 0.32416963553913763 -0.013685366792076615 1.6008724184530962 -0.081710358038288439 2.7440019765288084 0.56261260518227052 1.1698151043833931 -2.3299061298188892 0.76107862489652056 0.078614943907368229 0.10802614648017475 -1.004797599975741 -0.77495232546206561 -2.6375361196661 1.2621201667697948 -0.43506523637949179 2.5114708077817269 0.46416473022706128 0.83879265746124121 -0.34611806552814106 -0.15160359231674755 -0.0075574085242584134 -0.13068378134276895 -0.78238509674227774 1.059915407990895 -2.4058388640680324 1.1237867432689168 -1.9863657612063148 1.3398778818365389
leaf_weight=45 64 69 55 52 57 160 45 53 53 47 43 63 69 60 56 73 50 43 74 43 62 40 40 74 48 68 197 48 41 40
leaf_count=45 64 69 55 52 57 160 45 53 53 47 43 63 69 60 56 73 50 43 74 43 62 40 40 74 48 68 197 48 41 40
internal_value=-0.000517598 0.00657975 0.0097377 0.00348837 0.0269042 0.0322857 0.00799794 0.00510204 0.0146081 0.00115207 0.0289216 -0.00461165 -0.0135135 -0.0322581 -0.0227811 0.0386121 -0.00490196 0.0115854 0.0277778 0.00578947 0.000344828 0.010241 -0.0155556 0.00384615 -0.0140777 0.0363354 -0.0418728 0.0442308 -0.0445378 0.0446237
internal_weight=1932 1649 1525 1118 407 350 959 833 421 217 204 412 222 124 159 281 153 164 126 190 145 83 90 117 103 161 283 208 238 93
internal_count=1932 1649 1525 1118 407 350 959 833 421 217 204 412 222 124 159 281 153 164 126 190 145 83 90 117 103 161 283 208 238 93
cat_boundaries=0 1 2 3
cat_threshold=4 2 2
is_linear=0
shrinkage=0.05


Tree=11
num_leaves=31
num_cat=1
split_feature=22 22 15 20 25 47 22 42 43 38 39 40 20 10 36 42 21 42 39 42 39 31 45 32 35 21 12 38 59 19
split_gain=216.333 57.0665 51.7822 46.4235 35.129 33.2954 30.258 20.7581 16.9969 13.0586 12.75 12.6827 11.9265 11.2295 8.84358 7.85646 7.61957 10.3685 6.21931 6.05 5.94118 5.89482 11.4126 9.15136 5.7885 7.20819 5.642 5.38553 4.18447 2.448
threshold=300.00000000000017 135.00000000000003 165.76000000000008 505.00000000000006 4365.0000000000009 0 385.00000000000006 0.99018323716865353 0.80613989635851646 20.721043083900273 -18.310152057770903 -23.891271265363677 275.00000000000006 257.48000000000008 0.047167229509665357 0.90905511528638228 485.00000000000006 0.98286674707063149 -15.183842998498966 0.95434663409207809 -20.349699787266712 67.595000000000013 0.014637456754733852 0.87212105808820628 0.17000498349162282 615.00000000000011 112.56000000000002 250.70871882086175 395.78500000000003 360.00000000000017
decision_type=2 2 2 2 2 1 2 2 2 2 2 2 2 2 2 2 2 2 2 2 2 2 2 2 2 2 2 2 2 2
left_child=1 8 4 9 5 7 -4 12 -1 -3 20 -9 26 29 -10 -12 -11 27 -5 -8 -7 -17 -23 -24 -13 -26 -2 -18 -14 -6
right_child=2 3 6 18 13 10 19 11 14 16 15 24 28 -15 -16 21 17 -19 -20 -21 -22 22 23 -25 25 -27 -28 -29 -30 -31
leaf_value=2.3176946855619627 1.1594404434634973 -1.4264461588373998 -2.8600751147200363 -2.3313488529073929 1.2000738012072045 -0.026506565716738706 1.3307035901464781 0.73427985131368068 -1.4593753775597411 0.13790407653618342 1.0168079193371984 -0.36944487611663385 1.5334257285597435 1.3551947231563624 0.3857073081418273 -0.30555009203960959 0.074157527249257879 -0.83346849425007541 -1.4402988121855 -0.28123965232868858 -0.74867890312659091 -0.13276285072138913 -0.032348637785061744 0.6752868547369637 -0.1132368810144623 1.0220706490680558 0.14725753822171869 -0.40551549418870003 1.1967872615643151 2.7626675118004513
leaf_weight=48 74 44 45 255 40 69 40 77 54 56 50 41 94 57 40 49 73 68 55 40 64 45 42 61 46 40 67 42 40 85
leaf_count=48 74 44 45 255 40 69 40 77 54 56 50 41 94 57 40 49 73 68 55 40 64 45 42 61 46 40 67 42 40 85
internal_value=-0.000184114 -0.0214286 0.0132075 -0.0282462 0.0168588 0.012631 -0.0172 0.0213987 0.00704225 -0.0136042 0.00157895 0.00931373 0.0303636 0.0368132 -0.00531915 0.0082996 -0.00899582 -0.0139344 -0.0416129 0.00125 -0.0109023 0.00380711 0.00878378 0.0179612 -0.000393701 0.00697674 0.0202128 -0.00478261 0.0410448 0.0452
internal_weight=1901 735 1166 593 1041 859 125 479 142 283 380 204 275 182 94 247 239 183 310 80 133 197 148 103 127 86 141 115 134 125
internal_count=1901 735 1166 593 1041 859 125 479 142 283 380 204 275 182 94 247 239 183 310 80 133 197 148 103 127 86 141 115 134 125
cat_boundaries=0 1
cat_threshold=2
is_linear=0
shrinkage=0.05


Tree=12
num_leaves=31
num_cat=2
split_feature=8 22 29 42 47 38 40 38 13 15 12 51 31 62 62 58 30 42 39 62 24 39 48 25 25 45 16 58 10 38
split_gain=206.197 92.1918 51.8337 39.5317 37.3146 33.4613 23.4889 20.1726 18.6506 25.0246 16.5172 15.224 12.9238 12.8042 12.0105 11.4603 10.56 10.401 8.33434 11.2897 9.32227 9.78261 7.00395 6.62081 6.41401 6.04889 4.33819 4.26036 3.47752 2.68941
threshold=4005.3174603174607 345.00000000000006 -144.30499999999998 0.90718676697637235 0 182.05965986394565 -40.501263311210984 240.80577097505673 57.265000000000008 133.58500000000001 111.65000000000002 1 37.860000000000021 1294.7800000000002 1546.8700000000001 212.78500000000003 -7.9999999999998854 0.96345264682865173 -15.828655083327481 946.55000000000007 4355.7800000000016 -19.222804592681307 1.0000000180025095e-35 4131.4950000000017 4074.2850000000003 0.018571217310267604 0.42012396731148072 219.92500000000004 245.69500000000002 157.28735827664403
decision_type=2 2 2 2 1 2 2 2 2 2 2 9 2 2 2 2 2 2 2 2 2 2 2 2 2 2 2 2 2 2
left_child=12 2 6 22 10 -4 -2 -7 -6 -10 -5 25 29 15 -15 -12 -8 24 20 -20 21 -13 28 -16 -18 -9 -21 -19 -3 -1
right_child=1 3 5 4 8 7 16 11 9 -11 13 18 -14 14 23 -17 17 27 19 26 -22 -23 -24 -25 -26 -27 -28 -29 -30 -31
leaf_value=-2.7746312306315053 -3.5913226001526066 2.1374734477075963 -1.2844927888823252 1.2277031677990422 -0.60270073420581227 1.0918218365531982 0.12452355357067085 0.10624581139800995 1.2874349869985444 -1.2307990790276873 0.74515194463951218 0.36808068678212913 -0.61935645271496886 2.5714873755795167 1.2125063625382126 -0.22406076916935833 0.016789842798707079 -1.7548817617551482 -0.2674650228500845 0.5010204839360769 -0.78291680541081865 -0.69694666480963385 1.0608807828412823 0.14646699583587353 -0.76064162391698198 0.66855184586185246 0.058711803312677092 -0.88196794335127704 1.4758313352999108 -1.7488555228693679
leaf_weight=101 67 91 55 93 74 49 75 51 77 54 63 46 41 47 55 63 60 44 48 58 40 46 73 42 42 53 42 54 52 152
leaf_count=101 67 91 55 93 74 49 75 51 77 54 63 46 41 47 55 63 60 44 48 58 40 46 73 42 42 53 42 54 52 152
internal_value=-0.000943396 0.00607187 -0.00554217 0.0183673 0.0114437 0.00491803 -0.0204678 0.0095843 -0.00560976 0.00572519 0.0210744 0.00572917 -0.0394558 0.0148148 0.025 0.0031746 -0.014 -0.02 -0.000689655 0.00743243 -0.00984848 -0.00108696 0.0365741 0.0149485 -0.00882353 0.0210526 0.017 -0.0316327 0.043007 -0.0436759
internal_weight=1908 1614 830 784 568 488 342 433 205 131 363 384 294 270 144 126 275 200 280 148 132 92 216 97 102 104 100 98 143 253
internal_count=1908 1614 830 784 568 488 342 433 205 131 363 384 294 270 144 126 275 200 280 148 132 92 216 97 102 104 100 98 143 253
cat_boundaries=0 1 2
cat_threshold=2 26626
is_linear=0
shrinkage=0.05


Tree=13
num_leaves=31
num_cat=3
split_feature=8 38 31 35 51 23 25 57 31 32 14 33 35 60 17 47 9 23 11 24 47 24 8 35 11 16 33 38 68 38
split_gain=173.227 80.6733 63.3013 40.354 32.0182 25.925 24.7501 20.2093 16.5715 14.6189 14.3445 12.6966 12.2998 11.1036 10.2001 9.32008 9.20032 10.8278 15.5986 10.3304 16.2155 8.45 6.49138 8.0509 5.45879 7.33352 8.37957 4.47711 4.25606 3.17344
threshold=4005.3174603174607 20.721043083900273 150.72000000000006 0.76894172019376839 0 245.00000000000003 4192.255000000001 110.22000000000001 44.550000000000047 0.66559282951304233 116.13500000000001 0.47947170927750771 0.22653375722363958 1850.9100000000001 715.00000000000011 1 45.720000000000006 285.00000000000006 716.06500000000017 5605.0000000000009 2 4292.5400000000009 4412.040816326532 0.41962228664176043 471.20000000000005 0.37427454302001667 0.52429800447667063 157.28735827664403 3774.3890000000006 255.26319727891158
decision_type=2 2 2 2 9 2 2 2 2 2 2 2 2 2 2 1 2 2 2 2 1 2 2 2 2 2 2 2 2 2
left_child=8 11 3 4 5 10 15 -7 27 28 12 -2 -3 -9 -5 -4 -11 24 -19 20 -20 -22 23 -14 25 -18 -27 -1 -6 -29
right_child=1 2 6 14 9 7 -8 13 -10 16 -12 -13 22 -15 -16 -17 17 18 19 -21 21 -23 -24 -25 -26 26 -28 29 -30 -31
leaf_value=-2.686181552759709 -3.3908634036072201 -0.26868556587565368 1.0851875698970788 -0.3033716882277453 0.94882291808997066 1.1866768676275095 1.9485580230982089 -0.16919381916257345 -0.36798357452334507 0.43849830677514351 -0.4103870946626611 -0.53890940666297793 0.33546524157041557 1.281814537815831 -3.404055661563254 0.2739070449700659 -0.54193774192883726 0.95976743309123658 -1.0526428204327569 0.76373804863247807 0.94191070367637053 -0.397964831517721 0.017958713600830123 0.20791340565737287 -0.82068963242781701 0.1313821832654771 -0.45945601996578916 -0.93537878829204724 0.010859322412649065 -1.8306387147423153
leaf_weight=99 68 46 76 61 48 162 143 53 43 47 45 65 43 41 46 74 54 44 52 41 40 40 73 55 78 53 43 44 40 101
leaf_count=99 68 46 76 61 48 162 143 53 43 47 45 65 43 41 46 74 54 44 52 41 40 40 73 55 78 53 43 44 40 101
internal_value=-0.000938478 0.00536481 0.00867824 0.00360996 0.0064663 0.0153409 0.0295222 0.0269531 -0.0367596 -0.00169492 0.00458015 -0.0319549 0.00990783 0.00851064 -0.0257009 0.0153333 -0.0050813 -0.00730337 0.000691244 -0.00606936 -0.0128788 0.00125 0.0160819 0.0244898 -0.0149123 -0.00933333 -0.00104167 -0.0418033 0.0170455 -0.0362069
internal_weight=1918 1631 1498 1205 1098 518 293 256 287 580 262 133 217 94 107 150 492 445 217 173 132 80 171 98 228 150 96 244 88 145
internal_count=1918 1631 1498 1205 1098 518 293 256 287 580 262 133 217 94 107 150 492 445 217 173 132 80 171 98 228 150 96 244 88 145
cat_boundaries=0 1 2 3
cat_threshold=124994 2 4
is_linear=0
shrinkage=0.05


end of trees

feature_importances:
curr_vowel_len_ms=29
wav_duration_ms=27
valley_dist_from_cutoff_ms=25
f0_voicing_mean=21
syllable_len_ms=19
base_cutoff_to_next_anchor_ms=19
base_cutoff_abs=16
base_cons_gap=16
base_cut_gap=15
syllable_start_ms=13
energy_mean=13
energy_min=13
voicing_class=12
zcr_mean=10
next_base_pre=10
base_offset=9
db_mean=9
db_min=9
f0_voicing_near_pre=9
curr_vowel_end_ms=8
energy_slope_pre=8
spectral_flux_mean=8
next_base_cutoff_abs=8
local_peak_db=7
syllable_end_ms=6
base_pre_to_expected_ms=6
energy_slope_post=6
is_tense=6
base_cons=5
base_pre=5
curr_phone_start_ms=5
curr_phone_len_ms=5
curr_vowel_start_ms=5
base_offset_to_expected_ms=5
vowel_class=5
base_ovl=4
base_ovl_ratio=4
words_vs_alias_score_margin=4
db_silence_ratio=3
next_base_offset=3
onset_class=2
prev_base_pre=2
row_ratio_in_wav=1
curr_phone_end_ms=1
expected_anchor_ms=1
prev_base_offset=1
mapping_confidence=1
used_exact_vowel_fix=1

parameters:
[boosting: gbdt]
[objective: regression_l1]
[metric: l1]
[tree_learner: serial]
[device_type: cpu]
[data_sample_strategy: bagging]
[data: ]
[valid: ]
[num_iterations: 500]
[learning_rate: 0.05]
[num_leaves: 31]
[num_threads: 0]
[seed: 0]
[deterministic: 0]
[force_col_wise: 0]
[force_row_wise: 0]
[histogram_pool_size: -1]
[max_depth: -1]
[min_data_in_leaf: 40]
[min_sum_hessian_in_leaf: 0.001]
[bagging_fraction: 0.85]
[pos_bagging_fraction: 1]
[neg_bagging_fraction: 1]
[bagging_freq: 1]
[bagging_seed: 3]
[bagging_by_query: 0]
[feature_fraction: 0.85]
[feature_fraction_bynode: 1]
[feature_fraction_seed: 2]
[extra_trees: 0]
[extra_seed: 6]
[early_stopping_round: 0]
[early_stopping_min_delta: 0]
[first_metric_only: 0]
[max_delta_step: 0]
[lambda_l1: 0]
[lambda_l2: 0]
[linear_lambda: 0]
[min_gain_to_split: 0]
[drop_rate: 0.1]
[max_drop: 50]
[skip_drop: 0.5]
[xgboost_dart_mode: 0]
[uniform_drop: 0]
[drop_seed: 4]
[top_rate: 0.2]
[other_rate: 0.1]
[min_data_per_group: 100]
[max_cat_threshold: 32]
[cat_l2: 10]
[cat_smooth: 10]
[max_cat_to_onehot: 4]
[top_k: 20]
[monotone_constraints: ]
[monotone_constraints_method: basic]
[monotone_penalty: 0]
[feature_contri: ]
[forcedsplits_filename: ]
[refit_decay_rate: 0.9]
[cegb_tradeoff: 1]
[cegb_penalty_split: 0]
[cegb_penalty_feature_lazy: ]
[cegb_penalty_feature_coupled: ]
[path_smooth: 0]
[interaction_constraints: ]
[verbosity: -1]
[saved_feature_importance_type: 0]
[use_quantized_grad: 0]
[num_grad_quant_bins: 4]
[quant_train_renew_leaf: 0]
[stochastic_rounding: 1]
[linear_tree: 0]
[max_bin: 255]
[max_bin_by_feature: ]
[min_data_in_bin: 3]
[bin_construct_sample_cnt: 200000]
[data_random_seed: 1]
[is_enable_sparse: 1]
[enable_bundle: 1]
[use_missing: 1]
[zero_as_missing: 0]
[feature_pre_filter: 1]
[pre_partition: 0]
[two_round: 0]
[header: 0]
[label_column: ]
[weight_column: ]
[group_column: ]
[ignore_column: ]
[categorical_feature: 0,1,2,3,46,47,50,51,52,53,55,56,70]
[forcedbins_filename: ]
[precise_float_parser: 0]
[parser_config_file: ]
[objective_seed: 5]
[num_class: 1]
[is_unbalance: 0]
[scale_pos_weight: 1]
[sigmoid: 1]
[boost_from_average: 1]
[reg_sqrt: 0]
[alpha: 0.9]
[fair_c: 1]
[poisson_max_delta_step: 0.7]
[tweedie_variance_power: 1.5]
[lambdarank_truncation_level: 30]
[lambdarank_norm: 1]
[label_gain: ]
[lambdarank_position_bias_regularization: 0]
[eval_at: ]
[multi_error_top_k: 1]
[auc_mu_weights: ]
[num_machines: 1]
[local_listen_port: 12400]
[time_out: 120]
[machine_list_filename: ]
[machines: ]
[gpu_platform_id: -1]
[gpu_device_id: -1]
[gpu_use_dp: 0]
[num_gpu: 1]

end of parameters

pandas_categorical:[["korean"], ["vcv"], ["cv", "cv_head", "mono", "vcv", "vv"], ["cv", "cv_glide", "cv_head", "cv_head_glide", "mono", "vcv", "vv"], ["other", "plosive", "sibilant", "sonorant"], ["unknown", "voiced", "voiceless"], ["none"], ["a", "e", "eo", "eu", "eui", "i", "o", "u", "ui", "wa", "we", "weo", "wi", "ya", "ye", "yeo", "yo", "yu"], ["head", "mid", "tail"], ["", "vcv", "vv"], ["", "cv", "cv_head", "vc", "vcv", "vv"], [""], ["unknown"]]
