tree
version=v4
num_class=1
num_tree_per_iteration=1
label_index=0
max_feature_idx=110
objective=regression_l1
feature_names=language format_type alias_type alias_group row_index_in_wav row_ratio_in_wav file_row_count file_cv_count file_vc_count file_vv_count file_vcv_count file_br_count file_mono_count file_cv_ratio file_vc_ratio file_vc_cv_ratio file_cv_vc_balance file_mean_energy file_voiced_ratio file_mean_syllable_dur_ms is_head_row is_tail_row wav_duration_ms base_offset base_cons base_cutoff_abs base_pre base_ovl base_cons_gap base_cut_gap base_ovl_ratio curr_phone_start_ms curr_phone_end_ms curr_phone_len_ms curr_vowel_start_ms curr_vowel_end_ms curr_vowel_len_ms syllable_start_ms syllable_end_ms syllable_len_ms prev_phone_gap_ms next_phone_gap_ms expected_anchor_ms base_offset_to_expected_ms base_pre_to_expected_ms base_cutoff_to_next_anchor_ms energy_mean energy_min energy_max energy_slope_pre energy_slope_post valley_energy valley_dist_from_cutoff_ms db_mean db_min db_silence_ratio f0_voicing_mean f0_voicing_near_pre zcr_mean spectral_flux_mean onset_class voicing_class is_tense is_diphthong coda_type vowel_class mora_position bridge_type is_nasal_or_sonorant prev_alias_type next_alias_type prev_base_pre next_base_pre prev_base_offset next_base_offset prev_base_cutoff_abs next_base_cutoff_abs mapping_confidence used_alias_occurrence_mapping used_exact_vowel_fix used_nuclei_fallback used_alias_based_syllables words_vs_alias_score_margin jump_blocked_flag mapping_reason_code local_peak_db local_valley_db mel_window_energy_mean mel_window_silence_ratio mel_voiced_formant_ratio mel_silence_sparse_ratio mel_unvoiced_diffuse_ratio mel_breath_like_ratio blank_span_confidence mel_offset_candidate_ms mel_cutoff_candidate_ms mel_voiced_onset_ms mel_vowel_nucleus_start_ms mel_vowel_nucleus_end_ms mel_voiced_onset_to_pre_ms mel_safety_clamped onset_patch_energy_mean onset_patch_voiced_ratio onset_patch_unvoiced_ratio tail_patch_energy_mean tail_patch_silence_ratio syllable_blank_confidence syllable_mel_voiced_conf syllable_mel_silence_conf syllable_mel_unvoiced_conf syllable_mel_breath_conf
feature_infos=none none -1:4:2:5:3:0 -1:11:3:12:1:4:2:8:0:10:5 [0:17] [0:1] [1:18] [0:2] [0:6] [0:7] [0:6] [0:12] none [0:1] [0:0.75] [0.33333333333333331:7] [-0.5:1] [0:0.71625973308621504] [0:0.98574821852731598] [0:1610] [0:1] [0:1] [0:11533.219954648526] [0:8204.3999999999996] [30:540] [80:8447.5100000000002] [0:370] [0:258.95999999999998] [8:170] [5:4140] [0:0.99991379310344819] [0:8250] [0:8740] [0:3090] [0:8250] [0:8740] [0:3090] [0:8250] [0:8740] [0:3180] [0:1380] [0:1560] [0:8250] [-369:87.239999999999782] [-38:372] [-4267:2892] [0:1] [0:1] [0:1] [-0.81059883917137132:1] [-0.73319053431152093:1] [0:1] [0:3948.0430839002265] [-90.704671076544457:0] [-120:0] [0:1] [0:1] [0:1] [0:0.2838106039126736] [0:0.27711883094604128] -1:2:0:3:1 -1:1:2:0 none none none -1:6:2:5:1:3:0 -1:1:0:2 -1:2:0:3 [0:1] -1:6:0:3:7:5:1 -1:6:0:7:5:1 [0:619] [0:350] [0:8130] [0:8204.3999999999996] [0:8354.3999999999996] [0:8447.5100000000002] [0.55000000000000004:1] [0:1] [0:1] none none [-28.800000000000001:1540.95] none none [-90.704671076544457:0] [-120:0] [0:1] [0:1] [0:1] [0:1] [0:0.44444444444444442] [0:0.30769230769230771] [0:0.85000000000000009] [0:8114.5306122448983] [68.852607709750572:8447.5100000000002] [0:8181.4058956916097] [0:8201.3605442176868] [0:8400.9070294784578] [-79.467120181405789:79.98866213151905] none [0:1] [0:1] [0:0.75] [0:1] [0:1] [0:0.79999999999999993] [0:1] [0:1] [0:1] none
tree_sizes=3263 3387 3395 3380 3370 3396 3395 3385

Tree=0
num_leaves=31
num_cat=3
split_feature=27 30 19 5 53 2 2 82 60 99 30 29 18 82 53 18 56 29 17 18 30 10 37 17 52 43 39 52 48 18
split_gain=702.887 482.264 389.36 365.951 296.208 176.505 165.056 130.567 116.487 109.494 89.443 76.3289 67.0518 64.277 60.8902 56.565 54.6702 52.1709 46.4375 45.8434 44.4814 41.2808 36.6109 36.4525 42.52 45.4851 36.0551 34.7736 34.4674 33.9216
threshold=64.27500000000002 0.87115804195804214 348.7707142857144 0.84523809523809534 -30.251312344409268 0 1 96.065000000000012 2 40.607936507936536 0.79722275774317419 63.57500000000001 0.86211926295545516 60.810000000000009 -27.758452392079317 0.79784244101436552 0.88196536431786587 63.57500000000001 0.49789709433453427 0.73447947253291745 0.77727550773694398 5.5000000000000009 75.000000000000014 0.54014736768097971 190.09232426303871 -133.19499999999991 440.00000000000017 181.45439909297059 0.98638868835746363 0.76620308040282203
decision_type=2 2 2 2 2 9 9 2 1 2 2 2 2 2 2 2 2 2 2 2 2 2 2 2 2 2 2 2 2 2
left_child=6 2 5 4 26 9 -1 10 17 29 16 -5 23 28 19 -11 -6 -9 -10 -3 -7 -18 -21 24 -12 -26 -4 -8 -13 -2
right_child=1 14 3 11 7 20 27 8 18 15 12 13 -14 -15 -16 -17 21 -19 -20 22 -22 -23 -24 -25 25 -27 -28 -29 -30 -31
leaf_value=83.480498504638675 81.199498748779291 77.933998870849607 80.14149894714356 78.355498886108393 80.513498687744146 80.116998672485352 80.472998809814456 78.432998847961429 80.125998687744143 79.29549865722656 78.25049877166748 79.450998687744146 81.216498947143549 81.568498992919928 77.004998874664309 81.38349876403808 79.643498992919916 80.416498947143552 78.720498847961423 78.862498855590815 77.11399879455567 78.953498840332031 81.162998962402341 77.757498931884768 79.911998748779297 78.194498825073239 83.037498474121094 78.626998901367188 80.903498840332034 81.675998687744141
leaf_weight=1083.5588871240616 705.68760842084885 141.49574840068817 317.28249245882034 54.50072580575943 135.11489284038544 73.487636744976044 211.11873266100883 44.443234205245972 105.18642443418503 336.71165710687637 777.86730715632439 149.01464074850082 35.952384948730469 414.4240574836731 807.73314186930656 138.53002607822418 268.22076594829559 329.99957230687141 283.68156737089157 26.590309679508209 142.6812798678875 323.98889327049255 75.447821795940399 541.55089935660362 160.00789672136307 268.62594139575958 193.80617922544479 154.66160723567009 202.63843786716461 627.44354754686356
leaf_count=1498 978 227 446 67 194 108 295 58 148 463 1023 194 49 560 1132 191 359 438 358 41 195 409 116 704 217 348 277 196 279 825
internal_value=79.78 79.7739 79.7789 79.7709 79.7643 79.7972 79.8119 79.7588 79.7769 79.8023 79.7533 79.8012 79.7473 79.8052 79.7425 79.7818 79.7681 79.7967 79.7581 79.7644 79.7551 79.7615 79.7899 79.7459 79.7507 79.7634 79.7997 79.7822 79.7895 79.8097
internal_weight=9131.45 7682.12 6630.85 4606.31 3785.73 2024.54 1449.34 3274.64 763.311 1808.37 2511.33 820.578 1784 766.077 1051.27 475.242 727.325 374.443 388.868 243.534 216.169 592.21 102.038 1748.05 1206.5 428.634 511.089 365.78 351.653 1333.13
internal_count=12393 10404 8888 6128 5028 2760 1989 4305 1002 2457 3303 1100 2341 1033 1516 654 962 496 506 384 303 768 157 2292 1588 565 723 491 473 1803
cat_boundaries=0 1 2 3
cat_threshold=16 16 4
is_linear=0
shrinkage=1


Tree=1
num_leaves=31
num_cat=2
split_feature=28 30 30 53 99 27 67 76 19 34 86 43 18 18 28 56 17 18 28 32 32 74 60 53 47 29 76 106 43 28
split_gain=1589.36 396.746 352.582 224.646 203.032 195.805 104.259 98.7942 98.6894 111.399 78.4952 78.2855 68.6493 57.3775 51.894 49.2795 44.5966 41.8467 39.8879 40.6428 38.5254 37.4953 36.9367 36.6778 35.0904 43.4545 29.6512 29.0216 28.2075 27.4958
threshold=89.265000000000001 0.87115804195804214 0.79932477055863005 -27.160345633148449 42.546712018140632 64.50500000000001 0 1442.3650000000002 348.7707142857144 2505.0000000000005 -46.863971130355118 -78.800000000000054 0.46253729969185448 0.88613668681829383 114.64500000000002 0.897081798979116 0.52319813433258366 0.6406321726014822 88.425000000000026 4018.1650000000004 2455.0000000000005 1193.5000000000002 1 -26.458769357296415 0.22912784563442218 92.195000000000022 1128.845 0.21000000000000005 -75.899999999999963 78.25500000000001
decision_type=2 2 2 2 2 2 9 2 2 2 2 2 2 2 2 2 2 2 2 2 2 2 1 2 2 2 2 2 2 2
left_child=2 3 17 24 6 -6 -5 -7 -8 11 16 15 -9 -14 27 22 -4 -1 26 -20 -18 -17 -10 29 25 -2 -12 -3 -26 -19
right_child=1 14 10 4 5 7 8 12 9 -11 18 -13 13 -15 -16 21 20 23 19 -21 -22 -23 -24 -25 28 -27 -28 -29 -30 -31
leaf_value=0.91015005111694336 3.5256252288818359 -3.1887499666213994 -1.1421249198913572 -3.3581999492645269 1.918474998474121 0.57157505035400369 1.6902002334594728 0.62032520294189486 -0.56002478599548344 1.163324966430664 -1.3491248893737791 1.7984749221801757 -1.0951749801635742 1.7233249855041508 -0.071849822998046875 1.5843248748779297 -0.84312494277954075 1.9243250656127928 -0.95517499923706028 0.16257503509521457 2.9881252288818363 -0.84887500762939472 0.62097496986389167 -0.85617492675781226 0.90407512664794898 -4.0070749473571778 -2.0576000213623047 -0.53424995899200456 4.7724747085571293 -0.45367507934570317
leaf_weight=259.70046120882034 996.80048847198486 281.90215575695038 89.475594997406006 55.012898027896881 324.82512003183365 298.95250451564789 1014.0341283679008 128.52874958515167 77.042463898658752 454.77814054489136 287.2223365008831 184.86748743057251 747.24593567848206 34.359717547893524 128.26522874832153 40.72745817899704 41.575144708156586 96.108811855316162 242.35570067167282 32.84880006313324 46.704798340797424 406.09212076663971 239.12066942453384 188.10827380418777 432.27947473526001 27.17298948764801 1696.5391915142536 55.660409927368164 158.32027739286423 40.454965621232986
leaf_count=371 1448 373 136 64 435 396 1350 178 105 587 379 248 955 45 180 62 62 146 318 41 62 525 330 247 595 36 2323 78 229 63
internal_value=-0.000356876 0.0143597 -0.0300034 0.0180351 0.0116885 -0.00260096 0.0205564 -0.0118603 0.0221058 0.0135146 -0.0383683 0.00375419 -0.0200516 -0.0256201 -0.029983 -0.00331898 -0.00637702 0.00487655 -0.0408857 -0.0230474 0.0188363 -0.0140079 0.0117873 -0.00709002 0.0337803 0.0393784 -0.0433604 -0.0402701 0.0240745 0.0126335
internal_weight=9107.08 6085.99 3021.09 5620.16 4005.59 1533.91 2471.68 1209.09 2416.66 1402.63 2436.72 947.85 910.134 781.606 465.828 762.983 177.756 584.373 2258.97 275.205 88.2799 446.82 316.163 324.672 1614.57 1023.97 1983.76 337.563 590.6 136.564
internal_count=12367 8219 4148 7588 5280 2009 3271 1574 3207 1857 3321 1270 1178 1000 631 1022 260 827 3061 359 124 587 435 456 2308 1484 2702 451 824 209
cat_boundaries=0 1 2
cat_threshold=1 3
is_linear=0
shrinkage=0.05


Tree=2
num_leaves=31
num_cat=3
split_feature=28 30 30 27 99 82 66 18 90 106 49 28 45 60 24 18 28 53 69 45 76 19 18 47 29 106 28 58 28 44
split_gain=1548.67 375.328 329.806 230.142 270.468 129.738 106.219 100.306 83.2405 81.1188 68.1797 63.0869 48.6999 48.6219 54.0383 48.1746 47.5415 47.0237 45.6154 43.7248 42.681 37.523 34.5423 34.5389 33.6135 30.5927 28.2152 27.6551 27.6349 27.337
threshold=88.894999999999996 0.86838571428571443 0.78673186634066838 52.860000000000007 42.546712018140632 77.401000000000025 0 0.84861707841031164 0.023532668881506052 0.32000000000000006 0.20951232515548718 113.46500000000002 36.345000000000034 1 227.78000000000003 0.46253729969185448 85.50500000000001 -31.110909161576064 2 -135.78500000000005 480.86500000000007 348.7707142857144 0.63371587157413223 0.36595531743691706 65.789999999999992 0.21000000000000005 91.955000000000027 0.022256875531613204 87.815000000000012 14.620000000000013
decision_type=2 2 2 2 2 2 1 2 2 2 2 2 2 1 2 2 2 2 9 2 2 2 2 2 2 2 2 2 2 2
left_child=2 3 22 18 5 9 7 15 20 12 27 25 -5 14 21 -6 -10 -17 -2 -11 28 -14 -1 -13 -24 -3 -15 -7 -4 -26
right_child=1 11 8 4 6 10 -8 -9 16 19 -12 23 13 26 -16 17 -18 -19 -20 -21 -22 -23 24 -25 29 -27 -28 -29 -30 -31
leaf_value=0.72781773090362523 0.58885127830505368 -3.1383124358654024 -1.2557436189651492 0.72619002342224093 0.56380872154235817 -0.81773119163513219 0.64874615287780779 2.0708014087677 -1.3370187196731564 -0.88008127212524423 2.0597938346862792 2.5404422378540041 1.488015127182007 -1.5841162500381474 0.83801512718200688 0.36022129631042432 2.5941689109802244 -0.9347661781311033 4.2139649105072019 1.5481901454925535 -1.8841162500381472 -0.51037862205505391 0.46533397674560534 -0.51905761718750021 -1.3403911399841313 -0.45853729319572456 -0.3935237145423891 1.0759088020324705 0.15103118801116935 0.76643366432189952
leaf_weight=235.10420817136765 80.088696837425232 285.06009584665298 148.0377282500267 371.95101207494736 140.48747634887695 30.455137312412262 476.52363324165344 105.58244466781616 86.291759848594666 32.541844546794891 954.30741113424301 47.172851383686066 96.607664823532104 110.56031161546707 223.34980267286301 92.118963837623596 73.334551632404327 902.03048819303513 750.80467993021011 542.44840079545975 1966.9914591312408 250.76244020462036 147.4253471493721 120.22142767906189 108.49350666999817 54.93380069732666 164.68476182222366 434.45908182859421 48.821589708328247 49.684412717819214
leaf_count=335 111 377 186 509 197 39 643 151 130 48 1306 70 122 140 301 126 99 1167 1042 729 2687 331 216 166 147 77 222 594 64 67
internal_value=-0.000318488 0.0136018 -0.0307775 0.0172335 0.0131299 0.0216925 -0.00289145 -0.0106007 -0.0389624 0.0127522 0.0329869 -0.0276244 0.00544463 -0.00118504 0.00714677 -0.0149383 -0.00411826 -0.0188113 0.0415761 0.0282308 -0.0415328 -0.0050649 0.00439362 -0.00249772 -0.00669087 -0.0399954 -0.0180644 0.0172858 -0.0193357 -0.0226998
internal_weight=9131.34 6267.15 2864.18 5759.76 4928.87 3212.13 1716.74 1240.22 2323.48 1792.91 1419.22 507.388 1217.92 845.965 570.72 1134.64 159.626 994.149 830.893 574.99 2163.85 347.37 540.707 167.394 305.603 339.994 275.245 464.914 196.859 158.178
internal_count=12399 8468 3931 7778 6625 4341 2284 1641 3166 2402 1939 690 1625 1116 754 1490 229 1293 1153 777 2937 453 765 236 430 454 362 633 250 214
cat_boundaries=0 1 2 3
cat_threshold=2 12 129
is_linear=0
shrinkage=0.05


Tree=3
num_leaves=31
num_cat=2
split_feature=28 30 30 27 82 22 57 59 90 67 74 66 28 32 28 19 94 28 32 54 24 22 54 72 17 31 47 46 4 22
split_gain=1387.75 350.432 288.85 212.574 242.961 138.764 127.238 119.684 103.127 93.0281 75.608 75.073 64.3879 80.6154 60.1851 51.299 43.7336 43.2286 42.8034 40.2383 39.5234 39.1575 37.2257 38.7337 36.3445 34.2156 33.8383 33.6136 33.3666 32.9931
threshold=89.435000000000016 0.86838571428571443 0.79932477055863005 52.860000000000007 70.620000000000019 3724.773242630386 0.99965070889088337 0.022206212870472506 0.025320512820512803 0 1601.9000000000003 1 87.615000000000009 3919.1850000000004 113.13000000000001 139.28571428571431 1865.0684807256239 90.584999999999994 3225.0000000000005 -28.031561107698106 176.15500000000003 4082.7210884353749 -38.49686261441655 93.235000000000014 0.4859103304570474 95.000000000000014 0.34383695503420325 0.83581687082798428 1.0000000180025095e-35 5684.4897959183681
decision_type=2 2 2 2 2 2 2 2 2 9 2 1 2 2 2 2 2 2 2 2 2 2 2 2 2 2 2 2 2 2
left_child=2 3 20 28 5 9 22 11 12 -5 -8 21 -4 -14 -3 -11 -10 -9 -19 -12 25 -7 -6 -24 -25 -1 -16 -13 -2 -27
right_child=1 14 8 4 6 7 10 17 16 15 19 27 13 -15 26 -17 -18 18 -20 -21 -22 -23 23 24 -26 29 -28 -29 -30 -31
leaf_value=-2.0185482456684114 -0.55289122381210376 -2.7133968312382701 -1.9371641454219821 -3.2864407267570499 2.4572537431716928 -1.2108779726028445 1.3962951785087583 -0.44029457235336339 -1.3713927592754367 -0.1332194533348087 0.78773454189300485 -0.3558859675407412 -0.91628904910087605 0.13226100354194656 2.413420125961304 1.436555403232574 2.680510155677795 0.3756994595527644 2.0623969831466673 -0.67152783489227308 -0.408573155641556 -0.5007778749465942 2.1425255117416384 1.0212195802688597 0.20601921939849888 1.27295165514946 -0.48310450744628924 0.7955025135278696 3.8614954152107241 -1.899107969284058
leaf_weight=34.970417976379395 39.714283168315887 313.76919120550156 1705.0890071094036 40.551080703735352 665.03517645597458 429.447749376297 255.29080492258072 103.53776389360428 93.908600032329559 70.375243127346039 147.53584897518158 146.61755108833313 528.67669266462326 96.175841450691223 48.313744485378265 450.59857028722763 71.013691663742065 547.82782870531082 171.35330373048782 275.43871253728867 192.77440112829208 487.66272360086441 238.88210892677307 230.48381155729294 256.61130064725876 303.01748910546303 121.52421993017197 198.98009473085403 778.253666639328 54.599242448806763
leaf_count=44 53 417 2339 47 926 548 350 138 142 100 204 199 696 123 72 584 95 763 233 350 285 636 332 316 332 436 168 280 1076 64
internal_value=-0.000903124 0.0130677 -0.0281979 0.0166345 0.0125535 0.00251939 0.0253887 -0.00342111 -0.0356145 0.0245816 0.00763315 -0.0130897 -0.038319 -0.0245886 -0.0277486 0.0302595 0.00259448 0.0114183 0.015767 -0.0053361 0.00341228 -0.0205738 0.0340465 0.0262178 0.0181299 0.0125165 -0.00377374 0.00677057 0.0401648 0.0171324
internal_weight=9098.03 6017.8 3080.23 5534.2 4716.23 2646.95 2069.28 2085.43 2494.86 561.525 678.265 1262.71 2329.94 624.853 483.607 520.974 164.922 822.719 719.181 422.975 585.362 917.11 1391.01 725.977 487.095 392.587 169.838 345.598 817.968 357.617
internal_count=12348 8124 4224 7467 6338 3528 2810 2797 3395 731 904 1663 3158 819 657 684 237 1134 996 554 829 1184 1906 980 648 544 240 479 1129 500
cat_boundaries=0 1 2
cat_threshold=1 2
is_linear=0
shrinkage=0.05


Tree=4
num_leaves=31
num_cat=4
split_feature=27 19 74 53 67 67 60 82 18 39 18 52 82 22 24 19 27 32 29 48 27 82 37 76 61 5 29 27 72 29
split_gain=611.154 396.631 305.129 297.165 213.462 114.164 113.257 113.597 91.4113 82.2285 76.4181 72.1709 69.1737 135.994 64.9398 56.2246 52.7505 45.3747 45.1209 44.84 40.5809 39.7925 38.9504 49.6935 36.8804 33.9162 37.4093 66.2002 35.0826 33.6866
threshold=64.27500000000002 348.7707142857144 254.40000000000003 -27.549012270277494 0 1 2 106.58500000000002 0.75492640536928124 795.00000000000011 0.548818294647337 191.43246031746028 97.205000000000013 3724.773242630386 230.48000000000005 139.28571428571431 79.530000000000015 3325.0000000000005 63.57500000000001 0.98638868835746363 117.27000000000002 57.955000000000013 95.000000000000014 1585.1000000000001 3 0.23611111111111113 63.520000000000032 115.81000000000002 147.05000000000004 63.57500000000001
decision_type=2 2 2 2 9 9 1 2 2 2 2 2 2 2 2 2 2 2 2 2 2 2 2 2 1 2 2 2 2 2
left_child=5 4 9 8 12 -1 7 10 11 19 29 20 13 15 -10 -2 -8 24 -11 -3 -4 -20 -7 -24 -15 -12 -27 -28 -29 -5
right_child=1 2 3 6 -6 22 16 -9 14 18 25 -13 -14 17 -16 -17 -18 -19 21 -21 -22 -23 23 -25 -26 26 27 28 -30 -31
leaf_value=3.1585043861150739 -0.18745852034092039 -0.94194038494586962 0.043827089307308859 -1.2925808948540685 -1.6297774833917622 -2.5420604658484458 -0.051166451001167707 0.20204838519096385 0.10979451776742906 -0.77214828815698555 -1.8817231009030344 0.42808928666114809 2.1523910865306859 0.22880299272298857 3.0887497910499571 1.3404811551809317 -1.7527269896763564 1.3783781794691088 0.29486403710842096 0.51318899607658397 -0.72375583114862396 1.3928242057025437 1.7812446920990945 -0.41731058219671202 -0.66573894305229198 -1.7079308647179603 -0.93762558491230052 0.39233897454738625 -0.24247452798128111 0.088389761800765854
leaf_weight=1076.0380310416222 68.751970589160919 180.03364330530167 175.265589594841 74.015126526355743 324.4070993065834 76.192638099193573 104.08608317375183 323.19530716538429 173.76514786481857 45.628660678863525 464.58487465977669 205.75984823703766 548.13709223270416 262.79603785276413 218.57053416967392 549.02070909738541 1344.2933721244335 80.373410582542419 135.17842924594879 247.78183150291443 286.76784002780914 291.22196364402771 153.39093306660652 131.12829956412315 356.65918028354645 164.80798417329788 545.18028885126114 101.4885048866272 56.86992746591568 327.02888822555542
leaf_count=1490 100 236 252 104 472 94 140 434 252 54 635 281 757 370 317 709 1779 110 179 362 411 378 221 173 489 209 677 131 76 449
internal_value=-0.00094665 -0.00656236 -0.0137667 -0.0190114 0.011416 0.0289765 -0.0260263 -0.0181744 0.00418466 0.0128445 -0.0233353 -0.00706912 0.017925 0.0117154 0.0233397 0.0288124 -0.0367989 -0.00337697 0.0272339 -0.00303191 -0.0180383 0.0322908 0.00463323 0.0131357 -0.00796296 -0.0290929 -0.0232591 -0.0182361 0.0102219 -0.0041992
internal_weight=9092.42 7655.67 5465.52 4565.68 2190.15 1436.75 3505.55 2057.17 1060.13 899.845 1733.98 667.793 1865.74 1317.6 392.336 617.773 1448.38 699.829 472.029 427.815 462.033 426.4 360.712 284.519 619.455 1332.93 868.347 703.539 158.358 401.044
internal_count=12341 10363 7356 6147 3007 1978 4634 2715 1513 1209 2281 944 2535 1778 569 809 1919 969 611 598 663 557 488 394 859 1728 1093 884 207 553
cat_boundaries=0 1 2 3 4
cat_threshold=4 4 12 4
is_linear=0
shrinkage=0.05


Tree=5
num_leaves=31
num_cat=0
split_feature=28 30 30 53 99 27 28 24 28 76 59 32 28 76 18 32 18 86 29 28 52 22 29 18 30 93 43 29 49 27
split_gain=1317.18 330.529 263.536 209.62 149.885 115.922 115.558 85.0983 72.2122 65.574 74.3773 64.7335 62.2619 60.5627 45.7532 44.4532 46.9119 42.6274 41.6073 61.8477 40.6674 36.3898 36.3863 33.9358 31.9887 31.3437 31.1293 31.1031 37.5736 44.4287
threshold=89.495000000000019 0.86838571428571443 0.79932477055863005 -28.355094155067395 53.537868480725599 65.820000000000007 87.615000000000009 258.13500000000005 90.535000000000025 1754.9250000000004 0.015674382590302304 3005.0000000000005 113.46500000000002 1442.3650000000002 0.64864281574645144 3919.1850000000004 0.83532451524202356 -49.646276084857071 63.589999999999996 122.13499999999998 183.10252834467116 3826.2131519274385 63.580000000000034 0.53217904691545093 0.7531708837381107 0.023570261437908451 -93.199999999999918 89.125000000000014 0.34127024834624164 71.590000000000018
decision_type=2 2 2 2 2 2 2 2 2 2 2 2 2 2 2 2 2 2 2 2 2 2 2 2 2 2 2 2 2 2
left_child=2 3 14 27 8 -6 17 15 11 18 21 -5 -3 -7 25 16 -8 -4 -10 -20 -16 -11 23 -15 -23 -1 -12 28 29 -2
right_child=1 12 6 4 5 13 7 -9 9 10 26 -13 -14 22 20 -17 -18 -19 19 -21 -22 24 -24 -25 -26 -27 -28 -29 -30 -31
leaf_value=0.98443567835712431 3.7564953335916997 -2.4945906478219331 -0.60936025384175785 -0.7243588194453715 1.3148531045114993 0.36345725000977613 -0.94924333227753621 1.2537867328108256 1.818462988499701 2.6668277366030217 0.66809063456678364 0.33380987717866906 -0.14728369650662004 0.53282094545853131 0.22527800549387964 0.11120712862968461 0.56583980980753956 -1.7604445758878287 -0.017071357549428966 3.0608318036901951 -1.2557007141572236 0.90470802690148355 -1.5191975871597827 -0.65394696049928669 -0.62673557153096771 -1.5913304137569668 1.826152829090357 -3.8249401492381097 3.6027717153096206 0.73039564710378646
leaf_weight=248.59483706951141 301.69849449396133 331.35212451219559 84.191301375627518 209.82458078861237 301.10678368806839 276.42047721147537 512.14615523815155 73.844068646430969 701.79017716646194 48.822899997234344 689.28788655996323 88.962286591529846 167.89763879776001 121.60908114910126 167.46641090512276 81.266532897949219 37.32558137178421 1758.4980416893959 212.23905193805695 147.12710380554199 143.04163488745689 77.907868206501007 219.01270043849945 475.70927625894547 351.81156879663467 28.462694883346558 224.74758005142212 29.039157271385193 569.39199471473694 449.72959411144257
leaf_count=353 447 440 129 270 410 365 673 96 919 62 935 113 235 168 252 105 51 2415 290 214 186 98 281 610 449 40 298 38 818 640
internal_value=-0.00132032 0.012412 -0.027584 0.0159503 0.0103789 -0.00297997 -0.0345466 -0.0173242 0.0171438 0.0199698 0.0128347 -0.00606452 -0.0265405 -0.010549 0.00260111 -0.0232698 -0.0283747 -0.0411319 0.0293334 0.0154977 -0.0105784 -0.00313522 -0.0173986 -0.0110066 -0.00778272 0.0173719 0.0211957 0.033064 0.0341894 0.0268484
internal_weight=9130.33 5995.49 3134.84 5496.24 4146.38 1393.86 2547.27 704.582 2752.52 2453.73 1392.58 298.787 499.25 1092.75 587.566 630.738 549.472 1842.69 1061.16 359.366 310.508 478.542 816.331 597.318 429.719 277.058 914.035 1349.86 1320.82 751.428
internal_count=12400 8100 4300 7425 5482 1834 3469 925 3648 3265 1842 383 675 1424 831 829 724 2544 1423 504 438 609 1059 778 547 393 1233 1943 1905 1087
is_linear=0
shrinkage=0.05


Tree=6
num_leaves=31
num_cat=3
split_feature=28 2 26 99 24 60 61 90 72 18 47 28 18 18 28 39 24 28 68 56 33 39 77 24 31 22 28 28 39 82
split_gain=1240.24 285.934 225.055 251.632 213.619 142.466 103.785 92.3892 85.1809 70.0735 67.8746 67.801 67.4873 63.259 58.9309 56.5531 50.379 47.2612 46.9202 45.6435 44.0044 42.8553 42.5131 38.9597 35.717 46.5621 34.9727 33.854 30.6599 30.2303
threshold=89.435000000000016 0 84.010000000000005 53.537868480725599 177.09500000000003 1 2 0.023532668881506052 77.200000000000017 0.88613668681829383 0.1049886701150655 88.245000000000019 0.82668114986749897 0.84861707841031164 113.46500000000002 705.00000000000011 217.40000000000001 84.945000000000007 1.0000000180025095e-35 0.65418836096051691 175.00000000000003 410.00000000000028 0.75655157342992418 275.81500000000005 95.000000000000014 5007.2562358276655 90.265000000000015 94.305000000000021 385.00000000000028 57.375000000000007
decision_type=2 9 2 2 2 1 1 2 2 2 2 2 2 2 2 2 2 2 2 2 2 2 2 2 2 2 2 2 2 2
left_child=4 14 18 5 24 6 12 11 -7 10 28 16 -4 15 -2 19 -6 -9 -3 -5 -14 -13 -12 26 -1 -26 -8 -24 -10 -21
right_child=1 2 3 13 7 8 23 17 9 -11 22 21 20 -15 -16 -17 -18 -19 -20 29 -22 -23 27 -25 25 -27 -28 -29 -30 -31
leaf_value=-1.6231685648927134 -2.7719169669916037 3.3133195008711223 -0.46323649905581449 0.47637929781650928 -1.0717301306577738 0.96889134170035973 0.13579725072807067 -1.2993643283386875 -0.13735327924805887 1.9035379356748472 -1.4678757087322518 -1.1032542734009625 -0.86211767675691897 1.2740179835733181 -0.038126777941078417 0.47353441746371988 -1.5987723779924849 2.2017512040093492 1.3382869551805847 -1.0613926970443472 1.3746055906818357 0.017432715285539049 -0.76750019764935973 -2.9696250654771079 0.85654176986759945 -1.6133552336519359 1.8287650924250365 0.049576327987134051 1.5727574902495627 -0.30185556357836774
leaf_weight=63.732379615306854 264.97248488664627 761.80216652154922 198.66434419155121 139.02466428279877 417.51869741082191 421.82060545682907 109.16752916574478 79.428036391735077 54.196135282516479 143.96528577804565 192.95108050107956 218.20392167568207 29.369563937187195 105.34146624803543 114.13166099786758 176.11240082979202 1587.3865265846252 92.90573787689209 320.41192150115967 489.60133141279221 150.27084845304489 178.12179189920425 131.22543805837631 30.097365140914917 349.99748757481575 87.652687788009644 1252.3735168576241 357.6793018579483 111.57907086610794 492.42936742305756
leaf_count=79 342 1047 271 195 605 578 141 121 76 184 249 288 39 149 163 231 2149 127 451 645 196 236 179 40 508 106 1733 462 162 638
internal_value=-0.00100163 0.0121451 0.0149523 0.0101387 -0.0268559 0.0179129 0.0273145 -0.0326727 0.00590466 -0.00205932 -0.0075371 -0.0352107 0.00424686 -0.0075067 -0.0294447 -0.0105328 -0.0389462 0.00268991 0.035488 -0.0146707 0.0264553 -0.0163137 -0.0145135 0.0337815 0.00300166 0.00809426 0.0350254 -0.00667028 0.0211579 -0.0184667
internal_weight=9122.13 6047.19 5668.08 4585.87 3074.95 3183.36 1769.94 2573.56 1413.42 991.596 847.631 2401.23 378.305 1402.51 379.104 1297.17 2004.91 172.334 1082.21 1121.06 179.64 396.326 681.856 1391.64 501.383 437.65 1361.54 488.905 165.775 982.031
internal_count=12390 8171 7666 6168 4219 4310 2420 3526 1890 1312 1128 3278 506 1858 505 1709 2754 248 1498 1478 235 524 890 1914 693 614 1874 641 238 1283
cat_boundaries=0 1 2 3
cat_threshold=36 4 2
is_linear=0
shrinkage=0.05


Tree=7
num_leaves=31
num_cat=2
split_feature=28 30 61 30 28 18 24 27 39 33 56 18 28 60 26 52 22 24 53 54 18 18 39 82 18 53 35 82 55 39
split_gain=1133.22 310.219 217.782 177.282 234.684 176.029 128.706 121.178 109.748 76.4915 71.7528 63.4994 60.7417 54.8979 55.6712 46.9332 45.235 48.0294 42.1451 41.5809 40.7087 39.1085 49.8947 38.4895 31.384 30.1014 29.6403 29.4507 28.9779 27.2994
threshold=90.535000000000025 0.86838571428571443 0 0.79387374871541139 87.555000000000021 0.84534426543920227 255.67500000000004 64.27500000000002 724.99999999999989 349.99999999999994 0.95907790970255669 0.62742499096276672 113.13000000000001 1 86.010000000000005 179.27498866213151 2294.0022675736968 228.71000000000001 -26.943050805741752 -49.646276084857071 0.83261249061522669 0.83074044472531494 399.99999999999994 69.115000000000009 0.63371587157413223 -27.05617474534613 3205.0000000000005 61.57 0.021980676328502403 370.00000000000017
decision_type=2 2 1 2 2 2 2 2 2 2 2 2 2 1 2 2 2 2 2 2 2 2 2 2 2 2 2 2 2 2
left_child=3 2 13 15 19 7 9 -4 10 20 23 -11 28 29 -15 -1 17 -7 -12 -5 -6 22 -16 -9 -17 -14 -10 -24 -3 -2
right_child=1 12 5 4 6 16 -8 8 26 11 18 -13 25 14 21 24 -18 -19 -20 -21 -22 -23 27 -25 -26 -27 -28 -29 -30 -31
leaf_value=0.67569281278790505 1.4947080150658048 -2.2999380897389901 1.1465604312950752 -0.5139240247327358 -0.94298364427047265 1.9435558268200546 0.38404122905644444 -0.13174627974988767 -0.98885696764683717 -0.57591520798683715 0.10691408759723871 0.22235356478097473 1.9017609896222751 3.6094443063956891 -0.52964458122481661 0.24551873901607024 2.8577313242670694 -0.26893907405943196 -0.76022886634184206 -1.5959910634525052 0.06582579172858942 1.3140222463730424 -0.41175645140260997 1.0859214001761714 -1.0837325026889921 -0.5273542683039153 1.0920135151390526 0.72481159823415098 0.2873135617064051 2.4599513504678399
leaf_weight=328.55283606052399 517.91162133216858 275.91357928514481 556.76762747764587 84.202161431312561 543.76413983106613 307.74197417497635 188.73741519451141 426.90796893835068 33.730863630771637 126.49505496025085 269.71233403682709 191.67864400148392 56.539626359939575 148.98729157447815 120.99311649799347 86.858876168727875 381.38015949726105 67.856131255626678 867.36347138881683 1726.8036535084248 86.922179758548737 62.847767055034637 48.478085577487946 274.54896378517151 181.24174651503563 118.49253433942795 269.9310941696167 118.55987876653671 36.146332800388336 651.39363741874695
leaf_count=479 725 364 762 128 717 411 249 587 47 168 370 248 86 204 161 119 535 94 1115 2368 111 84 64 389 239 163 351 161 54 896
internal_value=-0.000713631 0.0132661 0.0168901 -0.0228437 -0.0278733 0.00972705 -0.0100754 0.00375089 -0.0016503 -0.0175761 -0.00624968 0.00241102 -0.0248655 0.0317208 0.016677 0.00201193 0.0310347 0.0187183 -0.0140079 -0.0390532 -0.0276594 0.00613747 -0.00165998 0.00632648 -0.013512 -0.00128958 0.0261968 0.0160513 -0.038089 0.037687
internal_weight=9157.46 5612.2 5125.11 3545.26 2948.6 3455.94 1137.6 2698.96 2142.19 948.86 1838.53 318.174 487.092 1669.17 499.866 596.653 756.978 375.598 1137.08 1811.01 630.686 350.879 288.031 701.457 268.101 175.032 303.662 167.038 312.06 1169.31
internal_count=12449 7623 6956 4826 3989 4661 1493 3621 2859 1244 2461 416 667 2295 674 837 1040 505 1485 2496 828 470 386 976 358 249 398 225 418 1621
cat_boundaries=0 1 2
cat_threshold=4 4
is_linear=0
shrinkage=0.05


end of trees

feature_importances:
base_cons_gap=27
file_voiced_ratio=23
base_ovl_ratio=14
base_ovl=11
base_cut_gap=10
words_vs_alias_score_margin=10
base_cons=9
db_mean=9
syllable_len_ms=8
wav_duration_ms=7
curr_phone_end_ms=7
file_mean_syllable_dur_ms=6
onset_class=6
next_base_cutoff_abs=6
valley_dist_from_cutoff_ms=5
mel_voiced_onset_to_pre_ms=5
file_mean_energy=4
base_offset_to_expected_ms=4
energy_min=4
f0_voicing_mean=4
bridge_type=4
alias_type=3
db_min=3
voicing_class=3
next_base_pre=3
next_base_offset=3
mel_silence_sparse_ratio=3
syllable_blank_confidence=3
row_ratio_in_wav=2
base_pre=2
curr_phone_start_ms=2
curr_phone_len_ms=2
syllable_start_ms=2
base_cutoff_to_next_anchor_ms=2
energy_max=2
energy_slope_pre=2
spectral_flux_mean=2
mora_position=2
local_valley_db=2
row_index_in_wav=1
file_vcv_count=1
curr_vowel_start_ms=1
curr_vowel_end_ms=1
base_pre_to_expected_ms=1
energy_mean=1
db_silence_ratio=1
f0_voicing_near_pre=1
zcr_mean=1
is_nasal_or_sonorant=1
prev_alias_type=1
mapping_confidence=1
blank_span_confidence=1
mel_offset_candidate_ms=1

parameters:
[boosting: gbdt]
[objective: regression_l1]
[metric: l1]
[tree_learner: serial]
[device_type: cpu]
[data_sample_strategy: bagging]
[data: ]
[valid: ]
[num_iterations: 500]
[learning_rate: 0.05]
[num_leaves: 31]
[num_threads: 0]
[seed: 0]
[deterministic: 0]
[force_col_wise: 0]
[force_row_wise: 0]
[histogram_pool_size: -1]
[max_depth: -1]
[min_data_in_leaf: 40]
[min_sum_hessian_in_leaf: 0.001]
[bagging_fraction: 0.85]
[pos_bagging_fraction: 1]
[neg_bagging_fraction: 1]
[bagging_freq: 1]
[bagging_seed: 3]
[bagging_by_query: 0]
[feature_fraction: 0.85]
[feature_fraction_bynode: 1]
[feature_fraction_seed: 2]
[extra_trees: 0]
[extra_seed: 6]
[early_stopping_round: 0]
[early_stopping_min_delta: 0]
[first_metric_only: 0]
[max_delta_step: 0]
[lambda_l1: 0]
[lambda_l2: 0]
[linear_lambda: 0]
[min_gain_to_split: 0]
[drop_rate: 0.1]
[max_drop: 50]
[skip_drop: 0.5]
[xgboost_dart_mode: 0]
[uniform_drop: 0]
[drop_seed: 4]
[top_rate: 0.2]
[other_rate: 0.1]
[min_data_per_group: 100]
[max_cat_threshold: 32]
[cat_l2: 10]
[cat_smooth: 10]
[max_cat_to_onehot: 4]
[top_k: 20]
[monotone_constraints: ]
[monotone_constraints_method: basic]
[monotone_penalty: 0]
[feature_contri: ]
[forcedsplits_filename: ]
[refit_decay_rate: 0.9]
[cegb_tradeoff: 1]
[cegb_penalty_split: 0]
[cegb_penalty_feature_lazy: ]
[cegb_penalty_feature_coupled: ]
[path_smooth: 0]
[interaction_constraints: ]
[verbosity: -1]
[saved_feature_importance_type: 0]
[use_quantized_grad: 0]
[num_grad_quant_bins: 4]
[quant_train_renew_leaf: 0]
[stochastic_rounding: 1]
[linear_tree: 0]
[max_bin: 255]
[max_bin_by_feature: ]
[min_data_in_bin: 3]
[bin_construct_sample_cnt: 200000]
[data_random_seed: 1]
[is_enable_sparse: 1]
[enable_bundle: 1]
[use_missing: 1]
[zero_as_missing: 0]
[feature_pre_filter: 1]
[pre_partition: 0]
[two_round: 0]
[header: 0]
[label_column: ]
[weight_column: ]
[group_column: ]
[ignore_column: ]
[categorical_feature: 0,1,2,3,60,61,64,65,66,67,69,70,84]
[forcedbins_filename: ]
[precise_float_parser: 0]
[parser_config_file: ]
[objective_seed: 5]
[num_class: 1]
[is_unbalance: 0]
[scale_pos_weight: 1]
[sigmoid: 1]
[boost_from_average: 1]
[reg_sqrt: 0]
[alpha: 0.9]
[fair_c: 1]
[poisson_max_delta_step: 0.7]
[tweedie_variance_power: 1.5]
[lambdarank_truncation_level: 30]
[lambdarank_norm: 1]
[label_gain: ]
[lambdarank_position_bias_regularization: 0]
[eval_at: ]
[multi_error_top_k: 1]
[auc_mu_weights: ]
[num_machines: 1]
[local_listen_port: 12400]
[time_out: 120]
[machine_list_filename: ]
[machines: ]
[gpu_platform_id: -1]
[gpu_device_id: -1]
[gpu_use_dp: 0]
[num_gpu: 1]

end of parameters

pandas_categorical:[["japanese"], ["vcv"], ["br", "cv", "cv_head", "vc", "vcv", "vv"], ["br", "cv_head_fricative", "cv_head_other", "cv_head_plosive", "cv_head_sonorant", "cv_other", "cv_sonorant", "vc_fricative", "vc_other", "vc_plosive", "vc_sonorant", "vcv", "vv"], ["fricative", "other", "plosive", "sonorant"], ["unknown", "voiced", "voiceless"], ["none"], ["", "a", "e", "i", "n", "o", "u"], ["head", "mid", "tail"], ["", "vc", "vcv", "vv"], ["", "br", "cv", "cv_head", "mono", "vc", "vcv", "vv"], ["", "br", "cv", "cv_head", "mono", "vc", "vcv", "vv"], ["unknown"]]
