tree
version=v4
num_class=1
num_tree_per_iteration=1
label_index=0
max_feature_idx=61
objective=regression_l1
feature_names=language format_type alias_type row_index_in_wav row_ratio_in_wav is_head_row is_tail_row wav_duration_ms base_offset base_cons base_cutoff_abs base_pre base_ovl base_cons_gap base_cut_gap base_ovl_ratio curr_phone_start_ms curr_phone_end_ms curr_phone_len_ms curr_vowel_start_ms curr_vowel_end_ms curr_vowel_len_ms syllable_start_ms syllable_end_ms syllable_len_ms prev_phone_gap_ms next_phone_gap_ms expected_anchor_ms base_offset_to_expected_ms base_pre_to_expected_ms base_cutoff_to_next_anchor_ms energy_mean energy_min energy_max energy_slope_pre energy_slope_post valley_energy valley_dist_from_cutoff_ms db_mean db_min db_silence_ratio f0_voicing_mean f0_voicing_near_pre zcr_mean spectral_flux_mean onset_class voicing_class is_tense is_diphthong coda_type vowel_class mora_position bridge_type is_nasal_or_sonorant prev_alias_type next_alias_type prev_base_pre next_base_pre prev_base_offset next_base_offset prev_base_cutoff_abs next_base_cutoff_abs
feature_infos=none none -1:2:1:4:3:5 [0:20] [0:1] [0:1] [0:1] [1828.5714285714289:11276.190476190475] [391.16000000000003:10953.969999999999] [91.879999999999995:442.18000000000001] [887.75999999999999:11240.459999999999] [47.350000000000001:260.39999999999998] [14.84:183.25] [8.160000000000025:311.23000000000002] [11.999999999999972:220.00000000000003] [0.1108581436077057:0.70374423963133648] [30:10530] [60:11133.969999999999] [9.9999999999995435:5650] [0:10530] [0:11133.969999999999] [0:1090] [30:10030] [60:11133.969999999999] [30:5650] [0:1860] [0:560] [30:10530] [-1368.8399999999999:3585.9400000000001] [-1237.8900000000001:3713.0599999999999] [-1354.8899999999994:3916.4299999999998] [0:1] [0:1] [0:1] [-0.75679044663494843:0.88738459131129566] [-0.5793291578236216:0.999946609383496] [0:1] [0:399.96775510204128] [-83.711279460848644:0] [-91.168690943174482:0] [0:1] [0:1] [0:1] [0:0.44400340232492203] [0:0.1233808638319685] -1:1:0:3:2 -1:0:1:2 [0:1] [0:1] -1:2:3:4:0:1 -1:0:1:2:3:4:6:7:8:5:9:10:11:12:13:14:15:16:17 -1:1:0:2 -1:0:1 [0:1] -1:1:2:4:0:3 none [0:260.39999999999998] [0:260.39999999999998] [0:10953.969999999999] [0:10953.969999999999] [0:11240.459999999999] [0:11240.459999999999]
tree_sizes=1088 1149 963 1125 1292 1210 1117 1224 1232 1059 1300 1310 1232 1215 1333 1154 1314 1246 1226 1316 1403 1332 1239 1322 1224 1310 1311 1228 1231 1315 1218 1232 1342 1231 1315 1307 1300 1223 1410 1397 1228 1315 1213 1226 1248 1320 1249 1306 1298 1301 1312 1255 1230 1253 1328 1211 1381 1387 1412 1336 1251 1255 1322 1294 1320 1346 1421 1249 1405 1287

Tree=0
num_leaves=12
num_cat=4
split_feature=13 9 46 11 46 3 52 11 21 46 8
split_gain=238.956 82.879 30.9003 14.2287 13.5293 11.6138 8.2161 6.98225 6.01876 1.55623 0.06875
threshold=59.104999999999997 256.5800000000001 0 150.76500000000001 1 12.500000000000002 2 83.885000000000005 315.00000000000006 3 10189.000000000002
decision_type=2 2 1 2 1 2 9 2 2 1 2
left_child=6 2 -2 4 -3 7 10 -4 -8 -5 -1
right_child=1 3 5 9 -6 -7 8 -9 -10 -11 -12
leaf_value=-30.52099952697754 -38.887249714136125 -43.4439998626709 -42.976749801635741 -44.54499969482422 -41.308499717712401 -40.71199970245361 -40.040999698638913 -41.259499645233156 -38.145749711990355 -45.556499481201172 -31.903749465942383
leaf_weight=88 78 57 44 47 43 44 57 40 54 128 40
leaf_count=88 78 57 44 47 43 44 57 40 54 128 40
internal_value=-41.0703 -41.0906 -41.0666 -41.1085 -41.0935 -41.0817 -41.0294 -41.0926 -41.0394 -41.1171 -41.0208
internal_weight=720 481 206 275 100 128 239 84 111 175 128
internal_count=720 481 206 275 100 128 239 84 111 175 128
cat_boundaries=0 1 2 3 4
cat_threshold=4 2 2 4
is_linear=0
shrinkage=1


Tree=1
num_leaves=12
num_cat=1
split_feature=13 9 24 24 3 14 13 52 21 7 12
split_gain=248.336 79.223 24.902 16.6296 11.8745 11.4252 14.8557 7.44949 4.32453 0.393168 0.0701493
threshold=59.104999999999997 256.5800000000001 680.00000000000011 585.00000000000011 12.500000000000002 120.51500000000001 157.32500000000002 0 305.00000000000006 11123.809523809525 73.795000000000016
decision_type=2 2 2 2 2 2 2 9 2 2 2
left_child=7 2 3 -2 -5 9 -7 10 -9 -3 -1
right_child=1 5 -4 4 -6 6 -8 8 -10 -11 -12
leaf_value=9.9142999458312993 -0.3281500540673733 -4.1651750564575201 -0.9883312736451626 0.56472497463226323 1.5950999641418457 -0.29032500267028816 -2.7531751632690433 1.0560499811172483 2.6554187524318693 -4.0592125511169437 4.4998000907897948
leaf_weight=94 76 57 40 40 43 40 73 47 62 94 40
leaf_count=94 76 57 40 40 43 40 73 47 62 94 40
internal_value=0.000424929 -0.0210583 0.00276382 0.0116352 0.0271084 -0.0390152 -0.0269912 0.041358 0.0316514 -0.0480132 0.0492537
internal_weight=706 463 199 159 83 264 113 243 109 151 134
internal_count=706 463 199 159 83 264 113 243 109 151 134
cat_boundaries=0 1
cat_threshold=2
is_linear=0
shrinkage=0.05


Tree=2
num_leaves=10
num_cat=3
split_feature=13 9 46 46 3 52 13 11 11
split_gain=253.648 74.6474 26.3951 16.9573 11.2027 8.25479 5.59453 4.3712 3.01256
threshold=59.104999999999997 256.5800000000001 0 1 12.500000000000002 2 18.700000000000021 83.885000000000005 131.93000000000004
decision_type=2 2 1 1 2 9 2 2 2
left_child=5 2 -2 -3 7 -1 -7 -4 -5
right_child=1 3 4 8 -6 6 -8 -9 -10
leaf_value=8.9392227659225476 1.6717790465280418 -1.2472895402908326 -1.8008224439956249 -2.1556145544052128 0.28300743442028742 2.6288820245563986 1.0975165498852728 -0.31643935642018911 -4.0468151221275335
leaf_weight=134 79 79 40 59 47 62 53 42 134
leaf_count=134 79 79 40 59 47 62 53 42 134
internal_value=0.000617284 -0.020625 0.00192308 -0.0378676 -0.0120155 0.0415663 0.0317391 -0.0231707 -0.0458549
internal_weight=729 480 208 272 129 249 115 82 193
internal_count=729 480 208 272 129 249 115 82 193
cat_boundaries=0 1 2 3
cat_threshold=4 4 2
is_linear=0
shrinkage=0.05


Tree=3
num_leaves=12
num_cat=3
split_feature=9 52 46 9 9 3 46 12 9 43 9
split_gain=202.098 41.265 29.6471 25.7289 21.0714 14.5537 12.686 13.4326 8.22285 1.64539 0.267769
threshold=242.23500000000004 0 1 301.23500000000007 213.29500000000004 11.500000000000002 2 50.920000000000009 203.76500000000001 0.048057839523674456 201.64000000000001
decision_type=2 9 1 2 2 2 1 2 2 2 2
left_child=1 10 8 6 5 -4 -2 -8 -3 -5 -1
right_child=3 2 4 9 -6 -7 7 -9 -10 -11 -12
leaf_value=8.6218740543842323 -2.0303604752063751 3.645303346501291 -0.13764928526794531 -3.9399246055126191 -0.85538562801536178 1.4663571008462459 -1.4791291618001647 0.6948056748867032 1.3240372808340937 -3.8205000841498378 5.1104864820957188
leaf_weight=81 69 53 58 87 56 45 68 43 41 54 40
leaf_count=81 69 53 58 87 56 45 68 43 41 54 40
internal_value=-0.000647482 0.0243316 0.0128458 -0.0297508 -0.000314465 0.0131068 -0.0172222 -0.00675676 0.0351064 -0.0457447 0.0483471
internal_weight=695 374 253 321 159 103 180 111 94 141 121
internal_count=695 374 253 321 159 103 180 111 94 141 121
cat_boundaries=0 1 2 3
cat_threshold=2 4 2
is_linear=0
shrinkage=0.05


Tree=4
num_leaves=14
num_cat=2
split_feature=9 52 46 9 9 12 3 29 15 44 9 9 11
split_gain=220.551 33.4546 31.1576 26.7106 20.7701 20.7682 10.8587 9.50334 12.5032 8.6841 3.51818 0.612 0.265546
threshold=237.22500000000002 0 1 309.68500000000006 213.79500000000004 58.355000000000011 11.500000000000002 70.164999999999978 0.4565257994570317 0.012162187414271452 190.88000000000002 345.50500000000005 173.58500000000001
decision_type=2 9 1 2 2 2 2 2 2 2 2 2 2
left_child=1 12 10 5 6 7 -4 8 9 -2 -3 -5 -1
right_child=3 2 4 11 -6 -7 -8 -9 -10 -11 -12 -13 -14
leaf_value=8.1907803516650208 0.2075787556289509 3.6747533907364307 0.24406624319543618 -3.4283773204493522 -0.8126163466145937 0.50956547506570793 1.3552079915340061 -2.8839862747721887 -2.4339571395122634 -1.047593451597989 1.7753705841389114 -4.0530541487503058 4.5871773542428018
leaf_weight=79 47 43 62 85 50 41 44 40 42 54 45 40 40
leaf_count=79 47 43 62 85 50 41 44 40 42 54 45 40 40
internal_value=-0.000702247 0.026584 0.0159836 -0.0290831 0.0025641 -0.01875 0.0150943 -0.0259563 -0.0199301 -0.010396 0.0397727 -0.0476 0.0483193
internal_weight=712 363 244 349 156 224 106 183 143 101 88 125 119
internal_count=712 363 244 349 156 224 106 183 143 101 88 125 119
cat_boundaries=0 1 2
cat_threshold=2 4
is_linear=0
shrinkage=0.05


Tree=5
num_leaves=13
num_cat=3
split_feature=9 52 43 46 9 21 35 9 29 46 9 8
split_gain=198.902 35.263 32.1378 27.1689 17.7282 12.8286 11.3186 8.55798 7.25366 8.86177 0.602479 0.0642857
threshold=242.23500000000004 0 0.096540969662602713 1 213.29500000000004 35.000000000000007 0.012416475862457052 208.54500000000004 45.934999999999498 2 202.96000000000001 5873.0000000000009
decision_type=2 9 2 1 2 2 2 2 2 1 2 2
left_child=1 10 5 7 6 -2 -5 -3 9 -7 -1 -10
right_child=2 3 -4 4 -6 8 -8 -9 11 -11 -12 -13
leaf_value=7.8192410594235655 -0.98422590779052688 3.279300509639405 0.54089863040705832 0.36729343809508247 -0.59645926470818122 -2.317958515462041 1.3898596546428696 1.483691514864784 -2.8029391150632672 -0.53202155918589866 4.625603290278792 -3.6745869196880463
leaf_weight=81 58 57 44 61 59 55 44 41 40 49 40 72
leaf_count=81 58 57 44 61 59 55 44 41 40 49 40 72
internal_value=0.000927247 0.0251958 -0.0283019 0.0148855 0.00243902 -0.0346715 0.0147619 0.0357143 -0.0402778 -0.0307692 0.0475207 -0.0491071
internal_weight=701 383 318 262 164 274 105 98 216 104 121 112
internal_count=701 383 318 262 164 274 105 98 216 104 121 112
cat_boundaries=0 1 2 3
cat_threshold=2 4 2
is_linear=0
shrinkage=0.05


Tree=6
num_leaves=12
num_cat=3
split_feature=13 11 9 46 43 52 21 15 14 46 9
split_gain=208.454 75.7508 29.582 16.4387 12.024 11.5934 9.79415 9.70046 8.5334 5.08356 1.13285
threshold=59.104999999999997 150.76500000000001 213.29500000000004 0 0.047038455906588707 1 305.00000000000006 0.36596336278669189 144.39500000000001 2 206.98500000000004
decision_type=2 2 2 1 2 9 2 2 2 1 2
left_child=5 2 -2 7 8 10 -7 -4 -5 -3 -1
right_child=1 9 3 4 -6 6 -8 -9 -10 -11 -12
leaf_value=7.1447790980051229 1.306914174322479 -2.8522759180908124 1.1006922236590719 -1.6707468670615993 -0.01171615275869904 0.53746538396791921 1.9908268936698403 -0.27436588679325208 -1.0242933120184881 -3.3581911990554341 10.86721048443032
leaf_weight=97 75 47 40 59 43 48 61 42 40 132 40
leaf_count=97 75 47 40 59 43 48 61 42 40 132 40
internal_value=0 -0.0192469 -0.00384615 -0.0129464 -0.0232394 0.0373984 0.0252294 0.00487805 -0.0328283 -0.0449721 0.0470803
internal_weight=724 478 299 224 142 246 109 82 99 179 137
internal_count=724 478 299 224 142 246 109 82 99 179 137
cat_boundaries=0 1 2 3
cat_threshold=4 2 4
is_linear=0
shrinkage=0.05


Tree=7
num_leaves=13
num_cat=0
split_feature=9 9 43 28 18 24 29 34 21 9 15 11
split_gain=191.304 41.4301 31.5383 19.9703 10.6634 9.49559 9.32414 8.69096 4.36247 1.30743 1.09206 0.575676
threshold=256.5800000000001 204.77500000000003 0.096540969662602713 -94.254999999999924 359.99999999999983 615.00000000000011 -2.2900000000004179 0.11009395807974461 35.000000000000007 309.68500000000006 0.30665004855287309 184.61500000000004
decision_type=2 2 2 2 2 2 2 2 2 2 2 2
left_child=1 5 7 6 -5 -1 -3 9 -7 -2 -10 -11
right_child=2 3 -4 4 -6 8 -8 -9 10 11 -12 -13
leaf_value=1.0869059608811971 -2.5419706605239711 0.48416737735807197 0.32793549003935851 -0.96109111430742189 0.33132898170134983 1.8854622416619193 3.4149806843980337 -1.4287028899454945 1.7867198733259759 -2.5666481878848226 6.6930750002587587 -4.0675854629340371
leaf_weight=53 70 58 43 43 64 41 40 66 40 40 86 71
leaf_count=53 70 58 43 43 64 41 40 66 40 40 86 71
internal_value=-6.99301e-05 0.0212941 -0.0313793 0.00512195 -0.00981308 0.0363636 0.0214286 -0.0382591 0.0422156 -0.0439227 0.0468254 -0.0472973
internal_weight=715 425 290 205 107 220 98 247 167 181 126 111
internal_count=715 425 290 205 107 220 98 247 167 181 126 111
is_linear=0
shrinkage=0.05


Tree=8
num_leaves=13
num_cat=2
split_feature=9 52 46 9 29 30 21 32 30 9 9 34
split_gain=211.787 36.9549 26.9138 22.3118 15.3864 11.044 9.11227 8.23129 15.3963 7.1078 1.74242 1.65162
threshold=243.02000000000001 0 1 309.68500000000006 -83.904999999998822 -29.675000000000633 385.00000000000006 0.00058857331792535011 -284.44999999999976 205.04000000000002 202.96000000000001 9.0288280841010102e-05
decision_type=2 9 1 2 2 2 2 2 2 2 2 2
left_child=1 10 9 5 -4 7 -6 -2 -9 -3 -1 -5
right_child=3 2 4 11 6 -7 -8 8 -10 -11 -12 -13
leaf_value=6.5687741494395837 -2.7549194447267444 2.944869031482189 0.73137198102342937 -3.2972353256735563 -0.64600467551655538 0.041531834351437306 0.0079703771428356173 -1.5977743486936662 0.13682016616372189 1.423546533346288 3.7286734712341985 -2.4442601430032695
leaf_weight=92 46 55 55 86 44 46 63 73 41 42 40 41
leaf_count=92 46 55 55 86 44 46 63 73 41 42 40 41
internal_value=-0.000276243 0.0246803 0.0137066 -0.0295796 0.00123457 -0.0194175 -0.00981308 -0.025625 -0.0184211 0.0345361 0.0462121 -0.046063
internal_weight=724 391 259 333 162 206 107 160 114 97 132 127
internal_count=724 391 259 333 162 206 107 160 114 97 132 127
cat_boundaries=0 1 2
cat_threshold=2 4
is_linear=0
shrinkage=0.05


Tree=9
num_leaves=11
num_cat=2
split_feature=13 9 46 46 33 9 30 14 12 8
split_gain=206.559 62.1885 19.4317 19.1274 11.8103 10.3923 6.43851 5.74737 2.80227 0.0716312
threshold=59.104999999999997 256.5800000000001 0 1 0.34481744067508752 202.12000000000003 -271.66500000000013 136.06500000000003 32.445000000000007 5421.0000000000009
decision_type=2 2 1 1 2 2 2 2 2 2
left_child=4 3 -3 -2 5 8 -5 9 -1 -4
right_child=1 2 7 6 -6 -7 -8 -9 -10 -11
leaf_value=2.5553716709646035 1.1136456459815829 -0.44705884969154153 -2.7987816540842467 0.12500744708270092 6.7539478839842069 0.64437949852346466 -0.74434668387982517 -1.6388989337068045 2.3302585781929155 -3.5096299853769368
leaf_weight=41 78 79 40 40 94 59 79 56 56 101
leaf_count=41 78 79 40 40 94 59 79 56 56 101
internal_value=-0.000760719 -0.0201903 -0.0355072 0.00126904 0.036 0.0275641 -0.0113445 -0.0439086 0.0376289 -0.0492908
internal_weight=723 473 276 197 250 156 119 197 97 141
internal_count=723 473 276 197 250 156 119 197 97 141
cat_boundaries=0 1 2
cat_threshold=4 4
is_linear=0
shrinkage=0.05


Tree=10
num_leaves=14
num_cat=3
split_feature=14 11 15 46 15 52 3 30 31 46 31 11 37
split_gain=130.181 54.051 30.8384 27.7246 21.3398 13.0659 10.4719 9.95375 6.46127 5.6074 4.98053 2.26667 0.26087
threshold=68.390000000000015 150.76500000000001 0.4962637576066537 0 0.37565080121908817 1 12.500000000000002 60.525000000000553 0.90848254552093688 2 0.88035553623019314 157.25000000000003 264.30981859410537
decision_type=2 2 2 1 2 9 2 2 2 1 2 2 2
left_child=5 2 3 8 9 7 10 -1 -2 -3 -5 -7 -11
right_child=1 4 -4 6 -6 11 -8 -9 -10 12 -12 -13 -14
leaf_value=0.37897075847286588 0.37744907593734145 -2.3731975415685338 -2.0372812626850538 -0.670328697590308 -0.039170352349105687 6.4672503219383159 0.30591930068743456 1.9575065662702877 1.6692892949885891 -3.3948124252085279 -0.9074807283829387 5.7962881792328478 -2.6902665112998112
leaf_weight=66 51 44 56 46 42 68 53 48 50 75 41 40 40
leaf_count=66 51 44 56 46 42 68 53 48 50 75 41 40 40
internal_value=0.000138889 -0.0140562 -0.000505051 0.00726141 -0.0340796 0.031982 -0.00714286 0.0201754 0.0272277 -0.0424528 -0.0178161 0.0444444 -0.0482609
internal_weight=720 498 297 241 201 222 140 114 101 159 87 108 115
internal_count=720 498 297 241 201 222 140 114 101 159 87 108 115
cat_boundaries=0 1 2 3
cat_threshold=4 1 4
is_linear=0
shrinkage=0.05


Tree=11
num_leaves=14
num_cat=2
split_feature=13 11 46 3 9 19 46 15 34 32 13 29 11
split_gain=163.564 64.5779 32.1033 13.4505 11.2312 16.8043 10.8487 5.90035 5.19787 5.08645 4.09264 0.793007 0.8
threshold=59.104999999999997 150.76500000000001 0 12.500000000000002 188.68000000000004 10025.000000000002 1 0.4717224937641189 0.0067535156227747509 6.2632270917214775e-05 19.839999999999993 67.420000000000087 184.12000000000003
decision_type=2 2 1 2 2 2 1 2 2 2 2 2 2
left_child=4 2 7 6 10 9 -4 -2 11 -6 -1 12 -3
right_child=1 8 3 -5 5 -7 -8 -9 -10 -11 -12 -13 -14
leaf_value=2.0973017623282719 -0.5506737407125023 -1.9950752856152592 -0.54889944749689323 0.98581609346977839 1.3095764471448277 -0.034821022293197147 0.49356843522522847 -1.9685753536264992 -2.0451725522936948 4.336438070996854 5.6845722406133872 -3.2010491317505441 -2.7929517142196367
leaf_weight=41 56 40 64 62 40 43 70 43 41 41 78 63 40
leaf_count=41 56 40 64 62 40 43 70 43 41 41 78 63 40
internal_value=-0.00110803 -0.0180585 -0.00355932 0.00816327 0.0323045 0.0217742 -0.000746269 -0.0267677 -0.0413043 0.0351852 0.0432773 -0.0458042 -0.0425
internal_weight=722 479 295 196 243 124 134 99 184 81 119 143 80
internal_count=722 479 295 196 243 124 134 99 184 81 119 143 80
cat_boundaries=0 1 2
cat_threshold=2 1
is_linear=0
shrinkage=0.05


Tree=12
num_leaves=13
num_cat=1
split_feature=13 11 46 13 3 61 34 57 11 29 28 29
split_gain=144.807 59.929 30.7642 17.6095 12.8554 12.7305 9.8408 4.46102 4.00476 1.76831 1.25 1.02857
threshold=51.770000000000003 150.76500000000001 0 133.66000000000003 11.500000000000002 10354.835000000001 0.015402684533946201 100.70500000000001 178.61500000000004 67.420000000000087 -260.99500000000029 23.60000000000014
decision_type=2 2 1 2 2 2 2 2 2 2 2 2
left_child=5 2 3 -2 7 8 9 -4 11 10 -3 -1
right_child=1 6 4 -5 -6 -7 -8 -9 -10 -11 -12 -13
leaf_value=2.7307201919063737 2.5951858265892045 -2.8459426299305584 -0.4134413714033251 0.13564763706083269 0.059142015793539927 0.76808562813488024 -1.2074739683322138 -1.4608822419784038 3.1691235161958744 -3.0411342744353682 -2.146601862025924 5.1915469348995984
leaf_weight=40 42 40 41 70 65 66 41 71 48 62 40 72
leaf_count=40 42 40 41 70 65 66 41 71 48 62 40 72
internal_value=0.000716332 -0.0150424 -0.000865052 0.0196429 -0.0138418 0.0336283 -0.0374317 -0.0241071 0.04125 -0.043662 -0.03875 0.0464286
internal_weight=698 472 289 112 177 226 183 112 160 142 80 112
internal_count=698 472 289 112 177 226 183 112 160 142 80 112
cat_boundaries=0 1
cat_threshold=4
is_linear=0
shrinkage=0.05


Tree=13
num_leaves=13
num_cat=3
split_feature=9 9 18 52 46 23 46 35 44 13 9 13
split_gain=150.072 34.3909 25.1752 20.7844 20.8965 13.2611 14.7899 13.0999 8.8316 4.73612 2.41429 0.536364
threshold=218.53000000000003 311.55000000000007 519.99999999999966 0 1 10565.000000000002 2 0.0086126753713231027 0.010073008729468851 136.48500000000004 328.23000000000008 22.639999999999997
decision_type=2 2 2 9 1 2 1 2 2 2 2 2
left_child=3 2 5 11 -5 6 -2 -6 -8 -7 -3 -1
right_child=1 10 -4 4 7 9 8 -9 -10 -11 -12 -13
leaf_value=5.2804521605794568 0.5314933123973361 -2.634929748246932 1.2295708385112789 2.3375274302256606 -0.474391961599687 -1.5335430885841301 -1.2973202837862852 0.84440449089918634 -0.44410075923886833 -0.33689359711423744 -2.3058113016849862 4.4736946872502079
leaf_weight=59 73 56 40 69 61 52 40 47 69 40 70 40
leaf_count=59 73 56 40 69 61 52 40 47 69 40 70 40
internal_value=-0.00027933 -0.0184091 -0.00955414 0.0286232 0.0183616 -0.0149635 -0.00714286 0.00462963 -0.0188073 -0.0304348 -0.0404762 0.0469697
internal_weight=716 440 314 276 177 274 182 108 109 92 126 99
internal_count=716 440 314 276 177 274 182 108 109 92 126 99
cat_boundaries=0 1 2 3
cat_threshold=2 4 4
is_linear=0
shrinkage=0.05


Tree=14
num_leaves=14
num_cat=1
split_feature=13 11 15 46 25 57 34 57 31 40 28 14 18
split_gain=133.067 46.007 22.9425 16.8548 13.9493 12.416 10.3241 8.61007 7.1001 7.06353 4.60829 1.44233 0.0569892
threshold=59.104999999999997 150.76500000000001 0.48173659254139495 0 1.0000000180025095e-35 182.95000000000002 0.0010759004618199504 89.985000000000014 0.90158203443841367 0.68990384615384626 -86.290000000000006 98.190000000000012 110.00000000000024
decision_type=2 2 2 1 2 2 2 2 2 2 2 2 2
left_child=4 2 3 8 9 -6 11 -5 -2 12 -9 -3 -1
right_child=1 6 -4 7 5 -7 -8 10 -10 -11 -12 -13 -14
leaf_value=3.3923260193175078 0.60240607973712013 -2.2287805969740631 -2.1516001061284964 0.48316051660191772 1.1879656704097827 -0.02389788345480124 -1.3650821649952931 -0.033502698592298687 1.5061834214391003 4.3097438569142339 -0.55060951251358614 -2.9267225675808399 6.2081003625633926
leaf_weight=40 42 73 58 48 66 40 43 41 43 43 47 51 53
leaf_count=40 42 73 58 48 66 40 43 41 43 43 47 51 53
internal_value=0.000726744 -0.0154709 -0.00304659 0.00429864 0.0305785 0.0169811 -0.0362275 -0.00661765 0.0217647 0.0411765 -0.0159091 -0.0435484 0.0489247
internal_weight=688 446 279 221 242 106 167 136 85 136 88 124 93
internal_count=688 446 279 221 242 106 167 136 85 136 88 124 93
cat_boundaries=0 1
cat_threshold=4
is_linear=0
shrinkage=0.05


Tree=15
num_leaves=12
num_cat=1
split_feature=9 34 30 50 13 28 9 43 25 14 9
split_gain=139.844 40.1369 28.0914 21.679 15.1838 12.8075 7.45187 12.4445 5.36205 1.56946 1.39887
threshold=218.53000000000003 0.013215253808235402 -293.94 0 32.580000000000013 -103.92999999999971 300.26000000000005 0.046395552195399405 345.00000000000006 95.704999999999998 336.03000000000003
decision_type=2 2 2 1 2 2 2 2 2 2 2
left_child=3 6 -3 4 -1 -4 7 -2 9 -5 -8
right_child=1 2 5 8 -6 -7 10 -9 -10 -11 -12
leaf_value=2.1299479098396432 -1.2096815031341766 -1.4159605359679095 1.113444282105674 4.5974963772594455 -0.32076890043341139 -0.072064516649994914 -2.1727438738818039 -0.37634623690324942 1.0244233398409133 1.855050528656002 -2.3651451653597455
leaf_weight=53 52 58 79 74 51 78 68 61 56 41 41
leaf_count=53 52 58 79 74 51 78 68 61 56 41 41
internal_value=-0.000842697 -0.0184211 -0.00302326 0.0270909 0.00614035 0.00796178 -0.0333333 -0.0243363 0.0372928 0.0456522 -0.0426606
internal_weight=712 437 215 275 104 157 222 113 171 115 109
internal_count=712 437 215 275 104 157 222 113 171 115 109
cat_boundaries=0 1
cat_threshold=4526
is_linear=0
shrinkage=0.05


Tree=16
num_leaves=14
num_cat=2
split_feature=9 9 52 18 50 13 3 35 43 59 34 39 7
split_gain=133.965 29.5097 24.4564 15.7748 12.6447 15.1598 12.3321 9.15751 6.38459 6.54878 5.6422 1.34826 0.536364
threshold=218.53000000000003 302.18500000000006 0 500.00000000000017 1 159.68000000000004 11.500000000000002 0.0086126753713231027 0.043237879217465212 9954.6100000000024 0.0010759004618199504 -40.329751939057765 11103.492063492065
decision_type=2 2 9 2 1 2 2 2 2 2 2 2 2
left_child=2 3 12 4 5 -2 7 -4 -6 -10 11 -3 -1
right_child=1 10 6 -5 8 -7 -8 -9 9 -11 -12 -13 -14
leaf_value=4.6810351009945563 0.31343289356645632 -2.5091936089823217 -0.25216732018125498 1.0873004599269305 -1.1314334728390836 -0.91562782836309753 1.2489675402480374 1.1485404632965179 -0.1787098225166176 -0.8646302078562158 -1.4833279284432042 -2.0180303139942661 4.2314302041224705
leaf_weight=59 69 62 56 43 45 41 79 48 58 46 40 40 40
leaf_count=59 69 62 56 43 45 41 79 48 58 46 40 40 40
internal_value=0 -0.0171171 0.0269504 -0.00827815 -0.0129344 0.000833333 0.0161202 0.00480769 -0.0216981 -0.0163462 -0.0359155 -0.0421569 0.0469697
internal_weight=726 444 282 302 259 110 183 104 149 104 142 102 99
internal_count=726 444 282 302 259 110 183 104 149 104 142 102 99
cat_boundaries=0 1 2
cat_threshold=2 250496
is_linear=0
shrinkage=0.05


Tree=17
num_leaves=13
num_cat=1
split_feature=9 34 37 50 18 28 9 43 24 38 29 9
split_gain=114.523 35.1016 22.4675 20.554 13.283 11.4062 10.4581 9.2637 7.68154 5.4832 3.1807 1.77792
threshold=218.53000000000003 0.013215253808235402 346.86798185941012 0 60.000000000000462 -94.254999999999924 300.26000000000005 0.046395552195399405 605.00000000000011 -70.01758091747233 34.119999999999898 336.03000000000003
decision_type=2 2 2 1 2 2 2 2 2 2 2 2
left_child=3 6 5 4 -1 8 7 -2 -3 -5 -11 -8
right_child=1 2 -4 9 -6 -7 11 -9 -10 10 -12 -13
leaf_value=-0.20765774141216725 -1.1085116704086155 0.077671852602984981 -1.2711946201800135 1.3242543288615665 1.1323428116012362 -0.32865743278389098 -2.0541673667143829 -0.21617554027382654 1.1706046473025005 1.4997462624322631 3.7438930180787873 -2.4725495965198276
leaf_weight=47 49 61 46 50 60 57 70 65 51 40 74 40
leaf_count=47 49 61 46 50 60 57 70 65 51 40 74 40
internal_value=-0.00028169 -0.0160592 -0.00162791 0.0252768 0.00555556 0.00680473 -0.0299107 -0.0192982 0.0160714 0.0356322 0.0438596 -0.0409091
internal_weight=710 439 215 271 107 169 224 114 112 164 114 110
internal_count=710 439 215 271 107 169 224 114 112 164 114 110
cat_boundaries=0 1
cat_threshold=21926
is_linear=0
shrinkage=0.05


Tree=18
num_leaves=13
num_cat=1
split_feature=9 9 14 15 15 24 53 52 9 28 9 32
split_gain=115.899 31.9848 17.507 15.8483 14.0133 10.1173 9.60317 7.18022 6.62109 4.98104 7.67958 4.41605
threshold=256.5800000000001 187.00500000000002 135.91 0.41637040291045885 0.31062397983504025 645.00000000000011 1.0000000180025095e-35 0 213.79500000000004 -113.61499999999965 311.55000000000007 0.59545251444944813
decision_type=2 2 2 2 2 2 2 9 2 2 2 2
left_child=1 7 9 4 5 8 -4 -1 -3 10 -2 -12
right_child=2 3 6 -5 -6 -7 -8 -9 -10 -11 11 -13
leaf_value=4.2946609981543196 -1.0034511502766941 1.1387931786435197 0.66936664200624729 -0.39725258994893853 1.8089711005340363 -0.35679594535353409 -1.1977698529569285 1.6280564554571566 0.073788259972835848 -2.3291289957666783 -2.0412594546710614 -1.4681735477517457
leaf_weight=70 48 44 42 62 76 57 48 60 61 70 40 43
leaf_count=70 48 44 42 62 76 57 48 60 61 70 40 43
internal_value=0.000485437 0.0169767 -0.0238832 0.008 0.0138655 0.00555556 -0.00555556 0.0376923 0.0147619 -0.0320896 -0.0263359 -0.0355422
internal_weight=721 430 291 300 238 162 90 130 105 201 131 83
internal_count=721 430 291 300 238 162 90 130 105 201 131 83
cat_boundaries=0 1
cat_threshold=2
is_linear=0
shrinkage=0.05


Tree=19
num_leaves=14
num_cat=1
split_feature=13 11 15 33 10 24 13 46 28 30 38 60 30
split_gain=118.735 31.8701 23.5086 21.571 18.4144 14.25 11.2541 9.73734 8.08653 8.05354 5.14205 4.52849 2.96232
threshold=59.104999999999997 150.76500000000001 0.4588714636106061 0.12938396251539844 9971.840000000002 645.00000000000011 147.59500000000006 0 -110.03999999999995 -128.72499999999988 -34.597516906807435 8451.4550000000017 21.545000000000076
decision_type=2 2 2 2 2 2 2 1 2 2 2 2 2
left_child=3 2 5 4 11 6 10 -4 9 -3 -2 -1 -5
right_child=1 8 7 12 -6 -7 -8 -9 -10 -11 -12 -13 -14
leaf_value=0.85849114195777365 1.3980537281326426 -2.1151098610997177 -1.7314928980690363 2.0105593903702483 -0.19389408485329726 -0.20680705243946029 -0.080959789116066008 -0.31971836905857604 -2.2155344995141362 -0.40811238081880674 0.60320369979297928 1.8212732207719562 4.8749177490112565
leaf_weight=46 44 65 44 42 48 64 66 42 65 47 42 41 73
leaf_count=46 44 65 44 42 48 64 66 42 65 47 42 41 73
internal_value=6.85871e-05 -0.0145094 -0.00463576 0.028 0.0144444 0.00416667 0.0125 -0.0267442 -0.0313559 -0.0232143 0.0244186 0.0281609 0.043913
internal_weight=729 479 302 250 135 216 152 86 177 112 86 87 115
internal_count=729 479 302 250 135 216 152 86 177 112 86 87 115
cat_boundaries=0 1
cat_threshold=2
is_linear=0
shrinkage=0.05


Tree=20
num_leaves=15
num_cat=1
split_feature=13 11 46 13 42 11 57 56 18 28 37 15 15 13
split_gain=116.949 37.3212 31.1743 17.8935 17.453 13.7404 11.7867 10.5361 9.18801 3.93245 7.90429 2.8715 2.81667 0.45
threshold=59.104999999999997 162.07000000000002 0 133.66000000000003 0.42464097541190765 182.95000000000002 94.00500000000001 172.16500000000005 55.000000000000007 -110.03999999999995 239.63823129251708 0.45512621253082275 0.39901504571379076 21.709999999999997
decision_type=2 2 1 2 2 2 2 2 2 2 2 2 2 2
left_child=4 2 3 -2 5 8 -4 11 -1 10 -3 -8 13 -6
right_child=1 9 6 -5 12 -7 7 -9 -10 -11 -12 -13 -14 -15
leaf_value=0.61986410058998809 1.8042144320820612 -0.66318544109507371 -0.022726018055812959 -0.02197304596473959 3.9824720564423184 -0.27880046269349895 -0.8438050900108669 -0.15513786399259344 2.1764758510357973 -2.2103670106440654 -2.1527552731215835 -1.9641624438036154 2.3039530169393361 5.1695889074368964
leaf_weight=40 46 41 71 73 40 40 58 42 49 47 61 40 40 40
leaf_count=40 46 41 71 73 40 40 58 42 49 47 61 40 40 40
internal_value=-0.000686813 -0.0151357 -0.00575758 0.0147059 0.0271084 0.0143411 -0.0172986 -0.0257143 0.0252809 -0.035906 -0.0303922 -0.0346939 0.0408333 0.04625
internal_weight=728 479 330 119 249 129 211 140 89 149 102 98 120 80
internal_count=728 479 330 119 249 129 211 140 89 149 102 98 120 80
cat_boundaries=0 1
cat_threshold=4
is_linear=0
shrinkage=0.05


Tree=21
num_leaves=14
num_cat=2
split_feature=9 34 52 46 37 35 35 32 37 43 43 39 35
split_gain=97.4693 29.3441 28.7269 17.9658 16.3113 12.5837 9.13594 7.52973 7.34848 6.99063 3.49153 0.853495 0.83779
threshold=218.53000000000003 0.013215253808235402 0 1 335.75764172335533 -0.0010635504185822998 0.017167974508776603 0.36241161922300497 298.08302721088472 0.046640204139495302 0.059115395520272153 -38.375511705118718 -1.2383099500513538e-05
decision_type=2 2 9 1 2 2 2 2 2 2 2 2 2
left_child=2 5 12 -4 7 -2 -5 8 -3 11 -11 -7 -1
right_child=1 4 3 6 -6 9 -8 -9 -10 10 -12 -13 -14
leaf_value=4.2756520896348329 -0.17423643311461864 1.1042125595228602 1.7256254815658938 -0.28940278099008648 -1.1394530821951856 -1.1537631990702015 0.43245187428167803 -0.087736994431942258 0.026994865374788193 -1.0983933930351086 -1.2214008564385228 -1.576078947996534 2.5960748015772084
leaf_weight=47 42 52 64 70 62 45 41 52 50 43 46 41 55
leaf_count=47 42 52 64 70 62 45 41 52 50 43 46 41 55
internal_value=0.00084507 -0.0139723 0.0240072 0.0117143 -0.000925926 -0.0269585 -0.00045045 0.00779221 0.0156863 -0.0328571 -0.0230337 -0.0430233 0.045098
internal_weight=710 433 277 175 216 217 111 154 102 175 89 86 102
internal_count=710 433 277 175 216 217 111 154 102 175 89 86 102
cat_boundaries=0 1 2
cat_threshold=2 4
is_linear=0
shrinkage=0.05


Tree=22
num_leaves=13
num_cat=2
split_feature=9 52 50 43 13 17 36 38 7 21 14 15
split_gain=97.5814 35.9745 22.9186 13.4302 10.3776 9.97164 10.5225 7.49895 8.67076 7.43708 8.25444 5.28773
threshold=250.34500000000003 0 1 0.083782251204990013 51.770000000000003 10120.000000000002 0.59545251444944813 -36.566289466894894 11103.492063492065 320.00000000000028 127.66000000000001 0.39901504571379076
decision_type=2 9 1 2 2 2 2 2 2 2 2 2
left_child=1 11 4 5 -3 6 9 8 -4 -2 -11 -1
right_child=3 2 7 -5 -6 -7 -8 -9 -10 10 -12 -13
leaf_value=3.7067875560814794 -0.62547736472387294 0.69464466183903872 -0.11594985077338134 0.2837402138955975 -0.53317069889360291 -1.9620844284583385 0.015665759245127475 1.3040618760819889 0.74417075418779144 -1.8842112562306135 -0.83280043045108343 1.2928983596110257
leaf_weight=76 42 42 41 40 71 74 55 62 70 57 44 43
leaf_count=76 42 42 41 40 71 74 55 62 70 57 44 43
internal_value=0.00146444 0.0176543 0.00804196 -0.0195513 -0.00934959 -0.0235294 -0.0176768 0.0188525 0.0121622 -0.0248252 -0.0321782 0.0407563
internal_weight=717 405 286 312 113 272 198 173 111 143 101 119
internal_count=717 405 286 312 113 272 198 173 111 143 101 119
cat_boundaries=0 1 2
cat_threshold=2 1342
is_linear=0
shrinkage=0.05


Tree=23
num_leaves=14
num_cat=1
split_feature=9 34 12 37 46 35 58 9 29 30 12 9 28
split_gain=106.43 24.0636 21.3417 18.8048 15.1017 12.3023 6.55847 5.56314 5.32377 4.83721 3.00871 2.46427 1.96797
threshold=218.53000000000003 0.013215253808235402 50.015000000000008 335.75764172335533 0 -0.0010635504185822998 9949.6100000000024 238.23500000000004 22.284999999999862 -101.31999999999969 53.470000000000006 286.71000000000009 -138.83500000000001
decision_type=2 2 2 2 1 2 2 2 2 2 2 2 2
left_child=2 5 4 7 -1 -2 -6 -3 -9 11 -4 -7 -13
right_child=1 3 10 -5 6 9 -8 8 -10 -11 -12 12 -14
leaf_value=1.7564445429225601 -0.25542928999681463 0.79316950636422157 2.9410557704943923 -1.1103277839857675 -0.1101523582347122 -0.53386806934433373 0.67801869118539626 0.11833421631140802 -0.43318176074801756 -0.58604710914319613 1.4524142781101332 -2.0356240183628276 -2.2736915773207094
leaf_weight=58 48 51 58 70 69 45 44 51 41 40 47 47 42
leaf_count=58 48 51 58 70 69 45 44 51 41 40 47 47 42
internal_value=0.000351617 -0.0150575 0.0246377 -0.00305164 0.0137427 -0.0265766 0.00309735 0.00734266 0 -0.0327586 0.042381 -0.0373134 -0.0421348
internal_weight=711 435 276 213 171 222 113 143 92 174 105 134 89
internal_count=711 435 276 213 171 222 113 143 92 174 105 134 89
cat_boundaries=0 1
cat_threshold=4
is_linear=0
shrinkage=0.05


Tree=24
num_leaves=13
num_cat=2
split_feature=9 9 2 32 14 46 31 18 40 30 20 30
split_gain=88.2079 31.5298 15.0776 19.4128 15.1647 12.7212 12.0867 7.96089 5.66267 5.3529 3.67633 1.96381
threshold=187.00500000000002 244.93500000000003 0 0.03940235206061201 105.64500000000002 1 0.79557336921968214 39.99999999999978 0.83806818181818199 200.0300000000002 10425.000000000002 21.545000000000076
decision_type=2 2 9 2 2 1 2 2 2 2 2 2
left_child=8 2 3 -2 -4 6 -3 -7 11 10 -9 -1
right_child=1 5 4 -5 -6 7 -8 9 -10 -11 -12 -13
leaf_value=1.6741836752449903 -0.2631378647419011 -1.2933305200121774 0.38039435769985563 1.4331353647125447 -0.46973420704930241 -0.6014749344225081 0.47709391951251434 -1.7719424840312912 1.2275655174086211 -0.66402597884929793 -1.3560142470547794 3.1795127374775589
leaf_weight=41 43 53 79 75 66 49 46 77 42 50 52 52
leaf_count=41 43 53 79 75 66 49 46 77 42 50 52 52
internal_value=0.000206897 -0.00813559 0.00475285 0.0171875 -0.00612903 -0.0185015 -0.00353535 -0.025 0.0366667 -0.0298883 -0.0352713 0.0435484
internal_weight=725 590 263 118 145 327 99 228 135 179 129 93
internal_count=725 590 263 118 145 327 99 228 135 179 129 93
cat_boundaries=0 1 2
cat_threshold=20 4
is_linear=0
shrinkage=0.05


Tree=25
num_leaves=14
num_cat=2
split_feature=52 29 13 46 12 13 14 13 29 30 32 37 34
split_gain=87.8512 33.2464 30.4553 26.2848 15.067 12.1574 28.5227 10.6627 9.44062 8.26202 5.06625 2.89371 0.2
threshold=0 45.934999999999498 148.42000000000004 1 47.985000000000007 136.97000000000003 103.99500000000005 139.24000000000004 6.6799999999996098 11.440000000000056 0.09855526574598962 97.240464852607843 -0.13504259456716891
decision_type=9 2 2 1 2 2 2 2 2 2 2 2 2
left_child=9 2 3 4 -2 6 -5 -3 10 -1 -4 -9 -11
right_child=1 7 8 5 -6 -7 -8 11 -10 12 -12 -13 -14
leaf_value=1.2960843804423776 1.5849369749289233 -1.7413880048456125 -1.3422452701602268 0.16212187685450399 0.23176870024097573 0.23759624124768985 -1.1115494663341874 -1.2704355032138055 -0.054010399955832615 3.2659490810502056 -0.86513788694031357 -0.33067696530875995 3.0791987869503163
leaf_weight=49 77 73 41 77 42 57 40 40 56 40 48 41 40
leaf_count=49 77 73 41 77 42 57 40 40 56 40 48 41 40
internal_value=0.000208044 -0.00793919 -0.000913242 0.00836177 0.0264706 -0.00402299 -0.0132479 -0.0279221 -0.0196552 0.0375969 -0.0297753 -0.0154321 0.0475
internal_weight=721 592 438 293 119 174 117 154 145 129 89 81 80
internal_count=721 592 438 293 119 174 117 154 145 129 89 81 80
cat_boundaries=0 1 2
cat_threshold=2 4
is_linear=0
shrinkage=0.05


Tree=26
num_leaves=14
num_cat=1
split_feature=13 9 2 40 24 34 14 15 7 21 21 9 18
split_gain=72.0101 30.8208 25.5997 17.9348 17.9067 15.4714 11.6632 10.14 9.02148 7.11698 6.64365 5.35508 1.56383
threshold=32.285000000000004 283.37000000000006 0 0.73180076628352497 980.5550000000004 0.09160914429447381 107.16500000000001 0.36596336278669189 11083.174603174606 315.00000000000006 439.99999999999983 325.24000000000007 100.00000000000024
decision_type=2 2 9 2 2 2 2 2 2 2 2 2 2
left_child=3 2 6 12 10 8 -2 -8 -3 -5 -4 -10 -1
right_child=1 5 4 9 -6 -7 7 -9 11 -11 -12 -13 -14
leaf_value=1.5368397470449733 0.10918531335124265 -1.8264168332802606 0.29478482908272058 -0.086997491976663455 -0.031690127034650482 0.24355632933467186 -0.20848846509149219 -1.9951863321464118 -1.4155831902220823 1.6718621986978712 1.3362160221859245 -0.85965141978423398 3.5717038034952142
leaf_weight=47 43 59 44 42 72 42 60 40 58 46 52 51 49
leaf_count=47 43 59 44 42 72 42 60 40 58 46 52 51 49
internal_value=0.00191489 -0.00758157 0.00241158 0.0288043 0.0151685 -0.022381 -0.0127451 -0.023 -0.0291667 0.0125 0.0302083 -0.0206422 0.04375
internal_weight=705 521 311 184 168 210 143 100 168 88 96 109 96
internal_count=705 521 311 184 168 210 143 100 168 88 96 109 96
cat_boundaries=0 1
cat_threshold=10
is_linear=0
shrinkage=0.05


Tree=27
num_leaves=13
num_cat=2
split_feature=9 9 50 13 22 14 22 52 38 28 21 56
split_gain=84.3107 34.323 15.026 16.428 10.5766 10.4783 9.40687 7.38817 6.83306 10.4093 4.75912 4.62224
threshold=187.00500000000002 296.05000000000007 0 162.94000000000003 8435.0000000000018 127.96500000000002 9915.0000000000018 1 -36.05936920419019 -269.34999999999985 439.99999999999983 164.26500000000001
decision_type=2 2 1 2 2 2 2 9 2 2 2 2
left_child=7 2 4 5 -2 8 11 -1 9 -4 -7 -3
right_child=1 6 3 -5 -6 10 -8 -9 -10 -11 -12 -13
leaf_value=2.8157550722144844 0.012679243651838945 -1.1522158222896213 0.56631855298299894 -0.96588761144881163 -1.2321164310641788 0.11120491800205806 -1.8293011407006174 0.94262642031081367 0.48976229348304889 -0.38405823842072667 1.136787374550297 -0.66872246951551384
leaf_weight=77 53 54 46 43 63 49 72 63 41 67 48 41
leaf_count=77 53 54 46 43 63 49 72 63 41 67 48 41
internal_value=0.000906555 -0.00753899 0.000243902 0.00625 -0.0142857 0.0113546 -0.0266467 0.0357143 0.00324675 -0.00309735 0.0242268 -0.0163158
internal_weight=717 577 410 294 116 251 167 140 154 113 97 95
internal_count=717 577 410 294 116 251 167 140 154 113 97 95
cat_boundaries=0 1 2
cat_threshold=422 2
is_linear=0
shrinkage=0.05


Tree=28
num_leaves=13
num_cat=2
split_feature=13 11 50 13 40 44 8 8 14 14 46 59
split_gain=79.9392 38.2091 23.4983 25.7798 19.2037 17.0369 14.9551 8.34325 7.34783 7.30519 5.50755 4.8665
threshold=59.104999999999997 162.07000000000002 0 149.22500000000005 0.76388888888888895 0.013947696634806751 9756.2300000000014 9796.0650000000023 95.645000000000053 145.83500000000001 1 5952.9900000000007
decision_type=2 2 1 2 2 2 2 2 2 2 1 2
left_child=4 2 3 -2 11 9 -6 8 -3 -4 -7 -1
right_child=1 7 5 -5 6 10 -8 -9 -10 -11 -12 -13
leaf_value=3.3795599200827464 1.0098560329812762 -0.33525918214178818 -1.3406116527747711 -0.10140016628664546 1.4146461772586136 0.31168251494038873 -0.33616725363309313 -2.1929552909009593 -1.4668754523990621 -0.18004683254940732 -0.32689761994186561 1.5323315537400988
leaf_weight=59 67 46 70 42 68 45 40 51 46 40 68 77
leaf_count=59 67 46 70 42 68 45 40 51 46 40 68 77
internal_value=0.00173853 -0.0102105 -0.000903614 0.0172269 0.025 -0.0100858 0.00925926 -0.0318182 -0.0228261 -0.0245455 0.00309735 0.0375
internal_weight=719 475 332 109 244 223 108 143 92 110 113 136
internal_count=719 475 332 109 244 223 108 143 92 110 113 136
cat_boundaries=0 1 2
cat_threshold=138752 4
is_linear=0
shrinkage=0.05


Tree=29
num_leaves=14
num_cat=2
split_feature=52 9 46 11 30 14 13 48 31 41 11 14 60
split_gain=80.9093 32.0939 17.0787 14.1214 9.61307 9.29298 8.90675 7.77501 5.23876 4.89496 12.7027 4.70446 0.727273
threshold=0 242.23500000000004 1 162.07000000000002 11.440000000000056 98.640000000000001 153.86500000000004 1.0000000180025095e-35 0.88035553623019314 0.95141620771046431 166.95500000000001 118.40000000000003 9264.5400000000027
decision_type=9 2 1 2 2 2 2 2 2 2 2 2 2
left_child=4 2 11 6 -1 7 -3 -5 -8 10 -4 -2 -6
right_child=1 3 9 5 12 -7 8 -9 -10 -11 -12 -13 -14
leaf_value=1.5183433961362574 0.84063727310153125 0.048874914327472756 -0.71006624723699829 -1.3441923663804816 3.8273328064392249 -1.7495255017590516 -0.38271664281670292 -0.083092719523150296 -0.92319766835931749 0.064752032449932981 0.17589090975276395 1.1366338578295307 2.0591260898323225
leaf_weight=50 57 72 43 51 44 57 54 43 42 72 44 41 44
leaf_count=50 57 72 43 51 44 57 54 43 42 72 44 41 44
internal_value=0.00112045 -0.00711806 0.00603113 -0.0177116 0.0355072 -0.0288079 -0.0077381 -0.0191489 -0.0177083 -0.00408805 -0.012069 0.022449 0.0454545
internal_weight=714 576 257 319 138 151 168 94 96 159 87 98 88
internal_count=714 576 257 319 138 151 168 94 96 159 87 98 88
cat_boundaries=0 1 2
cat_threshold=2 4
is_linear=0
shrinkage=0.05


Tree=30
num_leaves=13
num_cat=3
split_feature=52 46 30 29 12 11 50 13 12 14 32 14
split_gain=58.1705 31.0709 13.7286 12.1299 11.008 10.768 14.8298 8.07386 8.08164 7.63474 7.51304 3.5189
threshold=0 1 21.545000000000076 39.520000000000444 47.985000000000007 184.61500000000004 2 154.56500000000003 29.635000000000002 93.560000000000016 0.27380118614365445 120.30500000000002
decision_type=9 1 2 2 2 2 1 2 2 2 2 2
left_child=2 3 -1 4 11 6 10 8 -8 -7 -3 -2
right_child=1 5 -4 -5 -6 9 7 -9 -10 -11 -12 -13
leaf_value=1.0764581950660088 1.2658132918347746 -0.67745984708465068 3.0500936844046187 -0.72131336905849386 -0.069256364622158104 -0.73513182037752034 0.41255965134622924 -0.67532890815602153 -0.054517196549535289 -2.0722541101556411 -1.2451732584184729 1.0798021649380543
leaf_weight=56 48 69 70 40 61 40 50 66 72 43 46 49
leaf_count=56 48 69 70 40 61 40 50 66 72 43 46 49
internal_value=0.000140845 -0.00650685 0.0309524 0.00959596 0.0158228 -0.0147668 -0.010396 -0.0010101 0.00655738 -0.0307229 -0.0236 0.0262887
internal_weight=710 584 126 198 158 386 303 188 122 83 115 97
internal_count=710 584 126 198 158 386 303 188 122 83 115 97
cat_boundaries=0 1 2 3
cat_threshold=2 4 8310
is_linear=0
shrinkage=0.05


Tree=31
num_leaves=13
num_cat=2
split_feature=9 52 23 54 29 23 59 9 14 34 59 56
split_gain=74.1083 26.7744 19.9837 24.4911 19.5966 11.8953 10.2755 7.46353 5.22913 5.41211 4.53909 1.21816
threshold=203.18500000000003 0 10565.000000000002 1 45.934999999999498 10535.000000000002 10245.310000000003 237.22500000000002 127.96500000000002 0.0019634761701631002 9985.0000000000018 156.96500000000003
decision_type=2 9 2 9 2 2 2 2 2 2 2 2
left_child=1 11 3 4 7 -3 10 -2 9 -5 -4 -1
right_child=2 5 6 8 -6 -7 -8 -9 -10 -11 -12 -13
leaf_value=1.6897746251414969 1.2421228903992061 -0.22813226516534077 -0.58263130567108312 -0.76370338658036907 -0.32600578320233425 0.71068590316506253 -0.2005227125009249 0.33918892258247557 -0.90985651881227203 -0.016045838242469745 -1.2418330656765812 2.2556630887401052
leaf_weight=42 41 58 79 41 68 74 50 69 43 47 58 44
leaf_count=42 41 58 79 41 68 74 50 69 43 47 58 44
internal_value=-0.00182073 0.0224771 -0.0125 -0.00469256 0.00744681 0.00833333 -0.0254011 0.0209091 -0.0202128 -0.0147727 -0.0324818 0.044186
internal_weight=714 218 496 309 178 132 187 110 131 88 137 86
internal_count=714 218 496 309 178 132 187 110 131 88 137 86
cat_boundaries=0 1 2
cat_threshold=2 18
is_linear=0
shrinkage=0.05


Tree=32
num_leaves=14
num_cat=1
split_feature=9 9 43 50 34 15 15 18 13 28 43 18 56
split_gain=70.1655 23.3139 18.7456 18.8535 14.4502 11.8332 19.7275 9.5299 7.50901 6.26566 4.47422 3.54632 2.19431
threshold=188.18500000000003 302.18500000000006 0.037850864757584306 0 0.0016657385368395001 0.44438179948060802 0.32862078697268815 60.000000000000462 144.47500000000005 -73.350000000000009 0.046395552195399405 110.00000000000024 147.27500000000003
decision_type=2 2 2 1 2 2 2 2 2 2 2 2 2
left_child=7 2 4 11 -2 6 9 -1 -3 -5 -10 -4 -9
right_child=1 8 3 5 -6 -7 -8 12 10 -11 -12 -13 -14
leaf_value=0.54274168009985679 -0.92913926936187041 -1.5293049558797627 0.44243374348291803 0.017785005721323844 -0.038985145423049344 -1.381285024689598 0.83529053783501794 1.2520864674457579 -0.58962244800168551 -0.5489249166085568 -0.99667654396832717 1.097377836837595 1.9549567317123264
leaf_weight=43 43 61 62 76 52 45 52 40 41 57 43 42 52
leaf_count=43 43 61 62 76 52 45 52 40 41 57 43 42 52
internal_value=-0.000211566 -0.00783972 -0.00198135 0.00359281 -0.0215789 -0.00458333 0.000810811 0.0322222 -0.0251724 -0.0093985 -0.0154762 0.0201754 0.0413043
internal_weight=709 574 429 334 95 230 185 135 145 133 84 104 92
internal_count=709 574 429 334 95 230 185 135 145 133 84 104 92
cat_boundaries=0 1
cat_threshold=184833
is_linear=0
shrinkage=0.05


Tree=33
num_leaves=13
num_cat=2
split_feature=9 34 52 3 13 50 57 60 48 14 38 30
split_gain=60.0863 20.6091 18.8812 15.2 13.5889 12.1137 12.676 6.99649 6.40421 6.26685 4.3788 3.3845
threshold=218.53000000000003 0.013215253808235402 0 11.500000000000002 130.34500000000006 1 168.53000000000003 7372.3600000000015 1.0000000180025095e-35 136.06500000000003 -37.81654646931139 21.545000000000076
decision_type=2 2 9 2 2 1 2 2 2 2 2 2
left_child=2 5 11 8 -3 10 -7 9 -4 -6 -2 -1
right_child=1 4 3 -5 7 6 -8 -9 -10 -11 -12 -13
leaf_value=1.6809149936424974 -1.595389283803204 1.6920051899142523 -0.33263729029440769 0.65749015368215646 -0.59538740615260477 -0.44423914386445329 0.2782253252080924 0.03048347817840984 0.50194297786617015 -0.0022891541772985138 -0.5601413256016009 2.0451320977174841
leaf_weight=42 67 45 50 76 48 77 46 73 45 45 43 58
leaf_count=42 67 45 50 76 48 77 46 73 45 45 43 58
internal_value=0.00118881 -0.0101351 0.0197417 0.00964912 0.00118483 -0.0203863 -0.00714286 -0.00542169 -0.00368421 -0.0145161 -0.0316667 0.037
internal_weight=715 444 271 171 211 233 123 166 95 93 110 100
internal_count=715 444 271 171 211 233 123 166 95 93 110 100
cat_boundaries=0 1 2
cat_threshold=2 18164
is_linear=0
shrinkage=0.05


Tree=34
num_leaves=14
num_cat=2
split_feature=52 46 29 30 12 18 13 15 35 34 58 3 8
split_gain=61.7142 24.3603 21.1956 16.3769 14.6327 10.4697 13.9963 17.9021 6.29745 5.02355 4.98596 3.29477 0.828916
threshold=0 1 52.529999999999752 21.545000000000076 46.685000000000009 155.00000000000003 139.84500000000006 0.26848998902319382 0.16273165457446043 0.00039862878532380007 7951.5300000000016 10.500000000000002 7980.0700000000006
decision_type=9 1 2 2 2 2 2 2 2 2 2 2 2
left_child=3 2 4 -1 10 8 -7 -8 9 -3 -2 -11 -5
right_child=1 5 -4 12 -6 6 7 -9 -10 11 -12 -13 -14
leaf_value=0.47146620798257222 0.94784676821325786 -0.58109817827755939 -0.85638797742218076 4.897265696798037 -0.1412569205477828 -1.6651630646864668 0.12036501978952607 -1.2445061473320718 0.28040287065584979 -0.64618118281366466 1.1830284389323802 0.024227631159838926 1.8831476731055359
leaf_weight=55 44 78 42 43 65 62 51 45 53 45 53 40 40
leaf_count=55 44 78 42 43 65 62 51 45 53 45 53 40 40
internal_value=0.00111732 -0.00605536 0.00784314 0.0311594 0.0160494 -0.0136364 -0.0234177 -0.0114583 -0.00648148 -0.0113497 0.0283505 -0.00294118 0.0451807
internal_weight=716 578 204 138 162 374 158 96 216 163 97 85 83
internal_count=716 578 204 138 162 374 158 96 216 163 97 85 83
cat_boundaries=0 1 2
cat_threshold=2 4
is_linear=0
shrinkage=0.05


Tree=35
num_leaves=14
num_cat=2
split_feature=9 23 54 4 24 29 57 34 52 9 9 14 28
split_gain=54.9091 25.9115 28.4033 15.4901 15.3498 11.04 10.9442 9.81691 9.16447 6.28791 4.23188 4.05 1.93275
threshold=188.18500000000003 10565.000000000002 0 0.65833333333333344 575.00000000000011 12.079999999999929 162.31000000000003 0.015402684533946201 1 288.33000000000004 238.03500000000003 110.14000000000003 -136.13999999999984
decision_type=2 2 9 2 2 2 2 2 9 2 2 2 2
left_child=8 2 3 5 11 -2 -7 9 -1 -3 -6 -4 -11
right_child=1 7 4 -5 10 6 -8 -9 -10 12 -12 -13 -14
leaf_value=1.8302610391042906 0.6482046945936617 -0.2448289475653212 -0.32064160482877524 1.4096627769794694 0.34178121321793847 -0.74896558488381293 0.35278595959711351 -0.038237343241892763 0.59945850855272576 -1.2368111737459673 -0.13487539957615455 -1.3885445309955324 -1.5126582502042649
leaf_weight=76 68 75 40 42 43 40 44 58 70 40 42 40 42
leaf_count=76 68 75 40 42 43 40 44 58 70 40 42 40 42
internal_value=0.00138889 -0.00557491 0.00264624 0.0151961 -0.0122857 0.00855263 -0.00357143 -0.0193023 0.0287671 -0.0257962 0.00176471 -0.02875 -0.0353659
internal_weight=720 574 359 194 165 152 84 215 146 157 85 80 82
internal_count=720 574 359 194 165 152 84 215 146 157 85 80 82
cat_boundaries=0 1 2
cat_threshold=18 2
is_linear=0
shrinkage=0.05


Tree=36
num_leaves=14
num_cat=2
split_feature=9 9 54 15 24 30 60 56 31 24 52 57 56
split_gain=54.6265 17.1818 19.9444 19.3411 16.4475 14.109 12.1947 9.03019 8.94721 8.12922 7.18184 6.08057 3.29016
threshold=187.00500000000002 309.68500000000006 0 0.22541958214520522 585.00000000000011 -289.9050000000006 9986.8050000000021 180.62500000000003 0.89313902501613551 645.00000000000011 1 166.09 105.59000000000002
decision_type=2 2 9 2 2 2 2 2 2 2 9 2 2
left_child=10 2 3 -2 12 -5 11 9 -6 -7 -1 -3 -4
right_child=1 6 4 5 8 7 -8 -9 -10 -11 -12 -13 -14
leaf_value=1.6974772374950444 -0.62959744742529056 -1.1728803654803244 -0.47614555793570124 -0.055619730119306612 -0.28691244754536455 0.65525666073088562 -1.466078400970134 2.1996840819064154 0.22559116141838378 -0.11119153554118455 0.61085823375956549 0.026501657033610827 -1.1073312854326944
leaf_weight=74 51 48 43 63 67 53 43 41 52 40 66 41 52
leaf_count=74 51 48 43 63 67 53 43 41 52 40 66 41 52
internal_value=-0.000953678 -0.00757576 -0.0030303 0.00658915 -0.0138393 0.0139594 -0.0234848 0.0231343 -0.00210084 0.0145161 0.0271429 -0.0129213 -0.03
internal_weight=734 594 462 248 214 197 132 134 119 93 140 89 95
internal_count=734 594 462 248 214 197 132 134 119 93 140 89 95
cat_boundaries=0 1 2
cat_threshold=18 2
is_linear=0
shrinkage=0.05


Tree=37
num_leaves=13
num_cat=3
split_feature=52 46 29 13 30 50 12 11 37 14 34 22
split_gain=54.1063 28.3561 16.8925 15.887 12.9969 12.798 12.6897 8.8884 8.97234 8.37681 8.00078 4.4735
threshold=0 1 52.529999999999752 148.42000000000004 27.140000000000331 2 38.480000000000011 185.18000000000004 255.28606575963616 143.90000000000001 1.0000000180025095e-35 9955.0000000000018
decision_type=9 1 2 2 2 1 2 2 2 2 2 2
left_child=4 2 3 6 -1 11 -2 8 10 -10 -7 -3
right_child=1 5 -4 -5 -6 7 -8 -9 9 -11 -12 -13
leaf_value=0.37619473466958342 1.0982250516014076 -0.47510288938940698 -0.90266681491386225 -0.066834042996329224 2.0959373097316387 -0.13448783430458988 0.056571265953286348 -1.0604944879579399 -0.72469413793938608 0.049224501294010285 0.33903777493430981 -1.1209960793344418
leaf_weight=55 66 40 41 45 75 51 50 49 75 40 49 76
leaf_count=55 66 40 41 45 75 51 50 49 75 40 49 76
internal_value=-0.000702247 -0.00721649 0.00792079 0.0152174 0.0284615 -0.0152632 0.025 -0.0080292 -0.00395349 -0.0134783 0.007 -0.0285714
internal_weight=712 582 202 161 130 380 116 264 215 115 100 116
internal_count=712 582 202 161 130 380 116 264 215 115 100 116
cat_boundaries=0 1 2 3
cat_threshold=2 4 1204
is_linear=0
shrinkage=0.05


Tree=38
num_leaves=15
num_cat=1
split_feature=9 23 7 52 20 13 7 32 30 12 60 38 16 31
split_gain=43.3686 18.6518 17.2985 14.5666 14.5063 12.7693 12.3521 9.8754 8.52508 6.27712 6.1428 5.40969 8.95708 2.45
threshold=218.53000000000003 10565.000000000002 11083.174603174606 0 10360.000000000002 133.21500000000003 11083.174603174606 6.2632270917214775e-05 32.430000000000298 37.180000000000007 10061.245000000001 -36.911265910779385 5545.0000000000009 0.0022276782468657504
decision_type=2 2 2 9 2 2 2 2 2 2 2 2 2 2
left_child=3 2 9 8 6 -4 -5 -3 -1 -2 -9 12 -7 -8
right_child=1 7 5 4 -6 11 13 10 -10 -11 -12 -13 -14 -15
leaf_value=1.239911998625491 -0.058647336943842637 -1.2856237610477708 1.6866138609859651 -0.57550403911821513 0.88969825019991566 -0.7409958740815803 0.012739388370479299 0.049112338872129159 1.6685212100497979 -1.0335549294534354 -0.38477998471010794 0.15777476930424808 0.35171983803957957 0.39316489895833273
leaf_weight=52 40 60 52 48 45 47 40 40 51 45 59 40 46 40
leaf_count=52 40 60 52 48 45 47 40 40 51 45 59 40 46 40
internal_value=0.00120567 -0.00874126 -0.000740741 0.0166667 0.00780347 0.00783784 -0.00078125 -0.022327 0.0315534 -0.0194118 -0.0126263 -0.00037594 -0.00698925 0.01125
internal_weight=705 429 270 276 173 185 128 159 103 85 99 133 93 80
internal_count=705 429 270 276 173 185 128 159 103 85 99 133 93 80
cat_boundaries=0 1
cat_threshold=2
is_linear=0
shrinkage=0.05


Tree=39
num_leaves=15
num_cat=2
split_feature=9 14 50 15 42 11 7 46 14 32 13 11 11 29
split_gain=38.0622 13.7276 12.8982 12.8149 12.7468 9.43037 12.0596 8.08009 7.11244 6.0201 5.57 4.28358 4.00415 2.8097
threshold=242.23500000000004 126.37500000000001 0 0.29128777023591396 0.99309926584488251 174.68500000000003 11083.174603174606 1 98.640000000000001 2.9535704856736032e-05 166.97500000000005 180.62500000000003 156.33500000000004 27.699999999999253
decision_type=2 2 1 2 2 2 2 1 2 2 2 2 2 2
left_child=2 8 3 -1 5 6 -4 10 9 -2 -3 -10 -8 -6
right_child=1 7 4 -5 13 -7 12 -9 11 -11 -12 -13 -14 -15
leaf_value=-0.39302149137076781 -0.92265503489173506 -0.69634816950762968 -0.0043657225756369659 0.35069218801706942 0.32484389535676184 -0.176263521796588 1.0548370173433796 0.13917703049769212 -0.70087426350800541 0.031889230109567991 0.13610170252727977 -1.6665242412805281 0.88748394907160277 1.5780613554761751
leaf_weight=45 43 41 55 56 49 46 46 68 43 51 46 40 40 43
leaf_count=45 43 41 55 56 49 46 46 68 43 51 46 40 40 43
internal_value=0.00182584 -0.0105422 0.0126316 -0.00315315 0.0178201 0.0109626 0.0173759 0.000322581 -0.0200565 -0.0106383 -0.00977011 -0.0307229 0.0290698 0.0336957
internal_weight=712 332 380 101 279 187 141 155 177 94 87 83 86 92
internal_count=712 332 380 101 279 187 141 155 177 94 87 83 86 92
cat_boundaries=0 1 2
cat_threshold=1330 2
is_linear=0
shrinkage=0.05


Tree=40
num_leaves=13
num_cat=2
split_feature=52 10 54 29 24 28 15 13 15 9 60 34
split_gain=38.106 18.0737 16.5502 20.9933 12.9527 12.8292 11.6824 11.25 10.646 9.38347 5.89476 2.57851
threshold=0 10408.935000000001 1 50.415000000000084 665.00000000000011 -269.34999999999985 0.40760674034689109 140.41000000000005 0.35362981303893831 237.83500000000004 10358.650000000003 -1.0000000180025095e-35
decision_type=9 2 9 2 2 2 2 2 2 2 2 2
left_child=6 2 3 4 9 -6 11 -5 10 -2 -4 -1
right_child=1 -3 8 7 5 -7 -8 -9 -10 -11 -12 -13
leaf_value=1.1262004320934496 0.69160651862005151 -0.99971224324473984 0.080303968388045641 -0.96435294893167167 0.57015705739492606 -0.34213938955571466 0.29560768413361205 0.09034718729476908 -1.2528959956808678 0.085226853691571958 -0.26557746486583905 4.0927230058708659
leaf_weight=40 60 73 79 40 46 56 47 40 73 73 57 42
leaf_count=40 60 73 79 40 46 56 47 40 73 73 57 42
internal_value=0.000550964 -0.00477387 -0.00152672 0.00569231 0.0134043 0 0.0251938 -0.01625 -0.0121005 0.0236842 -0.00441176 0.0365854
internal_weight=726 597 524 315 235 102 129 80 209 133 136 82
internal_count=726 597 524 315 235 102 129 80 209 133 136 82
cat_boundaries=0 1 2
cat_threshold=2 26
is_linear=0
shrinkage=0.05


Tree=41
num_leaves=14
num_cat=2
split_feature=9 50 9 54 23 37 32 7 59 4 34 9 57
split_gain=39.0889 21.5926 15.309 13.7555 9.95778 8.86645 13.7776 8.82218 7.58086 7.23305 6.80023 6.54172 6.14114
threshold=298.85500000000008 0 187.00500000000002 1 10565.000000000002 288.76029478458128 0.053037428266026657 11083.174603174606 9945.9050000000007 0.35921052631578948 0.00039862878532380007 227.41000000000003 168.23500000000004
decision_type=2 1 2 9 2 2 2 2 2 2 2 2 2
left_child=1 8 7 5 9 6 -4 -3 -1 11 12 -5 -2
right_child=10 2 3 4 -6 -7 -8 -9 -10 -11 -12 -13 -14
leaf_value=-0.056434987430017451 -1.3933463340670373 0.38991638338597134 -0.20679460053091747 -0.10241511391399816 -0.01639352816735027 -0.47649726404734705 0.26943010621572033 1.1485072934990239 -0.98487256165691961 1.2753547115317234 -0.4073665186340435 0.46723726055374049 -0.4109891592553595
leaf_weight=50 62 46 58 40 52 41 42 66 56 60 53 51 45
leaf_count=50 62 46 58 40 52 41 42 66 56 60 53 51 45
internal_value=0.000554017 0.00676157 0.0113734 0.00639535 0.0143192 -0.00562914 0.002 0.0276786 -0.012931 0.0215232 -0.02125 0.0126374 -0.0285047
internal_weight=722 562 456 344 203 141 100 112 106 151 160 91 107
internal_count=722 562 456 344 203 141 100 112 106 151 160 91 107
cat_boundaries=0 1 2
cat_threshold=8244 4
is_linear=0
shrinkage=0.05


Tree=42
num_leaves=13
num_cat=3
split_feature=9 9 7 58 50 46 11 52 4 22 37 14
split_gain=30.9426 15.7396 15.649 13.5481 12.5514 9.19427 8.69582 7.48001 6.2765 5.83333 5.52608 6.045
threshold=256.5800000000001 181.98500000000004 11083.174603174606 9697.0200000000023 0 1 159.40000000000003 2 0.324561403508772 9940.0000000000018 275.68267573696068 34.960000000000001
decision_type=2 2 2 2 1 1 2 9 2 2 2 2
left_child=1 9 6 8 7 -6 -2 -3 -4 -1 11 -7
right_child=2 4 3 -5 5 10 -8 -9 -10 -11 -12 -13
leaf_value=0.61931844779433554 -0.50197208973788676 -0.57466263824964459 -0.072297419651756206 -0.81077826404664965 0.69848657672224446 -0.018041308928320187 -1.1728782062857879 0.2906250358947709 0.47035256105671408 1.108874388519181 -0.077284584777126505 0.33113011065478642
leaf_weight=40 43 74 71 77 72 42 48 54 43 56 47 49
leaf_count=40 43 74 71 77 72 42 48 54 43 56 47 49
internal_value=0.000837989 0.00921659 -0.0120567 -0.0039267 0.00414201 0.0113636 -0.0291209 -0.00797101 0.00701754 0.0270833 0.00434783 0.0115385
internal_weight=716 434 282 191 338 210 91 128 114 96 138 91
internal_count=716 434 282 191 338 210 91 128 114 96 138 91
cat_boundaries=0 1 2 3
cat_threshold=423 4 1
is_linear=0
shrinkage=0.05


Tree=43
num_leaves=13
num_cat=3
split_feature=52 9 30 50 58 43 13 39 46 38 22 28
split_gain=32.6334 18.0443 17.9442 15.3002 11.1772 9.13368 8.47179 8.8834 6.4 4.67889 3.68446 3.9213
threshold=0 311.55000000000007 31.440000000000285 1 9697.0200000000023 0.069458210334185658 151.66500000000002 -72.832209869080444 2 -35.467571800314055 9940.0000000000018 -94.014999999999858
decision_type=9 2 2 1 2 2 2 2 1 2 2 2
left_child=2 3 -1 6 -3 9 7 -2 -9 10 11 -5
right_child=1 4 -4 5 -6 -7 -8 8 -10 -11 -12 -13
leaf_value=0.17338442811566779 0.031886908112958516 -0.12603040253073594 2.2486448494517286 0.0062594355418668758 -1.2537528470216259 0.23542207491841405 -0.10368288781969232 1.1118488505117849 0.088050386278129097 -0.028940293401438666 -1.3626811051930461 -0.52236538845007063
leaf_weight=59 67 72 71 42 54 50 52 45 45 58 43 54
leaf_count=59 67 72 71 42 54 50 52 45 45 58 43 54
internal_value=0.00196629 -0.00309278 0.0246154 0.00153509 -0.0198413 -0.00680934 0.0111872 0.0175159 0.0277778 -0.0119289 -0.0169065 -0.0114583
internal_weight=712 582 130 456 126 247 209 157 90 197 139 96
internal_count=712 582 130 456 126 247 209 157 90 197 139 96
cat_boundaries=0 1 2 3
cat_threshold=2 187016 4
is_linear=0
shrinkage=0.05


Tree=44
num_leaves=13
num_cat=1
split_feature=9 54 9 28 3 37 57 30 43 21 33 33
split_gain=29.0951 15.1892 18.6365 16.4719 12.0241 11.7207 8.84657 8.83869 7.97521 6.00495 4.34783 4.00019
threshold=187.00500000000002 0 311.55000000000007 -90.89499999999974 11.500000000000002 325.82879818594034 152.67500000000004 -239.9500000000007 0.045551202412557605 424.99999999999983 0.41920243868322166 0.91670463239361144
decision_type=2 9 2 2 2 2 2 2 2 2 2 2
left_child=6 2 3 5 11 9 -1 -5 -4 -2 -8 -3
right_child=1 4 8 7 -6 -7 10 -9 -10 -11 -12 -13
leaf_value=0.069152146641168602 0.2479561294540602 -0.42562505235149023 0.029200538332288063 0.26181624159056194 0.016049274138516447 -0.014433535368169537 0.92196150485720418 -0.37063316345921682 -0.85833244957555344 1.1645520143286832 2.16394103725644 -1.0551917291979316
leaf_weight=45 72 58 49 51 76 40 46 73 59 50 46 52
leaf_count=45 72 58 49 51 76 40 46 73 59 50 46 52
internal_value=0.00299861 -0.00189655 0.00371287 0.0104895 -0.0132653 0.0209877 0.0237226 -0.00322581 -0.0138889 0.0286885 0.0326087 -0.0245455
internal_weight=717 580 394 286 186 162 137 124 108 122 92 110
internal_count=717 580 394 286 186 162 137 124 108 122 92 110
cat_boundaries=0 1
cat_threshold=19
is_linear=0
shrinkage=0.05


Tree=45
num_leaves=14
num_cat=1
split_feature=50 9 37 34 59 13 11 39 13 14 10 29 18
split_gain=27.1345 20.9173 16.2091 15.8462 12.5037 12.3743 8.47416 8.19384 9.77359 7.19422 6.27971 3.82142 1.85409
threshold=0 185.14500000000004 332.66277777777742 0.44560150334089155 9767.4800000000014 59.104999999999997 163.24000000000004 -63.679869497289666 150.13000000000005 46.07 5937.6800000000012 50.940000000000516 124.9999999999998
decision_type=1 2 2 2 2 2 2 2 2 2 2 2 2
left_child=2 -2 7 4 5 -3 -6 9 11 -1 -7 12 -9
right_child=1 3 -4 -5 6 10 -8 8 -10 -11 -12 -13 -14
leaf_value=0.71197745800366341 0.8551777331458098 1.2236777501624829 -0.42483244532382969 0.33281728177236192 -0.21422201444892119 -0.85844176258980487 -1.0353309728932458 0.47563916509611009 0.024125944172122705 -0.24699565521572353 -0.043246592543018908 0.22791443095058669 1.4617062636267211
leaf_weight=74 45 43 47 41 58 49 73 41 44 47 65 43 43
leaf_count=74 45 43 47 41 58 49 73 41 44 47 65 43 43
internal_value=0.00301543 -0.00625 0.0130372 -0.0107903 -0.0149306 -0.00541401 -0.0263359 0.0178082 0.0248538 0.00785124 -0.0140351 0.0318898 0.0380952
internal_weight=713 374 339 329 288 157 131 292 171 121 114 127 84
internal_count=713 374 339 329 288 157 131 292 171 121 114 127 84
cat_boundaries=0 1
cat_threshold=225801
is_linear=0
shrinkage=0.05


Tree=46
num_leaves=13
num_cat=1
split_feature=13 50 13 24 35 12 9 29 42 24 29 57
split_gain=26.2868 18.3205 16.3482 15.5675 11.9264 9.34337 6.98219 5.80332 5.3177 4.87536 4.73171 4.34964
threshold=32.285000000000004 0 153.86500000000004 1114.9999999999998 0.0049803322295626506 41.925000000000004 283.37000000000006 50.940000000000516 0.13988494988449821 615.00000000000011 8.2649999999994197 169.92500000000004
decision_type=2 1 2 2 2 2 2 2 2 2 2 2
left_child=4 3 5 6 11 7 9 -3 -6 -2 -4 -1
right_child=1 2 10 -5 8 -7 -8 -9 -10 -11 -12 -13
leaf_value=0.73533617355822423 -0.48694451682283102 0.59055621397244995 -0.49002121099022666 0.19902477076960087 0.73091735104802291 -0.039212439720171237 -1.18025327056111 0.084334282326550894 -0.34317283484046995 -0.15143502513132676 0.0041167483202949389 2.0662673241448317
leaf_weight=50 46 68 62 56 41 63 72 41 50 69 42 46
leaf_count=50 46 68 62 56 41 63 72 41 50 69 42 46
internal_value=0.00184136 -0.0039499 0.0048951 -0.0136364 0.0179144 0.0145349 -0.021123 0.0233945 0.00494505 -0.0134783 -0.0105769 0.0302083
internal_weight=706 519 276 243 187 172 187 109 91 115 104 96
internal_count=706 519 276 243 187 172 187 109 91 115 104 96
cat_boundaries=0 1
cat_threshold=2302
is_linear=0
shrinkage=0.05


Tree=47
num_leaves=14
num_cat=2
split_feature=2 50 18 11 56 24 12 56 13 29 14 7 12
split_gain=27.0392 17.3364 16.5846 10.7034 10.516 8.67096 8.50736 10.8459 13.5187 7.45158 7.22146 4.56604 1.8
threshold=0 1 155.00000000000003 144.62500000000003 172.16500000000005 1015.0000000000001 46.470000000000006 156.70500000000004 136.15000000000003 10.38500000000005 138.69500000000002 11103.492063492065 32.845000000000006
decision_type=9 1 2 2 2 2 2 2 2 2 2 2 2
left_child=4 2 5 -4 -1 -2 7 8 -3 -10 -8 -7 -9
right_child=1 6 3 -5 -6 11 10 12 9 -11 -12 -13 -14
leaf_value=0.62466461517453453 -0.883663663757425 0.92842619137705218 -0.28513971639241797 -1.0330731945840026 2.0530175213130959 -0.22170074722438005 -0.80142983486379793 0.12649839798136303 -0.12357337207249729 0.17016390089661204 0.31900546599412183 0.31317213251787596 -0.11011384280444575
leaf_weight=77 52 44 46 52 53 53 66 40 41 42 41 53 40
leaf_count=77 52 44 46 52 53 53 66 40 41 42 41 53 40
internal_value=0.000285714 -0.00448276 -0.0139098 -0.0306122 0.02 -0.00443038 0.00339506 0.00942029 0.0185039 0.00662651 -0.00794393 0.00377358 -0.005
internal_weight=700 570 256 98 130 158 314 207 127 83 107 106 80
internal_count=700 570 256 98 130 158 314 207 127 83 107 106 80
cat_boundaries=0 1 2
cat_threshold=16 33270
is_linear=0
shrinkage=0.05


Tree=48
num_leaves=14
num_cat=4
split_feature=9 50 50 54 17 9 19 34 46 11 37 30 22
split_gain=22.0708 14.2092 11.014 9.32748 11.3465 8.43764 7.96981 7.852 6.96316 6.09052 5.05602 4.77273 2.88177
threshold=218.53000000000003 0 1 2 10105.000000000002 295.43000000000006 10005.000000000002 0.0067535156227747509 3 106.34000000000002 151.19558956916083 -256.93500000000034 9975.0000000000018
decision_type=2 1 1 9 2 2 2 2 1 2 2 2 2
left_child=2 7 10 4 5 11 -4 -2 -5 -10 -1 -3 -8
right_child=1 3 6 8 -6 -7 12 -9 9 -11 -12 -13 -14
leaf_value=0.17546578642895699 -1.0492612366736229 0.18375707713937253 0.25127194377394058 0.10454529495719322 -0.39708069770129417 0.011813029568801882 0.92327480569617115 -0.057725064215174628 -0.40939636436164695 -0.76135834312060813 -0.28410773263519051 0.85908310968066426 0.71113075501740786
leaf_weight=60 64 40 66 40 51 63 56 45 49 46 42 44 52
leaf_count=60 64 40 66 40 51 63 56 45 49 46 42 44 52
internal_value=0.00194986 -0.00497738 0.0130435 0.000437318 0.00721154 0.0146259 0.0201087 -0.0197479 -0.00931034 -0.0173684 -0.000892857 0.025 0.0296296
internal_weight=718 442 276 333 198 147 174 109 135 95 102 84 108
internal_count=718 442 276 333 198 147 174 109 135 95 102 84 108
cat_boundaries=0 1 2 3 4
cat_threshold=2164 1906 18 4
is_linear=0
shrinkage=0.05


Tree=49
num_leaves=14
num_cat=0
split_feature=9 56 32 30 11 17 9 44 61 57 37 14 44
split_gain=21.2267 11.6136 18.2755 11.3242 11.5528 10.0821 13.293 9.83775 8.93592 8.51231 8.04762 6.07002 5.36222
threshold=240.37000000000003 75.90000000000002 0.25223529975870185 -29.675000000000633 162.47500000000002 5045.0000000000009 188.68000000000004 0.013947696634806751 9986.8050000000021 122.97000000000001 49.39106575963752 99.105000000000032 0.009571999350748003
decision_type=2 2 2 2 2 2 2 2 2 2 2 2 2
left_child=1 -1 5 4 7 -3 8 12 -7 -8 -5 -6 -2
right_child=3 2 -4 10 11 6 9 -9 -10 -11 -12 -13 -14
leaf_value=-0.14350065537240239 -0.0043039436278323965 0.92913910922959697 1.0512709236268334 -0.26242732401383256 -0.6353773261623431 0.030933751165121495 0.17035288072658594 0.21447699881014481 0.72642506871029155 -0.31011608336074209 0.71193632779397342 -1.2666819103836564 -0.58405855919101524
leaf_weight=68 41 53 61 42 58 46 42 56 51 58 42 42 46
leaf_count=68 41 53 61 42 58 46 42 56 51 58 42 42 46
internal_value=0.00184136 0.00989446 0.0139871 -0.00749235 -0.012963 0.008 0.00279188 -0.00384615 0.0159794 -0.01 0.00833333 -0.026 -0.0143678
internal_weight=706 379 311 327 243 250 197 143 97 100 84 100 87
internal_count=706 379 311 327 243 250 197 143 97 100 84 100 87
is_linear=0
shrinkage=0.05


Tree=50
num_leaves=14
num_cat=3
split_feature=52 8 46 59 50 12 28 58 15 27 57 14 57
split_gain=19.2867 16.6355 15.5637 13.2098 9.75369 9.48853 11.0684 7.51361 6.06856 5.23924 9.7715 5.892 4.68122
threshold=0 2759.0000000000005 1 9731.8500000000022 2 37.32500000000001 -103.92999999999971 9731.8500000000022 0.25129261050683432 10015.000000000002 127.28000000000002 97.855000000000004 164.29500000000004
decision_type=9 2 1 2 1 2 2 2 2 2 2 2 2
left_child=1 -1 5 -3 8 6 -2 -7 -4 11 -11 -6 -13
right_child=2 3 4 -5 9 7 -8 -9 -10 10 -12 12 -14
leaf_value=5.5281631188586529 0.86059050609143561 -0.15741173416031026 0.14669888285548219 0.74253168081422494 0.0072661018940923588 0.16675890766065926 0.054479277501263829 -0.44009772109292133 -0.08523277302261506 -0.1228822760382462 -1.2050153827889529 -0.66956085110394747 -0.33430253087850731
leaf_weight=40 46 49 42 40 71 56 59 42 71 50 48 67 43
leaf_count=40 46 49 42 40 71 56 59 42 71 50 48 67 43
internal_value=0.000690608 0.0182171 -0.00310924 0.00617978 -0.00892857 0.00812808 0.0185714 -0.00306122 0.00365854 -0.0136678 -0.0234694 -0.00911602 -0.0163636
internal_weight=724 129 595 89 392 203 105 98 113 279 98 181 110
internal_count=724 129 595 89 392 203 105 98 113 279 98 181 110
cat_boundaries=0 1 2 3
cat_threshold=2 4 201344
is_linear=0
shrinkage=0.05


Tree=51
num_leaves=13
num_cat=1
split_feature=9 50 19 11 15 29 13 32 13 13 13 29
split_gain=20.7932 12.4446 8.5199 8.26026 7.58693 11.2896 11.1414 9.29328 7.25123 6.71234 6.12666 5.12195
threshold=186.06500000000003 0 10005.000000000002 144.62500000000003 0.47354390805620772 74.359999999999687 137.87000000000003 6.2632270917214775e-05 130.90000000000001 142.23500000000004 153.86500000000004 4.5150000000001009
decision_type=2 1 2 2 2 2 2 2 2 2 2 2
left_child=2 3 -1 -2 5 7 -7 -3 -9 -10 -11 -6
right_child=1 4 -4 -5 11 6 -8 8 9 10 -12 -13
leaf_value=0.097191685345224155 -0.023880623279083048 -0.14608443956441786 0.70997720071648729 -0.64632584656340886 -1.1423479851672413 -0.50912027707859553 0.090998275122319686 0.9588667098869128 -0.093117990715159499 0.82479328387006901 0.099622523936336554 0.0005985435578024223
leaf_weight=43 59 79 71 72 40 51 41 71 49 44 65 42
leaf_count=43 59 79 71 72 40 51 41 71 49 44 65 42
internal_value=0.00144429 -0.00220228 0.0210526 -0.0152482 0.00162602 0.0045 -0.0108696 0.00909091 0.0141921 0.00822785 0.0151376 -0.0121951
internal_weight=727 613 114 131 482 400 92 308 229 158 109 82
internal_count=727 613 114 131 482 400 92 308 229 158 109 82
cat_boundaries=0 1
cat_threshold=1188
is_linear=0
shrinkage=0.05


Tree=52
num_leaves=13
num_cat=0
split_feature=9 37 30 31 11 34 21 30 24 15 9 57
split_gain=22.0731 12.5898 11.7949 11.7181 9.46613 7.13116 8.57025 8.24914 6.40032 5.81273 5.67298 4.86
threshold=298.85500000000008 334.21294784580465 85.564999999999841 0.95169276499735012 190.64000000000001 0.0010150623182168003 315.00000000000006 31.440000000000285 1086.6650000000002 0.39901504571379076 322.68500000000006 111.75500000000001
decision_type=2 2 2 2 2 2 2 2 2 2 2 2
left_child=1 2 3 5 10 6 -1 -8 -4 11 -2 -7
right_child=4 -3 8 -5 -6 9 7 -9 -10 -11 -12 -13
leaf_value=-0.47598618674153992 -0.53085835605018517 -0.50103463732631537 0.53295108623654597 0.35815226259405225 -1.1325923074928284 0.047348856289567288 -0.19701391672281687 0.77244894880902992 2.1570404592076686 -0.11541640641549691 0.046536960704539256 0.45455754057753428
leaf_weight=64 55 67 43 66 52 40 65 43 52 47 46 60
leaf_count=64 55 67 43 66 52 40 65 43 52 47 46 60
internal_value=0.00142857 0.00612431 0.00895833 0.00506494 -0.0153595 0.00109718 -0.00581395 0.00277778 0.0247368 0.00918367 -0.00643564 0.016
internal_weight=700 547 480 385 153 319 172 108 95 147 101 100
internal_count=700 547 480 385 153 319 172 108 95 147 101 100
is_linear=0
shrinkage=0.05


Tree=53
num_leaves=13
num_cat=1
split_feature=50 9 43 39 9 19 18 28 18 40 9 13
split_gain=19.2335 18.5399 12.0133 18.4524 10.111 9.15577 8.43096 7.02021 6.71746 6.40704 5.18422 4.83967
threshold=0 186.72000000000006 0.07531116396089392 -51.771937852517965 244.93500000000003 10045.000000000002 155.00000000000003 -95.350000000000009 100.00000000000024 0.37268518518518517 230.94500000000002 155.09500000000003
decision_type=1 2 2 2 2 2 2 2 2 2 2 2
left_child=5 8 3 6 10 -1 9 11 -2 -3 -5 -6
right_child=1 2 -4 4 7 -7 -8 -9 -10 -11 -12 -13
leaf_value=-0.14611695198198477 0.52208710610501929 -0.61133276573239326 0.51822014797523319 0.082540755356609818 0.0652982996554341 -1.9297355350141321 -0.80538049922360888 -0.37719180409855046 1.205813766888489 0.18321375405759335 0.87310647932691343 -0.1838254699373536
leaf_weight=68 60 42 78 73 54 40 58 43 45 53 42 61
leaf_count=68 60 42 78 73 54 40 58 43 45 53 42 61
internal_value=0.00160391 0.00508885 0.00119048 -0.00211268 0.00567766 -0.0169492 -0.0160131 -0.00253165 0.0242857 -0.00684211 0.0169565 0.00391304
internal_weight=717 609 504 426 273 108 153 158 105 95 115 115
internal_count=717 609 504 426 273 108 153 158 105 95 115 115
cat_boundaries=0 1
cat_threshold=16420
is_linear=0
shrinkage=0.05


Tree=54
num_leaves=14
num_cat=2
split_feature=13 13 2 48 46 16 11 25 11 44 44 13 43
split_gain=15.0825 16.2151 17.7232 24.0706 18.8222 15.9466 16.487 7.9789 7.57538 6.74221 6.08283 4.68688 3.94806
threshold=148.81000000000003 141.02500000000003 0 1.0000000180025095e-35 1 2885.0000000000005 183.68500000000003 395.00000000000006 164.83000000000004 0.014737580688575903 0.010914488622745602 134.43500000000003 0.043951370432799355
decision_type=2 2 9 2 1 2 2 2 2 2 2 2 2
left_child=1 2 5 11 -5 -1 7 12 9 10 -2 -4 -7
right_child=8 -3 3 4 -6 6 -8 -9 -10 -11 -12 -13 -14
leaf_value=4.955214775799945 -0.036047304905091962 0.6085662492667091 -1.0370244209319945 0.37378695033741283 -0.15408002283847277 0.097325120667405687 -0.36704216117362221 -0.090293841408180059 -0.79724872217093512 0.24467602826049273 -0.50039461017895526 -0.24157437326812109 0.69108591736614433
leaf_weight=42 62 62 52 48 42 75 51 52 41 43 41 41 79
leaf_count=42 62 62 52 48 42 75 51 52 41 43 41 41 79
internal_value=0.000752394 0.00496324 0.00186722 -0.0101036 0.00777778 0.0092233 0.00486381 0.011165 -0.0114973 -0.00616438 -0.0131068 -0.0284946 0.0168831
internal_weight=731 544 482 183 90 299 257 206 187 146 103 93 154
internal_count=731 544 482 183 90 299 257 206 187 146 103 93 154
cat_boundaries=0 1 2
cat_threshold=18 4
is_linear=0
shrinkage=0.05


Tree=55
num_leaves=13
num_cat=4
split_feature=9 50 10 54 50 57 37 29 19 9 46 31
split_gain=16.9446 15.5645 13.6 14.3284 10.256 12.1614 7.85841 10.6421 7.36658 5.84997 5.7366 4.20496
threshold=185.14500000000004 0 10412.840000000002 1 2 162.47500000000002 283.00633786848044 -87.539999999999949 10005.000000000002 303.13500000000005 3 0.88976191352870038
decision_type=2 1 2 9 1 2 2 2 2 2 1 2
left_child=8 10 3 4 5 -3 7 -5 -1 11 -2 -6
right_child=1 2 -4 6 9 -7 -8 -9 -10 -11 -12 -13
leaf_value=0.030951259743241623 -1.3090486834360364 -0.1363772235774727 -0.44334807416414179 -0.42627920433286165 0.91238939720932744 0.45381346737637823 -0.42532437068978235 0.22544147212850235 0.58561267670331973 0.12960720118598559 -0.40134513041061803 0.32713980870262971
leaf_weight=45 41 71 68 51 54 40 71 62 68 48 59 40
leaf_count=45 41 71 68 51 54 40 71 62 68 48 59 40
internal_value=0.00125348 -0.00206612 0.00165049 0.00491991 0.0123574 0.000413223 -0.0056701 0.00221239 0.0190265 0.0210526 -0.0190909 0.0297872
internal_weight=718 605 505 437 253 111 184 113 113 142 100 94
internal_count=718 605 505 437 253 111 184 113 113 142 100 94
cat_boundaries=0 1 2 3 4
cat_threshold=38 18 18880 2
is_linear=0
shrinkage=0.05


Tree=56
num_leaves=15
num_cat=3
split_feature=52 46 22 9 50 12 18 58 20 11 11 44 9 43
split_gain=16.673 20.6845 14.2911 13.8216 12.3711 6.95135 8.19254 7.42013 6.56545 5.75346 8.73824 5.47095 5.42058 5.06144
threshold=0 1 5455.0000000000009 186.72000000000006 2 37.32500000000001 175.00000000000003 9731.8500000000022 10425.000000000002 185.18000000000004 166.09 0.015141520440291703 229.66500000000002 0.042954352140629405
decision_type=9 1 2 2 1 2 2 2 2 2 2 2 2 2
left_child=2 5 -1 -4 12 6 -2 -7 9 10 11 13 -3 -6
right_child=1 4 3 -5 8 7 -8 -9 -10 -11 -12 -13 -14 -15
leaf_value=4.8546973746205815 0.51085518112136685 -0.1748323939778848 1.057680232545124 -0.13540531621912619 -0.075328263589065622 0.18684906433473147 0.055382303789392046 -0.28512005074323704 0.20115657041805549 -0.86701149136628242 0.15847955152678272 0.043517785263692411 -0.89504547817988722 -0.43819612518850948
leaf_weight=43 56 42 46 52 45 56 53 43 51 42 42 46 61 40
leaf_count=43 56 42 46 52 45 56 53 43 51 42 42 46 61 40
internal_value=0.00125348 -0.002513 0.0166667 0.00612245 -0.0096206 0.0100962 0.0188073 0.000505051 -0.00326087 -0.0072093 -0.00317919 -0.00954198 -0.0234513 -0.0170588
internal_weight=718 577 141 98 369 208 109 99 266 215 173 131 103 85
internal_count=718 577 141 98 369 208 109 99 266 215 173 131 103 85
cat_boundaries=0 1 2 3
cat_threshold=2 4 1132
is_linear=0
shrinkage=0.05


Tree=57
num_leaves=15
num_cat=3
split_feature=50 15 10 15 59 12 60 24 50 12 18 46 32 12
split_gain=16.5903 13.4738 9.06106 13.0438 10.8394 11.8543 12.7308 11.4758 8.96291 7.26 6.3846 6.24594 4.43409 3.09196
threshold=0 0.47354390805620772 10412.840000000002 0.32033642880417074 2381.0000000000005 63.405000000000008 2542.7600000000007 1109.9999999999998 1 31.135000000000002 60.000000000000462 2 0.00012394228866025001 33.370000000000012
decision_type=1 2 2 2 2 2 2 2 1 2 2 1 2 2
left_child=9 2 4 -4 -2 6 -6 8 11 -1 -3 -8 -10 -14
right_child=1 10 3 -5 5 -7 7 -9 12 -11 -12 -13 13 -15
leaf_value=-0.021508872565164785 2.2772658223785771 -0.010283074890947576 -0.65190772812527331 0.31672696919883347 -0.34627669699163061 -0.42374550038489123 -0.24274780678179531 0.57782642669179352 0.048998656540311103 -0.81489903693411936 -1.1325302763752654 0.17603820864747918 0.87608436970503478 0.45288003496630669
leaf_weight=40 46 43 44 48 41 54 42 42 56 60 42 73 49 50
leaf_count=40 46 43 44 48 41 54 42 42 56 60 42 73 49 50
internal_value=0.000684932 0.00375 0.00669725 -0.0076087 0.00960265 0.00700246 0.0103399 0.0137821 0.01 -0.0172727 -0.0147059 -0.0012 0.0172727 0.0247475
internal_weight=730 630 545 92 453 407 353 312 270 100 85 115 155 99
internal_count=730 630 545 92 453 407 353 312 270 100 85 115 155 99
cat_boundaries=0 1 2 3
cat_threshold=9248 68432 1
is_linear=0
shrinkage=0.05


Tree=58
num_leaves=15
num_cat=1
split_feature=21 11 32 50 14 30 20 28 13 28 61 16 9 57
split_gain=13.153 12.9362 12.9664 10.3871 10.0274 7.79056 7.72124 6.13452 7.7129 6.58335 7.83477 6.03861 5 3.42835
threshold=585.00000000000011 180.62500000000003 6.2632270917214775e-05 0 91.055000000000021 65.120000000000815 4445.0000000000009 196.71499999999995 151.66500000000002 -252.07500000000002 10298.960000000001 9085.0000000000018 282.05500000000006 102.08500000000002
decision_type=2 2 2 1 2 2 2 2 2 2 2 2 2 2
left_child=1 3 -3 6 -4 7 -1 8 9 -5 13 -7 -10 -11
right_child=-2 2 4 5 -6 11 -8 -9 12 10 -12 -13 -14 -15
leaf_value=-0.015677088237564085 2.7121221127355741 -1.1531190980570145 0.28291846217306793 -0.021239157026927913 -0.63794680670759973 0.053459173746430368 -0.77415408508741335 -0.21115155436447708 -0.32794510658800924 -0.037284960461006024 0.39822014798444522 0.91258689706696861 0.052545992539538844 0.40795538352533978
leaf_weight=67 43 56 44 45 41 42 40 74 40 41 57 47 40 42
leaf_count=67 43 56 44 45 41 42 40 74 40 41 57 47 40 42
internal_value=-6.9541e-05 -0.00177515 -0.0152482 0.0017757 -0.00294118 0.00525114 -0.0115385 0.0019174 0.0054717 0.0110811 0.0164286 0.0185393 -0.0075 0.00662651
internal_weight=719 676 141 535 85 428 107 339 265 185 140 89 80 83
internal_count=719 676 141 535 85 428 107 339 265 185 140 89 80 83
cat_boundaries=0 1
cat_threshold=8290
is_linear=0
shrinkage=0.05


Tree=59
num_leaves=14
num_cat=2
split_feature=13 35 54 50 57 24 14 56 12 14 24 12 12
split_gain=13.2945 14.346 13.8189 15.8481 10.3905 8.94993 9.86691 8.82912 6.86734 12.6629 7.33968 6.41066 4.11829
threshold=32.285000000000004 0.0013543292637136003 0 1 169.25000000000003 1114.9999999999998 86.010000000000034 173.58500000000001 55.100000000000001 105.25500000000001 575.00000000000011 34.905000000000008 40.665000000000013
decision_type=2 2 9 1 2 2 2 2 2 2 2 2 2
left_child=1 4 3 12 -1 6 -5 -3 9 -4 -11 -8 -2
right_child=2 7 8 5 -6 -7 11 -9 -10 10 -12 -13 -14
leaf_value=0.51009943644459954 0.29386491253193586 -0.15521055897884059 0.15799092914035529 -0.90394359659694468 1.7691339643598711 0.19125123653027779 0.049102664309060989 0.13707256387146427 -0.84666982114481426 -1.1754066436716475 -0.062700883946188668 -0.44929070575715785 0.052990070098463349
leaf_weight=41 61 58 47 41 45 59 53 44 41 42 63 68 55
leaf_count=41 61 58 47 41 45 59 53 44 41 42 63 68 55
internal_value=0.000278552 0.0117021 -0.00377358 0.00244957 0.0267442 -0.00541126 -0.0117284 -0.000980392 -0.0140394 -0.00986842 -0.0195238 -0.00454545 0.0166667
internal_weight=718 188 530 337 86 221 162 102 193 152 105 121 116
internal_count=718 188 530 337 86 221 162 102 193 152 105 121 116
cat_boundaries=0 1 2
cat_threshold=18 241152
is_linear=0
shrinkage=0.05


Tree=60
num_leaves=13
num_cat=1
split_feature=21 46 11 35 35 12 31 56 3 9 31 39
split_gain=13.6804 14.2602 13.153 13.2742 7.17636 7.16467 8.31572 5.14864 4.33395 3.84148 3.41275 3.39946
threshold=555.00000000000011 0 186.15000000000001 -0.00016299390199119997 0.096263989847756873 29.020000000000003 0.79557336921968214 163.63500000000002 13.500000000000002 235.60500000000005 0.61380083248647199 -49.779599487582011
decision_type=2 1 2 2 2 2 2 2 2 2 2 2
left_child=1 5 3 7 8 11 -7 -3 9 -5 -6 -1
right_child=-2 2 -4 4 10 6 -8 -9 -10 -11 -12 -13
leaf_value=0.42902165527161973 1.2389211189040985 0.023509240258676557 -0.92721617520880351 -0.14073536499829817 0.24813553791392737 -0.14979796579421736 0.36599208390733295 0.78953683213648851 -0.020277831281903504 -0.5483945827946336 -0.19257501276693878 0.13433197155261364
leaf_weight=41 67 59 64 76 43 72 51 41 55 61 40 40
leaf_count=41 67 59 64 76 43 72 51 41 55 61 40 40
internal_value=0.000140845 -0.00209953 -0.0071754 -0.0036 -0.00927273 0.00882353 0.00121951 0.012 -0.0145833 -0.0193431 0.00301205 0.0203704
internal_weight=710 643 439 375 275 204 123 100 192 137 83 81
internal_count=710 643 439 375 275 204 123 100 192 137 83 81
cat_boundaries=0 1
cat_threshold=4
is_linear=0
shrinkage=0.05


Tree=61
num_leaves=13
num_cat=2
split_feature=43 9 50 8 11 54 29 13 44 12 13 13
split_gain=15.7224 13.4977 11.6582 10.8285 10.7246 10.5849 8.47936 7.20877 6.28817 5.71587 4.73914 3.27445
threshold=0.12602778565352993 181.98500000000004 0 2405.2900000000004 178.94000000000003 1 45.934999999999498 131.87000000000003 0.013947696634806751 38.480000000000011 145.64000000000004 128.82000000000002
decision_type=2 2 1 2 2 9 2 2 2 2 2 2
left_child=1 -1 3 -3 8 6 7 -4 11 -7 -9 -5
right_child=-2 2 5 4 -6 9 -8 10 -10 -11 -12 -13
leaf_value=0.49508022831087789 0.56756309967856422 0.48809656467558116 0.92823093894320619 -0.10406940186462005 -0.94813710803510465 -0.011191410432991234 -0.055955370136384991 -0.023547650987738679 -0.025248899990731034 -0.77034070171260827 0.48762663719805915 -0.58560183227049623
leaf_weight=73 63 42 45 55 47 71 60 40 69 60 42 49
leaf_count=73 63 42 45 55 47 71 60 40 69 60 42 49
internal_value=-0.000837989 -0.00313936 -0.00568966 -0.0132353 -0.0181818 0.000914634 0.00837563 0.0161417 -0.0124277 -0.00957447 0.00731707 -0.0201923
internal_weight=716 653 580 262 220 318 187 127 173 131 82 104
internal_count=716 653 580 262 220 318 187 127 173 131 82 104
cat_boundaries=0 1 2
cat_threshold=1271 18
is_linear=0
shrinkage=0.05


Tree=62
num_leaves=14
num_cat=2
split_feature=50 25 10 18 46 22 56 14 18 37 10 61 12
split_gain=10.9115 9.60718 14.4987 12.0961 11.9041 9.45 9.36372 8.06531 7.01701 8.86084 7.13081 6.05091 4.2657
threshold=0 385.00000000000006 10416.285000000002 555.00000000000011 1 8455.0000000000018 171.20000000000002 99.52000000000001 85.000000000000014 285.29833333333391 10349.035000000002 10391.795000000002 46.470000000000006
decision_type=1 2 2 2 1 2 2 2 2 2 2 2 2
left_child=5 2 3 4 12 -1 -4 11 9 -6 -10 -3 -2
right_child=1 7 6 -5 8 -7 -8 -9 10 -11 -12 -13 -14
leaf_value=-0.067541970507969049 0.42739893829690284 -0.075625903035821021 -0.43667203073719496 1.6422734948931401 0.47127719914599564 -1.6912395195263288 0.24275125263836231 -0.91844410823769496 -0.22818281590689296 -0.076715630383698399 0.085960994602014298 0.20429603155609471 0.1608004180095465
leaf_weight=70 62 44 63 46 54 42 41 40 79 49 42 43 47
leaf_count=70 62 44 63 46 54 42 41 40 79 49 42 43 47
internal_value=-0.00193906 0.000806452 0.00403727 0.0085752 0.00525526 -0.0155738 -0.0125 -0.0114173 -0.00133929 0.00825243 -0.00950413 -0.00287356 0.0188073
internal_weight=722 610 483 379 333 112 104 127 224 103 121 87 109
internal_count=722 610 483 379 333 112 104 127 224 103 121 87 109
cat_boundaries=0 1 2
cat_threshold=290 4
is_linear=0
shrinkage=0.05


Tree=63
num_leaves=14
num_cat=0
split_feature=13 10 11 43 43 7 13 15 9 10 30 43 13
split_gain=15.0072 14.5458 13.0811 14.4063 12 10.6074 10.2303 10.3908 7.27579 5.99458 8.8658 5.22667 3.1202
threshold=130.34500000000006 2872.7150000000006 162.90000000000003 0.053444853983555411 0.051176637368868703 11225.396825396829 137.74000000000004 0.43374076984348203 334.21000000000004 10368.135 -147.63500000000019 0.038417918911256004 32.250000000000007
decision_type=2 2 2 2 2 2 2 2 2 2 2 2 2
left_child=1 -1 4 12 11 6 -2 8 9 10 -8 -3 -4
right_child=5 2 3 -5 -6 -7 7 -9 -10 -11 -12 -13 -14
leaf_value=3.9852138957610812 -0.7368167131328115 0.2457710436565396 -0.11665536059220508 0.26143197594241913 -0.036434175740677331 0.30332766141356376 -0.12833667463610254 -0.75708765432755531 -0.71641646792076408 0.22328715587764947 0.12150796997278022 0.70167589268121944 -0.69894121490440575
leaf_weight=44 59 40 51 67 50 52 56 51 40 43 51 60 43
leaf_count=44 59 40 51 67 50 52 56 51 40 43 51 60 43
internal_value=-7.07214e-05 0.0071831 0.00337621 -0.00652174 0.014 -0.00738636 -0.011 -0.00643154 -0.00105263 0.004 -0.00233645 0.024 -0.0191489
internal_weight=707 355 311 161 150 352 300 241 190 150 107 100 94
internal_count=707 355 311 161 150 352 300 241 190 150 107 100 94
is_linear=0
shrinkage=0.05


Tree=64
num_leaves=14
num_cat=3
split_feature=52 50 46 22 22 61 12 48 21 11 18 37 44
split_gain=14.8215 16.0663 10.8237 9.60342 11.7192 7.68096 7.22721 7.85083 6.52545 4.79873 5.10149 4.32081 4.50667
threshold=0 1 2 5375.0000000000009 9940.0000000000018 10455.905000000001 58.355000000000011 1.0000000180025095e-35 430.00000000000028 172.42500000000004 85.000000000000014 295.90056689342379 0.0064903070029888503
decision_type=9 1 1 2 2 2 2 2 2 2 2 2 2
left_child=3 5 8 -1 -5 9 7 -4 -3 10 -2 12 -9
right_child=1 2 6 4 -6 -7 -8 11 -10 -11 -12 -13 -14
leaf_value=3.8774069633248489 -0.6057395057320184 0.1401686226357711 -0.099575943597997707 -0.08890864689090279 0.65434800820200467 0.025214172384269776 -0.3696536356619376 0.037840207385930927 0.65233538502344013 -0.93653534232679059 -0.055637206789733898 -0.071472270400497265 0.19581519368710271
leaf_weight=40 46 69 51 47 43 41 46 60 59 45 72 48 40
leaf_count=40 46 69 51 47 43 41 46 60 59 45 72 48 40
internal_value=-0.000636492 -0.00407279 0.00221932 0.0146154 0.00555556 -0.0149533 -0.00387755 0.000251256 0.0140625 -0.0205521 -0.0152542 0.00608108 0.012
internal_weight=707 577 373 130 90 204 245 199 128 163 118 148 100
internal_count=707 577 373 130 90 204 245 199 128 163 118 148 100
cat_boundaries=0 1 2 3
cat_threshold=2 8502 4
is_linear=0
shrinkage=0.05


Tree=65
num_leaves=14
num_cat=1
split_feature=21 12 60 15 44 22 50 13 37 43 57 37 34
split_gain=10.7041 11.3903 10.6986 8.48735 11.3578 9.68 8.43178 8.74975 4.95341 6.62604 4.93537 4.90654 4.64896
threshold=626.9849999999999 73.490000000000023 10423.685000000003 0.50220011041299206 0.019800060980641455 9940.0000000000018 0 151.66500000000002 219.08612244897907 0.046073149985823604 163.24000000000004 89.913469387755427 1.0000000180025095e-35
decision_type=2 2 2 2 2 2 1 2 2 2 2 2 2
left_child=1 2 3 4 6 -6 7 11 9 -8 -10 12 -1
right_child=-2 -3 -4 -5 5 -7 8 -9 10 -11 -12 -13 -14
leaf_value=-0.014897271593425821 2.3095204571765886 -0.82464243562584905 0.41725304251975076 -0.99642633731771368 -0.052908336188671967 -0.75706369160271914 -0.39693533711057222 -0.058167118548136366 -0.042749702633107844 -0.014327970649677014 0.19807971362212964 0.46644905230862399 0.45125166696432395
leaf_weight=47 40 40 65 42 50 40 49 58 69 61 42 79 40
leaf_count=47 40 40 65 42 50 40 49 58 69 61 42 79 40
internal_value=-0.000138504 -0.0016129 0 -0.00216638 -0.00046729 -0.0166667 0.00280899 0.00940171 -0.00411255 -0.0118182 0.00315315 0.0156627 0.00747126
internal_weight=722 682 642 577 535 90 445 224 221 110 111 166 87
internal_count=722 682 642 577 535 90 445 224 221 110 111 166 87
cat_boundaries=0 1
cat_threshold=233932
is_linear=0
shrinkage=0.05


Tree=66
num_leaves=15
num_cat=1
split_feature=25 50 7 14 15 57 14 32 16 59 14 56 31 13
split_gain=10.7054 16.3374 11.2296 10.8985 8.19861 7.56913 10.1169 6.6091 7.8741 7.20494 6.05 4.81795 6.26426 3.37925
threshold=395.00000000000006 0 11184.761904761906 95.645000000000053 0.43028255648437819 166.80500000000004 122.74999999999997 0.55594679963652005 4035.0000000000009 6949.6600000000008 107.16500000000001 156.21500000000003 0.3799905669004971 126.71000000000002
decision_type=2 1 2 2 2 2 2 2 2 2 2 2 2 2
left_child=1 4 7 -2 5 6 13 8 -3 -10 -4 -11 -13 -1
right_child=3 2 10 -5 -6 -7 -8 -9 9 11 -12 12 -14 -15
leaf_value=-0.2764425919544462 -0.023756389414547597 1.2320854822940002 0.25719785404233014 -0.91642143934262854 -0.80664060145804872 0.22048929388752186 0.068873990551787709 0.36089558403243277 -0.37332401836248225 -0.067728235069580478 0.516412564639252 0.51430143203845657 -0.04131635151600524 -0.67270068075559564
leaf_weight=40 76 41 40 46 44 55 46 73 45 53 40 46 42 41
leaf_count=40 76 41 40 46 44 55 46 73 45 53 40 46 42 41
internal_value=-0.00206044 0.000660066 0.00692308 -0.0155738 -0.00974576 -0.00549451 -0.0122047 0.00266667 -0.00154185 -0.00591398 0.02375 -0.00035461 0.00681818 -0.0228395
internal_weight=728 606 380 122 226 182 127 300 227 186 80 141 88 81
internal_count=728 606 380 122 226 182 127 300 227 186 80 141 88 81
cat_boundaries=0 1
cat_threshold=75946
is_linear=0
shrinkage=0.05


Tree=67
num_leaves=13
num_cat=2
split_feature=52 46 18 32 44 3 12 44 22 59 59 12
split_gain=11.2751 12.1967 8.90071 9.2046 8.42537 8.21894 6.70424 6.58609 5.94944 9.30879 4.74864 3.63868
threshold=0 1 85.000000000000014 0.59545251444944813 0.0135600125885136 15.500000000000002 39.810000000000009 0.0048628647736369502 9940.0000000000018 5792.1050000000005 5873.0000000000009 30.875000000000004
decision_type=9 1 2 2 2 2 2 2 2 2 2 2
left_child=4 7 5 10 -1 6 11 -2 9 -9 -4 -3
right_child=1 2 3 -5 -6 -7 -8 8 -10 -11 -12 -13
leaf_value=1.2116552030093992 0.46611774987121124 -0.37107009144993697 -0.48849728924072622 -0.11298976430213088 -0.012203648572393179 0.09047020976481282 0.032500500974938354 -0.14928159265078023 -0.18933502769814839 0.43821387627773511 -0.94733604290526152 -0.34335764084181924
leaf_weight=65 53 40 40 79 66 44 68 41 42 69 62 42
leaf_count=65 53 40 40 79 66 44 68 41 42 69 62 42
internal_value=-0.00218003 -0.00517241 -0.0105333 -0.0185083 0.0110687 -0.00309278 -0.00866667 0.00463415 -0.000657895 0.00545455 -0.0284314 -0.0182927
internal_weight=711 580 375 181 131 194 150 205 152 110 102 82
internal_count=711 580 375 181 131 194 150 205 152 110 102 82
cat_boundaries=0 1 2
cat_threshold=2 4
is_linear=0
shrinkage=0.05


Tree=68
num_leaves=15
num_cat=1
split_feature=9 18 50 28 31 43 25 10 31 9 35 42 28 57
split_gain=11.7878 17.5703 9.48541 9.4767 10.2545 7.63036 9.29448 6.66667 7.2 6.02285 5.83911 8.97528 3.66662 4.0576
threshold=314.98500000000007 555.00000000000011 0 -59.68 0.19967784401514874 0.05174369152254036 395.00000000000006 10371.675000000001 0.65296914645731374 235.29000000000005 0.020227567314206454 0.9999217621829567 -103.92999999999971 88.260000000000005
decision_type=2 2 1 2 2 2 2 2 2 2 2 2 2 2
left_child=1 2 3 10 -5 6 12 8 -2 -7 11 -1 -4 -14
right_child=7 -3 5 4 -6 9 -8 -9 -10 -11 -12 -13 13 -15
leaf_value=0.091421445919372249 -0.49617204589361563 3.3178636234859371 0.37186699676421625 -0.21481516468948741 0.23489373038549319 0.10811319128247909 -0.35567246628896798 -0.82533342709189417 0.087788430585669278 0.55133040364296482 -0.32731616105958866 -0.67611894715412546 0.22239232006841939 -0.16252778793599276
leaf_weight=48 40 41 62 51 54 53 42 40 40 48 47 56 41 57
leaf_count=48 40 41 62 51 54 53 42 40 40 48 47 56 41 57
internal_value=-0.00152778 0.00133333 -0.0009839 -0.00789474 0.00333333 0.00495208 -0.00049505 -0.0158333 -0.0075 0.0163366 -0.0162252 -0.00961538 0.005 -0.00102041
internal_weight=720 600 559 256 105 303 202 120 80 101 151 104 160 98
internal_count=720 600 559 256 105 303 202 120 80 101 151 104 160 98
cat_boundaries=0 1
cat_threshold=9319
is_linear=0
shrinkage=0.05


Tree=69
num_leaves=14
num_cat=3
split_feature=52 50 13 13 9 37 41 24 13 7 43 7 46
split_gain=11.7646 12.4358 10.6642 10.0773 12.5888 13.721 9.33889 11.25 6.15118 5.23576 6.35348 4.92322 2.48298
threshold=0 1 153.86500000000004 141.02500000000003 253.21000000000001 56.714410430839969 0.81841218724502085 1096.51 164.86000000000001 11083.174603174606 0.050812566580690909 11144.126984126986 2
decision_type=9 1 2 2 2 2 2 2 2 2 2 2 1
left_child=6 9 3 4 5 -3 7 -1 -4 10 -2 -11 -7
right_child=1 2 8 -5 -6 12 -8 -9 -10 11 -12 -13 -14
leaf_value=0.8561479601587465 -0.6831916385839385 -0.074444791994547371 -0.14431495637546263 0.6478261684477653 -0.20843499819600828 1.0636783998666643 1.2753172342107135 -0.16984953676006631 0.030667128987449388 0.26741069825428804 -0.099918430838539157 -0.3586185696265487 0.093327998733881895
leaf_weight=40 43 47 52 56 64 48 45 40 55 46 41 78 58
leaf_count=40 43 47 52 56 64 48 45 40 55 46 41 78 58
internal_value=7.01262e-05 -0.00289116 0.0025641 0.00787546 0.00299539 0.0107843 0.014 0.00375 -0.0107477 -0.0123853 -0.022619 -0.00645161 0.0207547
internal_weight=713 588 380 273 217 153 125 80 107 208 84 124 106
internal_count=713 588 380 273 217 153 125 80 107 208 84 124 106
cat_boundaries=0 1 2 3
cat_threshold=2 8502 4
is_linear=0
shrinkage=0.05


end of trees

feature_importances:
base_cons=100
base_cons_gap=65
voicing_class=48
base_pre=41
base_cut_gap=36
vowel_class=36
bridge_type=33
base_ovl=30
base_ovl_ratio=29
base_pre_to_expected_ms=26
base_cutoff_to_next_anchor_ms=26
energy_slope_pre=24
zcr_mean=24
curr_phone_len_ms=22
base_offset_to_expected_ms=21
valley_dist_from_cutoff_ms=21
next_base_pre=20
syllable_len_ms=19
curr_vowel_len_ms=16
energy_min=16
row_index_in_wav=14
wav_duration_ms=14
energy_mean=14
energy_slope_post=13
spectral_flux_mean=13
prev_base_pre=13
syllable_start_ms=12
next_base_offset=11
base_cutoff_abs=10
prev_alias_type=10
base_offset=8
prev_base_cutoff_abs=8
db_mean=7
syllable_end_ms=6
prev_phone_gap_ms=6
db_min=6
prev_base_offset=6
curr_vowel_start_ms=5
db_silence_ratio=5
next_base_cutoff_abs=5
alias_type=4
curr_phone_start_ms=4
curr_vowel_end_ms=4
energy_max=4
f0_voicing_near_pre=4
is_diphthong=4
row_ratio_in_wav=3
curr_phone_end_ms=3
f0_voicing_mean=2
expected_anchor_ms=1
valley_energy=1
is_nasal_or_sonorant=1

parameters:
[boosting: gbdt]
[objective: regression_l1]
[metric: l1]
[tree_learner: serial]
[device_type: cpu]
[data_sample_strategy: bagging]
[data: ]
[valid: ]
[num_iterations: 500]
[learning_rate: 0.05]
[num_leaves: 31]
[num_threads: 0]
[seed: 0]
[deterministic: 0]
[force_col_wise: 0]
[force_row_wise: 0]
[histogram_pool_size: -1]
[max_depth: -1]
[min_data_in_leaf: 40]
[min_sum_hessian_in_leaf: 0.001]
[bagging_fraction: 0.85]
[pos_bagging_fraction: 1]
[neg_bagging_fraction: 1]
[bagging_freq: 1]
[bagging_seed: 3]
[bagging_by_query: 0]
[feature_fraction: 0.85]
[feature_fraction_bynode: 1]
[feature_fraction_seed: 2]
[extra_trees: 0]
[extra_seed: 6]
[early_stopping_round: 0]
[early_stopping_min_delta: 0]
[first_metric_only: 0]
[max_delta_step: 0]
[lambda_l1: 0]
[lambda_l2: 0]
[linear_lambda: 0]
[min_gain_to_split: 0]
[drop_rate: 0.1]
[max_drop: 50]
[skip_drop: 0.5]
[xgboost_dart_mode: 0]
[uniform_drop: 0]
[drop_seed: 4]
[top_rate: 0.2]
[other_rate: 0.1]
[min_data_per_group: 100]
[max_cat_threshold: 32]
[cat_l2: 10]
[cat_smooth: 10]
[max_cat_to_onehot: 4]
[top_k: 20]
[monotone_constraints: ]
[monotone_constraints_method: basic]
[monotone_penalty: 0]
[feature_contri: ]
[forcedsplits_filename: ]
[refit_decay_rate: 0.9]
[cegb_tradeoff: 1]
[cegb_penalty_split: 0]
[cegb_penalty_feature_lazy: ]
[cegb_penalty_feature_coupled: ]
[path_smooth: 0]
[interaction_constraints: ]
[verbosity: -1]
[saved_feature_importance_type: 0]
[use_quantized_grad: 0]
[num_grad_quant_bins: 4]
[quant_train_renew_leaf: 0]
[stochastic_rounding: 1]
[linear_tree: 0]
[max_bin: 255]
[max_bin_by_feature: ]
[min_data_in_bin: 3]
[bin_construct_sample_cnt: 200000]
[data_random_seed: 1]
[is_enable_sparse: 1]
[enable_bundle: 1]
[use_missing: 1]
[zero_as_missing: 0]
[feature_pre_filter: 1]
[pre_partition: 0]
[two_round: 0]
[header: 0]
[label_column: ]
[weight_column: ]
[group_column: ]
[ignore_column: ]
[categorical_feature: 0,1,2,45,46,49,50,51,52,54,55]
[forcedbins_filename: ]
[precise_float_parser: 0]
[parser_config_file: ]
[objective_seed: 5]
[num_class: 1]
[is_unbalance: 0]
[scale_pos_weight: 1]
[sigmoid: 1]
[boost_from_average: 1]
[reg_sqrt: 0]
[alpha: 0.9]
[fair_c: 1]
[poisson_max_delta_step: 0.7]
[tweedie_variance_power: 1.5]
[lambdarank_truncation_level: 30]
[lambdarank_norm: 1]
[label_gain: ]
[lambdarank_position_bias_regularization: 0]
[eval_at: ]
[multi_error_top_k: 1]
[auc_mu_weights: ]
[num_machines: 1]
[local_listen_port: 12400]
[time_out: 120]
[machine_list_filename: ]
[machines: ]
[gpu_platform_id: -1]
[gpu_device_id: -1]
[gpu_use_dp: 0]
[num_gpu: 1]

end of parameters

pandas_categorical:[["korean"], ["cvc"], ["br", "cv", "cv_head", "mono", "vc", "vcv"], ["other", "plosive", "sibilant", "sonorant"], ["unknown", "voiced", "voiceless"], ["liquid", "nasal", "none", "other", "stop"], ["", "a", "e", "eo", "eu", "eui", "i", "o", "u", "wa", "we", "weo", "wi", "ya", "ye", "yeo", "yo", "yu"], ["head", "mid", "tail"], ["", "vc", "vcv"], ["", "cv", "cv_head", "mono", "vc", "vcv"], [""]]
