tree
version=v4
num_class=1
num_tree_per_iteration=1
label_index=0
max_feature_idx=61
objective=regression_l1
feature_names=language format_type alias_type row_index_in_wav row_ratio_in_wav is_head_row is_tail_row wav_duration_ms base_offset base_cons base_cutoff_abs base_pre base_ovl base_cons_gap base_cut_gap base_ovl_ratio curr_phone_start_ms curr_phone_end_ms curr_phone_len_ms curr_vowel_start_ms curr_vowel_end_ms curr_vowel_len_ms syllable_start_ms syllable_end_ms syllable_len_ms prev_phone_gap_ms next_phone_gap_ms expected_anchor_ms base_offset_to_expected_ms base_pre_to_expected_ms base_cutoff_to_next_anchor_ms energy_mean energy_min energy_max energy_slope_pre energy_slope_post valley_energy valley_dist_from_cutoff_ms db_mean db_min db_silence_ratio f0_voicing_mean f0_voicing_near_pre zcr_mean spectral_flux_mean onset_class voicing_class is_tense is_diphthong coda_type vowel_class mora_position bridge_type is_nasal_or_sonorant prev_alias_type next_alias_type prev_base_pre next_base_pre prev_base_offset next_base_offset prev_base_cutoff_abs next_base_cutoff_abs
feature_infos=none none -1:2:1:4:3:5 [0:20] [0:1] [0:1] [0:1] [1828.5714285714289:11276.190476190475] [391.16000000000003:10953.969999999999] [91.879999999999995:442.18000000000001] [887.75999999999999:11240.459999999999] [47.350000000000001:260.39999999999998] [14.84:183.25] [8.160000000000025:311.23000000000002] [11.999999999999972:220.00000000000003] [0.1108581436077057:0.70374423963133648] [30:10530] [60:11133.969999999999] [9.9999999999995435:5650] [0:10530] [0:11133.969999999999] [0:1090] [30:10030] [60:11133.969999999999] [30:5650] [0:1860] [0:560] [30:10530] [-1368.8399999999999:3585.9400000000001] [-1237.8900000000001:3713.0599999999999] [-1354.8899999999994:3916.4299999999998] [0:1] [0:1] [0:1] [-0.75679044663494843:0.88738459131129566] [-0.5793291578236216:0.999946609383496] [0:1] [0:399.96775510204128] [-83.711279460848644:0] [-91.168690943174482:0] [0:1] [0:1] [0:1] [0:0.44400340232492203] [0:0.1233808638319685] -1:1:0:3:2 -1:0:1:2 [0:1] [0:1] -1:2:3:4:0:1 -1:0:1:2:3:4:6:7:8:5:9:10:11:12:13:14:15:16:17 -1:1:0:2 -1:0:1 [0:1] -1:1:2:4:0:3 none [0:260.39999999999998] [0:260.39999999999998] [0:10953.969999999999] [0:10953.969999999999] [0:11240.459999999999] [0:11240.459999999999]
tree_sizes=961 1153 1136 1051 1070 1130 1062 909 963 1149 1140 1136 1056 1105 1253 1064 1163 1226 1239 1212 1129 1046 1047 1057 1301 1216 1232 1370 1307 1303 1238 1249 1138 1231 1315 1231 1320 1232 1394 1325 1406 1255 1251 1317 1252 1348 1409 1309 1237 1345 1323 1325 1248 1250 1339 1314 1402 1314 1247 1418 1333 1326 1350 1333 1348 1332 1347 1180 1380 1304

Tree=0
num_leaves=10
num_cat=2
split_feature=11 52 46 57 9 11 31 44 9
split_gain=186.054 194.451 58.7734 28.0069 11.3589 6.6705 5.27144 11.3896 0.059596
threshold=156.33500000000004 0 1 116.71000000000002 258.84000000000009 164.83000000000004 0.88976191352870038 0.017298099957022955 229.66500000000002
decision_type=2 9 1 2 2 2 2 2 2
left_child=2 5 3 -1 6 -2 7 -4 -8
right_child=1 -3 4 -5 -6 -7 8 -9 -10
leaf_value=-39.265501213073733 -41.774001121520996 -33.28150119781494 -38.976501274108884 -40.371501350402831 -38.611501312255861 -43.709501266479492 -36.762501335144044 -34.963001251220703 -38.312501287460329
leaf_weight=41 41 65 69 70 46 222 59 67 40
leaf_count=41 41 65 69 70 46 222 59 67 40
internal_value=-39.5597 -39.5874 -39.5364 -39.5672 -39.5242 -39.6066 -39.5198 -39.5262 -39.511
internal_weight=720 328 392 111 281 263 235 136 99
internal_count=720 328 392 111 281 263 235 136 99
cat_boundaries=0 1 2
cat_threshold=1 2
is_linear=0
shrinkage=1


Tree=1
num_leaves=12
num_cat=1
split_feature=15 45 14 9 18 12 15 13 12 3 9
split_gain=200.591 136.812 43.967 37.8764 7.83198 6.67283 4.49083 2.62165 2.50963 0.286835 0.0703704
threshold=0.2321406212267568 0 134.83000000000001 252.32500000000002 55.000000000000007 53.800000000000004 0.26367229399235997 131.87000000000003 24.125000000000004 16.500000000000004 201.78000000000003
decision_type=2 1 2 2 2 2 2 2 2 2 2
left_child=8 3 5 6 -4 -3 -2 9 -1 -8 -10
right_child=1 2 4 -5 -6 -7 7 -9 10 -11 -12
leaf_value=-2.3471623182296755 1.447125076055527 -0.92242491722106945 0.84967507839202894 -0.26192496299743662 -0.28692496299743658 -3.7537749290466311 4.7528250408172612 0.93035003542900085 -4.2095248222351076 4.8286125993728639 -3.6340249061584475
leaf_weight=40 54 41 40 55 41 70 128 60 40 42 95
leaf_count=40 54 41 40 55 41 70 128 60 40 42 95
internal_value=0.000424929 0.015725 -0.0178218 0.0342407 0.00925926 -0.0391892 0.0426056 0.0456522 -0.046 0.0488235 -0.0492593
internal_weight=706 531 192 339 81 111 284 230 175 170 135
internal_count=706 531 192 339 81 111 284 230 175 170 135
cat_boundaries=0 1
cat_threshold=3
is_linear=0
shrinkage=0.05


Tree=2
num_leaves=12
num_cat=2
split_feature=15 45 11 9 15 11 20 46 35 13 9
split_gain=181.008 130.418 44.6761 29.7426 27.0382 19.22 15.2111 9.40118 2.5741 0.719283 0.3
threshold=0.23870626671324116 0 168.53000000000003 255.43000000000004 0.4962637576066537 160.25000000000003 2890.0000000000005 1 0.091351420295416721 135.12500000000003 194.96000000000004
decision_type=2 1 2 2 2 2 2 1 2 2 2
left_child=5 3 4 6 7 -1 -2 -3 9 -8 -7
right_child=1 2 -4 -5 -6 10 8 -9 -10 -11 -12
leaf_value=-0.39804909583926201 1.0325575390458106 0.021668790221214353 -4.2263699786663054 -0.26807872629165674 -0.88230371332168578 -4.1766862297058109 4.356008802890778 1.3369463171958924 3.5314713206291204 1.3346075478196147 -3.6028237676620485
leaf_weight=40 48 46 70 42 42 40 133 41 46 61 120
leaf_count=40 48 46 70 42 42 40 133 41 46 61 120
internal_value=-0.00048011 0.0148393 -0.0169856 0.0335294 -0.000387597 -0.041 0.0402778 0.0155172 0.0454167 0.0479381 -0.04875
internal_weight=729 529 199 330 129 200 288 87 240 194 160
internal_count=729 529 199 330 129 200 288 87 240 194 160
cat_boundaries=0 1 2
cat_threshold=3 2
is_linear=0
shrinkage=0.05


Tree=3
num_leaves=11
num_cat=2
split_feature=52 11 46 29 24 17 14 10 24 4
split_gain=161.508 234.986 36.8676 13.525 11.2197 7.08429 6.41417 1.5 0.313156 0.06875
threshold=0 144.62500000000003 1 -1.7199999999997997 635.00000000000011 7470.0000000000009 115.76000000000002 10358.650000000003 1109.9999999999998 0.81666666666666676
decision_type=9 2 1 2 2 2 2 2 2 2
left_child=9 2 3 -2 5 -4 8 -7 -3 -1
right_child=1 6 4 -5 -6 7 -8 -9 -10 -11
leaf_value=5.5683718753337859 -0.83818852765560159 -3.5924025728285316 0.81967964302003371 0.17670783670544632 0.23588339059352847 1.2325034134849906 -1.1656620666205881 1.9993078093379737 -2.9917047387361531 4.6278814377069475
leaf_weight=88 40 194 45 49 57 40 40 60 42 40
leaf_count=88 40 194 45 49 57 40 40 60 42 40
internal_value=-0.00151079 -0.012963 0.0183849 -0.00842697 0.030198 0.0375862 -0.0460145 0.045 -0.0491525 0.0492188
internal_weight=695 567 291 89 202 145 276 100 236 128
internal_count=695 567 291 89 202 145 276 100 236 128
cat_boundaries=0 1 2
cat_threshold=2 2
is_linear=0
shrinkage=0.05


Tree=4
num_leaves=11
num_cat=1
split_feature=52 11 15 24 14 9 30 30 9 8
split_gain=164.669 214.114 39.6974 32.7585 5.5534 4.64432 1.35207 0.610824 0.275969 0.0776536
threshold=0 144.62500000000003 0.4717224937641189 680.00000000000011 113.97500000000001 237.83500000000004 -242.06500000000048 79.264999999999887 210.95000000000002 6747.8500000000013
decision_type=9 2 2 2 2 2 2 2 2 2
left_child=8 2 3 5 7 6 -2 9 -1 -3
right_child=1 4 -4 -5 -6 -7 -8 -9 -10 -11
leaf_value=4.6532897155737878 1.9422520131058247 -3.4800531749932468 -0.30727881156142822 -0.12465513974368569 -1.2505364611724019 0.85879930800259108 1.0694118142940106 -2.8071782903878395 9.9302147739386566 -3.7035969913899907
leaf_weight=89 51 40 74 56 41 77 41 64 40 139
leaf_count=89 51 40 74 56 41 77 41 64 40 139
internal_value=-0.00266854 -0.0139794 0.0155518 0.026 -0.0450704 0.0369822 0.0445652 -0.0479424 0.0484496 -0.0494413
internal_weight=712 583 299 225 284 169 92 243 129 179
internal_count=712 583 299 225 284 169 92 243 129 179
cat_boundaries=0 1
cat_threshold=2
is_linear=0
shrinkage=0.05


Tree=5
num_leaves=12
num_cat=3
split_feature=52 14 46 14 28 28 38 12 46 30 12
split_gain=162.764 133.594 59.4578 17.087 25.1606 13.642 10.8773 4.43657 1.94886 1.86506 0.277863
threshold=0 107.16500000000001 1 134.83000000000001 -93.270000000000422 -93.72500000000035 -37.81654646931139 37.535000000000004 2 -259.56999999999977 71.930000000000021
decision_type=9 2 1 2 2 2 2 2 1 2 2
left_child=10 5 3 -3 -5 8 -4 9 -2 -8 -1
right_child=1 2 6 4 -6 -7 7 -9 -10 -11 -12
leaf_value=5.2146254739357234 -1.9752459770086404 -1.4185314023882467 0.33845712771129438 0.29880095883187574 -0.41522712497214942 -1.3591499706263841 1.6379604458717667 1.0284506139508338 -3.8294035065525067 1.7633709341314454 4.8992814192636018
leaf_weight=91 66 42 54 42 45 72 43 40 126 40 40
leaf_count=91 66 42 54 42 45 72 43 40 126 40 40
internal_value=-0.00178317 -0.0133333 0.00915033 -0.0166667 -0.00402299 -0.0393939 0.0279661 0.0361789 -0.0463542 0.0427711 0.0484733
internal_weight=701 570 306 129 87 264 177 123 192 83 131
internal_count=701 570 306 129 87 264 177 123 192 83 131
cat_boundaries=0 1 2 3
cat_threshold=2 2 4
is_linear=0
shrinkage=0.05


Tree=6
num_leaves=11
num_cat=2
split_feature=15 45 11 9 15 11 52 30 13 30
split_gain=172.871 97.654 49.4681 34.199 26.5002 20.0589 10.2011 12.839 3.39946 0.947791
threshold=0.23951631379824931 0 168.53000000000003 238.75500000000002 0.48861127667162324 160.25000000000003 1 -193.41500000000084 157.32500000000002 79.264999999999887
decision_type=2 1 2 2 2 2 9 2 2 2
left_child=5 3 4 6 8 -1 -2 -8 -3 -7
right_child=1 2 -4 -5 -6 9 7 -9 -10 -11
leaf_value=-0.24402071872243633 4.7291997882459107 1.1615900756436717 -3.5855816658487125 0.1369712144221083 -0.76333592757941249 -3.2044291474436157 1.6335624211939923 0.27396255603010022 0.15300195772647207 -2.5454832387201898
leaf_weight=41 127 41 66 77 42 118 69 55 40 48
leaf_count=41 127 41 66 77 42 118 69 55 40 48
internal_value=-0.00124309 0.0142166 -0.0143216 0.0301775 0.00365854 -0.0398551 0.0400398 0.0298387 0.0203704 -0.0475904
internal_weight=724 517 189 328 123 207 251 124 81 166
internal_count=724 517 189 328 123 207 251 124 81 166
cat_boundaries=0 1 2
cat_threshold=3 2
is_linear=0
shrinkage=0.05


Tree=7
num_leaves=9
num_cat=1
split_feature=2 11 15 24 11 9 30 30
split_gain=163.631 208.313 37.0888 37.7414 6.69074 4.68642 1.26201 0.872804
threshold=0 144.62500000000003 0.4717224937641189 680.00000000000011 163.63500000000002 238.75500000000002 81.174999999999287 -243.14499999999995
decision_type=9 2 2 2 2 2 2 2
left_child=-1 2 3 5 -3 7 -6 -2
right_child=1 4 -4 -5 6 -7 -8 -9
leaf_value=4.6604338598744937 1.6942380513708983 -1.473347034030831 -0.25987406851252554 -0.14880931523320556 -3.2611908920742687 0.73205271737310496 -2.2294590004902353 1.2585251224757408
leaf_weight=131 52 56 76 58 172 70 59 41
leaf_count=131 52 56 76 58 172 70 59 41
internal_value=-0.00202797 -0.013468 0.0156566 0.0260181 -0.0440767 0.0383436 -0.0478355 0.0456989
internal_weight=715 584 297 221 287 163 231 93
internal_count=715 584 297 221 287 163 231 93
cat_boundaries=0 1
cat_threshold=16
is_linear=0
shrinkage=0.05


Tree=8
num_leaves=10
num_cat=3
split_feature=52 11 15 24 46 29 11 46 12
split_gain=178.056 210.833 25.0037 27.5748 6.11624 11.6331 5.44755 0.949695 0.285714
threshold=0 150.76500000000001 0.4717224937641189 680.00000000000011 1 9.2250000000000245 162.67000000000002 2 72.190000000000012
decision_type=9 2 2 2 1 2 2 1 2
left_child=8 2 3 4 -2 -6 -3 -8 -1
right_child=1 6 -4 -5 5 -7 7 -9 -10
leaf_value=4.455912342356843 2.3074714516742931 -1.1285736179051504 -0.17653347883379134 -0.15367582180963846 0.2232770033100982 1.100246937536284 -1.6767642222311345 -3.3146314390232896 3.3072989116438749
leaf_weight=100 67 49 71 59 52 48 73 165 40
leaf_count=100 67 49 71 59 52 48 73 165 40
internal_value=-0.00207182 -0.0142123 0.0153199 0.0234513 0.0338323 0.026 -0.0447735 -0.0478992 0.0485714
internal_weight=724 584 297 226 167 100 287 238 140
internal_count=724 584 297 226 167 100 287 238 140
cat_boundaries=0 1 2 3
cat_threshold=2 4 4
is_linear=0
shrinkage=0.05


Tree=9
num_leaves=12
num_cat=2
split_feature=52 14 46 28 9 57 38 13 32 3 3
split_gain=166.385 141.443 59.2402 17.3106 28.1067 13.9254 12.2081 1.52733 1.1188 0.945282 0.06875
threshold=0 112.69499999999999 1 -107.14000000000031 237.83500000000004 114.61000000000001 -37.095295242572611 143.11000000000004 5.4843952126200014e-06 7.5000000000000009 15.500000000000002
decision_type=9 2 1 2 2 2 2 2 2 2 2
left_child=8 3 5 9 -5 -3 -4 -8 -1 -2 -11
right_child=1 2 6 4 -6 -7 7 -9 -10 10 -12
leaf_value=2.5381184449330227 -2.4054904898990914 0.055601806026381345 0.49133679671731473 0.081252041846087419 -2.3687865681564246 -0.68014393330715306 1.6206875187473813 1.1321572901753354 4.4464746873857672 -3.1038530984606871 -2.5502661208491868
leaf_weight=40 77 40 62 58 48 76 57 44 93 88 40
leaf_count=40 77 40 62 58 48 76 57 44 93 88 40
internal_value=-0.00352697 -0.0149153 0.0109319 -0.0381029 -0.0216981 -0.0163793 0.0303681 0.0410891 0.0469925 -0.0465854 -0.0492188
internal_weight=723 590 279 311 106 116 163 101 133 205 128
internal_count=723 590 279 311 106 116 163 101 133 205 128
cat_boundaries=0 1 2
cat_threshold=2 2
is_linear=0
shrinkage=0.05


Tree=10
num_leaves=12
num_cat=3
split_feature=52 11 15 48 46 30 11 46 15 38 12
split_gain=155.877 195.493 33.3382 18.1545 11.2906 10.7916 5.79048 2.24561 1.25 1.10769 0.0766082
threshold=0 144.62500000000003 0.50817032735335343 1.0000000180025095e-35 1 -250.86500000000066 162.07000000000002 2 0.32437237524524892 -64.648426018220974 58.900000000000013
decision_type=9 2 2 2 1 2 2 1 2 2 2
left_child=9 2 3 -2 8 -6 -3 -8 -5 -1 -9
right_child=1 6 -4 4 5 -7 7 10 -10 -11 -12
leaf_value=2.8575107373795565 0.020766755255076676 -0.67288772508574657 -0.57117919274327389 2.1908951198720437 0.70582579046294003 -0.0046934801779629611 -1.4344550114928518 -2.8767419817833968 1.6573228172696191 4.0107929908697129 -3.2104948565715179
leaf_weight=40 72 42 47 40 65 41 72 131 40 90 40
leaf_count=40 72 42 47 40 65 41 72 131 40 90 40
internal_value=-0.00263889 -0.0135593 0.0142623 0.0213178 0.0295699 0.0188679 -0.0433333 -0.0462963 0.04375 0.0469231 -0.0494152
internal_weight=720 590 305 258 186 106 285 243 80 130 171
internal_count=720 590 305 258 186 106 285 243 80 130 171
cat_boundaries=0 1 2 3
cat_threshold=2 4 4
is_linear=0
shrinkage=0.05


Tree=11
num_leaves=12
num_cat=2
split_feature=52 11 15 24 31 13 24 15 46 12 11
split_gain=161.775 185.205 29.6472 27.8301 9.17507 6.66919 4.80535 3.53327 1.68565 1.11145 0.305325
threshold=0 144.62500000000003 0.4717224937641189 680.00000000000011 0.8669394356769814 138.96500000000003 1114.9999999999998 0.29302913675276937 1 71.930000000000021 166.09
decision_type=9 2 2 2 2 2 2 2 1 2 2
left_child=9 2 3 5 -4 -2 8 -7 -3 -1 -10
right_child=1 6 4 -5 -6 7 -8 -9 10 -11 -12
leaf_value=3.7817531658501524 1.6088343728306516 -1.6163228753036329 0.0036322286206559085 -0.068645132767308867 -0.64178062059005347 0.46210579769944959 -1.0746519857695567 0.96939903788400528 -2.9552376255025634 3.5966073363994333 -2.6266746444716782
leaf_weight=91 59 66 41 60 40 50 54 52 40 40 129
leaf_count=91 59 66 41 60 40 50 54 52 40 40 129
internal_value=-0.0033241 -0.014467 0.0129139 0.0223982 -0.012963 0.0332298 -0.0430796 0.0254902 -0.0461702 0.0469466 -0.0488166
internal_weight=722 591 302 221 81 161 289 102 235 131 169
internal_count=722 591 302 221 81 161 289 102 235 131 169
cat_boundaries=0 1 2
cat_threshold=2 4
is_linear=0
shrinkage=0.05


Tree=12
num_leaves=11
num_cat=3
split_feature=52 11 46 38 28 34 29 32 29 46
split_gain=149.535 173.184 37.8806 15.2392 11.7703 8.00138 4.86864 1.7126 1.4399 0.703279
threshold=0 150.76500000000001 1 -37.095295242572611 -101.49999999999999 0.015402684533946201 23.769999999999531 1.8289322484062397e-05 -108.70499999999946 2
decision_type=9 2 1 2 2 2 2 2 2 1
left_child=7 2 4 -4 -2 8 -5 -1 -3 -10
right_child=1 5 3 6 -6 -7 -8 -9 9 -11
leaf_value=2.1394638300690683 0.020953089964848817 -1.9100999667484957 0.2474670635940811 0.76817847648741688 -0.32081944395767015 -0.51573148807390934 1.5283926541891191 3.9714265512234008 -1.9630784030698309 -2.7714412912208823
leaf_weight=40 50 42 79 76 47 51 43 87 40 143
leaf_count=40 50 42 79 76 47 51 43 87 40 143
internal_value=-0.0030086 -0.0139229 0.0127119 0.0252525 -0.0128866 -0.0423913 0.0365546 0.046063 -0.0464444 -0.0483607
internal_weight=698 571 295 198 97 276 119 127 225 183
internal_count=698 571 295 198 97 276 119 127 225 183
cat_boundaries=0 1 2 3
cat_threshold=2 2 4
is_linear=0
shrinkage=0.05


Tree=13
num_leaves=12
num_cat=4
split_feature=52 11 46 14 11 46 46 21 9 11 32
split_gain=154.669 186.106 27.0903 10.0155 9.0559 11.2616 6.24135 9.8288 5.7758 1.9898 1.1
threshold=0 144.62500000000003 1 145.72000000000006 69.450000000000003 2 3 385.00000000000006 240.14500000000004 164.83000000000004 1.8289322484062397e-05
decision_type=9 2 1 2 2 1 1 2 2 2 2
left_child=10 2 3 -2 -4 -6 7 -3 -7 -8 -1
right_child=1 6 4 -5 5 8 9 -9 -10 -11 -12
leaf_value=1.9480727254204468 -0.38881208097984477 -1.438677272292993 1.2251227180145046 0.12072147418992146 0.027454646324921318 1.5375491944549078 -2.19110725781325 -0.50429209117670126 0.66875907428700154 -2.5945974400013654 4.0856477672533185
leaf_weight=40 45 52 46 47 62 42 40 41 57 156 88
leaf_count=40 45 52 46 47 62 42 40 41 57 156 88
internal_value=-0.00293296 -0.0137755 0.0138796 -0.00869565 0.023913 0.018323 -0.0423875 -0.0317204 0.0287879 -0.047449 0.046875
internal_weight=716 588 299 92 207 161 289 93 99 196 128
internal_count=716 588 299 92 207 161 289 93 99 196 128
cat_boundaries=0 1 2 3 4
cat_threshold=2 2 1 4
is_linear=0
shrinkage=0.05


Tree=14
num_leaves=13
num_cat=1
split_feature=15 46 25 14 13 12 15 48 38 15 33 18
split_gain=123.336 90.0973 35.9266 30.8615 23.2197 12.251 14.6711 10.3755 8.86129 3.32688 1.60094 0.250467
threshold=0.23951631379824931 0 1.0000000180025095e-35 134.83000000000001 135.91500000000002 29.020000000000003 0.14980273220372828 1.0000000180025095e-35 -35.901912536500923 0.31948678639436462 0.34597691458525764 395.00000000000006
decision_type=2 1 2 2 2 2 2 2 2 2 2 2
left_child=5 3 4 -2 9 6 -1 -5 -6 -3 -11 -7
right_child=1 2 -4 7 8 11 -8 -9 -10 10 -12 -13
leaf_value=-1.9588425195619736 -1.7278775160882103 1.2068688717764067 -0.362523193443818 -0.15524932580583661 -0.11084950300632378 -2.5706384311410293 -0.0081967233714305369 0.50441277078549707 0.83747983530084336 1.8242137534068263 3.8511920615168354 -1.5299843145755176
leaf_weight=43 71 40 54 41 50 67 41 40 63 43 95 40
leaf_count=43 71 40 54 41 50 67 41 40 63 43 95 40
internal_value=-0.00276163 0.0103622 0.0244928 -0.0217105 0.0314433 -0.036911 -0.022619 -0.000617284 0.0137168 0.0426966 0.0463768 -0.0481308
internal_weight=688 497 345 152 291 191 84 81 113 178 138 107
internal_count=688 497 345 152 291 191 84 81 113 178 138 107
cat_boundaries=0 1
cat_threshold=2
is_linear=0
shrinkage=0.05


Tree=15
num_leaves=11
num_cat=2
split_feature=2 11 46 21 24 29 12 4 14 34
split_gain=139.171 148.055 33.5244 15.2003 15.1258 23.2805 7.38196 2.57032 3.2868 0.649709
threshold=0 162.07000000000002 1 439.99999999999983 680.00000000000011 9.2250000000000245 29.020000000000003 0.37651821862348184 48.850000000000001 0.0019634761701631002
decision_type=9 2 1 2 2 2 2 2 2 2
left_child=1 2 3 -1 5 -4 -3 -2 -9 -8
right_child=7 6 4 -5 -6 -7 9 8 -10 -11
leaf_value=0.20323436007105988 3.0008016953329384 -1.7948506418777228 -0.10491557487960677 1.8279503081283082 -0.35217023252514124 0.65561806909719922 -2.3496481471255786 2.0312613062818978 1.8644486583916391 -1.5300800693190781
leaf_weight=62 50 53 74 67 62 51 149 61 40 43
leaf_count=62 50 53 74 67 62 51 149 61 40 43
internal_value=-0.00294944 -0.0144483 0.00791139 0.0275194 -0.00561497 0.0044 -0.0438776 0.0381988 0.0361386 -0.0484375
internal_weight=712 561 316 129 187 125 245 151 101 192
internal_count=712 561 316 129 187 125 245 151 101 192
cat_boundaries=0 1 2
cat_threshold=6 4
is_linear=0
shrinkage=0.05


Tree=16
num_leaves=12
num_cat=1
split_feature=52 11 15 24 13 11 25 47 15 12 13
split_gain=138.308 157.637 31.8932 13.4774 15.8124 10.8485 13.2529 3.91852 1.82163 1.22791 0.224176
threshold=0 144.62500000000003 0.4717224937641189 635.00000000000011 154.56500000000003 172.16500000000005 385.00000000000006 1.0000000180025095e-35 0.43374076984348203 33.280000000000008 21.709999999999997
decision_type=9 2 2 2 2 2 2 2 2 2 2
left_child=8 2 3 4 7 6 -3 -2 10 -7 -1
right_child=1 5 -4 -5 -6 9 -8 -9 -10 -11 -12
leaf_value=2.0779945871083982 1.7051191142104245 -0.28410362397499894 -0.20282212062472596 0.0014512658550678737 0.2810836859280908 -1.7194902939640002 -2.4081234196097836 0.76635893079172246 2.226660079825606 -1.8643425647386775 3.8897721121397013
leaf_weight=40 60 60 75 69 59 40 52 48 40 132 51
leaf_count=40 60 60 75 69 59 40 52 48 40 132 51
internal_value=-0.00261708 -0.0128571 0.0117363 0.0207627 0.0284431 -0.0397887 -0.0276786 0.0398148 0.0438931 -0.0476744 0.0478022
internal_weight=726 595 311 236 167 284 112 108 131 172 91
internal_count=726 595 311 236 167 284 112 108 131 172 91
cat_boundaries=0 1
cat_threshold=2
is_linear=0
shrinkage=0.05


Tree=17
num_leaves=13
num_cat=3
split_feature=2 14 56 46 15 23 46 10 15 28 20 15
split_gain=136.559 106.468 28.1657 27.9474 11.6821 10.2756 8.34871 8.65089 2.89598 2.83688 1.96923 0.0716312
threshold=0 119.92500000000003 83.38000000000001 1 0.38165567426348518 10575.000000000002 2 9954.3800000000028 0.28991173898930805 -104.09500000000024 10095.000000000002 0.29994889807984543
decision_type=9 2 2 1 2 2 1 2 2 2 2 2
left_child=10 2 -2 5 8 -3 7 -4 -5 11 -1 -8
right_child=1 3 6 4 -6 -7 9 -9 -10 -11 -12 -13
leaf_value=3.7499875129094109 -0.085308450082538914 0.016987368795138024 -0.18922259947751954 0.67487273760737743 0.12342284844224789 -0.42880982844604354 -2.0618354642750822 -1.3329794033765552 2.0074329225133725 -0.81765947620694002 1.7190329932641526 -2.4670459817056409
leaf_weight=65 67 67 40 42 44 41 101 41 50 47 65 40
leaf_count=65 67 67 40 42 44 41 101 41 50 47 65 40
internal_value=-0.00380282 -0.0142373 -0.0327381 0.0106557 0.0257353 -0.00833333 -0.0399628 -0.0265432 0.0358696 -0.0457447 0.0407143 -0.0492908
internal_weight=710 580 336 244 136 108 269 81 92 188 130 141
internal_count=710 580 336 244 136 108 269 81 92 188 130 141
cat_boundaries=0 1 2 3
cat_threshold=16 2 4
is_linear=0
shrinkage=0.05


Tree=18
num_leaves=13
num_cat=1
split_feature=52 11 15 24 11 25 13 47 15 30 9 16
split_gain=143.049 137.691 29.92 12.5985 12.4145 14.5999 10.9182 4.19895 2.89915 1.98725 0.0692308 0.0565217
threshold=0 144.62500000000003 0.4717224937641189 680.00000000000011 172.16500000000005 385.00000000000006 154.56500000000003 1.0000000180025095e-35 0.43374076984348203 81.174999999999287 232.76500000000001 9900.0000000000018
decision_type=9 2 2 2 2 2 2 2 2 2 2 2
left_child=8 2 3 6 5 -3 7 -2 11 10 -6 -1
right_child=1 4 -4 -5 9 -7 -8 -9 -10 -11 -12 -13
leaf_value=3.6538562824892931 1.5254132913986593 -0.21612948608300828 -0.26350925173895273 -0.070731873873042347 -2.1870723747307514 -2.1365841318185246 0.37969724583102082 0.75304188871345645 1.7961068424082773 -1.1684806472104037 -1.7869695360842059 1.695797948884767
leaf_weight=52 59 63 71 52 40 53 65 48 41 47 90 40
leaf_count=52 59 63 71 52 40 53 65 48 41 47 90 40
internal_value=-0.00284327 -0.0134354 0.010678 0.0196429 -0.0377133 -0.025 0.0261628 0.0359813 0.043985 -0.0460452 -0.0492308 0.048913
internal_weight=721 588 295 224 293 116 172 107 133 177 130 92
internal_count=721 588 295 224 293 116 172 107 133 177 130 92
cat_boundaries=0 1
cat_threshold=2
is_linear=0
shrinkage=0.05


Tree=19
num_leaves=13
num_cat=3
split_feature=52 11 15 46 30 46 21 12 18 29 31 43
split_gain=139.066 123.265 26.8531 21.7807 15.3239 12.828 7.58845 7.15837 5.49579 4.09952 1.769 0.646479
threshold=0 144.62500000000003 0.50817032735335343 1 -269.83999999999963 2 440.00000000000028 31.225000000000005 359.99999999999983 80.88999999999966 0.099342636215430866 0.040119081372271014
decision_type=9 2 2 1 2 1 2 2 2 2 2 2
left_child=10 2 3 6 -5 7 -2 -3 -6 11 -1 -7
right_child=1 5 -4 4 8 9 -8 -9 -10 -11 -12 -13
leaf_value=1.4042173619881855 0.77789392529128509 -0.04408039656337337 -0.46467289385359473 0.44096120743970624 -0.30637541602974 -2.1153517368782468 1.5626851809649054 -1.2912552939671842 0.02005242738658275 -1.2788406730814055 3.2783200297465096 -1.967483247123365
leaf_weight=63 51 40 50 73 41 40 50 53 44 47 75 102
leaf_count=63 51 40 50 73 41 40 50 53 44 47 75 102
internal_value=-0.00171468 -0.0122673 0.00954693 0.0160232 0.00443038 -0.0361702 0.0341584 -0.0209677 -0.01 -0.0436508 0.0434783 -0.0478873
internal_weight=729 591 309 259 158 282 101 93 85 189 138 142
internal_count=729 591 309 259 158 282 101 93 85 189 138 142
cat_boundaries=0 1 2 3
cat_threshold=2 4 4
is_linear=0
shrinkage=0.05


Tree=20
num_leaves=12
num_cat=4
split_feature=52 11 54 18 46 34 37 46 38 58 21
split_gain=130.993 112.232 23.5928 21.0434 14.2098 11.8407 10.7174 9.08024 2.6526 2.26311 0.0661017
threshold=0 162.07000000000002 1 359.99999999999983 2 0.085541655344358411 267.4015759637187 3 -38.219448400032903 8455.7350000000024 295.00000000000006
decision_type=9 2 9 2 1 2 2 1 2 2 2
left_child=9 2 3 5 -4 -2 -6 -3 10 -1 -9
right_child=1 7 4 -5 6 -7 -8 8 -10 -11 -12
leaf_value=4.4198696908907404 -0.10663527615838292 -0.77280780394309545 0.33207997519052168 1.4765885151652434 -0.0094750585326531592 0.45146161309600807 -0.35923558938147271 -2.0175027441926949 -1.1868351332763971 1.4229990253849167 -2.013132744500628
leaf_weight=64 58 73 58 51 46 71 65 40 47 77 78
leaf_count=64 58 73 58 51 46 71 65 40 47 77 78
internal_value=-0.00178571 -0.0121806 0.00587393 0.0178947 -0.0075419 0.00813953 -0.0184685 -0.0386555 -0.0451515 0.0414894 -0.0491525
internal_weight=728 587 349 180 169 129 111 238 165 141 118
internal_count=728 587 349 180 169 129 111 238 165 141 118
cat_boundaries=0 1 2 3 4
cat_threshold=2 2 4 4
is_linear=0
shrinkage=0.05


Tree=21
num_leaves=11
num_cat=4
split_feature=52 11 54 24 46 15 46 9 38 32
split_gain=105.932 110.949 25.2757 17.5781 12.4354 11.7734 9.63526 8.22079 4.54277 2.12008
threshold=0 162.07000000000002 1 635.00000000000011 2 0.29526457395563299 3 240.14500000000004 -55.970936813166936 0.00015992589477060003
decision_type=9 2 9 2 1 2 1 2 2 2
left_child=8 2 3 7 -4 -6 -3 -2 -1 -8
right_child=1 6 4 -5 5 -7 9 -9 -10 -11
leaf_value=1.2472766609499146 1.1689722526817108 -0.71489725294811501 -0.40327862787402258 0.0077435006529324116 -0.16084966843432397 0.34327727362102789 -1.9352374857257608 0.42888853244120767 3.2212090122781434 -1.1499955330464247
leaf_weight=65 52 75 48 73 66 58 92 45 67 69
leaf_count=65 52 75 48 73 66 58 92 45 67 69
internal_value=-0.00253521 -0.0117647 0.00643275 0.0194444 -0.00714286 0.000806452 -0.0381356 0.0345361 0.0378788 -0.0450311
internal_weight=710 578 342 170 172 124 236 97 132 161
internal_count=710 578 342 170 172 124 236 97 132 161
cat_boundaries=0 1 2 3 4
cat_threshold=2 2 2 4
is_linear=0
shrinkage=0.05


Tree=22
num_leaves=11
num_cat=3
split_feature=52 11 54 24 56 46 15 36 36 14
split_gain=93.8128 90.1261 30.9246 17.6027 14.9386 13.7365 12.939 4.5 4.21012 4.13394
threshold=0 162.07000000000002 1 680.00000000000011 120.89500000000002 2 0.38165567426348518 0.00018771798646795003 0.00015992589477060003 124.355
decision_type=9 2 9 2 2 1 2 2 2 2
left_child=7 2 3 6 9 -3 -2 -1 -7 -4
right_child=1 5 4 -5 -6 8 -8 -9 -10 -11
leaf_value=0.93810987300677295 1.1691277347059443 -0.67572805466557961 0.079559842239762188 0.0014174105472475774 -0.37259323969795749 -1.8654367262906335 0.26368576748906797 3.2235160878646498 -1.0832739674697691 -0.12049249080015595
leaf_weight=64 72 76 55 72 65 91 42 64 75 41
leaf_count=64 72 76 55 72 65 91 42 64 75 41
internal_value=-0.00285914 -0.0112903 0.00504323 0.0183673 -0.0108187 -0.0347107 0.0315789 0.0359375 -0.0427711 0.00104167
internal_weight=717 589 347 186 161 242 114 128 166 96
internal_count=717 589 347 186 161 242 114 128 166 96
cat_boundaries=0 1 2 3
cat_threshold=2 2 4
is_linear=0
shrinkage=0.05


Tree=23
num_leaves=11
num_cat=3
split_feature=2 11 46 57 46 21 39 59 32 28
split_gain=93.3448 92.945 29.97 13.21 10.5155 9.05919 8.59298 6.96273 5.09698 2.81489
threshold=0 157.83500000000001 1 94.00500000000001 2 440.00000000000028 -75.251990472424396 9954.6100000000024 0.00015992589477060003 -79.805000000000277
decision_type=9 2 1 2 1 2 2 2 2 2
left_child=6 2 5 -4 -3 -2 -1 9 -6 -5
right_child=1 4 3 7 8 -7 -8 -9 -10 -11
leaf_value=0.83991786093180176 0.15190671240613601 -0.64715416911982226 0.28146252751617029 0.0096421876208500745 -1.8025927947395619 1.5270869377105412 2.8420467800763483 -0.2743622138402948 -1.0224700853415243 -0.16932658636653308
leaf_weight=63 61 74 63 54 102 59 68 51 76 40
leaf_count=63 61 74 63 54 102 59 68 51 76 40
internal_value=-0.00443038 -0.0130508 0.00426829 -0.00721154 -0.0361111 0.0241667 0.0322695 -0.0155172 -0.0426966 -0.00744681
internal_weight=711 580 328 208 252 120 131 145 178 94
internal_count=711 580 328 208 252 120 131 145 178 94
cat_boundaries=0 1 2 3
cat_threshold=16 4 4
is_linear=0
shrinkage=0.05


Tree=24
num_leaves=14
num_cat=3
split_feature=15 2 9 29 46 15 56 39 30 46 57 18 10
split_gain=92.6995 63.5202 35.5819 30.6513 27.5598 15.4651 14.4774 13.001 11.1262 9.25641 4.51959 1.81166 0.566667
threshold=0.23951631379824931 0 242.23500000000004 -14.840000000000598 1 0.32880206006277618 92.840000000000018 -55.512007605808542 -284.44999999999976 2 164.33000000000004 100.00000000000024 10111.715000000002
decision_type=2 9 2 2 1 2 2 2 2 1 2 2 2
left_child=6 3 7 -2 -5 -4 -1 10 -7 -8 -3 -9 -11
right_child=1 2 5 4 -6 8 9 11 -10 12 -12 -13 -14
leaf_value=-0.14262675456164936 -1.7767322723935284 0.26835537743116017 -0.61957505261160406 0.56004404816889497 -0.24344451173256607 -0.045173982078525833 -0.57682837580926682 1.0767247577938475 0.83377764980129698 -1.6024516069804762 1.2005838543712466 1.7120587667646889 -1.413958637506914
leaf_weight=47 64 49 40 41 59 60 48 47 51 68 43 68 40
leaf_count=47 64 49 40 41 59 60 48 47 51 68 43 68 40
internal_value=-0.00310345 0.00804598 0.0195652 -0.0172414 -0.001 0.00165563 -0.0317734 0.0335749 0.0112613 -0.0391026 0.0195652 0.0447826 -0.0472222
internal_weight=725 522 358 164 100 151 203 207 111 156 92 115 108
internal_count=725 522 358 164 100 151 203 207 111 156 92 115 108
cat_boundaries=0 1 2 3
cat_threshold=2 4 4
is_linear=0
shrinkage=0.05


Tree=25
num_leaves=13
num_cat=3
split_feature=52 11 15 11 28 46 15 7 12 46 32 33
split_gain=85.2982 89.4513 24.857 20.8688 19.3171 15.1591 13.9876 9.21818 9.17286 8.96641 6.24951 2.38772
threshold=0 144.62500000000003 0.4962637576066537 68.02500000000002 -86.454999999999913 1 0.21493364684813834 11062.857142857143 66.335000000000022 2 0.00020935654886550001 0.9831409104389115
decision_type=9 2 2 2 2 1 2 2 2 1 2 2
left_child=10 2 3 -2 9 6 -3 -6 11 -5 -1 -7
right_child=1 5 -4 4 7 8 -8 -9 -10 -11 -12 -13
leaf_value=0.77659206956689786 1.0956931818814399 0.026772414768448272 -0.30984154582363033 1.0355715726518426 0.23032339174362521 -1.5265588572358562 -0.99652596624275103 -0.18050011628530571 -0.76464302559036923 0.16499035682125013 2.8937572974623738 -1.246894154983381
leaf_weight=67 40 45 55 48 44 85 44 66 40 52 62 73
leaf_count=67 40 45 55 48 44 85 44 66 40 52 62 73
internal_value=-0.00312067 -0.0111486 0.00770492 0.0144 0.00809524 -0.0311847 -0.0140449 -0.00636364 -0.0388889 0.024 0.0337209 -0.0443038
internal_weight=721 592 305 250 210 287 89 110 198 100 129 158
internal_count=721 592 305 250 210 287 89 110 198 100 129 158
cat_boundaries=0 1 2 3
cat_threshold=2 4 4
is_linear=0
shrinkage=0.05


Tree=26
num_leaves=13
num_cat=2
split_feature=2 9 46 11 39 15 9 56 11 21 41 9
split_gain=79.3162 60.6401 32.7087 21.9333 15.1859 13.5338 13.0927 12.6311 5.12195 3.86227 1.71541 0.246154
threshold=0 295.43000000000006 1 136.28000000000003 -77.321870259826781 0.31062397983504025 242.23500000000004 123.76000000000001 122.34500000000001 359.99999999999983 0.97926017299834711 279.84500000000008
decision_type=9 2 1 2 2 2 2 2 2 2 2 2
left_child=2 4 3 -1 -2 -3 9 -4 -8 -6 -11 -9
right_child=1 5 7 -5 6 -7 8 11 -10 10 -12 -13
leaf_value=0.5870140207966924 0.072243453582241199 -0.89819109692351096 -0.2612294766833782 -0.69084902443986351 0.88420127467530429 0.07619957137083766 -0.0029378331020455842 -1.3858243237432823 0.43437344685488494 0.96762217593183064 1.7334972613487176 -1.5460792882708798
leaf_weight=40 71 72 72 63 54 42 42 64 40 48 57 40
leaf_count=40 71 72 72 63 54 42 42 64 40 48 57 40
internal_value=-0.00276596 0.0107798 -0.0230104 -0.00145631 0.0224359 -0.0201754 0.0284232 -0.0369318 0.0121951 0.0367925 0.042381 -0.0480769
internal_weight=705 426 279 103 312 114 241 176 82 159 105 104
internal_count=705 426 279 103 312 114 241 176 82 159 105 104
cat_boundaries=0 1 2
cat_threshold=2 4
is_linear=0
shrinkage=0.05


Tree=27
num_leaves=15
num_cat=3
split_feature=11 52 46 20 15 23 46 15 11 36 14 38 9 35
split_gain=80.181 53.8056 33.2387 21.6211 16.1485 15.8824 8.40076 8.21076 7.96923 6.66395 4.39477 4.28153 2.88 0.575676
threshold=165.61000000000004 0 1 10375.000000000002 0.29128777023591396 10565.000000000002 2 0.43028255648437819 107.78000000000002 0.60642414074797935 144.39500000000001 -50.207148197004265 201.78000000000003 0.040824725408537807
decision_type=2 9 1 2 2 2 1 2 2 2 2 2 2 2
left_child=2 6 5 4 8 10 -2 11 -4 13 -1 -6 -5 -8
right_child=1 -3 3 12 7 -7 9 -9 -10 -11 -12 -13 -14 -15
leaf_value=-0.26463424230041588 -0.65630657321787 1.6590553496788201 0.33581576460385315 1.7861735892028456 0.71461199370464346 -0.5801036489663236 -1.3945661818136914 0.1646818510648915 -0.56543596194054613 -0.71733299886340451 0.12893404211868553 1.3280749503875295 0.52690815771933963 -1.5797629017821315
leaf_weight=45 65 47 46 50 40 51 71 50 42 48 40 42 40 40
leaf_count=45 65 47 46 50 40 51 71 50 42 48 40 42 40 40
internal_value=-0.00271967 -0.0241697 0.0103139 0.0193548 0.0109091 -0.0102941 -0.034375 0.0219697 -0.00568182 -0.040566 0.00294118 0.0317073 0.04 -0.0472973
internal_weight=717 271 446 310 220 136 224 132 88 159 85 82 90 111
internal_count=717 271 446 310 220 136 224 132 88 159 85 82 90 111
cat_boundaries=0 1 2 3
cat_threshold=1 2 4
is_linear=0
shrinkage=0.05


Tree=28
num_leaves=14
num_cat=3
split_feature=52 11 50 15 46 20 28 39 15 22 9 28 35
split_gain=74.2036 80.1511 17.439 17.1817 14.4011 7.28398 7.79579 7.24442 6.362 5.6647 7.19661 5.63788 0.563551
threshold=0 162.07000000000002 1 0.48861127667162324 2 10405.000000000002 -90.89499999999974 -43.439324628560357 0.27808754055673585 5455.0000000000009 186.97000000000003 -107.14000000000031 0.035483968102452711
decision_type=9 2 1 2 1 2 2 2 2 2 2 2 2
left_child=9 2 8 5 -3 6 11 12 -2 -1 -11 -4 -6
right_child=1 4 3 -5 7 -7 -8 -9 -10 10 -12 -13 -14
leaf_value=5.3662613587140635 -0.24325111838302399 -0.62349124455697624 0.094384027447088681 -0.25951840511728702 -1.389245774694488 0.6631215606680847 -0.033084668472774227 -0.6678765371508455 -0.063416348534269681 1.2202207039092181 0.47694313829544654 0.80249549599808501 -1.500774756693025
leaf_weight=42 41 69 40 42 67 53 49 56 78 51 43 48 40
leaf_count=42 41 69 40 42 67 53 49 56 78 51 43 48 40
internal_value=-0.000904033 -0.00866209 0.00641026 0.0140496 -0.0314655 0.0210526 0.0149635 -0.0395706 -0.00891473 0.0323529 0.0255319 0.0238636 -0.0471963
internal_weight=719 583 351 232 232 190 137 163 119 136 94 88 107
internal_count=719 583 351 232 232 190 137 163 119 136 94 88 107
cat_boundaries=0 1 2 3
cat_threshold=2 430 4
is_linear=0
shrinkage=0.05


Tree=29
num_leaves=14
num_cat=3
split_feature=52 11 32 15 46 46 32 21 56 32 39 15 12
split_gain=71.1906 79.3829 20.9134 19.826 11.857 11.3154 7.24566 5.35558 4.9542 11.1031 4.61783 10.3666 0.231579
threshold=0 162.07000000000002 0.0027994971350103503 0.47937558150587728 1 2 0.00015992589477060003 440.00000000000028 174.32500000000002 0.00020935654886550001 -40.112574810439725 0.32290664553349274 33.370000000000012
decision_type=9 2 2 2 1 1 2 2 2 2 2 2 2
left_child=8 2 -2 5 -3 7 12 -4 9 -1 11 -7 -6
right_child=1 4 3 -5 6 10 -8 -9 -10 -11 -12 -13 -14
leaf_value=0.29118680148598824 -0.52561606953731832 -0.51429983613688679 0.71543980308073385 -0.2598608072037582 -1.2728608003017936 -0.089685813124583194 -0.78003625715967184 1.4460509892871725 3.6204226776207609 2.329798891400829 0.24730192569635534 0.1693838034750943 -1.5666327263089237
leaf_weight=42 52 70 42 59 40 43 74 47 47 49 41 53 55
leaf_count=42 52 70 42 59 40 43 74 47 47 49 41 53 55
internal_value=-0.00182073 -0.00954861 0.00608309 0.0114035 -0.03159 0.0181416 -0.0387574 0.0320225 0.0304348 0.0236264 0.00912409 0.003125 -0.0478947
internal_weight=714 576 337 285 239 226 169 89 138 91 137 96 95
internal_count=714 576 337 285 239 226 169 89 138 91 137 96 95
cat_boundaries=0 1 2 3
cat_threshold=2 4 4
is_linear=0
shrinkage=0.05


Tree=30
num_leaves=13
num_cat=2
split_feature=28 52 11 29 46 21 38 3 14 24 16 35
split_gain=63.0255 34.3568 37.7678 28.2587 20.2718 13.7812 6.89916 6.88709 7.66108 5.65296 2.67224 1.93526
threshold=-238.61500000000021 0 167.16000000000003 -112.86999999999989 1 440.00000000000028 -53.255727810513214 12.500000000000002 144.70500000000001 555.00000000000011 10025.000000000002 0.040824725408537807
decision_type=2 9 2 2 1 2 2 2 2 2 2 2
left_child=3 6 4 -1 5 -3 -2 8 9 -6 -4 -5
right_child=1 2 10 11 7 -7 -8 -9 -10 -11 -12 -13
leaf_value=0.10033604320107906 0.57145786837451351 0.12369505977849471 -0.46788439345805699 -1.2065121780268482 -0.0048092722262762068 1.1673342675952767 2.6103090689011004 0.20073700350220813 0.020983554954814743 -0.28912266162652983 -1.185141496777014 -1.2831208401128706
leaf_weight=42 58 64 59 68 41 64 59 62 40 64 41 48
leaf_count=42 58 64 59 68 41 64 59 62 40 64 41 48
internal_value=-0.00253521 0.00543478 -0.00103448 -0.0303797 0.00701493 0.0226563 0.0294872 -0.002657 -0.00862069 -0.0157143 -0.028 -0.0431034
internal_weight=710 552 435 158 335 128 117 207 145 105 100 116
internal_count=710 552 435 158 335 128 117 207 145 105 100 116
cat_boundaries=0 1 2
cat_threshold=2 4
is_linear=0
shrinkage=0.05


Tree=31
num_leaves=13
num_cat=1
split_feature=52 36 9 23 12 10 38 15 15 15 25 28
split_gain=59.4873 58.075 30.597 21.0531 15.4598 10.8987 8.25806 6.46889 6.4358 9.99115 4.52896 0.532653
threshold=0 0.0027994971350103503 295.43000000000006 10575.000000000002 29.635000000000002 10354.835000000001 -53.255727810513214 0.31397617211908652 0.45341358570376172 0.32290664553349274 1.0000000180025095e-35 -287.00000000000017
decision_type=9 2 2 2 2 2 2 2 2 2 2 2
left_child=6 4 3 5 -2 8 -1 -4 9 -3 -6 -12
right_child=1 2 7 -5 10 -7 -8 -9 -10 -11 11 -13
leaf_value=0.46825680178749746 -0.25050792535869271 0.022860414856290669 -0.71916555331996224 -0.17263230094760917 -1.1198275679202296 0.65036327907394997 2.094620316296973 -0.19703334113015281 -0.12460199067772636 0.4863568287441366 -1.3313890641352595 -1.149346827914643
leaf_weight=62 72 65 72 42 45 68 62 47 40 41 40 58
leaf_count=62 72 65 72 42 45 68 62 47 40 41 40 58
internal_value=-0.00406162 -0.010678 0.0012 0.0109375 -0.0313953 0.0172897 0.0274194 -0.0197479 0.00958904 0.0160377 -0.0409091 -0.0469388
internal_weight=714 590 375 256 215 214 124 119 146 106 143 98
internal_count=714 590 375 256 215 214 124 119 146 106 143 98
cat_boundaries=0 1
cat_threshold=2
is_linear=0
shrinkage=0.05


Tree=32
num_leaves=12
num_cat=4
split_feature=52 11 50 46 15 46 39 56 34 37 15
split_gain=57.4853 67.0874 20.207 18.9218 9.13935 8.70236 8.22826 5.46786 4.58955 8.06382 0.241584
threshold=0 162.07000000000002 1 2 0.38165567426348518 3 -72.832209869080444 174.68500000000003 0.013215253808235402 317.36047619047605 0.19472381667658309
decision_type=9 2 1 1 2 1 2 2 2 2 2
left_child=7 2 4 -3 -2 -4 10 -1 -7 -10 -5
right_child=1 3 5 6 -6 8 -8 -9 9 -11 -12
leaf_value=0.56560414865864816 0.62892568665924653 -0.38714227167035881 0.23115495252790358 -1.1245586050850378 0.059945990526278692 -0.56602404755726343 -0.64437074717680431 3.9713440284895998 0.06721770504711691 -0.11227760839324859 -1.1859368394919862
leaf_weight=79 63 72 77 40 43 49 70 46 46 63 61
leaf_count=79 63 72 77 40 43 49 70 46 46 63 61
internal_value=-0.00317348 -0.00976027 0.00454545 -0.0298354 0.0215517 -0.00387755 -0.0388889 0.0276 -0.0107595 -0.00504587 -0.0480198
internal_weight=709 584 341 243 106 235 171 125 158 109 101
internal_count=709 584 341 243 106 235 171 125 158 109 101
cat_boundaries=0 1 2 3 4
cat_threshold=2 154112 4 4
is_linear=0
shrinkage=0.05


Tree=33
num_leaves=13
num_cat=0
split_feature=29 29 9 12 21 61 39 22 23 12 28 12
split_gain=51.9907 38.8787 33.2708 17.2163 18.2472 10.3186 9.82469 8.87819 13.3211 8.49523 7.84805 1.85278
threshold=-80.525000000000531 -114.8899999999994 295.43000000000006 58.900000000000013 439.99999999999983 10381.080000000002 -37.855094799117325 5475.0000000000009 10565.000000000002 49.82500000000001 -82.129999999999981 39.810000000000009
decision_type=2 2 2 2 2 2 2 2 2 2 2 2
left_child=1 -1 3 4 5 7 10 -2 -9 -4 -6 -3
right_child=2 11 9 -5 6 -7 -8 8 -10 -11 -12 -13
leaf_value=0.30090364043568718 -0.16900504117767171 -1.009851462057376 -0.73592148878505848 1.4390999300331639 0.50905753227028216 -0.31692653038080892 1.3047239296569526 0.35424415724728997 -0.088591988845841393 -0.12256347618838248 -0.019357389469320377 -1.3030161236289655
leaf_weight=40 49 64 69 79 52 41 42 57 56 61 47 58
leaf_count=40 49 64 69 79 52 41 42 57 56 61 47 58
internal_value=-0.00286713 -0.0277778 0.00443038 0.0112293 0.00639535 -0.00320197 0.0202128 0.00246914 0.010177 -0.0176923 0.0116162 -0.0418033
internal_weight=715 162 553 423 344 203 141 162 113 130 99 122
internal_count=715 162 553 423 344 203 141 162 113 130 99 122
is_linear=0
shrinkage=0.05


Tree=34
num_leaves=14
num_cat=3
split_feature=52 11 11 46 38 46 15 36 24 44 30 13 28
split_gain=50.8318 55.0665 17.2703 13.4218 12.8464 11.8608 13.2445 11.8692 8.84997 5.39009 4.99732 4.47633 0.55925
threshold=0 144.62500000000003 68.02500000000002 1 -55.970936813166936 2 0.21970341084373993 2.9535704856736032e-05 565.00000000000011 0.0058686908939170014 -258.61500000000063 141.33500000000001 -266.41499999999991
decision_type=9 2 2 1 2 1 2 2 2 2 2 2 2
left_child=4 2 -2 10 -1 6 -3 12 -5 -9 -4 -10 -7
right_child=1 5 3 8 -6 7 -8 9 11 -11 -12 -13 -14
leaf_value=0.30662884441218741 0.52834020801260917 0.12372114096247416 0.068045710921414759 0.053733358344344853 2.3031358253529541 -1.0279925472805616 -0.7687979798587492 -0.69506486559078984 -0.037927635430615329 -0.24360418987119703 0.72482681514958913 -0.27297269823070885 -1.1927990913008202
leaf_weight=67 41 52 42 49 71 51 40 47 64 52 53 46 41
leaf_count=67 41 52 42 49 71 51 40 47 64 52 53 46 41
internal_value=-0.00335196 -0.00986159 0.00525424 0.000393701 0.023913 -0.0256184 -0.0108696 -0.0327225 -0.00849057 -0.0207071 0.0152632 -0.0163636 -0.0456522
internal_weight=716 578 295 254 138 283 92 191 159 99 95 110 92
internal_count=716 578 295 254 138 283 92 191 159 99 95 110 92
cat_boundaries=0 1 2 3
cat_threshold=2 4 4
is_linear=0
shrinkage=0.05


Tree=35
num_leaves=13
num_cat=0
split_feature=28 9 29 15 30 39 15 28 34 9 31 15
split_gain=53.4433 36.6591 27.4747 20.8708 20.1579 13.4709 9.04726 14.297 13.5944 6.84258 5.7619 1.89221
threshold=-238.61500000000021 237.22500000000002 -112.86999999999989 0.3249503605898485 -284.44999999999976 -37.855094799117325 0.45341358570376172 -89.19000000000004 -0.097566881285647084 317.65500000000003 0.88863103076162264 0.22801796395667523
decision_type=2 2 2 2 2 2 2 2 2 2 2 2
left_child=2 5 -1 9 10 6 7 -2 -9 -3 -5 -4
right_child=1 3 11 4 -6 -7 -8 8 -10 -11 -12 -13
leaf_value=0.12425591025074639 0.89003814442758 -0.17063694948254879 -0.8679840327869166 0.031540608061531299 0.61779978979395844 1.042180431072468 -0.068886825447467895 0.51829744796794519 -0.084136118622404873 -0.7338947155814296 -0.28088171908461107 -1.2688585268151062
leaf_weight=42 54 76 69 42 61 48 43 45 79 63 42 56
leaf_count=42 54 76 69 42 61 48 43 45 79 63 42 56
internal_value=-0.00305556 0.00443038 -0.0278443 -0.00809859 0.00517241 0.017658 0.0124434 0.0174157 0.00806452 -0.0219424 -0.0107143 -0.0396
internal_weight=720 553 167 284 145 269 221 178 124 139 84 125
internal_count=720 553 167 284 145 269 221 178 124 139 84 125
is_linear=0
shrinkage=0.05


Tree=36
num_leaves=14
num_cat=2
split_feature=29 15 29 13 39 46 52 23 60 32 29 15 56
split_gain=49.2754 32.6858 24.7864 12.2611 10.4839 9.09115 10.8305 8.31583 11.4593 7.74526 6.89641 6.35185 1.62322
threshold=-13.744999999999889 0.23524511408504653 -113.61499999999977 133.66000000000003 -72.60380400794989 0 1 10575.000000000002 4343.5200000000013 0.00018771798646795003 73.080000000000396 0.3249503605898485 156.96500000000003
decision_type=2 2 2 2 2 1 9 2 2 2 2 2 2
left_child=2 10 -1 5 12 -3 9 8 -5 -7 -2 -10 -4
right_child=1 3 4 7 -6 6 -8 -9 11 -11 -12 -13 -14
leaf_value=0.13064557021469839 -0.26776842265659656 1.0388876304300003 -0.88922881254406683 -0.078839304961874038 -0.17834474673452549 0.26990556635431417 -0.15445160141613742 -0.13331824197114914 0.090775173283384691 1.833332121767854 -0.84364673613356234 0.4902135067432758 -0.94823436941340378
leaf_weight=40 48 40 66 73 43 50 43 59 54 71 52 42 53
leaf_count=40 48 40 66 73 43 50 43 59 54 71 52 42 53
internal_value=-0.00422343 0.0037594 -0.0252475 0.00972222 -0.0339506 0.0186275 0.0134146 0.00175439 0.00739645 0.0210744 -0.022 0.01875 -0.0415966
internal_weight=734 532 202 432 162 204 164 228 169 121 100 96 119
internal_count=734 532 202 432 162 204 164 228 169 121 100 96 119
cat_boundaries=0 1 2
cat_threshold=4 2
is_linear=0
shrinkage=0.05


Tree=37
num_leaves=13
num_cat=1
split_feature=39 13 30 11 50 57 21 29 18 13 7 4
split_gain=44.2138 38.1854 33.5927 20.3866 11.5321 9.6963 8.49417 7.80841 7.43028 5.0076 8.47046 3.98893
threshold=-72.60380400794989 130.34500000000006 87.830000000000055 172.16500000000005 0 116.38000000000001 439.99999999999983 4.2649999999994188 135.00000000000003 124.605 11144.126984126986 0.65833333333333344
decision_type=2 2 2 2 1 2 2 2 2 2 2 2
left_child=2 7 5 4 8 -1 -6 -2 -3 10 -7 -9
right_child=1 3 -4 -5 6 9 -8 11 -10 -11 -12 -13
leaf_value=-0.22197077921013389 0.11789344918966678 0.13066763529097347 0.31271228563903047 -0.5882409822008402 -0.1284791702765439 -0.49923395880127508 0.10069915284118985 1.2607814211922646 0.347350124460378 -1.1415116049143201 -0.80508570609625141 1.3879005375627103
leaf_weight=47 43 67 54 64 61 56 65 59 45 43 59 49
leaf_count=47 43 67 54 64 61 56 65 59 45 43 59 49
internal_value=-0.00379213 0.00562914 -0.0202703 -0.00463576 0.00210084 -0.0295122 -0.00808824 0.0261589 0.0131148 -0.035443 -0.03 0.0333333
internal_weight=712 453 259 302 238 205 126 151 112 158 115 108
internal_count=712 453 259 302 238 205 126 151 112 158 115 108
cat_boundaries=0 1
cat_threshold=236672
is_linear=0
shrinkage=0.05


Tree=38
num_leaves=15
num_cat=0
split_feature=29 29 13 32 9 15 15 21 41 15 11 31 28 9
split_gain=45.5114 25.5104 24.8229 19.658 12.3927 7.7047 7.53123 6.96634 7.79664 6.45603 6.17659 2.50976 1.88101 1.25
threshold=-80.525000000000531 -112.86999999999989 129.89500000000001 0.00012581715994650005 295.43000000000006 0.43028255648437819 0.29877826272515745 440.00000000000028 0.99991249086167444 0.31346471649080748 89.940000000000012 0.45459054043492031 -280.66499999999991 190.88000000000002
decision_type=2 2 2 2 2 2 2 2 2 2 2 2 2 2
left_child=1 -1 3 13 7 6 -5 8 -4 -6 -9 -8 -3 -2
right_child=2 12 4 5 9 -7 11 10 -10 -11 -12 -13 -14 -15
leaf_value=0.10459237969268127 0.015504612356975223 -0.6697612406436001 -0.29198944266290461 0.39023023271016727 -0.5633863271783689 0.20087121007550898 1.6416095000550861 0.0073286301264419151 0.019778225281565389 -0.12205521176271682 0.44726382072272081 1.5993560665139044 -0.87167812387438559 -0.39744101906600149
leaf_weight=42 40 47 41 40 65 40 40 49 70 43 40 42 66 40
leaf_count=42 40 47 41 40 65 40 40 49 70 43 40 42 66 40
internal_value=-0.00219858 -0.026129 0.00454545 0.0165289 -0.00487013 0.0265432 0.0327869 0.0025 -0.00585586 -0.0185185 0.0129213 0.0414634 -0.0384956 -0.00375
internal_weight=705 155 550 242 308 162 122 200 111 108 89 82 113 80
internal_count=705 155 550 242 308 162 122 200 111 108 89 82 113 80
is_linear=0
shrinkage=0.05


Tree=39
num_leaves=14
num_cat=2
split_feature=29 9 29 18 50 43 15 9 28 3 46 60 18
split_gain=40.0219 31.4028 31.2297 17.5267 20.1831 8.42762 7.14464 6.91979 8.01734 7.20462 5.48898 2.14603 2.09428
threshold=-80.525000000000531 298.85500000000008 -113.61499999999977 545.00000000000011 0 0.038134391834420155 0.31263099916008597 235.60500000000005 -101.49999999999999 14.500000000000002 1 10344.265000000001 60.000000000000462
decision_type=2 2 2 2 1 2 2 2 2 2 1 2 2
left_child=2 3 -1 4 10 -6 -3 9 -9 11 -2 -7 -4
right_child=1 6 12 -5 5 7 -8 8 -10 -11 -12 -13 -14
leaf_value=0.2359466173996678 0.032948301929071055 -0.60086771642410641 -0.81052763124922012 4.0193979558666015 -0.042178055925778501 0.57438042780885634 -0.12513617115608061 0.61224986389066349 -0.12113598060174438 0.56327363526889263 -0.19839766952080673 0.059095976519426809 -0.80267572728632897
leaf_weight=40 42 75 62 42 70 48 40 49 41 42 71 42 48
leaf_count=40 42 75 62 42 70 48 40 49 41 42 71 42 48
internal_value=-0.00238764 0.00373665 -0.0253333 0.00973154 0.00654321 0.013245 -0.0195652 0.0184685 0.00777778 0.0257576 -0.0109756 0.0177778 -0.0390909
internal_weight=712 562 150 447 405 292 115 222 90 132 113 90 110
internal_count=712 562 150 447 405 292 115 222 90 132 113 90 110
cat_boundaries=0 1 2
cat_threshold=8602 4
is_linear=0
shrinkage=0.05


Tree=40
num_leaves=15
num_cat=1
split_feature=2 9 18 32 11 29 37 14 11 24 12 57 56 33
split_gain=38.9094 45.342 15.5817 16.1928 15.0002 15.504 9.54643 8.47917 8.39391 5.47358 5.18211 4.26686 3.95351 1.96406
threshold=0 316.21500000000009 445.00000000000006 1.8289322484062397e-05 157.83500000000001 -106.8249999999998 264.30981859410537 151.16500000000002 156.14500000000001 595.00000000000011 56.605000000000004 168.23500000000004 127.955 0.046864156142732712
decision_type=9 2 2 2 2 2 2 2 2 2 2 2 2 2
left_child=1 2 3 -1 6 -6 -2 10 -4 -8 12 -3 -5 -7
right_child=4 11 8 7 5 13 9 -9 -10 -11 -12 -13 -14 -15
leaf_value=-0.19062763373985733 0.065066706778811323 -0.67895515599744916 1.2154974403769843 0.41461267368195531 -0.25746117054028733 -0.76241551358546722 -0.20233177121098081 -0.018440841365028684 1.1478774508741005 -0.051483566184372088 0.796758589447083 -0.16585095354777515 0.080263302681520446 -0.52473939543719761
leaf_weight=43 55 51 50 47 48 50 61 58 52 44 42 40 43 42
leaf_count=43 55 51 50 47 48 50 61 58 52 44 42 40 43 42
internal_value=-0.00330579 0.00642202 0.0150746 0.00793991 -0.0167742 -0.0292857 -0.006875 0.0142105 0.0313725 -0.0157143 0.0212121 -0.0247253 0.0144444 -0.0413043
internal_weight=726 426 335 233 300 140 160 190 102 105 132 91 90 92
internal_count=726 426 335 233 300 140 160 190 102 105 132 91 90 92
cat_boundaries=0 1
cat_threshold=20
is_linear=0
shrinkage=0.05


Tree=41
num_leaves=13
num_cat=1
split_feature=25 15 50 43 23 12 18 29 60 24 24 34
split_gain=37.3597 29.6666 18.8372 13.4516 13.0977 11.1366 28.0242 9.65132 9.50764 7.7548 3.93846 2.33333
threshold=1.0000000180025095e-35 0.20307025884220697 0 0.046640204139495302 10575.000000000002 40.070000000000007 60.000000000000462 44.330000000000162 1315.0800000000002 575.00000000000011 1096.51 0.0010759004618199504
decision_type=2 2 1 2 2 2 2 2 2 2 2 2
left_child=1 -1 3 7 8 6 -2 -3 -4 -10 -5 -7
right_child=5 2 4 10 -6 11 -8 -9 9 -11 -12 -13
leaf_value=-0.68828563265271114 -0.67131016491355811 0.33976053081842433 -0.11202321175091919 0.85267870825266179 -0.32121536574028559 -1.1977916033366611 0.16018951860060504 -0.21412658506659563 -0.027693015172438662 0.3677215075134716 0.72043154486605321 -0.34338965897074569
leaf_weight=53 66 79 52 64 54 42 44 70 47 69 40 42
leaf_count=53 66 79 52 64 54 42 44 70 47 69 40 42
internal_value=-0.00443213 0.00246212 0.00642105 0.0153992 -0.00431034 -0.0231959 -0.0127273 0.00637584 0.00238095 0.0103448 0.0298077 -0.0369048
internal_weight=722 528 475 253 222 194 110 149 168 116 104 84
internal_count=722 528 475 253 222 194 110 149 168 116 104 84
cat_boundaries=0 1
cat_threshold=170449
is_linear=0
shrinkage=0.05


Tree=42
num_leaves=13
num_cat=1
split_feature=29 29 13 32 15 50 15 12 9 21 37 30
split_gain=33.0684 18.3203 17.4841 20.0267 14.6814 10.7547 10.5773 9.04568 10.9465 6.44329 5.1306 1.63636
threshold=-80.525000000000531 -106.48000000000046 129.89500000000001 0.00018771798646795003 0.43028255648437819 0 0.29474315512938593 50.920000000000009 258.84000000000009 359.99999999999983 318.06581632653075 35.699999999999825
decision_type=2 2 2 2 2 1 2 2 2 2 2 2
left_child=1 -1 3 9 6 10 -5 8 -7 -2 -4 -3
right_child=2 11 5 4 -6 7 -8 -9 -10 -11 -12 -13
leaf_value=-0.29551220188278332 -0.34103825074178984 -0.61374487029092684 -0.2693561256095176 0.33722750477639951 -0.039342372400630057 0.072856394459462015 1.5339602342679823 0.18469805595057515 -0.37183378317291615 0.16124777616918484 -0.061731956752310607 -0.76458032223124883
leaf_weight=66 44 44 74 42 42 74 76 66 60 40 44 44
leaf_count=66 44 44 74 42 42 74 76 66 60 40 44 44
internal_value=-0.00544693 -0.025974 0.000177936 0.0102459 0.020625 -0.00754717 0.029661 0 -0.00746269 -0.00952381 -0.01875 -0.0409091
internal_weight=716 154 562 244 160 318 118 200 134 84 118 88
internal_count=716 154 562 244 160 318 118 200 134 84 118 88
cat_boundaries=0 1
cat_threshold=33854
is_linear=0
shrinkage=0.05


Tree=43
num_leaves=14
num_cat=3
split_feature=52 32 46 10 11 29 48 29 23 23 44 46 61
split_gain=38.8167 37.9457 22.0699 9.95634 9.78307 12.9724 10.6669 9.29398 7.57212 7.18207 5.9822 5.00738 2.19831
threshold=0 0.00058857331792535011 1 5350.6600000000008 178.94000000000003 8.8499999999994561 1.0000000180025095e-35 -106.48000000000046 10565.000000000002 11025.000000000002 0.013055898750734601 2 10382.805000000002
decision_type=9 2 1 2 2 2 2 2 2 2 2 1 2
left_child=9 7 3 -3 5 10 -7 -2 -5 -1 -4 -9 -13
right_child=1 2 4 8 -6 6 -8 11 -10 -11 -12 12 -14
leaf_value=1.8947035145490596 -0.24862127016964142 -0.051610479735568295 -0.31197411899159633 0.8042145640171996 -0.39142612691218237 -0.091439448796258038 0.19084436274615646 -0.42141106156761698 0.34116462756490695 0.21952805543102799 -0.010967720041603003 -0.57404746922747307 -0.78361609761505946
leaf_weight=77 48 40 48 54 63 44 54 47 41 53 43 53 47
leaf_count=77 48 40 48 54 63 44 54 47 41 53 43 53 47
internal_value=-0.00393258 -0.00945017 -0.000387597 0.0159259 -0.00912698 -0.00343915 0.00918367 -0.0274359 0.0247368 0.0207692 -0.017033 -0.0336735 -0.04
internal_weight=712 582 387 135 252 189 98 195 95 130 91 147 100
internal_count=712 582 387 135 252 189 98 195 95 130 91 147 100
cat_boundaries=0 1 2 3
cat_threshold=2 4 4
is_linear=0
shrinkage=0.05


Tree=44
num_leaves=13
num_cat=1
split_feature=32 30 9 2 56 21 9 12 18 11 11 12
split_gain=39.5126 31.0552 16.0797 20.5951 11.9053 12.3758 7.86913 6.98323 6.58195 7.19068 6.22147 5.01856
threshold=0.00016843575741815002 81.174999999999287 316.21500000000009 0 177.04500000000004 359.99999999999983 221.76500000000001 43.970000000000006 55.000000000000007 177.04500000000004 78.00500000000001 59.590000000000011
decision_type=2 2 2 9 2 2 2 2 2 2 2 2
left_child=1 8 3 4 5 -2 -7 10 -1 -10 -5 -4
right_child=2 -3 11 7 -6 6 -8 -9 9 -11 -12 -13
leaf_value=-0.61244243699042189 -0.081128830545830519 0.28517141959246645 -0.38642205214719283 -0.091566010419597887 1.6211874125734416 0.85214509720187059 0.38453833905021162 -0.25236407932217553 -0.378236171871837 -0.64425466472690085 0.13681007907197726 -0.075387270128706524
leaf_weight=71 71 55 47 41 48 69 62 53 49 60 51 40
leaf_count=71 71 55 47 41 48 69 62 53 49 60 51 40
internal_value=-0.00425384 -0.0210638 0.00394191 0.00822785 0.0165385 0.0118812 0.0209924 -0.00677419 -0.0311111 -0.0233945 0.00108696 -0.0155172
internal_weight=717 235 482 395 250 202 131 145 180 109 92 87
internal_count=717 235 482 395 250 202 131 145 180 109 92 87
cat_boundaries=0 1
cat_threshold=20
is_linear=0
shrinkage=0.05


Tree=45
num_leaves=14
num_cat=1
split_feature=29 9 29 28 50 20 34 28 34 43 21 9 34
split_gain=34.7141 24.7556 21.2703 14.8557 14.406 11.4685 11.4556 6.76133 6.14411 5.9834 4.88938 3.70283 2.01681
threshold=-19.624999999999996 314.98500000000007 -112.86999999999989 -120.92000000000006 0 10435.000000000002 0.0010759004618199504 -93.72500000000035 0.03219021592898156 0.045551202412557605 345.00000000000006 221.76500000000001 6.4530284047609363e-06
decision_type=2 2 2 2 1 2 2 2 2 2 2 2 2
left_child=2 3 -1 -2 5 8 12 -6 -5 -3 -9 -12 -4
right_child=1 9 6 4 7 -7 -8 10 -10 -11 11 -13 -14
leaf_value=0.16867853672577482 1.5472371902641502 -0.078423994545829073 -0.56107595984382641 -0.13254561114029215 0.12078829974225354 0.69816502741109154 -0.058765214697964654 -0.19286025402183771 0.6026970117649969 -0.49245788116954153 0.15548335569235108 -0.067892046166494288 -0.69506428057389946
leaf_weight=41 44 44 60 49 72 47 50 58 41 46 43 76 42
leaf_count=41 44 44 60 49 72 47 50 58 41 46 43 76 42
internal_value=-0.00287518 0.00384615 -0.0209845 0.00883721 0.00569948 0.0180272 -0.0296053 -0.00173745 0.00888889 -0.02 -0.00706215 -0.0012605 -0.0392157
internal_weight=713 520 193 430 386 137 152 249 90 90 177 119 102
internal_count=713 520 193 430 386 137 152 249 90 90 177 119 102
cat_boundaries=0 1
cat_threshold=137217
is_linear=0
shrinkage=0.05


Tree=46
num_leaves=15
num_cat=2
split_feature=52 46 34 31 58 21 7 31 13 12 14 14 7 29
split_gain=24.1218 27.2784 18.335 15.7107 15.4243 12.2493 10.5243 10.4709 9.84615 5.02291 4.56185 3.95452 5.10721 2.27022
threshold=0 1 0.013215253808235402 0.91645075873563731 2797.9800000000005 440.00000000000028 11103.492063492065 0.83322989634736766 117.04000000000001 40.915000000000006 97.855000000000004 145.72000000000006 11144.126984126986 -99.929999999999822
decision_type=9 1 2 2 2 2 2 2 2 2 2 2 2 2
left_child=4 3 7 5 -1 8 -6 10 -2 -9 13 12 -4 -3
right_child=1 2 11 -5 6 -7 -8 9 -10 -11 -12 -13 -14 -15
leaf_value=3.4724674920608862 0.07343088399461771 -0.55628060963753434 0.0043027622052196788 0.53861089005700868 0.87448316920459312 0.3503260541605519 -0.14870369671766712 -0.017088439598593474 -0.33485186831082409 -0.3424780554813559 -0.60730207350387622 0.064108815120540369 -0.16660290364397012 -0.66439830755664142
leaf_weight=40 52 46 50 47 46 41 45 50 52 41 50 48 48 50
leaf_count=40 52 46 50 47 46 41 45 50 52 41 50 48 48 50
internal_value=-0.00524079 -0.00965217 -0.0173629 0.00572917 0.0141221 -0.00241379 0.00274725 -0.0259494 -0.0115385 -0.0126374 -0.0342466 -0.00342466 -0.00918367 -0.040625
internal_weight=706 575 383 192 131 145 91 237 104 91 146 146 98 96
internal_count=706 575 383 192 131 145 91 237 104 91 146 146 98 96
cat_boundaries=0 1 2
cat_threshold=2 4
is_linear=0
shrinkage=0.05


Tree=47
num_leaves=14
num_cat=0
split_feature=25 15 11 30 12 18 21 8 47 34 15 14 32
split_gain=26.7043 20.5837 21.9943 13.5083 10.7069 20.5604 8.51478 7.79581 7.7679 6.03763 3.85938 2.56667 1.92993
threshold=1.0000000180025095e-35 0.31948678639436462 119.41000000000001 -277.98999999999882 40.070000000000007 60.000000000000462 414.99999999999983 9969.8700000000008 1.0000000180025095e-35 0.085541655344358411 0.21643262019537363 93.870000000000019 0.14848506916889406
decision_type=2 2 2 2 2 2 2 2 2 2 2 2 2
left_child=1 2 8 9 5 -2 7 -5 -1 -3 -4 -6 -8
right_child=4 3 10 6 11 -7 12 -9 -10 -11 -12 -13 -14
leaf_value=0.25359029039969772 -0.4888563551551805 -0.24224317934247952 -0.37163399881389414 0.53725711377524454 -0.36479620154208237 0.25880737757682298 1.1501383428073126 -0.090187221102650747 -0.040322889807034024 0.055819912248352657 -0.85480837805050747 -0.91524628622375914 1.5980301618028254
leaf_weight=57 65 40 60 67 44 41 44 48 69 42 42 40 41
leaf_count=57 65 40 60 67 44 41 44 48 69 42 42 40 41
internal_value=-0.004 0.00196078 -0.00921053 0.0109929 -0.02 -0.00943396 0.018 0.00913043 0.0047619 -0.00609756 -0.0264706 -0.0333333 0.03
internal_weight=700 510 228 282 190 106 200 115 126 82 102 84 85
internal_count=700 510 228 282 190 106 200 115 126 82 102 84 85
is_linear=0
shrinkage=0.05


Tree=48
num_leaves=13
num_cat=0
split_feature=29 56 29 11 17 57 56 11 22 12 31 39
split_gain=25.6372 17.6794 16.3294 15.3798 11.9363 10.7121 8.98994 13.0355 8.73348 5.48528 7.49777 5.13256
threshold=-15.895000000000435 185.18000000000004 -113.61499999999977 172.83500000000004 10550.000000000002 166.09 123.76000000000001 90.155000000000015 9955.0000000000018 40.665000000000013 0.0014157608905793503 -44.335096524068355
decision_type=2 2 2 2 2 2 2 2 2 2 2 2
left_child=2 3 -1 4 6 -5 7 -2 -8 10 -4 -9
right_child=1 -3 9 5 -6 -7 8 11 -10 -11 -12 -13
leaf_value=0.18101588344751393 -0.052269407383485247 0.36317611288531215 -0.48231002512327026 -0.59928009617777678 0.59186440201674217 -0.015226312870663962 -0.043820407815070711 0.36001878691414868 -0.22989099668865551 -0.56585026885701883 -0.098901644878930661 0.034880048027058401
leaf_weight=41 67 79 41 62 52 44 70 54 41 75 40 52
leaf_count=41 67 79 41 62 52 44 70 54 41 75 40 52
internal_value=-0.00417827 0.00163148 -0.0195431 -0.00226244 0.00297619 -0.0188679 -0.00105634 0.00606936 -0.0121622 -0.0269231 -0.0179012 0.0169811
internal_weight=718 521 197 442 336 106 284 173 111 156 81 106
internal_count=718 521 197 442 336 106 284 173 111 156 81 106
is_linear=0
shrinkage=0.05


Tree=49
num_leaves=14
num_cat=1
split_feature=32 30 13 18 50 30 12 56 23 11 23 43 37
split_gain=27.6876 20.6324 14.8156 13.6631 12.1257 8.7188 8.21441 7.18938 6.8949 6.19083 3.73843 2.28938 1.06426
threshold=0.00015992589477060003 83.09000000000016 129.89500000000001 429.99999999999983 0 21.545000000000076 50.920000000000009 96.680000000000021 10585.000000000002 111.47500000000001 10535.000000000002 0.051359062775809407 71.844909297052268
decision_type=2 2 2 2 1 2 2 2 2 2 2 2 2
left_child=1 8 3 5 10 9 7 -6 12 -2 -4 -10 -1
right_child=2 -3 4 -5 6 -7 -8 -9 11 -11 -12 -13 -14
leaf_value=-0.23111603895353136 0.017147329928074839 0.23681621452560578 -0.049655937014311036 1.3855729965255672 0.036484760428144483 -0.15590354979027127 0.26663663513029373 -0.19863462279357452 -0.56931609136888783 1.1117872569419447 -0.25462686145187913 -0.45445630823111749 -0.54060746347824151
leaf_weight=41 41 51 77 45 58 40 66 44 48 49 50 56 40
leaf_count=41 41 51 77 45 58 40 66 44 48 49 50 56 40
internal_value=-0.00339943 -0.0173729 0.00361702 0.0151429 -0.00322034 0.00692308 0.00561798 -0.00294118 -0.0251351 0.0155556 -0.0142336 -0.0336538 -0.0141975
internal_weight=706 236 470 175 295 130 168 102 185 90 127 104 81
internal_count=706 236 470 175 295 130 168 102 185 90 127 104 81
cat_boundaries=0 1
cat_threshold=67126
is_linear=0
shrinkage=0.05


Tree=50
num_leaves=14
num_cat=2
split_feature=2 13 11 46 12 41 43 24 23 31 11 56 29
split_gain=31.1959 17.8438 18.9012 16.7708 17.2196 16.565 13.8979 12.2063 10.2507 6.40588 3.65147 2.84907 1.11111
threshold=0 130.34500000000006 172.83500000000004 1 46.685000000000009 0.99995657943518201 0.053849611700070459 565.00000000000011 10550.000000000002 0.79557336921968214 156.96500000000003 114.61000000000001 -101.34999999999944
decision_type=9 2 2 1 2 2 2 2 2 2 2 2 2
left_child=1 5 8 4 -2 6 10 -5 9 -3 -1 -9 -13
right_child=3 2 -4 7 -6 -7 -8 11 -10 -11 -12 12 -14
leaf_value=0.060152736486836035 0.19262357237916064 0.027420844077851038 -0.47427814940382762 -0.033009145610622959 -0.47714149179327631 1.2719765405783887 0.7653480177041353 -0.31415816974530952 -0.082984436931899497 0.38920982975146701 -0.24448034050841017 -0.62733018019543185 -0.4042950595011256
leaf_weight=43 61 40 73 58 40 63 57 52 62 45 40 45 45
leaf_count=43 61 40 73 58 40 63 57 52 62 45 40 45 45
internal_value=-0.00359116 0.0051963 -0.00454545 -0.0155949 0.00049505 0.0160099 0.00642857 -0.0245 0.00578231 0.0170588 -0.00662651 -0.0323944 -0.0377778
internal_weight=724 423 220 301 101 203 140 200 147 85 83 142 90
internal_count=724 423 220 301 101 203 140 200 147 85 83 142 90
cat_boundaries=0 1 2
cat_threshold=20 4
is_linear=0
shrinkage=0.05


Tree=51
num_leaves=14
num_cat=0
split_feature=32 30 56 13 9 57 34 56 57 20 15 11 15
split_gain=26.405 19.7215 11.6504 11.1297 10.8822 10.5758 8.39314 9.32532 10.8118 7.56996 4.07908 3.47523 3.17703
threshold=1.8289322484062397e-05 81.174999999999287 183.93000000000004 148.42000000000004 191.81000000000003 125.65500000000002 0.10735415150134671 120.89500000000002 114.61000000000001 3485.0000000000005 0.27147632437975788 92.840000000000018 0.2969925054564802
decision_type=2 2 2 2 2 2 2 2 2 2 2 2 2
left_child=1 5 4 -4 -2 -1 7 8 -6 -8 -9 -11 -7
right_child=2 -3 3 -5 6 12 9 10 -10 11 -12 -13 -14
leaf_value=-0.13549606690534546 0.3770525882874875 0.2274036322977743 0.64671539261735378 -0.0034636275687809359 -0.11277472991132279 -0.51900678351434382 -0.10254547594431838 -0.27217659962358137 0.22841388646591412 -0.030821284601122302 -0.40059097206594174 0.23194339860674484 -0.696939886003341
leaf_weight=49 79 42 54 41 63 69 40 40 43 43 45 75 44
leaf_count=49 79 42 54 41 63 69 40 40 43 43 45 75 44
internal_value=-0.00337001 -0.0186275 0.00258126 0.0184211 -0.000934579 -0.0265432 -0.00472779 -0.0117801 -0.00188679 0.00379747 -0.0241176 0.0101695 -0.0349558
internal_weight=727 204 523 95 428 162 349 191 106 158 85 118 113
internal_count=727 204 523 95 428 162 349 191 106 158 85 118 113
is_linear=0
shrinkage=0.05


Tree=52
num_leaves=13
num_cat=0
split_feature=25 13 60 31 11 11 21 11 28 34 11 40
split_gain=25.2021 18.0487 15.9817 12.7212 12.5185 8.98308 7.90525 7.07134 15.0741 6.70052 5.32293 3.9165
threshold=1.0000000180025095e-35 129.89500000000001 2829.2550000000006 0.91776781503194915 172.83500000000004 122.97000000000001 440.00000000000028 189.13500000000002 -279.29500000000002 0.0016657385368395001 167.16000000000003 0.4330357142857143
decision_type=2 2 2 2 2 2 2 2 2 2 2 2
left_child=1 2 -1 10 5 6 -3 8 -2 -10 11 -4
right_child=7 4 3 -5 -6 -7 -8 -9 9 -11 -12 -13
leaf_value=2.9733251126295941 0.17624161760409365 -0.10577176785537193 0.35335127033562053 0.62577084780552961 -0.39658797251584982 0.26739055483777857 0.025054073579048111 -0.6460670590480494 -0.42273665249561176 -0.025583873496161404 -0.27522192024075665 -0.13932968974142171
leaf_weight=41 41 77 41 46 72 65 74 42 69 41 40 51
leaf_count=41 41 77 41 46 72 65 74 42 69 41 40 51
internal_value=-0.00457143 0.00128205 0.0121005 0.00561798 -0.00694444 -0.000925926 -0.00761589 -0.0199482 -0.0149007 -0.0245455 -0.00227273 0.00434783
internal_weight=700 507 219 178 288 216 151 193 151 110 132 92
internal_count=700 507 219 178 288 216 151 193 151 110 132 92
is_linear=0
shrinkage=0.05


Tree=53
num_leaves=13
num_cat=2
split_feature=29 15 50 29 46 21 44 13 28 30 11 3
split_gain=26.3576 18.112 12.6406 12.169 11.4634 10.8094 9.5309 8.90909 8.39752 6.76023 6.29112 5.31875
threshold=-12.994999999999889 0.20143129479149277 0 -106.8249999999998 1 480.00000000000051 0.0052175158175276513 132.58000000000001 -94.604999999999947 51.034999999999407 123.60000000000001 12.500000000000002
decision_type=2 2 1 2 1 2 2 2 2 2 2 2
left_child=3 -2 5 -1 -4 9 -5 -8 -6 10 -3 -10
right_child=1 2 4 6 8 -7 7 -9 11 -11 -12 -13
leaf_value=-0.020845403207332681 -0.4875353894164704 0.0039464291410284957 -0.13446315929147482 -0.46469744457515283 0.44557377665179598 0.65582731441725439 -0.0005951972194058186 -0.33346340016648279 -0.0992242320959595 -0.16021587662991887 0.6528608506191852 0.1615551624770703
leaf_weight=71 49 51 71 54 40 76 44 44 66 48 63 40
leaf_count=71 49 51 71 54 40 76 44 44 66 48 63 40
internal_value=-0.00285914 0.00337302 0.00648352 -0.0176056 -0.00242291 0.0141129 -0.0260563 -0.0159091 0.00547945 0.00740741 0.0140351 -0.00188679
internal_weight=717 504 455 213 217 238 142 88 146 162 114 106
internal_count=717 504 455 213 217 238 142 88 146 162 114 106
cat_boundaries=0 1 2
cat_threshold=241873 2
is_linear=0
shrinkage=0.05


Tree=54
num_leaves=14
num_cat=1
split_feature=32 46 30 25 13 35 15 39 57 11 8 23 43
split_gain=22.2259 15.3363 13.7024 11.3317 10.4535 10.4417 10.4652 8.4936 7.73722 7.10062 6.14073 2.6779 2.17991
threshold=1.8289322484062397e-05 0 81.174999999999287 1.0000000180025095e-35 162.94000000000003 -0.031147526551158797 0.31663254271016045 -45.788475985493967 125.65500000000002 183.68500000000003 10034.095000000003 10565.000000000002 0.04890842075418201
decision_type=2 1 2 2 2 2 2 2 2 2 2 2 2
left_child=2 4 8 5 11 -3 10 12 -1 -10 -7 -2 -8
right_child=1 3 -4 -5 -6 6 7 -9 9 -11 -12 -13 -14
leaf_value=-0.053534640065802823 -0.054547801194856055 -0.18323907844275525 0.22032304708045417 -0.14615760293283381 0.014779228385892119 -0.019134634600127143 0.18822090753854923 1.452425916957867 -0.35486216606333232 -0.71041354384934863 0.36715128631383875 -0.3619490782335838 0.60044975419321167
leaf_weight=49 58 47 41 56 76 75 40 50 74 41 41 41 42
leaf_count=49 58 47 41 56 76 75 40 50 74 41 41 41 42
internal_value=-0.00335157 0.00209125 -0.0173171 0.00811966 -0.01 0.0120339 0.016129 0.0257576 -0.0237805 -0.0308696 0.00517241 -0.0207071 0.0158537
internal_weight=731 526 205 351 175 295 248 132 164 115 116 99 82
internal_count=731 526 205 351 175 295 248 132 164 115 116 99 82
cat_boundaries=0 1
cat_threshold=2
is_linear=0
shrinkage=0.05


Tree=55
num_leaves=14
num_cat=3
split_feature=52 46 24 32 50 56 56 7 12 35 43 4 35
split_gain=18.6918 29.7981 20.1282 16.2837 11.6545 9.31246 17.9044 6.18416 5.32095 5.02715 4.05 3.35198 2.56846
threshold=0 1 555.00000000000011 0.0027994971350103503 2 185.18000000000004 140.84500000000006 11103.492063492065 46.470000000000006 0.0086126753713231027 0.044192116585212306 0.56447368421052646 0.096263989847756873
decision_type=9 1 2 2 1 2 2 2 2 2 2 2 2
left_child=5 4 10 12 7 6 -1 -2 -6 11 -3 -5 -4
right_child=1 2 3 9 8 -7 -8 -9 -10 -11 -12 -13 -14
leaf_value=1.5850165679569379 0.2206012704139674 0.15302536819977305 -0.37912596758224315 -0.2923782047701266 0.047691518784757927 2.7160344300473866 -0.18532518012019158 0.43704153962649817 -0.28581094630058707 0.011189032215481731 -0.034354594095184841 -0.1376533779371161 -0.79434966517385286
leaf_weight=41 55 40 77 65 59 41 46 51 42 44 40 72 45
leaf_count=41 55 40 77 65 59 41 46 51 42 44 40 72 45
internal_value=-0.004039 -0.00779661 -0.0160574 -0.0219472 0.00748792 0.0132813 0.00402299 0.0181034 -0.00495495 -0.0124309 0.00625 -0.0171533 -0.0360656
internal_weight=718 590 383 303 207 128 87 106 101 181 80 137 122
internal_count=718 590 383 303 207 128 87 106 101 181 80 137 122
cat_boundaries=0 1 2 3
cat_threshold=2 4 234104
is_linear=0
shrinkage=0.05


Tree=56
num_leaves=15
num_cat=2
split_feature=29 9 29 28 15 44 31 2 21 8 46 34 34 15
split_gain=26.1175 15.573 14.1405 13.9809 8.73251 11.8368 8.32325 8.39112 8.91847 5.85175 5.63367 4.97721 10.9776 2.45
threshold=-15.895000000000435 316.21500000000009 -112.86999999999989 -120.73 0.31263099916008597 0.0010099155938460003 0.04318637263880961 0 440.00000000000028 8437.5600000000031 1 -0.097566881285647084 0.11009395807974461 0.30480606800229121
decision_type=2 2 2 2 2 2 2 9 2 2 1 2 2 2
left_child=2 3 -1 -2 5 -4 -5 8 11 -3 -9 -8 -13 -10
right_child=1 9 4 6 -6 -7 7 10 13 -11 -12 12 -14 -15
leaf_value=0.15371936025125166 1.4334794954693288 -0.048456437532224332 -0.37344469860589558 -0.24828366588026382 -0.33216516460266909 -0.029228145038706899 0.34132266991645183 0.13323165024324526 0.38871379737665968 -0.43113766444547608 -0.094739468751258119 -0.11515875056266239 0.28679791783389702 1.3416148055896411
leaf_weight=41 44 40 40 42 54 66 43 43 40 43 79 63 40 40
leaf_count=41 44 40 40 42 54 66 43 43 40 43 79 63 40 40
internal_value=-0.00236769 0.00357834 -0.0176617 0.00737327 -0.024375 -0.0160377 0.00435897 0.00689655 0.0122881 -0.0162651 -0.00378788 0.00547945 -0.000485437 0.02625
internal_weight=718 517 201 434 160 106 390 348 226 83 122 146 103 80
internal_count=718 517 201 434 160 106 390 348 226 83 122 146 103 80
cat_boundaries=0 1 2
cat_threshold=20 4
is_linear=0
shrinkage=0.05


Tree=57
num_leaves=14
num_cat=3
split_feature=2 12 56 56 37 25 46 23 34 25 20 46 37
split_gain=23.4199 16.7193 15.6717 23.0102 16.9714 12.4241 12.8589 9.46183 6.95017 6.37824 5.68321 3.25981 2.9519
threshold=0 49.055000000000007 183.93000000000004 147.27500000000003 24.518628117913071 425.00000000000006 1 10535.000000000002 0.00066784709150255006 345.00000000000006 10390.000000000002 2 271.3532426303853
decision_type=9 2 2 2 2 2 1 2 2 2 2 1 2
left_child=2 5 3 4 -1 6 -2 -4 -6 -3 11 -5 -8
right_child=1 9 7 10 8 -7 12 -9 -10 -11 -12 -13 -14
leaf_value=-0.14802046778021846 0.19484056761144164 -0.15354299249513767 2.0623264909399492 -0.51494325432191845 0.86879615157783252 -0.27214797929734841 -0.010299706934686449 0.071080091296842521 0.22234130550649411 -0.68988296379978498 -0.04181953300984631 -0.16848331741695627 -0.18182918591645889
leaf_weight=63 54 41 46 41 61 50 59 41 74 45 59 53 43
leaf_count=63 54 41 46 41 61 50 59 41 74 45 59 53 43
internal_value=-0.00287671 -0.0135762 0.00446429 -0.00014245 0.0111111 -0.00631068 0.000641026 0.0235632 0.0211111 -0.0325581 -0.0147059 -0.0223404 -0.00980392
internal_weight=730 292 438 351 198 206 156 87 135 86 153 94 102
internal_count=730 292 438 351 198 206 156 87 135 86 153 94 102
cat_boundaries=0 1 2 3
cat_threshold=20 4 1
is_linear=0
shrinkage=0.05


Tree=58
num_leaves=13
num_cat=1
split_feature=2 9 30 60 12 30 25 7 9 7 23 9
split_gain=25.6556 16.8456 14.71 9.87745 9.37081 9.3527 8.76013 10.4652 8.69755 7.20594 4.12977 3.86371
threshold=0 311.55000000000007 200.0300000000002 10293.835000000001 56.835000000000008 -239.03000000000014 405.00000000000006 11144.126984126986 328.23000000000008 11083.174603174606 11025.000000000002 248.37500000000003
decision_type=9 2 2 2 2 2 2 2 2 2 2 2
left_child=4 2 3 5 6 11 7 9 -3 -1 -5 -2
right_child=1 8 -4 10 -6 -7 -8 -9 -10 -11 -12 -13
leaf_value=-0.091389913847153004 0.2520995141649694 -0.40748980457271033 1.2026415794399321 0.26972819554733524 -0.44081341626712778 -0.20066498599945604 -0.30100233205895965 -0.22107012027902259 -0.0016663105859247907 0.1535117747273545 0.070714489081336748 0.017202441913964962
leaf_weight=56 46 47 52 45 40 78 71 65 60 46 46 67
leaf_count=56 46 47 52 45 40 78 71 65 60 46 46 67
internal_value=-0.00299026 0.00454545 0.0101796 0.00567376 -0.0145833 -0.00078534 -0.0113445 -0.00508982 -0.0126168 0.00490196 0.0192308 0.00840708
internal_weight=719 441 334 282 278 191 238 167 107 102 91 113
internal_count=719 441 334 282 278 191 238 167 107 102 91 113
cat_boundaries=0 1
cat_threshold=2
is_linear=0
shrinkage=0.05


Tree=59
num_leaves=15
num_cat=1
split_feature=29 56 11 15 46 3 57 12 11 15 13 44 14 7
split_gain=20.6714 17.429 15.774 12.6823 9.17916 9.2572 9.0976 11.5886 7.14577 5.85482 5.53866 3.28346 3.1669 2.11457
threshold=-19.015000000000551 185.18000000000004 172.83500000000004 0.4717224937641189 0 15.500000000000002 184.76500000000001 29.635000000000002 188.75000000000003 0.30921738003797333 145.38500000000002 0.012608718273346453 127.58000000000001 11123.809523809525
decision_type=2 2 2 2 1 2 2 2 2 2 2 2 2 2
left_child=6 2 3 4 12 9 7 -1 -4 -6 -3 -9 -2 -11
right_child=1 10 8 -5 5 -7 -8 11 -10 13 -12 -13 -14 -15
leaf_value=0.12956158667321774 0.10915245061414321 0.43179243283355007 -0.42084415950862281 -0.18046611965635304 -0.16816823092827848 0.40765807237680463 -0.36660890115994604 -0.28290452247524911 -0.12627629249565331 0.30777617982282668 0.050509267564807829 -0.11626462727691429 0.44879132105281061 -0.0066170327075134594
leaf_weight=43 43 51 52 46 77 47 54 46 53 40 40 41 44 41
leaf_count=43 43 51 52 46 77 47 54 46 53 40 40 41 44 41
internal_value=-0.00348189 0.00149813 -0.00259594 0.00266272 0.00650685 0.000731707 -0.0179348 -0.0107692 -0.0195238 -0.00506329 0.0214286 -0.0212644 0.0201149 0.00432099
internal_weight=718 534 443 338 292 205 184 130 105 158 91 87 87 81
internal_count=718 534 443 338 292 205 184 130 105 158 91 87 87 81
cat_boundaries=0 1
cat_threshold=4
is_linear=0
shrinkage=0.05


Tree=60
num_leaves=14
num_cat=2
split_feature=52 46 32 25 17 61 8 24 11 56 43 22 59
split_gain=29.2245 20.1611 17.9132 10.7863 7.87407 7.43301 6.0956 5.52928 6.96026 5.87557 5.36523 4.35351 3.08757
threshold=0 1 2.9535704856736032e-05 365.00000000000006 6005.0000000000009 9931.9350000000031 6747.8500000000013 575.00000000000011 156.33500000000004 92.180000000000021 0.047038455906588707 9955.0000000000018 9763.5050000000028
decision_type=9 1 2 2 2 2 2 2 2 2 2 2 2
left_child=4 3 6 11 -1 -6 -3 9 10 -4 -9 12 -2
right_child=1 2 7 -5 5 -7 -8 8 -10 -11 -12 -13 -14
leaf_value=2.3869187309607152 0.1438484028277438 -0.23985242958815364 -0.034705380708969093 -0.23383704021660395 -0.093068698734953159 0.62861335031401078 -0.42328202491801792 -0.34369376903672588 -0.0062861810721379641 0.070383876462229364 -0.036593023541636426 -0.034286147084415262 0.27860827338331262
leaf_weight=42 73 40 42 48 41 45 65 66 67 47 48 41 45
leaf_count=42 73 40 42 48 41 45 65 66 67 47 48 41 45
internal_value=-0.00366197 -0.00841924 -0.0153333 0.00410628 0.0179688 0.00930233 -0.0328571 -0.00851852 -0.0135359 0.00168539 -0.0210526 0.0103774 0.0152542
internal_weight=710 582 375 207 128 86 105 270 181 89 114 159 118
internal_count=710 582 375 207 128 86 105 270 181 89 114 159 118
cat_boundaries=0 1 2
cat_threshold=2 4
is_linear=0
shrinkage=0.05


Tree=61
num_leaves=14
num_cat=0
split_feature=32 30 13 59 30 56 33 23 18 7 43 56 28
split_gain=28.8923 17.1599 14.263 7.80856 6.97624 7.98799 6.68482 7.46472 6.66609 5.60729 5.04193 4.64216 4.24662
threshold=0.00015992589477060003 87.830000000000055 129.89500000000001 7920.0000000000009 -294.30500000000001 175.25500000000002 0.9831409104389115 10505.000000000002 429.99999999999983 11083.174603174606 0.046640204139495302 169.25000000000003 -110.03999999999995
decision_type=2 2 2 2 2 2 2 2 2 2 2 2 2
left_child=1 3 8 -1 12 6 -6 -8 10 -5 -2 -11 -4
right_child=2 -3 4 9 5 -7 7 -9 -10 11 -12 -13 -14
leaf_value=-0.10854807923604125 0.0049313639849735587 0.10949784050453903 -0.0020067794221892755 -0.43344816279537923 -0.14998685463993164 0.1957933688006904 0.14078991092908849 -0.052728785402210668 1.237222366135964 -0.20011520451319723 0.63696359876590591 -0.5003847667091591 -0.19363182853742561
leaf_weight=48 73 53 43 53 42 46 79 45 46 46 45 43 54
leaf_count=48 73 53 43 53 42 46 79 45 46 46 45 43 54
internal_value=-0.00265363 -0.0166667 0.00454545 -0.0236842 -0.00177994 0.00330189 -0.00180723 0.00403226 0.0164634 -0.0295775 0.0101695 -0.0219101 -0.0128866
internal_weight=716 243 473 190 309 212 166 124 164 142 118 89 97
internal_count=716 243 473 190 309 212 166 124 164 142 118 89 97
is_linear=0
shrinkage=0.05


Tree=62
num_leaves=14
num_cat=1
split_feature=29 61 46 41 13 32 32 35 38 28 12 21 30
split_gain=23.2221 12.3655 12.5676 9.09262 10.7188 8.01287 9.59239 7.0773 7.64724 7.04202 8.65164 4.80211 2.06697
threshold=-80.525000000000531 2243.6250000000005 0 0.68290204804226673 32.250000000000007 0.84087513619018872 0.59545251444944813 0.012416475862457052 -37.002584769290344 -283.44500000000033 58.355000000000011 440.00000000000028 -193.41500000000084
decision_type=2 2 1 2 2 2 2 2 2 2 2 2 2
left_child=9 -2 11 -4 -5 6 7 8 -6 10 -1 12 -3
right_child=1 2 3 4 5 -7 -8 -9 -10 -11 -12 -13 -14
leaf_value=0.10402294847931214 0.77498252632297471 -0.081228247317901847 -0.41252883872241242 0.42290400531945738 -0.25047820384190445 -0.18731714087941231 0.09184523086140467 0.0055579527786068896 -0.0023140516360748544 -0.27536780403738564 -0.446593779555432 0.26893205796609065 0.12335217480231081
leaf_weight=41 52 40 52 44 47 53 47 74 46 71 42 72 41
leaf_count=41 52 40 52 44 47 53 47 74 46 71 42 72 41
internal_value=-0.00290859 0.00176056 -0.000581395 -0.00564738 -0.00241158 -0.00617978 -0.00186916 -0.00748503 -0.0166667 -0.0201299 -0.010241 0.0114379 0.00308642
internal_weight=722 568 516 363 311 267 214 167 93 154 83 153 81
internal_count=722 568 516 363 311 267 214 167 93 154 83 153 81
cat_boundaries=0 1
cat_threshold=4
is_linear=0
shrinkage=0.05


Tree=63
num_leaves=14
num_cat=0
split_feature=32 30 15 13 32 30 33 33 9 15 48 43 30
split_gain=21.8521 12.9422 7.84339 7.5526 8.38088 7.1627 6.78462 13.8846 6.10597 5.92008 6.68073 8.85952 6.65094
threshold=0.00012581715994650005 61.634999999999998 0.48861127667162324 130.34500000000006 0.2845012833126444 20.744999999999894 0.0026116175447579008 0.99707456931013627 186.97000000000003 0.3249503605898485 1.0000000180025095e-35 0.044939041678480257 -284.44999999999976
decision_type=2 2 2 2 2 2 2 2 2 2 2 2 2
left_child=1 6 3 4 5 -2 -1 -8 -3 10 -5 -12 -11
right_child=2 8 -4 9 -6 -7 7 -9 -10 12 11 -13 -14
leaf_value=-0.29737998363381879 0.32727422920070498 -0.1295543605400212 -0.12827291820731759 -0.27552664994912651 0.87629212464324913 -0.15710797017258857 0.0080832982161568988 -0.45541566110834214 0.23815034539189137 -0.054584316544377703 0.062414403053861547 -0.1329244428436942 0.23439011902201801
leaf_weight=40 48 42 63 46 52 42 52 52 45 52 42 70 61
leaf_count=40 48 42 63 46 52 42 52 52 45 52 42 70 61
internal_value=-0.00318246 -0.0158009 0.00294118 0.00544794 0.0147887 0.00555556 -0.025 -0.0182692 -0.000574713 0.000553506 -0.0056962 0.000892857 0.00929204
internal_weight=707 231 476 413 142 90 144 104 87 271 158 112 113
internal_count=707 231 476 413 142 90 144 104 87 271 158 112 113
is_linear=0
shrinkage=0.05


Tree=64
num_leaves=14
num_cat=1
split_feature=50 24 23 33 47 22 13 19 41 32 42 58 58
split_gain=17.7548 15.5307 15.5533 14.6159 10.8965 7.605 7.0642 5.77607 5.88747 4.66771 3.46043 3.13233 2.6352
threshold=0 1133.1749999999995 10575.000000000002 0.34251253117494046 1.0000000180025095e-35 9985.0000000000018 129.29500000000004 10045.000000000002 0.88366488863387105 0.00058857331792535011 0.74725630193434078 2672.0800000000004 10000.000000000002
decision_type=1 2 2 2 2 2 2 2 2 2 2 2 2
left_child=3 2 4 -1 6 7 10 8 -5 12 -2 -8 -4
right_child=1 -3 9 5 -6 -7 11 -9 -10 -11 -12 -13 -14
leaf_value=-0.16190355907514942 0.018956427625200334 0.20973992760690763 -0.46841274104744884 0.84865126310032091 -0.16457125415554105 -0.067219023393950125 -0.10587910780721632 0.68253563463366618 0.0033265007075337751 -0.15194778825280714 0.20485922002247997 0.0058449611010644277 -0.24459544588447246
leaf_weight=54 40 54 49 44 67 40 45 49 67 58 41 59 40
leaf_count=54 40 54 49 44 67 40 45 49 67 58 41 59 40
internal_value=-0.00247525 -0.00831533 -0.0119048 0.00795455 -0.00436508 0.0145 0.00189189 0.019375 0.0130631 -0.0248299 0.012963 -0.00673077 -0.0320225
internal_weight=707 453 399 254 252 200 185 160 111 147 81 104 89
internal_count=707 453 399 254 252 200 185 160 111 147 81 104 89
cat_boundaries=0 1
cat_threshold=235521
is_linear=0
shrinkage=0.05


Tree=65
num_leaves=14
num_cat=1
split_feature=2 56 56 12 44 37 30 14 19 34 9 12 15
split_gain=14.6474 19.3538 23.1456 9.56741 10.0338 9.14917 8.94706 8.49518 7.85253 6.38894 4.7562 4.6 6.4
threshold=0 185.18000000000004 140.84500000000006 46.470000000000006 0.00035311367342100007 264.96498866213193 -113.21000000000002 86.360000000000014 4025.0000000000009 0.0010759004618199504 252.32500000000002 52.280000000000008 0.29795009950990037
decision_type=9 2 2 2 2 2 2 2 2 2 2 2 2
left_child=3 2 8 4 -1 -6 -3 -4 -2 -5 -9 12 -10
right_child=1 6 7 9 5 -7 -8 10 11 -11 -12 -13 -14
leaf_value=-0.20531938007808109 -0.013406354273355526 0.077533055470291823 -0.34805807258563703 -0.53728306538201454 0.06265657780895921 -0.075501913265354256 2.0739487942686963 0.082455010767914061 0.071908643372489686 -0.13210223329807569 -0.22829687148603917 0.017831842965310863 0.95960432387512329
leaf_weight=55 60 45 70 43 65 72 40 40 45 47 47 48 45
leaf_count=55 60 45 70 43 65 72 40 40 45 47 47 48 45
internal_value=-0.00193906 0.00377778 -0.00126761 -0.0106164 -0.0046875 0.00255474 0.0252941 -0.0156051 0.010101 -0.0244444 -0.00517241 0.0166667 0.0233333
internal_weight=722 440 355 282 192 137 85 157 198 90 87 138 90
internal_count=722 440 355 282 192 137 85 157 198 90 87 138 90
cat_boundaries=0 1
cat_threshold=2
is_linear=0
shrinkage=0.05


Tree=66
num_leaves=14
num_cat=1
split_feature=50 23 20 7 34 4 59 61 14 34 11 43 29
split_gain=13.8022 11.5356 10.7833 9.89928 9.13857 8.66986 8.50888 6.34405 5.7619 5.25008 5.03476 5.42453 2.45
threshold=0 10565.000000000002 10405.000000000002 11184.761904761906 0.0015102483285462001 0.15192307692307691 7958.2000000000007 7368.3900000000012 98.190000000000012 0.0015102483285462001 176.56500000000003 0.045136208826814954 5.7950000000000736
decision_type=1 2 2 2 2 2 2 2 2 2 2 2 2
left_child=2 5 3 4 6 -2 -1 -6 -4 -7 11 -3 -11
right_child=1 10 8 -5 7 9 -8 -9 -10 12 -12 -13 -14
leaf_value=0.0056795725924693842 -0.13907397030093202 -0.30572319227527917 0.63312541031198077 0.10638905437476752 -0.091729381366660201 -0.10766071834230138 -0.32813547505473617 0.17458349870740753 0.14038231405211513 0.025016522445447189 -0.5104189121129139 -0.037422199370980638 0.33392298396830467
leaf_weight=41 71 44 42 61 40 69 60 56 42 40 51 71 40
leaf_count=41 71 44 42 61 40 69 60 56 42 40 51 71 40
internal_value=-0.00274725 -0.00909091 0.00454545 -0.000387597 -0.00583756 -0.00181818 -0.0163366 0.00520833 0.0202381 0.00503356 -0.0192771 -0.0134783 0.01375
internal_weight=728 386 342 258 197 220 101 96 84 149 166 115 80
internal_count=728 386 342 258 197 220 101 96 84 149 166 115 80
cat_boundaries=0 1
cat_threshold=242193
is_linear=0
shrinkage=0.05


Tree=67
num_leaves=12
num_cat=1
split_feature=32 14 46 21 11 21 56 14 59 21 13
split_gain=18.9071 12.3062 11.7423 11.2142 10.5376 9.15985 8.43108 6.87719 6.41452 5.40781 4.78417
threshold=0.00015992589477060003 98.640000000000001 0 365.00000000000006 173.89000000000001 475.00000000000006 127.28000000000002 144.70500000000001 5926.7650000000003 460.00000000000017 144.47500000000005
decision_type=2 2 1 2 2 2 2 2 2 2 2
left_child=3 6 8 4 -1 -5 -2 9 -3 10 -4
right_child=1 2 7 5 -6 -7 -8 -9 -10 -11 -12
leaf_value=-0.11422176785015239 0.74030481042896668 -0.046714518749859373 -0.13623113097808073 0.053410272930893399 -0.41023184000924395 -0.17218066001522969 0.093890785308876276 0.013552496082547272 0.23623133385302017 -0.19704562082437321 0.018207367582397892
leaf_weight=76 57 40 46 68 46 44 76 76 76 65 41
leaf_count=76 57 40 46 68 46 44 76 76 76 65 41
internal_value=-0.00246132 0.00324948 -0.00174419 -0.0141026 -0.0245902 -0.00267857 0.0161654 -0.00833333 0.0112069 -0.0144737 -0.00632184
internal_weight=711 477 344 234 122 112 133 228 116 152 87
internal_count=711 477 344 234 122 112 133 228 116 152 87
cat_boundaries=0 1
cat_threshold=4
is_linear=0
shrinkage=0.05


Tree=68
num_leaves=15
num_cat=0
split_feature=32 43 7 29 9 28 15 16 11 37 37 15 14 9
split_gain=15.4358 15.7157 10.6421 10.3195 12.8952 13.3566 11.2947 8.63304 6.0788 4.76962 14.9432 6.99211 4.22775 4.05
threshold=0.00012581715994650005 0.05174369152254036 11103.492063492065 -15.895000000000435 309.68500000000006 -120.73 0.4717224937641189 9955.0000000000018 188.75000000000003 24.518628117913071 190.71836734693809 0.31663254271016045 124.105 227.76500000000001
decision_type=2 2 2 2 2 2 2 2 2 2 2 2 2 2
left_child=1 7 -3 -2 5 -5 9 -1 -6 -7 -11 12 -12 -4
right_child=3 2 13 4 8 6 -8 -9 -10 10 11 -13 -14 -15
leaf_value=-0.2477691381939412 -0.17499688038144967 -0.26094698916528641 -0.035343123126780542 1.5130970467475651 -0.17844544727095413 -0.011805071194092421 -0.12673341241395608 -0.29485741734212922 0.0016173586847838097 0.96113867918901286 -0.18555836896170164 0.16340927143196896 0.10888193752277778 0.26391142188196709
leaf_weight=44 50 43 40 47 43 60 58 62 42 40 40 56 55 40
leaf_count=44 50 43 40 47 43 60 58 62 42 40 40 56 55 40
internal_value=-0.00347222 -0.0141921 -0.00203252 0.00152749 0.00396825 0.00814607 0.00436893 -0.0283019 -0.0135294 0.00896414 0.0128272 0.00562914 -0.00263158 0.00875
internal_weight=720 229 123 491 441 356 309 106 85 251 191 151 95 80
internal_count=720 229 123 491 441 356 309 106 85 251 191 151 95 80
is_linear=0
shrinkage=0.05


Tree=69
num_leaves=14
num_cat=2
split_feature=52 46 24 33 18 56 19 37 9 7 32 38 10
split_gain=16.9797 11.9108 13.9648 14.1205 10.8749 10.241 9.33889 8.64 6.83902 9.18563 7.35777 6.05 3.65147
threshold=0 1 555.00000000000011 0.58240636395854362 85.000000000000014 168.53000000000003 5525.0000000000009 271.3532426303853 221.76500000000001 11083.174603174606 0.10793782214966775 -55.970936813166936 7348.9050000000007
decision_type=9 1 2 2 2 2 2 2 2 2 2 2 2
left_child=6 8 12 -4 7 -6 -1 -5 -2 -10 -11 -8 -3
right_child=1 2 3 4 5 -7 11 -9 9 10 -12 -13 -14
leaf_value=1.9451328568956356 0.11944776582610928 0.14411710232536734 -0.2860424293850457 0.03501224771688332 -0.064180460236138978 -0.35232267440361797 -0.071070054204290578 -0.11540293111250702 -0.2075256560918092 -0.052392434837656765 0.25901386665509463 0.26077040014746339 -0.029859275161226152
leaf_weight=45 66 40 75 40 71 53 40 60 43 55 42 40 43
leaf_count=45 66 40 75 40 71 53 40 60 43 55 42 40 43
internal_value=-0.00273492 -0.00629252 -0.0115183 -0.0165552 -0.0102679 -0.0201613 0.014 0.002 0.00339806 -0.00285714 0.0056701 0.00375 0.00662651
internal_weight=713 588 382 299 224 124 125 100 206 140 97 80 83
internal_count=713 588 382 299 224 124 125 100 206 140 97 80 83
cat_boundaries=0 1 2
cat_threshold=2 4
is_linear=0
shrinkage=0.05


end of trees

feature_importances:
base_ovl_ratio=70
base_pre=68
voicing_class=61
base_cons=44
base_pre_to_expected_ms=39
base_ovl=34
base_cutoff_to_next_anchor_ms=31
bridge_type=31
energy_min=30
base_cons_gap=28
prev_base_pre=27
base_offset_to_expected_ms=25
base_cut_gap=23
curr_vowel_len_ms=23
syllable_len_ms=22
energy_slope_pre=19
syllable_end_ms=17
curr_phone_len_ms=15
alias_type=13
db_mean=13
zcr_mean=13
wav_duration_ms=12
prev_phone_gap_ms=12
db_min=12
vowel_class=12
energy_mean=11
valley_dist_from_cutoff_ms=11
next_base_pre=11
curr_vowel_end_ms=8
energy_max=8
energy_slope_post=8
row_index_in_wav=7
spectral_flux_mean=7
base_cutoff_abs=6
row_ratio_in_wav=5
base_offset=5
syllable_start_ms=5
valley_energy=5
f0_voicing_mean=5
next_base_offset=5
prev_base_cutoff_abs=5
next_base_cutoff_abs=5
is_tense=4
is_diphthong=4
prev_base_offset=4
curr_phone_start_ms=3
curr_phone_end_ms=3
curr_vowel_start_ms=3
onset_class=3
prev_alias_type=3
db_silence_ratio=1
f0_voicing_near_pre=1

parameters:
[boosting: gbdt]
[objective: regression_l1]
[metric: l1]
[tree_learner: serial]
[device_type: cpu]
[data_sample_strategy: bagging]
[data: ]
[valid: ]
[num_iterations: 500]
[learning_rate: 0.05]
[num_leaves: 31]
[num_threads: 0]
[seed: 0]
[deterministic: 0]
[force_col_wise: 0]
[force_row_wise: 0]
[histogram_pool_size: -1]
[max_depth: -1]
[min_data_in_leaf: 40]
[min_sum_hessian_in_leaf: 0.001]
[bagging_fraction: 0.85]
[pos_bagging_fraction: 1]
[neg_bagging_fraction: 1]
[bagging_freq: 1]
[bagging_seed: 3]
[bagging_by_query: 0]
[feature_fraction: 0.85]
[feature_fraction_bynode: 1]
[feature_fraction_seed: 2]
[extra_trees: 0]
[extra_seed: 6]
[early_stopping_round: 0]
[early_stopping_min_delta: 0]
[first_metric_only: 0]
[max_delta_step: 0]
[lambda_l1: 0]
[lambda_l2: 0]
[linear_lambda: 0]
[min_gain_to_split: 0]
[drop_rate: 0.1]
[max_drop: 50]
[skip_drop: 0.5]
[xgboost_dart_mode: 0]
[uniform_drop: 0]
[drop_seed: 4]
[top_rate: 0.2]
[other_rate: 0.1]
[min_data_per_group: 100]
[max_cat_threshold: 32]
[cat_l2: 10]
[cat_smooth: 10]
[max_cat_to_onehot: 4]
[top_k: 20]
[monotone_constraints: ]
[monotone_constraints_method: basic]
[monotone_penalty: 0]
[feature_contri: ]
[forcedsplits_filename: ]
[refit_decay_rate: 0.9]
[cegb_tradeoff: 1]
[cegb_penalty_split: 0]
[cegb_penalty_feature_lazy: ]
[cegb_penalty_feature_coupled: ]
[path_smooth: 0]
[interaction_constraints: ]
[verbosity: -1]
[saved_feature_importance_type: 0]
[use_quantized_grad: 0]
[num_grad_quant_bins: 4]
[quant_train_renew_leaf: 0]
[stochastic_rounding: 1]
[linear_tree: 0]
[max_bin: 255]
[max_bin_by_feature: ]
[min_data_in_bin: 3]
[bin_construct_sample_cnt: 200000]
[data_random_seed: 1]
[is_enable_sparse: 1]
[enable_bundle: 1]
[use_missing: 1]
[zero_as_missing: 0]
[feature_pre_filter: 1]
[pre_partition: 0]
[two_round: 0]
[header: 0]
[label_column: ]
[weight_column: ]
[group_column: ]
[ignore_column: ]
[categorical_feature: 0,1,2,45,46,49,50,51,52,54,55]
[forcedbins_filename: ]
[precise_float_parser: 0]
[parser_config_file: ]
[objective_seed: 5]
[num_class: 1]
[is_unbalance: 0]
[scale_pos_weight: 1]
[sigmoid: 1]
[boost_from_average: 1]
[reg_sqrt: 0]
[alpha: 0.9]
[fair_c: 1]
[poisson_max_delta_step: 0.7]
[tweedie_variance_power: 1.5]
[lambdarank_truncation_level: 30]
[lambdarank_norm: 1]
[label_gain: ]
[lambdarank_position_bias_regularization: 0]
[eval_at: ]
[multi_error_top_k: 1]
[auc_mu_weights: ]
[num_machines: 1]
[local_listen_port: 12400]
[time_out: 120]
[machine_list_filename: ]
[machines: ]
[gpu_platform_id: -1]
[gpu_device_id: -1]
[gpu_use_dp: 0]
[num_gpu: 1]

end of parameters

pandas_categorical:[["korean"], ["cvc"], ["br", "cv", "cv_head", "mono", "vc", "vcv"], ["other", "plosive", "sibilant", "sonorant"], ["unknown", "voiced", "voiceless"], ["liquid", "nasal", "none", "other", "stop"], ["", "a", "e", "eo", "eu", "eui", "i", "o", "u", "wa", "we", "weo", "wi", "ya", "ye", "yeo", "yo", "yu"], ["head", "mid", "tail"], ["", "vc", "vcv"], ["", "cv", "cv_head", "mono", "vc", "vcv"], [""]]
