tree
version=v4
num_class=1
num_tree_per_iteration=1
label_index=0
max_feature_idx=74
objective=regression_l1
feature_names=language format_type alias_type alias_group row_index_in_wav row_ratio_in_wav is_head_row is_tail_row wav_duration_ms base_offset base_cons base_cutoff_abs base_pre base_ovl base_cons_gap base_cut_gap base_ovl_ratio curr_phone_start_ms curr_phone_end_ms curr_phone_len_ms curr_vowel_start_ms curr_vowel_end_ms curr_vowel_len_ms syllable_start_ms syllable_end_ms syllable_len_ms prev_phone_gap_ms next_phone_gap_ms expected_anchor_ms base_offset_to_expected_ms base_pre_to_expected_ms base_cutoff_to_next_anchor_ms energy_mean energy_min energy_max energy_slope_pre energy_slope_post valley_energy valley_dist_from_cutoff_ms db_mean db_min db_silence_ratio f0_voicing_mean f0_voicing_near_pre zcr_mean spectral_flux_mean onset_class voicing_class is_tense is_diphthong coda_type vowel_class mora_position bridge_type is_nasal_or_sonorant prev_alias_type next_alias_type prev_base_pre next_base_pre prev_base_offset next_base_offset prev_base_cutoff_abs next_base_cutoff_abs mapping_confidence used_alias_occurrence_mapping used_exact_vowel_fix used_nuclei_fallback used_alias_based_syllables words_vs_alias_score_margin jump_blocked_flag mapping_reason_code local_peak_db local_valley_db mel_window_energy_mean mel_window_silence_ratio
feature_infos=none none -1:1:0:2:3:4 -1:3:0:1:2:4:6:7 [0:25] [0:1] [0:1] [0:1] [0:8436.7346938775518] [919.89999999999998:6231.6400000000003] [141.46000000000001:378.12] [1151.3800000000001:6615.0700000000006] [37.149999999999999:255.53999999999999] [5.0800000000000001:210.34] [30.690000000000001:175.38999999999999] [12:220.00000000000003] [0.079976649153531795:0.94655138534093142] [0:6300] [1020:6880] [9.9999999999995435:3010] [980:6300] [1020:6880] [29.999999999999091:3010] [0:6290] [1020:6880] [30:3010] [0:1970] [0:2040] [980:6300] [-260:57.949999999999818] [-47.849999999999909:247.19999999999985] [-4524.5299999999997:1975.9300000000001] [0:1] [0:1] [0:1] [-0.54386348409758756:1] [-0.79249063494850347:0.70672061486523341] [0:1] [0:402.81641723356097] [-62.229505001708397:0] [-92.242301120719404:0] [0:0.67647058823529416] [0:1] [0:1] [0:0.43777134587554267] [0:0.0850263663864914] -1:1:3:0:2 -1:1:2:0 [0:1] [0:1] -1:2:3 -1:0:13:14:2:1:3:8:7:17:9:10:15:11:12:16:6:5 -1:1:0:2 -1:0:1:2:3 [0:1] -1:2:3:0:4:5:6 none [0:360] [0:360] [0:6676.6800000000003] [0:6231.6400000000003] [0:6924.75] [0:6615.0700000000006] [0.60108261667441332:1] [0:1] [0:1] none none [-23.135000000000041:1587.575] none none [-62.229505001708397:0] [-92.242301120719404:0] [0:1] [0:0.67647058823529416]
tree_sizes=2050 1979 2251 1949 2026 2153 2361 2249 2470 2176 2159 2252 2163 2480 2270 2275 2454 2381 2152

Tree=0
num_leaves=19
num_cat=1
split_feature=47 39 60 13 14 40 27 44 58 58 15 20 44 21 16 13 63 63
split_gain=157.748 41.9295 37.8736 14.4817 12.9823 9.29904 11.6997 8.82241 7.2592 5.20739 4.84623 4.83374 3.12922 2.38656 1.5907 0.677315 1.42109e-14 7.10543e-15
threshold=0 -21.426483072856147 2654.6900000000005 32.545000000000009 104.44000000000001 -26.997271789558919 95.000000000000014 0.073291749362064063 95.065000000000012 142.18500000000003 78.215000000000018 1225.0000000000002 0.053161326906719562 4005.0000000000005 0.41363792042174147 16.205000000000002 0.75637416726226847 0.78601937960684232
decision_type=1 2 2 2 2 2 2 2 2 2 2 2 2 2 2 2 2 2
left_child=1 10 4 -3 9 6 7 8 -4 -2 13 12 -6 15 17 -1 -17 -7
right_child=2 3 5 -5 11 14 -8 -9 -10 -11 -12 -13 -14 -15 -16 16 -18 -19
leaf_value=-2.7062500774860383 -0.83590002655982976 -1.4057000219821929 -1.3018000423908234 -0.45090001225471488 -2.8563999950885774 1.0792498767375949 2.0948498904705048 -0.30040004849433899 -0.52645004391670225 0.97604991793632534 -3.7861000835895542 -0.94710003137588505 -2.0662999927997587 -2.5408000767230989 0.67380000948905949 -4.6623501598834993 -3.9986500561237337 1.3783000171184541
leaf_weight=21.69999971985817 33.200000047683716 35.599999457597733 27.999999791383743 23.49999988079071 24.39999982714653 17.600000262260437 54.699999094009399 25.800000160932541 37.699999779462814 18.500000208616257 35.39999994635582 29.599999815225601 21.399999916553497 25.699999779462814 24.800000101327896 16.000000238418579 92.399998873472214 46.299999326467514
leaf_count=34 68 53 49 43 43 44 79 57 68 44 69 53 40 44 53 40 147 70
internal_value=-1.08994 -1.12046 -1.06884 -1.08365 -1.09083 -1.05694 -1.06469 -1.07563 -1.08536 -1.07153 -1.13184 -1.10406 -1.11424 -1.13564 -1.04417 -1.13839 -1.14 -1.04
internal_weight=612.3 250.3 362 59.1 127.1 234.9 146.2 91.5 65.7 51.7 191.2 75.4 45.8 155.8 88.7 130.1 108.4 63.9
internal_count=1098 430 668 96 248 420 253 174 117 112 334 136 83 265 167 221 187 114
cat_boundaries=0 1
cat_threshold=2
is_linear=0
shrinkage=1


Tree=1
num_leaves=18
num_cat=1
split_feature=47 40 60 9 40 14 58 15 31 20 58 44 32 39 16 30 61
split_gain=141.418 39.4756 31.6018 17.3595 10.6125 9.98426 9.50683 7.54871 6.40787 6.20633 4.6309 3.71838 3.38768 1.67286 1.66524 0.972994 0.263914
threshold=0 -25.423619881689103 2671.6950000000002 2918.1000000000004 -26.997271789558919 104.44000000000001 89.065000000000012 78.215000000000018 626.99000000000012 1215.0000000000002 142.64500000000001 0.073291749362064063 0.79118133550682734 -27.315986068548344 0.45330098679370129 12.21499999999992 3078.4250000000006
decision_type=1 2 2 2 2 2 2 2 2 2 2 2 2 2 2 2 2
left_child=1 7 5 -3 6 10 -4 12 11 -7 -2 13 -1 -8 16 -14 -6
right_child=2 3 4 -5 14 9 8 -9 -10 -11 -12 -13 15 -15 -16 -17 -18
leaf_value=-1.5671874579787255 0.31314500361680986 -0.40716498821973801 0.0030399993062019352 0.57399501472711567 2.5385850754380228 -1.2878349980711938 0.64655750662088396 -2.4536950263381008 4.1385573711991315 0.13575500190258025 2.0257475605607036 0.85531999021768579 -2.4139100083708764 0.052390001714229584 2.1966599217057232 -2.7790174254775049 1.6049875488877299
leaf_weight=21.899999856948853 34.300000041723251 24.099999666213989 39.499999672174454 40.999999582767487 49.599999576807022 42.799999743700027 23.699999839067459 35.699999928474426 34.699999421834946 31.699999779462814 19.300000220537186 19.500000178813934 108.49999895691872 22.599999845027924 17.800000041723251 25.999999672174454 20.900000065565109
leaf_count=39 70 37 68 68 85 77 42 69 50 56 46 45 182 40 37 41 44
internal_value=-0.000554107 -0.0288103 0.0198373 0.00483871 0.0309899 -3.90319e-05 0.0224286 -0.0402134 0.030597 -0.0118792 0.0164179 0.0214286 -0.0449488 0.0137149 0.044564 -0.0479182 0.0480142
internal_weight=613.6 257.2 356.4 65.1 228.3 128.1 140 192.1 100.5 74.5 53.6 65.8 156.4 46.3 88.3 134.5 70.5
internal_count=1096 436 660 105 411 249 245 331 177 133 116 127 262 82 166 223 129
cat_boundaries=0 1
cat_threshold=2
is_linear=0
shrinkage=0.05


Tree=2
num_leaves=21
num_cat=0
split_feature=62 14 48 30 14 59 48 30 38 61 19 13 57 14 32 19 34 38 22 35
split_gain=65.7021 46.6417 31.7034 24.7856 15.3998 12.4466 12.0906 13.9833 9.63503 7.4356 6.98339 6.81399 9.05807 7.05192 3.47882 2.59793 2.42896 1.90224 0.207067 0.171853
threshold=4097.9450000000006 109.93500000000003 1.0000000180025095e-35 13.910000000000197 131.85500000000005 989.53000000000009 1.0000000180025095e-35 7.9200000000000736 167.27195011337884 2536.9850000000001 95.000000000000014 29.465000000000003 90.980000000000004 126.60500000000003 0.77341409209927658 515.00000000000011 0.75307235730188948 213.28215419501126 405.00000000000006 0.16335401264351443
decision_type=2 2 2 2 2 2 2 2 2 2 2 2 2 2 2 2 2 2 2 2
left_child=1 6 3 11 9 -5 7 10 -4 -2 14 18 17 -14 -1 16 -11 -13 -3 -17
right_child=4 2 8 5 -6 -7 -8 -9 -10 15 -12 12 13 -15 -16 19 -18 -19 -20 -21
leaf_value=1.4063582943528892 0.088899380549788506 -1.4951567296534778 1.86042970405519 -2.4413882564455274 -0.12425674243271352 0.53659522698819639 -0.43611199326813221 -0.25687950216233729 -0.52168825377523909 1.0951352076381446 2.7161180787533521 -2.7622220715433361 0.1647539981454611 -2.3310102750211956 0.35357050336897378 1.4998795865625143 1.3931106594651936 -3.159571810618043 -1.3811919697672128 3.9316295026391743
leaf_weight=25.800000250339508 27.399999916553497 25.499999642372131 23.199999898672104 22.399999797344208 22.399999797344208 42.59999942779541 27.299999892711639 28.099999815225601 27.099999845027924 30.500000029802322 31.399999707937241 38.999999910593033 23.400000035762787 21.200000047683716 32.699999928474426 25.299999684095383 27.100000113248825 19.300000041723251 52.599999129772186 31.499999463558197
leaf_count=60 52 39 43 38 38 66 51 50 49 62 53 75 48 44 63 40 58 40 76 45
internal_value=0.00125454 -0.00878623 -0.0201654 -0.027561 0.0282582 -0.00107692 0.0144184 0.0213559 0.016004 0.0343441 0.0309789 -0.0370718 -0.02862 -0.0116592 0.0207692 0.0399476 0.0324653 -0.0415952 -0.0482074 0.0475352
internal_weight=605.8 441.6 296.3 246 164.2 65 145.3 118 50.3 141.8 89.9 181 102.9 44.6 58.5 114.4 57.6 58.3 78.1 56.8
internal_count=1090 795 518 426 295 104 277 226 92 257 176 322 207 92 123 205 120 115 115 85
is_linear=0
shrinkage=0.05


Tree=3
num_leaves=18
num_cat=1
split_feature=47 30 60 18 38 63 60 14 30 40 9 25 58 38 33 31 22
split_gain=134.601 32.5527 24.4105 22.0167 12.2229 13.577 10.1159 9.14153 6.75242 5.74366 5.27918 3.96723 3.8911 1.36882 1.00941 0.0961999 2.84217e-14
threshold=0 11.815000000000056 2851.0250000000005 3415.0000000000005 205.88646258503414 0.78921780746894055 3846.3150000000005 105.105 1.1350000000001048 -27.963483194566162 1196.0000000000002 570.00000000000023 142.64500000000001 185.7797165532883 0.14974113799417724 -210.22 415.00000000000006
decision_type=1 2 2 2 2 2 2 2 2 2 2 2 2 2 2 2 2
left_child=1 6 7 13 8 -6 14 12 9 -4 -9 -10 -2 -3 -1 -16 -17
right_child=2 3 4 -5 5 -7 -8 10 11 -11 -12 -13 -14 -15 15 16 -18
leaf_value=-1.9756971601568161 0.19384334995225072 -0.42904002568945288 0.6960325398363173 0.59142849036231637 0.66970098949149248 -0.17729196663126351 -0.35455071909055119 -1.2551188237868249 1.6948390862621368 2.5199142150796949 0.20834584174826745 2.7560237177200619 1.7965540355704726 -2.5858055482827127 -1.7336097322784363 -2.6436759780369701 -1.8768549521885813
leaf_weight=30.099999755620956 37.400000065565109 24.999999701976776 35.10000005364418 33.399999469518661 25.200000375509262 26.699999570846558 25.699999958276749 42.399999737739563 44.399999499320984 20.60000017285347 32.79999977350235 69.299998998641968 18.800000190734863 24.69999971985817 17.199999898672104 46.699999779462814 46.499999463558197
leaf_count=52 77 40 72 49 63 39 50 76 72 47 58 105 44 40 31 86 75
internal_value=-0.000980066 -0.0291015 0.0188971 -0.00354994 0.029033 0.00780347 -0.0418773 0.00182648 0.0355372 0.0212747 -0.00957447 0.0425242 0.0170819 -0.0246479 -0.047153 -0.0493659 -0.05
internal_weight=602 249.3 352.7 83.1 221.3 51.9 166.2 131.4 169.4 55.7 75.2 113.7 56.2 49.7 140.5 110.4 93.2
internal_count=1076 423 653 129 398 102 294 255 296 119 134 177 121 80 244 192 161
cat_boundaries=0 1
cat_threshold=2
is_linear=0
shrinkage=0.05


Tree=4
num_leaves=19
num_cat=2
split_feature=47 40 40 3 9 15 14 38 63 62 44 16 30 30 32 29 59 18
split_gain=123.935 31.7955 26.26 19.233 14.6131 13.7121 19.1029 12.644 16.0994 7.16524 6.79451 6.01522 6.86037 3.81294 1.25339 0.931845 0.811598 1.42109e-14
threshold=0 -25.423619881689103 -21.304335886857661 1 2932.0550000000007 32.664999999999999 118.105 205.88646258503414 0.8103242869137699 1658.2950000000003 0.046923731216331109 0.30442319804907531 -4.4950000000000037 10.950000000000047 0.79934581596629906 -83.950000000000031 2255.8700000000003 2595.0000000000005
decision_type=1 2 2 1 2 2 2 2 2 2 2 2 2 2 2 2 2 2
left_child=1 9 3 5 -3 -2 10 11 -9 -1 -7 -5 -13 14 -11 -4 -14 -16
right_child=2 4 15 7 -6 6 -8 8 -10 13 -12 12 16 -15 17 -17 -18 -19
leaf_value=-2.2024804483658449 -0.87874445697207004 -0.53952029771868149 1.8543754009556399 1.1017318213903531 0.48019404112067071 0.19596166652765126 -1.0426862774867194 0.39990403220992543 -0.13810965786430987 -1.9367624903357403 1.2287895473135635 0.72939686049636454 2.6724563630716132 -2.2773451965543998 -2.3877196125305074 2.3815199570326135 3.1422469179151582 -1.7830122045791523
leaf_weight=21.799999833106995 42.699999630451202 24.099999666213989 22.300000309944153 16.29999977350235 38.399999678134918 24.099999845027924 29.199999988079071 30.200000405311584 27.999999523162842 19.5 36.100000023841858 14.400000214576719 21.199999779462814 37.599999576807022 48.899999678134918 43.799999445676804 46.799999445676804 52.0999995470047
leaf_count=38 73 37 55 25 66 43 58 74 40 39 73 36 35 61 87 69 75 89
internal_value=-0.00148117 -0.0290429 0.0173331 0.0108304 0.00168 -0.00369458 0.00715884 0.0218993 0.004811 -0.0397165 0.0232558 0.0341945 0.0396845 -0.0434219 -0.0477593 0.045764 0.0463235 -0.05
internal_weight=597.5 242.4 355.1 289 62.5 132.1 89.4 156.9 58.2 179.9 60.2 98.7 82.4 158.1 120.5 66.1 68 101
internal_count=1073 417 656 532 103 247 174 285 114 314 116 171 146 276 215 124 110 176
cat_boundaries=0 1 2
cat_threshold=2 76
is_linear=0
shrinkage=0.05


Tree=5
num_leaves=20
num_cat=1
split_feature=47 8 39 38 15 15 60 62 12 58 57 9 60 29 30 15 12 38 30
split_gain=114.646 37.5671 23.2689 17.6144 15.5689 19.113 17.7525 16.8683 12.0669 8.75906 7.523 7.4186 6.07766 4.33521 3.09391 1.61958 0.450834 0.205419 1.42109e-14
threshold=0 5780.7256235827672 -19.926199397542302 1.5350113378684684 37.590000000000025 33.159999999999989 4047.3300000000004 3575.4900000000002 95.240000000000023 142.77000000000001 85.535000000000011 2918.1000000000004 1359.4550000000002 -99.879999999999981 10.950000000000047 39.159999999999989 91.295000000000002 168.77696145124722 4.74000000000001
decision_type=1 2 2 2 2 2 2 2 2 2 2 2 2 2 2 2 2 2 2
left_child=1 3 4 11 5 6 9 10 -9 -2 -6 -1 -5 -7 17 16 -4 -14 -19
right_child=2 -3 15 12 7 13 -8 8 -10 -11 -12 -13 14 -15 -16 -17 -18 18 -20
leaf_value=-0.38318931131929723 -1.0289528226907012 0.62485443939223329 2.578531828234615 -2.3884426899424254 -1.1402285687231477 1.0168343772025872 3.4401344957254554 -0.14428951055782857 0.53051684365415763 0.59908433237377001 -0.0075978237698581365 0.34934734089998343 -1.6570435881222843 2.4845997136804776 -2.152739727735689 1.0564845830693561 2.3081758706047184 -2.6935257111285686 -1.4996889783452507
leaf_weight=25.899999648332596 29.999999910593033 29.099999696016312 29.799999594688416 19.499999821186066 39.099999755620956 23.100000321865082 25.999999582767487 26.099999606609344 34.600000292062759 25.099999994039536 28.5 25.699999868869781 19.699999868869781 49.89999920129776 35.599999636411667 27.299999892711639 19.400000154972076 52.199999928474426 48.299999266862869
leaf_count=40 57 48 46 33 70 57 38 39 79 50 57 47 35 73 59 51 44 102 72
internal_value=-0.00197593 -0.0275391 0.016258 -0.0343984 0.00963173 0.0203439 0.00363748 -0.00323461 0.0158979 -0.0124319 -0.0204142 -0.00872093 -0.0419566 0.0389041 -0.0452503 0.040719 0.0461382 -0.0490849 -0.05
internal_weight=614.9 256 358.9 226.9 282.4 154.1 81.1 128.3 60.7 55.1 67.6 51.6 175.3 73 155.8 76.5 49.2 120.2 100.5
internal_count=1097 436 661 388 520 275 145 245 118 107 127 87 301 130 268 141 90 209 174
cat_boundaries=0 1
cat_threshold=2
is_linear=0
shrinkage=0.05


Tree=6
num_leaves=22
num_cat=1
split_feature=47 8 32 38 27 12 15 5 32 30 44 40 14 38 16 31 62 15 63 38 31
split_gain=106.31 29.5117 26.4826 17.6508 15.17 14.1134 9.46429 7.95814 7.83305 7.73166 5.76471 7.39957 5.69337 5.40173 3.56968 2.11714 1.47334 1.16493 0.47806 0.224419 1.42109e-14
threshold=0 5780.7256235827672 0.62294632609350098 1.5350113378684684 75.000000000000014 90.625000000000014 39.185000000000009 0.039230769230769208 0.9513732880045811 10.469999999999915 0.04452006327976981 -27.471855352957018 115.36500000000002 204.14445578231337 0.53764378394411805 -136.59 1689.2250000000001 39.159999999999989 0.79242157509453259 166.97479591836739 -134.53500000000028
decision_type=1 2 2 2 2 2 2 2 2 2 2 2 2 2 2 2 2 2 2 2 2
left_child=1 3 17 -1 5 6 7 -4 10 16 11 -7 -6 -11 15 -12 -5 18 -2 -18 -21
right_child=2 -3 4 9 12 8 -8 -9 -10 13 14 -13 -14 -15 -16 -17 19 -19 -20 20 -22
leaf_value=-0.10142985300125713 1.8652987519033841 0.42494161709502554 -0.40753852188757778 -2.5300768809260257 2.8760370086155937 -0.23332987380774411 -0.30157597158336724 1.056045213090733 -0.22624036740847764 -2.2350110246540726 0.450142358743717 0.66785451655207162 0.39887495810360785 -0.99879632483736891 0.3918337904353883 0.92208585691470601 -1.4541888623959103 1.1455103485753122 2.6300958862314334 -2.4468476003068518 -1.5402799139941761
leaf_weight=47.499999523162842 19.600000292062759 25.899999737739563 29.599999636411667 17.49999988079071 35.799999415874481 29.700000286102295 28.69999960064888 28.799999535083771 17.600000083446503 26.699999660253525 21.100000113248825 17.00000011920929 29.299999564886093 24.399999737739563 24.600000321865082 20.299999922513962 18.099999845027924 28.099999994039536 27.699999541044235 46.199999928474426 48.299999445676804
leaf_count=79 49 43 47 31 52 69 44 42 38 42 46 38 44 40 60 38 31 56 40 90 78
internal_value=-0.00291429 -0.0276119 0.0146549 -0.0333406 0.00762832 0.00128795 -0.0142939 -0.00273973 0.0117038 -0.0404525 0.0165484 0.00310493 0.0288018 -0.0239726 0.0260606 0.0350242 -0.0469254 0.0409814 0.0457717 -0.0490231 -0.05
internal_weight=612.5 254.6 357.9 228.7 282.5 217.4 87.1 58.4 130.3 181.2 112.7 46.7 65.1 51.1 66 41.4 130.1 75.4 47.3 112.6 94.5
internal_count=1097 434 663 391 518 422 133 89 289 312 251 107 96 82 144 84 230 145 89 199 168
cat_boundaries=0 1
cat_threshold=2
is_linear=0
shrinkage=0.05


Tree=7
num_leaves=21
num_cat=2
split_feature=47 8 2 38 12 38 15 14 30 11 30 29 60 16 5 31 32 17 63 11
split_gain=102.721 33.1979 25.8426 17.7122 37.0953 15.6902 10.6541 13.6376 8.12116 6.18466 6.09747 6.62798 5.72264 2.50608 1.43687 1.16115 0.974442 0.886509 0.0354037 1.42109e-14
threshold=0 5780.7256235827672 1 205.88646258503414 93.585000000000008 26.152766439909445 33.159999999999989 118.105 10.180000000000065 3184.0350000000003 -4.4950000000000037 -67.144999999999968 1485.0750000000003 0.35858995582446801 0.32071428571428579 -174.25000000000031 0.87015194486969183 3025.0000000000005 0.75931119387532553 2301.6800000000007
decision_type=1 2 1 2 2 2 2 2 2 2 2 2 2 2 2 2 2 2 2 2
left_child=1 5 6 10 -5 9 13 12 15 -1 -4 17 -8 -2 -14 -7 -6 -12 -17 -20
right_child=2 -3 3 4 16 8 7 -9 -10 -11 11 -13 14 -15 -16 18 -18 -19 19 -21
leaf_value=-0.47012753492699999 -1.1002429619652367 0.64408956006305873 0.8951343698265779 -0.22621871567946231 0.31128398582866618 -2.3684016991907497 -0.0069342195543669943 -0.85583121373969728 -1.9532920365217898 0.43174278948051797 2.5825863269301053 0.37893121019842746 0.73177450168934088 -0.14222649619161429 1.5529828997824526 -2.4400284301154751 0.24196843846434907 2.009433150730453 -1.8993101542852289 -1.9673758637503225
leaf_weight=30.999999523162842 23.699999749660492 24.499999761581421 20.800000309944153 29.399999678134918 20.60000017285347 25.900000005960464 23.399999856948853 30.500000029802322 45.399999469518661 26.49999988079071 70.799999177455902 29.799999684095383 21.900000035762787 21.799999922513962 23.599999994039536 15.200000226497648 16.300000041723251 25.899999648332596 54.099999308586121 26.19999971985817
leaf_count=46 39 41 52 48 47 52 42 62 73 49 114 49 45 41 47 38 34 40 85 43
internal_value=-0.00180306 -0.0264871 0.0153278 0.0257603 0.00550528 -0.0325234 -0.00171078 0.00734406 -0.0402878 -0.01 0.0366259 0.040751 0.0196662 -0.0218681 0.03 -0.0470346 0.0388889 0.0471044 -0.0495812 -0.05
internal_weight=607.3 248.8 358.5 213.6 66.3 224.3 144.9 99.4 166.8 57.5 147.3 126.5 68.9 45.5 45.5 121.4 36.9 96.7 95.5 80.3
internal_count=1087 427 660 384 129 386 276 196 291 95 255 203 134 80 92 218 81 154 166 128
cat_boundaries=0 1 2
cat_threshold=2 10
is_linear=0
shrinkage=0.05


Tree=8
num_leaves=23
num_cat=1
split_feature=47 30 39 24 27 12 61 63 38 43 12 9 14 13 16 15 57 15 31 34 12 15
split_gain=87.4991 28.9138 26.4207 20.2907 16.1583 13.4206 12.1515 10.1407 8.88759 7.25265 7.25205 6.80123 6.41674 5.34801 5.17408 3.96513 2.8706 2.05936 1.06783 1.07475 0.313621 1.42109e-14
threshold=0 9.6600000000000836 -18.877568876550335 3555.0000000000005 105.00000000000001 95.240000000000023 4325.3850000000011 0.73120650094266881 166.97479591836739 0.49413045597713889 145.40000000000003 1046.5350000000003 109.93500000000003 53.595000000000006 0.53764378394411805 39.185000000000009 74.100000000000009 39.159999999999989 -174.25000000000031 0.9522369707259265 86.165000000000006 39.980000000000011
decision_type=1 2 2 2 2 2 2 2 2 2 2 2 2 2 2 2 2 2 2 2 2 2
left_child=1 7 4 11 5 8 9 -1 -2 14 13 -3 -6 -11 -7 16 -10 20 -9 -20 -4 -21
right_child=2 3 17 -5 12 6 -8 18 15 10 -12 -13 -14 -15 -16 -17 -18 -19 19 21 -22 -23
leaf_value=-1.0939767354894234 0.62943371550939253 -2.2689896125331388 2.299153882001391 0.65432710884774226 2.6981561753946752 0.65934324915347786 1.1979578854733341 -1.2630593343165772 -0.63173504970749095 -0.0080043361341588081 1.5566497716733751 -0.1587160503838014 0.35998464968850608 -1.1970219131993005 0.41503366160060368 -0.19466123593840887 0.063303599640430044 0.84591317895060003 -0.99273665489440666 -1.8043446465709672 1.8135775860253927 -2.4433676515883684
leaf_weight=23.600000351667404 24.999999701976776 24.599999785423279 27.899999588727951 33.799999475479126 30.999999523162842 18.900000214576721 24.600000143051147 21.099999845027924 26.29999965429306 20.300000011920929 19.900000274181366 43.999999314546585 29.699999570846558 20.600000262260437 17.600000262260437 32.699999660253525 27.999999523162842 23.799999862909317 23.999999731779099 54.799999386072159 19.300000220537186 24.099999845027924
leaf_count=59 40 42 42 50 46 45 54 37 41 41 49 65 45 50 44 54 40 43 39 89 46 43
internal_value=-0.00240416 -0.0252 0.0131838 -0.00478516 0.0065852 0.000619923 0.0121001 -0.0393631 -0.011875 0.00416238 -0.00641447 -0.0204082 0.0295717 -0.0184597 0.0217808 -0.0194253 -0.0111418 0.0405634 -0.0450806 -0.0471817 0.0466102 -0.05
internal_weight=615.6 250 365.6 102.4 294.6 233.9 121.9 147.6 112 97.3 60.8 68.6 60.7 40.9 36.5 87 54.3 71 124 102.9 47.2 78.9
internal_count=1104 424 680 157 549 458 283 267 175 229 140 107 91 91 89 135 81 131 208 171 88 132
cat_boundaries=0 1
cat_threshold=2
is_linear=0
shrinkage=0.05


Tree=9
num_leaves=20
num_cat=1
split_feature=47 39 30 27 59 12 16 15 15 20 63 13 14 14 33 15 16 10 32
split_gain=90.9692 23.4608 23.4223 14.7382 13.7434 10.5523 14.9402 11.0449 26.7381 9.9013 9.25762 8.9699 8.80126 5.30382 2.77635 2.48446 1.73138 0.470343 0.335236
threshold=0 -19.262971634208757 9.4700000000000291 105.00000000000001 949.49000000000012 103.34000000000002 0.49466646410005516 39.159999999999989 33.160000000000018 3675.0000000000005 0.85682322109540798 95.905000000000015 115.36500000000002 110.10500000000002 0.43242891536520295 67.685000000000016 0.39581628634850058 199.79500000000004 0.83004309107379015
decision_type=1 2 2 2 2 2 2 2 2 2 2 2 2 2 2 2 2 2 2
left_child=2 3 9 5 -4 7 14 8 -2 15 -6 -8 -5 -9 -7 18 17 -3 -1
right_child=1 16 4 12 10 6 11 13 -10 -11 -12 -13 -14 -15 -16 -17 -18 -19 -20
leaf_value=-1.7217785972498079 -0.57617098003263867 2.038146306919876 -2.2318381748021259 2.8889464542021459 -0.63288539457137194 0.52977205042053155 -0.755732295893631 -0.18492817414148843 1.3363373216465106 -1.0392778987149522 0.22817939246719346 1.431264842315926 0.25380158320734936 -0.046742626118648191 1.2137107653626478 -2.1287817294151452 1.6593551729353415 1.3189434072309645 -1.6459935563020132
leaf_weight=29.799999684095383 37.699999511241913 24.899999678134918 23.499999791383743 34.19999948143959 26.499999701976776 25.700000315904617 31.200000464916229 27.099999666213989 33.19999960064888 25.200000107288361 53.199999094009399 21.900000303983688 27.899999588727951 37.499999552965164 15.800000190734862 26.500000059604645 20.900000154972076 21.89999994635582 66.899999409914017
leaf_count=49 59 39 40 51 43 62 78 43 53 54 76 54 42 60 38 55 47 42 114
internal_value=-0.00269011 0.0134343 -0.0257552 0.00728953 -0.00746124 0.00145589 0.0142706 -0.00749077 0.0061354 -0.0384771 0.00244667 -0.00329567 0.028905 -0.0224458 0.036747 -0.0443182 0.0399557 0.0452991 -0.0480352
internal_weight=611.5 359.9 251.6 292.2 103.2 230.1 94.6 135.5 70.9 148.4 79.7 53.1 62.1 64.6 41.5 123.2 67.7 46.8 96.7
internal_count=1099 668 431 540 159 447 232 215 112 272 119 132 93 103 100 218 128 81 163
cat_boundaries=0 1
cat_threshold=2
is_linear=0
shrinkage=0.05


Tree=10
num_leaves=20
num_cat=2
split_feature=47 2 8 15 12 15 15 38 30 61 25 62 15 38 40 19 10 61 12
split_gain=85.4169 28.1144 22.2574 20.642 21.7822 15.2576 20.8889 13.9318 10.1111 9.81617 9.76486 8.86877 7.81584 3.07801 1.48479 0.980403 0.791918 0.334415 7.10543e-15
threshold=0 1 5780.7256235827672 37.590000000000025 99.915000000000006 33.159999999999989 39.159999999999989 1.5350113378684684 8.6849999999998335 1531.0250000000003 530.00000000000023 2641.2900000000004 84.950000000000017 168.07902494331054 -27.166210585465553 215.00000000000003 200.19500000000002 2343.0000000000005 115.50500000000001
decision_type=1 1 2 2 2 2 2 2 2 2 2 2 2 2 2 2 2 2 2
left_child=2 5 7 9 12 -2 13 -1 16 -3 -10 -8 -5 -7 -6 -11 -9 18 -18
right_child=1 3 -4 4 14 6 11 8 10 15 -12 -13 -14 -15 -16 -17 17 -19 -20
leaf_value=-0.0739240693186628 -0.94533051226552767 1.2989465362883894 0.56775975699415893 0.033782762238864804 0.44669510667207785 1.5178011861317959 -1.5695532033371433 -0.7982824398046855 -2.1082737279261461 2.1672324566780525 0.014975736646706218 0.54307911423902466 -0.11276995522190283 0.5407016816936866 1.1530252270945152 2.3127932716494257 -1.8488527694291002 -1.6403996015126303 -2.708352036827578
leaf_weight=45.299999535083771 41.599999725818634 19.900000184774399 27.69999971985817 38.999999463558197 21.500000208616257 29.300000011920929 27.799999922513962 27.79999965429306 38.399999588727951 21.100000023841858 26.899999618530273 21.699999988079071 27.999999701976776 19.399999976158142 15.900000214576719 68.699999034404755 45.499999493360519 20.39999994635582 18.400000274181366
leaf_count=75 74 46 46 60 50 59 53 44 63 43 41 43 46 38 39 105 74 39 46
internal_value=-0.0027718 0.0130404 -0.0251198 0.0238063 0.00900383 -0.00480641 0.00560081 -0.0303772 -0.0366967 0.0400638 -0.0210567 -0.0172727 -0.0080597 0.0288501 0.0395722 0.0471047 -0.0458073 -0.0482206 -0.05
internal_weight=604.3 353.9 250.4 214.1 104.4 139.8 98.2 222.7 177.4 109.7 65.3 49.5 67 48.7 37.4 89.8 112.1 84.3 63.9
internal_count=1084 656 428 389 195 267 193 382 307 194 104 96 106 97 89 148 203 159 120
cat_boundaries=0 1 2
cat_threshold=2 10
is_linear=0
shrinkage=0.05


Tree=11
num_leaves=21
num_cat=2
split_feature=47 2 30 15 12 29 38 9 38 10 15 15 14 43 71 16 15 33 63 12
split_gain=92.3024 24.3521 22.4691 20.5713 18.6091 15.5962 11.8439 9.32915 8.03794 9.82037 7.11664 6.16203 8.78821 5.13126 3.5674 2.89496 2.64585 0.343682 0.132322 1.42109e-14
threshold=0 1 9.05000000000007 39.159999999999989 103.34000000000002 -75.914999999999949 164.48204081632664 3566.7750000000005 204.14445578231337 206.29500000000004 84.950000000000017 32.664999999999999 118.105 0.89114215614517911 -27.275590767797642 0.53764378394411805 67.685000000000016 0.037659671649574906 0.84582024229052133 102.79000000000001
decision_type=1 1 2 2 2 2 2 2 2 2 2 2 2 2 2 2 2 2 2 2
left_child=2 3 7 14 10 -4 13 16 9 -7 -5 -8 -13 15 -2 -3 17 -1 -16 -19
right_child=1 6 5 4 -6 8 11 -9 -10 -11 -12 12 -14 -15 18 -17 -18 19 -20 -21
leaf_value=-1.2820572588995927 1.2079476483068325 1.4573978083682413 -2.4546599504755982 0.032716239728690824 0.69630048434787339 0.23175187636913241 -0.82764114248130305 -0.7976297517001999 0.18529788404428507 -0.41117675085173666 -0.10684433299082848 0.51592515852707344 -1.1301637554888664 -0.15469437850600565 1.9671110412696884 0.8823418641111499 -1.7424998305020196 -1.1949665573346433 2.6288594679095674 -2.2873539995095498
leaf_weight=20.299999833106995 24.79999965429306 28.399999976158142 24.199999868869781 36.099999487400055 32.500000417232513 28.699999511241913 30.099999666213989 22.900000095367432 29.899999529123306 27.599999606609344 27.799999743700027 36.999999970197678 24.199999958276749 18.200000047683716 24.500000029802322 18.400000274181366 25.700000047683716 46.699999243021011 49.699999153614044 23.300000101327896
leaf_count=35 38 56 44 55 79 41 49 49 44 42 47 73 47 38 50 46 53 68 71 50
internal_value=-0.00189684 0.0146005 -0.0251705 0.0257059 0.0105809 -0.00833333 -0.000871918 -0.0385529 0.00162413 -0.00950266 -0.00508607 -0.0125411 -0.00343137 0.0153846 0.0430303 0.0241453 -0.0443103 -0.0483389 0.0485175 -0.05
internal_weight=601 351.7 249.3 195.4 96.4 110.4 156.3 138.9 86.2 56.3 63.9 91.3 61.2 65 99 46.8 116 90.3 74.2 70
internal_count=1075 649 426 340 181 171 309 255 127 83 102 169 120 140 159 102 206 153 121 118
cat_boundaries=0 1 2
cat_threshold=2 1
is_linear=0
shrinkage=0.05


Tree=12
num_leaves=20
num_cat=1
split_feature=47 39 21 27 29 16 12 16 12 12 38 19 32 44 43 29 16 14 62
split_gain=90.4112 20.6226 19.1562 15.9203 13.6836 15.4833 11.1759 7.73226 8.36554 8.14878 6.85419 5.30046 3.92049 3.89874 3.58952 2.19798 1.30964 1.27163 0.319755
threshold=0 -20.106386243236624 4285.0000000000009 75.000000000000014 -74.179999999999879 0.32890324888081807 90.035000000000011 0.53280603112611902 144.905 109.265 179.96002267573684 525.00000000000011 0.79011333879763335 0.051176637368868703 0.11920827004321896 -93.989999999999768 0.43417907670164702 113.24500000000002 1726.8600000000004
decision_type=1 2 2 2 2 2 2 2 2 2 2 2 2 2 2 2 2 2 2
left_child=2 3 4 6 12 14 10 9 -9 13 -2 -5 -1 -8 -6 -3 -11 -17 -14
right_child=1 15 -4 11 5 -7 7 8 -10 16 -12 -13 18 -15 -16 17 -18 -19 -20
leaf_value=-1.2963457893079811 0.0092798945390819686 0.93586309153898561 0.41688004362161513 0.24350120714896228 -0.43987409352790147 0.10285716357786541 -0.01522471533800257 -0.94587227665054785 1.0128286360915624 1.0605589415223959 -0.27988353526311727 2.1373546509273114 -2.012844113431028 0.10530744698905095 -0.86291651455056373 2.4426554558906499 1.2067005895861864 1.3566252323831101 -2.1729862995340721
leaf_weight=22.699999958276749 43.999999403953552 22.700000315904617 28.999999761581421 25.599999666213989 32.899999439716339 31.499999552965164 26.899999976158142 23.500000238418579 21.100000292062759 17.500000238418579 40.899999380111694 36.099999397993088 21.199999868869781 23.699999839067459 42.399999290704727 27.699999630451202 16.400000244379044 25.099999725818634 64.700000047683716
leaf_count=44 68 56 50 40 47 48 53 55 52 43 61 52 38 42 61 43 41 41 131
internal_value=-0.00238415 0.0138667 -0.0257365 0.0075263 -0.0308728 -0.0181648 0.00107477 0.0103408 -0.00650224 0.0192308 -0.0130153 0.0299028 -0.0433702 0.00652174 -0.0304781 0.0370199 0.0382006 0.0426136 -0.0482538
internal_weight=595.6 351.2 244.4 275.7 215.4 106.8 214 129.1 44.6 84.5 84.9 61.7 108.6 50.6 75.3 75.5 33.9 52.8 85.9
internal_count=1066 647 419 507 369 156 415 286 107 179 129 92 213 95 108 140 84 84 169
cat_boundaries=0 1
cat_threshold=2
is_linear=0
shrinkage=0.05


Tree=13
num_leaves=23
num_cat=1
split_feature=47 20 39 38 12 30 30 9 9 38 11 43 29 11 23 16 12 11 10 10 63 17
split_gain=78.1762 21.9628 19.586 14.8751 20.1941 11.2509 11.1561 10.4919 10.488 7.91846 6.42723 6.41874 5.51543 8.56577 3.55749 3.37763 2.67122 0.757812 0.605815 0.0853224 0.0205032 7.10543e-15
threshold=0 1225.0000000000002 -20.879519875019536 205.88646258503414 103.34000000000002 -4.4950000000000037 7.5000000000001146 2936.0500000000006 1046.5350000000003 178.37481859410425 2821.7850000000003 0.91295874076040351 -67.144999999999968 3211.6900000000005 3365.0000000000005 0.51958018921060267 87.545000000000016 3068.5700000000006 200.87000000000003 251.43000000000004 0.84792986750046084 2015.0000000000002
decision_type=1 2 2 2 2 2 2 2 2 2 2 2 2 2 2 2 2 2 2 2 2 2
left_child=2 9 6 5 16 11 14 -4 -8 -2 -10 15 13 17 18 -3 -5 20 -1 21 -7 -20
right_child=1 3 7 4 -6 12 8 -9 10 -11 -12 -13 -14 -15 -16 -17 -18 -19 19 -21 -22 -23
leaf_value=-0.68400104661395267 0.16519929213887866 0.79729552602746612 -0.29027531638582299 -0.25374358868113517 0.35784051105788478 2.1398629203946289 -1.8995170882698513 0.76321972056734255 0.097714305398972107 -1.1692132517047118 -0.65327595584538622 -0.66523154494611247 0.47811266771753413 0.44447744040314174 -0.915539602528191 0.5843810496203693 -0.015533021687721239 1.063443387775876 -1.9632475133881444 -2.7849021084852348 2.4328414205405533 -1.5306263029462812
leaf_weight=20.099999785423279 33.699999809265137 17.800000220537186 28.999999582767487 24.399999648332596 31.500000357627869 19.900000005960464 26.099999785423279 24.299999892711639 26.799999594688416 27.99999988079071 33.999999523162842 16.400000154972076 43.499999552965164 44.199999541044235 21.499999940395355 22.000000327825546 23.799999862909317 24.899999678134918 22.699999779462814 17.100000232458115 34.999999403953552 27.099999845027924
leaf_count=33 61 43 44 37 75 40 45 45 40 52 52 38 72 73 41 55 43 39 38 42 50 49
internal_value=-0.00252525 0.0122021 -0.0241456 0.0177324 -0.000815558 0.0243406 -0.0314739 0.00272045 -0.0181243 -0.0149919 -0.00674342 0.00498221 0.0308358 0.0362097 -0.0421659 0.0158291 -0.0211618 0.04599 -0.0466667 -0.0489537 0.0492714 -0.05
internal_weight=613.8 365.1 248.7 303.4 79.7 223.7 195.4 53.3 86.9 61.7 60.8 56.2 167.5 124 108.5 39.8 48.2 79.8 87 66.9 54.9 49.8
internal_count=1107 678 429 565 155 410 340 89 137 113 92 136 274 202 203 98 80 129 162 129 90 87
cat_boundaries=0 1
cat_threshold=2
is_linear=0
shrinkage=0.05


Tree=14
num_leaves=21
num_cat=2
split_feature=15 8 2 71 10 15 29 16 47 58 23 57 29 33 16 31 45 30 36 35
split_gain=72.0447 31.4886 20.3449 19.8311 19.727 15.8892 11.6873 12.066 9.45128 9.16229 8.57433 5.29507 4.86834 2.55767 2.21459 1.00831 0.831189 0.482402 0.296573 0.0242563
threshold=36.664999999999999 5780.7256235827672 0 -19.661048464784439 209.54000000000005 33.159999999999989 -74.179999999999879 0.33788768320015633 1 142.64500000000001 2905.0000000000005 93.790000000000006 -60.539999999999843 0.19563046943192747 0.27302001651566449 -177.08499999999978 0.015787321559761706 1.729999999999791 0.079700112700924461 0.036777314161613957
decision_type=2 2 1 2 2 2 2 2 1 2 2 2 2 2 2 2 2 2 2 2
left_child=2 3 14 6 -3 9 8 12 -2 -4 -5 -6 -8 -7 -1 -10 -13 -16 19 -17
right_child=1 4 5 10 11 13 7 -9 15 -11 -12 16 -14 -15 17 18 -18 -19 -20 -21
leaf_value=0.67426022566251942 -0.62816551767379558 -0.056875343763976627 -0.69366483623761976 -0.23107501477136175 0.14362645662609841 0.8151796452283897 -0.69797898379051626 0.07993861151100462 -2.008675124064196 0.78483911483817237 0.53567348574721252 0.93706753593706615 -0.39593909779785785 1.1107697657435718 2.5995593669627883 -2.034732712048879 0.79872422130732612 2.0409450410046421 -1.6999369191221387 -1.9026667836753353
leaf_weight=25.099999636411667 26.500000149011612 46.0999995470047 36.099999845027924 32.299999564886093 21.599999964237213 22.300000041723251 45.499999225139618 27.999999612569809 22.200000017881393 23.900000065565109 34.299999862909317 20.900000065565109 27.699999541044235 28.199999928474426 21.099999934434891 18.400000005960464 18.400000184774399 50.39999932050705 19.300000041723251 42.399999737739563
leaf_count=38 58 77 67 50 42 46 65 43 45 50 64 44 40 54 40 37 43 78 40 76
internal_value=-0.000483052 -0.0127849 0.0234911 -0.0211733 0.0104673 0.0060166 -0.0281304 -0.015415 -0.0381211 -0.0108333 0.00285285 0.0291461 -0.0260929 0.0272277 0.0388368 -0.0450147 0.0400763 0.0473427 -0.047628 -0.0493421
internal_weight=610.7 403.6 207.1 296.6 107 110.5 230 101.2 128.8 60 66.6 60.9 73.2 50.5 96.6 102.3 39.3 71.5 80.1 60.8
internal_count=1097 724 373 518 206 217 404 148 256 117 114 129 105 100 156 198 87 118 153 113
cat_boundaries=0 1 2
cat_threshold=1 4
is_linear=0
shrinkage=0.05


Tree=15
num_leaves=21
num_cat=1
split_feature=15 8 15 25 38 13 14 38 13 12 47 29 60 31 12 63 10 16 16 45
split_gain=61.8038 26.4528 25.9696 19.0864 18.9779 16.9106 12.542 10.7417 13.039 8.6023 7.30863 6.13456 5.78847 4.52254 4.15207 4.29498 3.3659 2.93914 0.455501 0.154096
threshold=36.664999999999999 5780.7256235827672 33.159999999999989 455.00000000000006 26.152766439909445 48.720000000000006 130.63500000000002 218.57953514739236 56.820000000000007 93.585000000000008 0 -99.879999999999981 3704.6200000000003 283.73500000000007 87.810000000000016 0.92562849697661498 194.63000000000002 0.59753727196141393 0.28764389057879108 0.025910940674549604
decision_type=2 2 2 2 2 2 2 2 2 2 1 2 2 2 2 2 2 2 2 2
left_child=2 4 3 16 6 9 13 10 -9 -3 -6 -4 -5 -2 15 -12 -1 -7 -13 -16
right_child=1 5 11 12 7 17 -8 8 -10 -11 14 18 -14 -15 19 -17 -18 -19 -20 -21
leaf_value=-0.023258784123247001 0.021339157669468992 -0.10536845488910584 0.94895488259880312 0.41833941157871601 -0.45925641432654979 0.85982773553035896 -0.64603541883891891 0.043250581956445801 -1.9669785621237654 0.053498165338988546 -0.53878468173746552 1.5094049371323974 1.7337947208240863 0.4091122113560543 -2.0311818701456339 -0.95136812928007597 -1.0451374342033981 0.29435032389933602 1.9308225223246656 -1.5883016367918064
leaf_weight=26.699999928474426 27.799999922513962 39.899999499320984 31.9000004529953 22.399999976158142 31.399999797344208 30.800000101327896 27.69999971985817 33.999999523162842 26.200000256299973 21.60000005364418 25.899999648332596 31.19999948143959 29.199999630451202 26.499999612569809 48.499999761581421 30.099999487400055 21.99999988079071 20.599999904632568 41.099999517202377 21.699999898672104
leaf_count=51 53 63 79 44 56 65 46 52 61 45 40 45 46 40 89 43 40 38 66 40
internal_value=-0.0014744 -0.0126121 0.0210024 0.00284148 -0.0203803 0.00801594 0.000121951 -0.0280992 -0.0101329 -0.0096748 -0.0349619 0.0384837 0.024031 0.0140884 -0.0403328 -0.0301786 -0.0196099 0.0291829 0.0465422 -0.048433
internal_weight=617.2 412.7 204.5 100.3 299.8 112.9 82 217.8 60.2 61.5 157.6 104.2 51.6 54.3 126.2 56 48.7 51.4 72.3 70.2
internal_count=1102 731 371 181 520 211 139 381 113 108 268 190 90 93 212 83 91 103 111 129
cat_boundaries=0 1
cat_threshold=4
is_linear=0
shrinkage=0.05


Tree=16
num_leaves=23
num_cat=2
split_feature=15 62 3 31 15 14 47 30 9 18 35 58 72 31 30 16 63 29 31 14 63 17
split_gain=67.6452 25.7858 20.2903 16.0744 15.7792 13.5829 10.0896 10.1355 9.16308 13.8832 8.66013 8.11268 7.89164 6.20519 3.89809 3.79625 2.71099 2.5017 2.20599 1.14363 0.385759 0.0660472
threshold=36.664999999999999 4054.6650000000004 0 -297.06500000000023 33.159999999999989 130.60500000000005 1 7.5000000000001146 1046.5350000000003 2875.0000000000005 0.11548015726832657 142.64500000000001 -41.451677321138462 199.94000000000008 12.049999999999956 0.28266363969194164 0.72800332109169497 -100.28000000000007 -163.36999999999986 115.71500000000002 0.82457745303925478 2025.0000000000002
decision_type=2 2 1 2 2 2 1 2 2 2 2 2 2 2 2 2 2 2 2 2 2 2
left_child=2 3 15 -2 11 10 7 16 -9 -10 14 -4 -8 18 -3 -1 -5 -6 -14 -18 -17 -21
right_child=1 5 4 6 17 -7 12 8 9 -11 -12 -13 13 -15 -16 20 19 -19 -20 21 -22 -23
leaf_value=0.86637236850370192 0.6303078934393167 0.7519326163825395 -0.67185880998681569 -1.3894081251477362 0.72697291883703008 -0.41001826398656738 0.065873973872123057 -1.6089935422537112 0.12644494565723435 -0.61373364789697293 0.0033736084777820198 0.74676009830242607 -0.21240040946141647 0.045682291364057818 0.85280264629599822 1.5533457636362147 -1.391521578514314 1.034275686295772 -1.3002524069980579 -1.5133809796587501 2.0458623036596322 -1.03788505152613
leaf_weight=25.69999960064888 13.099999904632567 21.200000047683716 38.799999862909317 15.600000232458113 25.100000351667404 29.399999767541885 23.300000011920929 27.299999803304672 28.0999995470047 36.799999475479126 40.499999910593033 22.500000089406967 21.299999982118607 25.199999749660492 21.499999850988388 19.10000017285347 29.79999977350235 23.999999642372131 24.199999868869781 19.299999952316284 48.999999165534973 35.899999618530273
leaf_count=38 23 44 73 39 62 51 47 48 41 56 78 48 42 42 38 44 52 36 44 37 70 59
internal_value=-0.00164586 -0.013297 0.0218903 -0.020957 0.00481728 0.0071048 -0.023431 -0.0299793 -0.0180043 -0.0077812 0.0174279 -0.0116639 -0.01 -0.0183168 0.0331382 0.0374759 -0.0409543 0.0263747 -0.0293407 -0.0444706 0.0476505 -0.0487319
internal_weight=616.7 412.5 204.2 299.9 110.4 112.6 286.8 192.8 92.2 64.9 83.2 61.3 94 70.7 42.7 93.8 100.6 49.1 45.5 85 68.1 55.2
internal_count=1112 741 371 530 219 211 507 332 145 97 160 121 175 128 82 152 187 98 86 148 114 96
cat_boundaries=0 1 2
cat_threshold=3 2
is_linear=0
shrinkage=0.05


Tree=17
num_leaves=22
num_cat=1
split_feature=47 30 39 9 40 14 32 60 38 58 16 57 61 44 44 39 10 30 58 38 30
split_gain=63.7448 19.1633 17.7152 16.428 11.1388 15.2015 10.7635 10.6825 7.00323 6.59817 7.75714 6.53508 7.74334 5.75882 3.65493 3.65007 2.97109 2.10474 1.27409 0.700907 0.165438
threshold=0 7.5000000000001146 -20.106386243236624 1046.5350000000003 -29.569118119106133 133.01000000000002 0.73306492212954288 4047.3300000000004 164.48204081632664 141.965 0.42792071206168125 74.300000000000026 2145.7300000000005 0.037567337680748457 0.055429543521406256 -23.106851794427261 202.82500000000002 3.7650000000001 171.17000000000004 215.47131519274356 -4.4950000000000037
decision_type=1 2 2 2 2 2 2 2 2 2 2 2 2 2 2 2 2 2 2 2 2
left_child=1 6 7 -3 -5 -6 -1 8 9 10 -2 14 -13 -9 -10 -14 -4 -18 19 20 -8
right_child=2 3 16 4 5 -7 18 13 11 -11 -12 12 15 -15 -16 -17 17 -19 -20 -21 -22
leaf_value=-0.25674651324638076 0.35221750476806712 -1.5273991240526243 1.3326306766043472 0.15352270943699475 0.24811741303240337 -0.58304696550212431 -1.4246783228266484 0.028651475974316977 -0.86733082260897953 0.91635528728852556 -0.61236345910756229 0.4916926899003688 0.047529558378432979 1.4526449758821329 -0.26497067682934244 -0.074760340225790853 0.56992611565751439 1.2118196254676104 -0.69579579655483492 -1.7868688316044807 -1.165435868787567
leaf_weight=24.500000029802322 23.19999971985817 26.199999809265137 39.999999523162842 27.19999960064888 39.199999421834946 30.899999499320984 21.700000166893005 23.899999886751175 32.499999701976776 31.000000149011612 19.900000184774399 25.799999624490738 31.799999982118607 35.899999707937241 24.199999958276749 28.89999982714653 17.800000220537186 21.699999898672104 21.499999761581421 19.000000059604645 35.899999529123306
leaf_count=50 37 46 64 41 59 45 49 44 55 67 46 39 63 62 47 52 43 40 35 40 56
internal_value=-0.00116974 -0.0207436 0.0123388 -0.00684211 0.00262076 -0.00791726 -0.0347471 0.00636954 0.00121951 0.0136977 0.00104408 -0.00523743 0.0034104 0.0250836 -0.0184303 -0.00634267 0.0331447 0.0234177 -0.0421509 -0.0451697 -0.0479167
internal_weight=602.7 246.1 356.6 123.5 97.3 70.1 122.6 277.1 217.3 74.1 43.1 143.2 86.5 59.8 56.7 60.7 79.5 39.5 98.1 76.6 57.6
internal_count=1080 421 659 191 145 104 230 512 406 150 83 256 154 106 102 115 147 83 180 145 105
cat_boundaries=0 1
cat_threshold=2
is_linear=0
shrinkage=0.05


Tree=18
num_leaves=20
num_cat=2
split_feature=15 8 12 2 38 38 63 15 14 15 16 47 29 31 12 33 63 29 58
split_gain=68.7068 25.1042 18.7945 16.8819 15.9974 13.5446 14.692 10.9758 9.24472 9.17593 6.57416 6.4122 5.63978 5.14003 3.56255 3.34375 2.6463 0.850496 0.430429
threshold=36.664999999999999 5780.7256235827672 113.17 0 26.152766439909445 216.58895691609976 0.81836615931139722 33.159999999999989 132.05000000000004 89 0.27302001651566449 1 -64.699999999999918 -100.47500000000001 87.810000000000016 0.42612296525572618 0.92562849697661498 -85.654999999999959 135.05500000000004
decision_type=2 2 2 1 2 2 2 2 2 2 2 1 2 2 2 2 2 2 2
left_child=3 4 9 10 8 11 -7 13 12 -3 -1 -6 -2 -5 16 -9 -13 -12 -16
right_child=1 2 -4 7 5 6 -8 15 -10 -11 17 14 -14 -15 18 -17 -18 -19 -20
leaf_value=0.46283940573094817 0.67978469388016216 0.10777579131618804 0.94714307663619945 -0.96442569990172489 -0.42805005105607319 -1.8044997489527022 0.072670747700939578 0.52364134865138945 -0.68050531577687023 -0.099758629227329018 2.0046625378790419 -0.44531501642458021 -0.018919330357820119 0.0074719767023148425 -1.6576516913692894 0.98112932818226772 -0.82028708156580632 1.7143774057870473 -1.4510291678499934
leaf_weight=24.399999648332596 30.099999934434891 36.299999535083771 29.900000423192978 19.300000041723251 32.199999809265137 29.20000034570694 33.59999942779541 27.600000143051147 25.299999684095383 36.599999785423279 23.39999994635582 25.299999684095383 26.399999588727951 37.299999952316284 51.499999761581421 22.099999904632568 34.999999403953552 50.299999296665192 21.299999892711639
leaf_count=37 58 57 74 40 58 70 48 60 40 66 45 40 39 73 95 41 50 77 39
internal_value=-0.00208232 -0.0138236 0.00758755 0.0216243 -0.0209261 -0.0277291 -0.00796178 0.00520206 -0.00195599 -0.00610425 0.0352914 -0.035239 0.00929204 -0.00936396 -0.0400826 0.022837 -0.0310945 0.0463365 -0.0475275
internal_weight=617.1 412.7 102.8 204.4 309.9 228.1 62.8 106.3 81.8 72.9 98.1 165.3 56.5 56.6 133.1 49.7 60.3 73.7 72.8
internal_count=1107 734 197 373 537 400 118 214 137 123 159 282 97 113 224 101 90 122 134
cat_boundaries=0 1 2
cat_threshold=1 4
is_linear=0
shrinkage=0.05


end of trees

feature_importances:
base_cut_gap=32
valley_dist_from_cutoff_ms=26
base_pre_to_expected_ms=24
base_pre=21
base_ovl_ratio=20
base_cons_gap=19
voicing_class=18
mapping_confidence=15
base_offset_to_expected_ms=13
base_cutoff_to_next_anchor_ms=12
next_base_pre=11
base_offset=10
energy_mean=9
db_mean=9
db_min=9
next_base_offset=9
base_cons=8
zcr_mean=8
wav_duration_ms=7
base_ovl=7
next_base_cutoff_abs=7
prev_base_cutoff_abs=6
alias_type=5
base_cutoff_abs=5
next_phone_gap_ms=5
energy_min=5
prev_base_pre=5
curr_phone_len_ms=4
curr_vowel_start_ms=4
f0_voicing_near_pre=4
curr_phone_start_ms=3
curr_phone_end_ms=3
syllable_len_ms=3
energy_slope_pre=3
prev_base_offset=3
alias_group=2
row_ratio_in_wav=2
curr_vowel_end_ms=2
curr_vowel_len_ms=2
syllable_start_ms=2
energy_max=2
spectral_flux_mean=2
is_tense=2
local_peak_db=2
syllable_end_ms=1
energy_slope_post=1
local_valley_db=1

parameters:
[boosting: gbdt]
[objective: regression_l1]
[metric: l1]
[tree_learner: serial]
[device_type: cpu]
[data_sample_strategy: bagging]
[data: ]
[valid: ]
[num_iterations: 500]
[learning_rate: 0.05]
[num_leaves: 31]
[num_threads: 0]
[seed: 0]
[deterministic: 0]
[force_col_wise: 0]
[force_row_wise: 0]
[histogram_pool_size: -1]
[max_depth: -1]
[min_data_in_leaf: 40]
[min_sum_hessian_in_leaf: 0.001]
[bagging_fraction: 0.85]
[pos_bagging_fraction: 1]
[neg_bagging_fraction: 1]
[bagging_freq: 1]
[bagging_seed: 3]
[bagging_by_query: 0]
[feature_fraction: 0.85]
[feature_fraction_bynode: 1]
[feature_fraction_seed: 2]
[extra_trees: 0]
[extra_seed: 6]
[early_stopping_round: 0]
[early_stopping_min_delta: 0]
[first_metric_only: 0]
[max_delta_step: 0]
[lambda_l1: 0]
[lambda_l2: 0]
[linear_lambda: 0]
[min_gain_to_split: 0]
[drop_rate: 0.1]
[max_drop: 50]
[skip_drop: 0.5]
[xgboost_dart_mode: 0]
[uniform_drop: 0]
[drop_seed: 4]
[top_rate: 0.2]
[other_rate: 0.1]
[min_data_per_group: 100]
[max_cat_threshold: 32]
[cat_l2: 10]
[cat_smooth: 10]
[max_cat_to_onehot: 4]
[top_k: 20]
[monotone_constraints: ]
[monotone_constraints_method: basic]
[monotone_penalty: 0]
[feature_contri: ]
[forcedsplits_filename: ]
[refit_decay_rate: 0.9]
[cegb_tradeoff: 1]
[cegb_penalty_split: 0]
[cegb_penalty_feature_lazy: ]
[cegb_penalty_feature_coupled: ]
[path_smooth: 0]
[interaction_constraints: ]
[verbosity: -1]
[saved_feature_importance_type: 0]
[use_quantized_grad: 0]
[num_grad_quant_bins: 4]
[quant_train_renew_leaf: 0]
[stochastic_rounding: 1]
[linear_tree: 0]
[max_bin: 255]
[max_bin_by_feature: ]
[min_data_in_bin: 3]
[bin_construct_sample_cnt: 200000]
[data_random_seed: 1]
[is_enable_sparse: 1]
[enable_bundle: 1]
[use_missing: 1]
[zero_as_missing: 0]
[feature_pre_filter: 1]
[pre_partition: 0]
[two_round: 0]
[header: 0]
[label_column: ]
[weight_column: ]
[group_column: ]
[ignore_column: ]
[categorical_feature: 0,1,2,3,46,47,50,51,52,53,55,56,70]
[forcedbins_filename: ]
[precise_float_parser: 0]
[parser_config_file: ]
[objective_seed: 5]
[num_class: 1]
[is_unbalance: 0]
[scale_pos_weight: 1]
[sigmoid: 1]
[boost_from_average: 1]
[reg_sqrt: 0]
[alpha: 0.9]
[fair_c: 1]
[poisson_max_delta_step: 0.7]
[tweedie_variance_power: 1.5]
[lambdarank_truncation_level: 30]
[lambdarank_norm: 1]
[label_gain: ]
[lambdarank_position_bias_regularization: 0]
[eval_at: ]
[multi_error_top_k: 1]
[auc_mu_weights: ]
[num_machines: 1]
[local_listen_port: 12400]
[time_out: 120]
[machine_list_filename: ]
[machines: ]
[gpu_platform_id: -1]
[gpu_device_id: -1]
[gpu_use_dp: 0]
[num_gpu: 1]

end of parameters

pandas_categorical:[["korean"], ["cvvc"], ["cv", "cv_head", "vc", "vcv", "vv"], ["cv", "cv_glide", "cv_head", "cv_head_glide", "vc_other", "vc_sonorant", "vcv", "vv"], ["other", "plosive", "sibilant", "sonorant"], ["unknown", "voiced", "voiceless"], ["liquid", "nasal", "none", "other"], ["", "a", "e", "eo", "eu", "eui", "i", "o", "u", "wa", "we", "weo", "wi", "ya", "ye", "yeo", "yo", "yu"], ["head", "mid", "tail"], ["", "vc", "vcv", "vv"], ["", "br", "cv", "cv_head", "vc", "vcv", "vv"], [""], ["unknown"]]
