tree
version=v4
num_class=1
num_tree_per_iteration=1
label_index=0
max_feature_idx=74
objective=regression_l1
feature_names=language format_type alias_type alias_group row_index_in_wav row_ratio_in_wav is_head_row is_tail_row wav_duration_ms base_offset base_cons base_cutoff_abs base_pre base_ovl base_cons_gap base_cut_gap base_ovl_ratio curr_phone_start_ms curr_phone_end_ms curr_phone_len_ms curr_vowel_start_ms curr_vowel_end_ms curr_vowel_len_ms syllable_start_ms syllable_end_ms syllable_len_ms prev_phone_gap_ms next_phone_gap_ms expected_anchor_ms base_offset_to_expected_ms base_pre_to_expected_ms base_cutoff_to_next_anchor_ms energy_mean energy_min energy_max energy_slope_pre energy_slope_post valley_energy valley_dist_from_cutoff_ms db_mean db_min db_silence_ratio f0_voicing_mean f0_voicing_near_pre zcr_mean spectral_flux_mean onset_class voicing_class is_tense is_diphthong coda_type vowel_class mora_position bridge_type is_nasal_or_sonorant prev_alias_type next_alias_type prev_base_pre next_base_pre prev_base_offset next_base_offset prev_base_cutoff_abs next_base_cutoff_abs mapping_confidence used_alias_occurrence_mapping used_exact_vowel_fix used_nuclei_fallback used_alias_based_syllables words_vs_alias_score_margin jump_blocked_flag mapping_reason_code local_peak_db local_valley_db mel_window_energy_mean mel_window_silence_ratio
feature_infos=none none -1:1:0:2:3:4 -1:3:0:1:2:4:6:7 [0:25] [0:1] [0:1] [0:1] [0:8436.7346938775518] [919.89999999999998:6231.6400000000003] [141.46000000000001:378.12] [1151.3800000000001:6615.0700000000006] [37.149999999999999:255.53999999999999] [5.0800000000000001:210.34] [30.690000000000001:175.38999999999999] [12:220.00000000000003] [0.079976649153531795:0.94655138534093142] [0:6300] [1020:6880] [9.9999999999995435:3010] [980:6300] [1020:6880] [29.999999999999091:3010] [0:6290] [1020:6880] [30:3010] [0:1970] [0:2040] [980:6300] [-260:57.949999999999818] [-47.849999999999909:247.19999999999985] [-4524.5299999999997:1975.9300000000001] [0:1] [0:1] [0:1] [-0.54386348409758756:1] [-0.79249063494850347:0.70672061486523341] [0:1] [0:402.81641723356097] [-62.229505001708397:0] [-92.242301120719404:0] [0:0.67647058823529416] [0:1] [0:1] [0:0.43777134587554267] [0:0.0850263663864914] -1:1:3:0:2 -1:1:2:0 [0:1] [0:1] -1:2:3 -1:0:13:14:2:1:3:8:7:17:9:10:15:11:12:16:6:5 -1:1:0:2 -1:0:1:2:3 [0:1] -1:2:3:0:4:5:6 none [0:360] [0:360] [0:6676.6800000000003] [0:6231.6400000000003] [0:6924.75] [0:6615.0700000000006] [0.60108261667441332:1] [0:1] [0:1] none none [-23.135000000000041:1587.575] none none [-62.229505001708397:0] [-92.242301120719404:0] [0:1] [0:0.67647058823529416]
tree_sizes=2141 2349 2167 2052 2049 2164 2358 1858 2239 2162 2350 2044 2155 2458 2059 2177 2181 2264

Tree=0
num_leaves=20
num_cat=1
split_feature=15 19 42 5 61 33 12 12 44 47 35 57 33 18 5 39 10 63 22
split_gain=81.1664 68.2737 34.4567 31.92 30.8189 16.3714 13.2982 10.3251 6.81733 6.35585 6.02444 4.39684 3.14866 1.50722 1.64098 1.42866 1.0734 0.245596 0.0783804
threshold=36.664999999999999 475.00000000000006 0.074915112491750813 0.081939799331103666 1730.0850000000003 0.68320769417038429 90.035000000000011 87.810000000000016 0.060533030904451307 0 0.099513441221082466 78.770000000000024 0.30031567639686069 3305.0000000000005 0.4365384615384616 -27.994885386790759 222.31000000000003 0.78601937960684232 295.00000000000006
decision_type=2 2 2 2 2 2 2 2 2 1 2 2 2 2 2 2 2 2 2
left_child=3 2 -2 6 -3 9 -1 -7 15 -4 16 -9 -8 18 -15 -5 -6 -17 -11
right_child=1 4 5 8 10 7 12 11 -10 13 -12 -13 -14 14 -16 17 -18 -19 -20
leaf_value=-13.702300435304641 -15.044750404357909 -13.368600440025329 -13.020500421524048 -17.158300590515136 -16.061450386047362 -15.683600425720215 -14.498550415039062 -11.324350357055664 -17.448650550842284 -11.685900497436524 -15.178550434112548 -13.675200434873114 -15.261650466918946 -13.675250434875489 -13.675150434870739 -16.9402006149292 -15.50405044555664 -18.045200538635253 -11.148900413513184
leaf_weight=30.599999606609344 43.499999731779099 32.499999612569809 20.200000166893005 24.499999761581421 32.899999439716339 22.099999636411667 24.50000011920929 20.000000029802322 21.599999964237213 19.999999850988388 39.499999403953552 19.900000005960464 18.60000005364418 32.900000065565109 20.099999964237213 18.400000274181366 23.599999815225601 66.999998986721039 79.899999737739563
leaf_count=48 78 52 46 41 47 32 53 41 42 35 59 40 39 68 39 46 41 100 151
internal_value=-14.3951 -14.3822 -14.3683 -14.4207 -14.4123 -14.3607 -14.3944 -14.3827 -14.4355 -14.3528 -14.4266 -14.3676 -14.4123 -14.3493 -14.3561 -14.4405 -14.437 -14.4436 -14.3457
internal_weight=612.3 407.1 278.6 205.2 128.5 235.1 73.7 62 131.5 173.1 96 39.9 43.1 152.9 53 109.9 56.5 85.4 99.9
internal_count=1098 729 530 369 199 452 140 113 229 339 147 81 92 293 107 187 88 146 186
cat_boundaries=0 1
cat_threshold=4
is_linear=0
shrinkage=1


Tree=1
num_leaves=22
num_cat=3
split_feature=3 47 40 5 16 13 30 29 47 30 15 12 33 27 68 15 33 60 63 44 58
split_gain=80.5544 64.7906 38.8759 32.5969 16.7435 16.6036 13.7566 11.156 7.85019 9.07839 6.87771 5.99147 4.26275 4.05051 2.57916 2.13101 0.657515 0.226593 0.0754474 0.0281586 1.42109e-14
threshold=0 1 -23.295346499924616 0.039230769230769208 0.25671875181433584 25.850000000000005 13.910000000000197 -99.879999999999981 2 9.3500000000000245 35.249999999999993 84.77500000000002 0.30681969211770371 1.0000000180025095e-35 50.741999999999997 39.985000000000007 0.76666491942949744 4194.8450000000003 0.8491250569505373 0.069038843209526468 81.52500000000002
decision_type=1 1 2 2 2 2 2 2 1 2 2 2 2 2 2 2 2 2 2 2 2
left_child=1 3 5 10 -2 -3 -4 12 18 11 -1 -10 -5 16 -9 -11 17 19 -6 20 -7
right_child=4 2 6 7 8 13 -8 14 9 15 -12 -13 -14 -15 -16 -17 -18 -19 -20 -21 -22
leaf_value=1.0270650330185891 0.46288001537322998 0.99033002853393559 0.68350752174912488 -1.2110899066925049 -3.728239831924439 3.352044935226441 -1.2462274837493899 -1.6583350086212159 0.24728002548217776 -2.1286399745941162 0.038165015280246718 -2.3051225662231447 0.62071001988399077 0.58434502487420115 -3.4783399486541748 -1.0889974975585939 2.8871174812316895 0.6837625217437745 -2.9075973892211913 2.8101450634002685 2.7900450420379639
leaf_weight=23.19999971985817 22.799999624490738 41.599999457597733 24.200000047683716 18.000000268220901 21.699999898672104 28.599999845027924 30.599999606609344 30.999999612569809 24.599999606609344 27.699999630451202 38.299999922513962 25.200000286102295 16.300000131130219 26.099999785423279 38.699999392032623 24.099999845027924 19.699999958276749 18.900000125169754 38.499999344348907 18.60000005364418 55.199999928474426
leaf_count=37 33 65 50 45 40 52 48 49 36 43 74 60 37 45 57 43 38 42 55 39 108
internal_value=-0.00047262 0.0114123 0.0270778 -0.0128399 -0.0272354 0.036919 -0.0104015 -0.0299038 -0.0343634 -0.0258858 0.0160163 -0.0106426 -0.00655977 0.0439557 -0.0413917 -0.0405405 0.047305 0.048681 -0.0486711 0.0496094 0.05
internal_weight=613.6 429 263.5 165.5 184.6 208.7 54.8 104 161.8 101.6 61.5 49.8 34.3 167.1 69.7 51.8 141 121.3 60.2 102.4 83.8
internal_count=1096 786 487 299 310 389 98 188 277 182 111 96 82 324 106 86 279 241 95 199 160
cat_boundaries=0 1 2 3
cat_threshold=13 4 4
is_linear=0
shrinkage=0.05


Tree=2
num_leaves=20
num_cat=1
split_feature=3 40 27 13 33 12 38 24 33 14 43 22 4 57 10 32 29 31 12
split_gain=79.3135 51.8142 31.872 17.3236 14.7912 11.0002 10.6835 7.66551 7.21531 7.61275 5.58485 5.13386 3.49827 6.3743 3.25927 2.44493 1.39783 1.19973 0.113652
threshold=0 -21.669638129858786 175.00000000000003 19.560000000000006 0.71093313038544459 94.170000000000016 185.5129251700678 2535.0000000000005 0.011858554676550651 106.47500000000001 0.8366202790065459 384.99999999999983 2.5000000000000004 93.790000000000006 219.29000000000005 0.8332996339440486 -105.89499999999997 -117.43999999999981 118.42500000000003
decision_type=1 2 2 2 2 2 2 2 2 2 2 2 2 2 2 2 2 2 2
left_child=1 2 4 -2 6 -6 8 -5 -1 -10 -11 -3 13 16 17 -16 -8 -9 -14
right_child=3 11 -4 7 5 -7 12 14 9 10 -12 -13 18 -15 15 -17 -18 -19 -20
leaf_value=1.3535052647590637 0.43973601460456851 -2.7969956164360052 -2.1060847172166106 -1.7039163494110108 -0.84390302705764775 2.2275541720961338 3.2465926899909974 -3.0939278311729432 -0.085062970638275115 2.0073394312858581 0.39293177944421775 -1.0243231539726259 0.54435526964638858 1.1181602731322056 -0.96549759674072266 -1.0220226125717164 3.2907277920246125 -2.6029530053138736 0.64973214565738457
leaf_weight=21.199999958276749 24.899999588727951 28.499999910593033 40.899999469518661 25.800000160932541 29.099999517202377 32.00000011920929 17.900000154972076 26.899999707937241 40.399999797344208 32.599999904632568 21.599999874830246 43.399999707937241 49.29999977350235 21.200000047683716 20.199999898672104 33.099999666213989 28.099999636411667 51.899999231100082 16.800000250339508
leaf_count=41 36 54 64 57 42 68 41 44 74 62 39 77 91 44 37 55 44 78 42
internal_value=1.65072e-05 0.0118938 0.020094 -0.0266598 0.0255642 0.00351882 0.0309715 -0.0342305 0.0198618 0.0139535 0.0261993 -0.0264951 0.0406227 0.0325893 -0.0390992 -0.0295497 0.0430435 -0.0455584 0.0487897
internal_weight=605.8 423 351.1 182.8 310.2 61.1 249.1 157.9 115.8 94.6 54.2 71.9 133.3 67.2 132.1 53.3 46 78.8 66.1
internal_count=1090 783 652 307 588 110 478 271 216 175 101 131 262 129 214 92 85 122 133
cat_boundaries=0 1
cat_threshold=13
is_linear=0
shrinkage=0.05


Tree=3
num_leaves=19
num_cat=2
split_feature=15 29 38 45 3 15 30 5 44 47 63 15 16 14 45 17 39 63
split_gain=77.4472 68.9507 34.88 33.7584 26.4757 16.5458 16.5302 14.7603 8.88145 8.30474 4.80386 3.02881 1.79368 1.79521 0.645498 0.0801809 0.06185 1.42109e-14
threshold=36.664999999999999 -74.904999999999959 53.757448979592034 0.017883792961051356 0 33.159999999999989 9.3500000000000245 0.17424242424242423 0.083215197051318371 1 0.75017145490238446 39.990000000000002 0.53697773235098512 130.45000000000005 0.012145112038874202 3665.0000000000005 -26.779483958399755 0.79242157509453259
decision_type=2 2 2 2 1 2 2 2 2 1 2 2 2 2 2 2 2 2
left_child=4 2 -2 6 5 -1 -3 -8 -7 -4 -6 -9 14 -14 -11 17 -12 -16
right_child=1 3 9 -5 10 8 7 11 -10 12 16 -13 13 -15 15 -17 -18 -19
leaf_value=0.75848650935590267 -0.9436216691792304 0.49114922612905504 0.76757255404902103 0.81481525614451089 -2.1446705822944643 -1.9290481127411128 -0.015684933400154043 -1.3802999350786209 0.040509913048148063 0.70089830335946179 -3.2747126059293752 -1.2549499366044998 1.0595074404954912 3.2208131958723065 2.9674131561994557 0.60682825682525876 -3.3164732711076739 3.0840757169008257
leaf_weight=39.099999666213989 26.00000011920929 30.199999511241913 24.900000125169754 45.999999344348907 22.400000333786011 30.399999916553497 34.699999421834946 53.999999105930328 19.800000071525574 27.699999898672104 23.199999630451202 27.999999791383743 18.200000137090683 17.60000017285347 28.000000417232513 19.5 63.399999290704727 48.899999231100082
leaf_count=67 56 44 54 70 56 58 50 78 42 52 34 49 41 41 70 39 103 72
internal_value=0.000348837 0.012918 0.032685 -0.00868326 -0.0252395 -0.00226586 -0.020388 -0.0289203 -0.0215139 0.0403139 -0.0401681 -0.0404878 0.0444966 0.0346369 0.0473409 0.0492739 -0.0491917 0.05
internal_weight=602 403.7 210.8 192.9 198.3 89.3 146.9 116.7 50.2 184.8 109 82 159.9 35.8 124.1 96.4 86.6 76.9
internal_count=1076 716 425 291 360 167 221 177 100 369 193 127 315 82 233 181 137 142
cat_boundaries=0 1 2
cat_threshold=12 4
is_linear=0
shrinkage=0.05


Tree=4
num_leaves=19
num_cat=2
split_feature=47 3 5 38 13 29 29 9 13 18 38 39 45 68 22 16 30 32
split_gain=77.4243 54.0795 49.8252 28.8319 16.5972 13.2116 12.8305 8.68471 6.72546 4.49418 2.38579 2.36742 2.16601 1.96514 0.589139 0.380295 0.290246 1.42109e-14
threshold=0 1 0.046536796536796508 82.152414965986523 23.270000000000003 -74.179999999999879 -103.99499999999988 2428.9600000000005 33.095000000000006 2535.0000000000005 185.96503401360556 -25.701061795817953 0.024288540597540605 102.5185 295.00000000000006 0.53697773235098512 5.45000000000016 0.92129676440518093
decision_type=1 1 2 2 2 2 2 2 2 2 2 2 2 2 2 2 2 2
left_child=2 3 8 7 -3 10 11 -2 -1 -6 -5 -4 16 -11 -12 17 -8 -16
right_child=1 4 6 5 9 -7 12 -9 -10 13 14 -13 -14 -15 15 -17 -18 -19
leaf_value=1.2097908522410692 0.41961174337727086 0.55103425277769558 0.3188146723230183 2.4795544071722162 -1.715582061266899 0.6007416838723858 -3.110976975632906 -1.4301905475732961 -0.047637808291763145 -0.89210866044878956 1.8482585898644985 -1.3300607814368592 -3.0085387531650065 -2.3090697247517111 0.59201521933300338 2.6382738114339177 -2.2698296235379565 2.8190424983894826
leaf_weight=30.699999630451202 27.899999767541885 34.999999403953552 17.100000232458115 34.399999976158142 22.70000022649765 45.099999308586121 40.499999552965164 26.49999988079071 33.100000023841858 33.799999743700027 18.800000011920929 16.200000196695328 28.0999995470047 25.999999761581421 55.199999928474426 19.10000017285347 62.599999099969864 24.699999898672104
leaf_count=49 48 50 42 68 53 67 66 49 67 59 38 39 41 44 108 44 95 46
internal_value=-4.18409e-05 0.0141116 -0.0229304 0.0265762 -0.0136863 0.036518 -0.0374772 -0.00459559 0.0145768 -0.0270909 0.0435611 -0.00975976 -0.0445122 -0.0342809 0.046944 0.0484848 -0.0478661 0.05
internal_weight=597.5 369.2 228.3 251.7 117.5 197.3 164.5 54.4 63.8 82.5 152.2 33.3 131.2 59.8 117.8 99 103.1 79.9
internal_count=1073 674 399 468 206 371 283 97 116 156 304 81 202 103 236 198 161 154
cat_boundaries=0 1 2
cat_threshold=4 13
is_linear=0
shrinkage=0.05


Tree=5
num_leaves=20
num_cat=2
split_feature=15 30 11 3 14 38 15 16 25 18 47 29 19 38 16 63 9 61 63
split_gain=84.3053 60.4989 50.1089 26.588 23.7591 13.5138 9.35132 16.0655 8.3537 7.69658 7.32289 6.66667 3.99487 3.28147 1.71307 0.48083 0.457207 0.768627 0.358004
threshold=36.664999999999999 9.3500000000000245 1371.1400000000001 0 113.83000000000003 166.97479591836739 33.159999999999989 0.39218343761784952 515.00000000000011 3565.0000000000005 1 -99.879999999999981 465.00000000000006 205.20028344671223 0.53919304793683265 0.8138337415592366 2943.4950000000003 3199.0950000000007 0.86864809566962131
decision_type=2 2 2 1 2 2 2 2 2 2 1 2 2 2 2 2 2 2 2
left_child=3 5 -3 15 -4 9 7 -5 -6 -2 -7 -8 14 18 16 -1 -12 -18 -10
right_child=1 2 4 6 8 10 11 -9 13 -11 12 -13 -14 -15 -16 -17 17 -19 -20
leaf_value=-2.3928844053542018 0.82064025154177311 2.652254932141541 0.45031031780348318 1.1493013096290157 -0.43144114332975292 0.63537745120751721 -0.19743804627857353 -0.24138999977431422 -1.4519844850261512 -0.49107075947665391 2.7899549724469179 -1.8930852497161106 0.59170072965249421 -0.68119027223320328 2.4158456053455826 -3.0518343574797515 0.45589533127402904 0.45690033234214433 -1.2429430883733357
leaf_weight=17.400000214576721 28.399999886751175 32.399999678134918 25.199999928474426 24.499999761581421 40.599999487400055 22.600000113248825 24.300000339746475 34.700000137090683 25.899999648332596 20.400000035762787 59.899999707937241 24.299999624490738 35.799999505281448 27.599999606609344 23.700000196695328 77.699998676776886 20.39999994635582 20.400000035762787 28.699999511241913
leaf_count=42 53 54 48 41 64 49 60 74 40 42 110 36 55 42 54 111 39 42 41
internal_value=0.000235811 0.0132282 -0.00848115 -0.0261459 -0.0208108 0.0301382 -0.00602716 0.00675676 -0.029886 0.00676229 0.0363786 -0.0228395 0.0401373 -0.0390511 0.044373 -0.0437203 0.0472195 0.0431373 -0.0461538
internal_weight=614.9 412 180.4 202.9 148 231.6 107.8 59.2 122.8 48.8 182.8 48.6 160.2 82.2 124.4 95.1 100.7 40.8 54.6
internal_count=1097 733 289 364 235 444 211 115 187 95 349 96 300 123 245 153 191 81 81
cat_boundaries=0 1 2
cat_threshold=3 4
is_linear=0
shrinkage=0.05


Tree=6
num_leaves=22
num_cat=2
split_feature=15 29 45 2 38 15 59 47 30 44 30 63 42 31 16 14 20 31 15 37 4
split_gain=79.1301 56.0462 36.6766 30.2795 26.7713 15.835 14.8402 11.9747 8.40628 5.01883 4.83089 4.78386 4.39788 2.89646 2.12928 1.95579 0.750168 1.63035 0.212519 0.0219328 7.10543e-15
threshold=36.664999999999999 -74.904999999999959 0.017883792961051356 0 46.757630385487353 33.159999999999989 1791.6750000000002 1 13.220000000000029 0.083215197051318371 10.180000000000065 0.72319334142529301 0.95516455020719493 333.02500000000015 0.53280603112611902 134.95000000000002 3045.0000000000005 -193.90999999999983 32.170000000000009 0.62137934877667533 2.5000000000000004
decision_type=2 2 2 1 2 2 2 1 2 2 2 2 2 2 2 2 2 2 2 2 2
left_child=3 4 6 5 -2 -1 8 -6 -3 -7 -8 -5 -4 -12 16 -16 19 -18 -13 20 -9
right_child=1 2 12 11 7 9 10 14 -10 -11 13 18 -14 -15 15 -17 17 -19 -20 -21 -22
leaf_value=0.71139224417025182 -1.2390042043911835 0.47793937771359174 1.9363164928258105 -1.9486334597407173 0.58269725208329171 -1.7984309872303053 -0.12989950277276688 3.1051986003046395 -0.58590927242710222 -0.0064603763729969904 -1.9544112623060486 -2.8845664085014047 0.39792472752007113 -1.5771849559103623 0.74473505058031764 2.8070665652397166 0.42144044683263804 0.43430556578794238 -2.802836408977273 2.4921426249996643 0.35062068857355516
leaf_weight=40.699999690055847 24.700000166893005 27.299999535083771 26.399999588727951 21.600000321865082 24.600000143051147 28.999999940395355 23.599999636411667 33.69999971985817 27.799999564886093 20.10000005364418 34.69999960064888 28.999999672174454 26.699999660253525 31.599999487400055 20.700000196695328 19.800000160932541 24.60000005364418 20.39999994635582 62.999999195337296 21.099999845027924 21.400000005960464
leaf_count=71 55 39 39 54 54 56 35 58 41 42 56 47 42 46 48 45 51 39 99 37 43
internal_value=0.00110204 0.0137741 -0.00532559 -0.0243854 0.0317062 -0.000300601 -0.0183448 0.0381911 0.00208711 -0.0194501 -0.0308676 -0.0398867 0.030226 -0.0377828 0.0431354 0.0332099 0.0464521 0.0413333 -0.0483696 0.0494751 0.05
internal_weight=612.5 409.1 198.1 203.4 211 89.8 145 186.3 55.1 49.1 89.9 113.6 53.1 66.3 161.7 40.5 121.2 45 92 76.2 55.1
internal_count=1097 728 298 369 430 169 217 375 80 98 137 200 81 102 321 93 228 90 146 138 101
cat_boundaries=0 1 2
cat_threshold=2 4
is_linear=0
shrinkage=0.05


Tree=7
num_leaves=17
num_cat=2
split_feature=15 19 2 38 30 47 15 9 30 19 63 33 23 45 12 9
split_gain=83.3321 57.4484 30.5249 25.4118 24.9518 18.684 12.1534 12.0652 7.91493 7.88154 4.14079 3.54338 1.84009 1.43052 1.92509 0.283969
threshold=36.664999999999999 475.00000000000006 0 6.3019954648525536 9.3500000000000245 1 33.159999999999989 2436.8300000000004 20.745000000000122 560.00000000000023 0.75489521930353842 0.28783118146898051 3645.0000000000005 0.017466273529178452 103.34000000000002 2405.3250000000003
decision_type=2 2 1 2 2 1 2 2 2 2 2 2 2 2 2 2
left_child=2 3 6 7 -3 -5 -1 -2 12 -6 -4 -8 13 14 -7 -12
right_child=1 4 10 5 9 8 11 -9 -10 -11 15 -13 -14 -15 -16 -17
leaf_value=0.57818796606564393 0.35129852910694659 0.48067597290040842 -1.8512017867536816 -0.061198004720272085 -1.2003156203041243 0.45404240882791208 -0.12207784505626657 -1.1770539941716245 0.35636940394935424 -0.50163513592895514 -1.9688663043393047 -1.4755756654076007 0.41313354344156078 2.387199975982107 2.4824655906597717 -2.669967089222208
leaf_weight=42.699999630451202 23.799999684095383 47.199999362230301 24.000000357627869 31.800000071525574 38.299999386072159 23.999999642372131 21.500000029802322 23.10000005364418 21.499999850988388 44.099999517202377 23.499999701976776 22.199999928474426 36.400000095367432 88.299999505281448 27.500000298023224 67.39999908208847
leaf_count=73 37 73 60 66 56 36 44 48 38 72 37 42 76 160 65 104
internal_value=0.0015396 0.0145813 -0.024764 0.0274602 -0.0128858 0.0343137 0.000103734 -0.00607676 0.0400354 -0.0294903 -0.039992 -0.0184211 0.0435301 0.0461373 0.0395146 -0.0483498
internal_weight=607.3 406 201.3 276.4 129.6 229.5 86.4 46.9 197.7 82.4 114.9 43.7 176.2 139.8 51.5 90.9
internal_count=1087 727 360 526 201 441 159 85 375 128 201 86 337 261 101 141
cat_boundaries=0 1 2
cat_threshold=2 4
is_linear=0
shrinkage=0.05


Tree=8
num_leaves=21
num_cat=3
split_feature=47 2 3 39 12 33 40 16 57 15 57 68 61 13 63 11 16 11 44 14
split_gain=69.2975 45.4709 42.9045 27.3262 16.4332 16.0401 11.7133 11.3299 6.9138 6.43504 6.39707 7.50096 4.79237 3.7647 1.53616 1.43136 0.856157 0.0499513 0.0290628 1.42109e-14
threshold=0 1 2 -21.071282429167411 79.495000000000019 0.75226229639129316 -30.148273067573076 0.47838479734049355 83.750000000000014 35.249999999999993 89.290000000000006 102.5185 5140.6650000000009 26.280000000000005 0.79546166490962855 1295.3400000000004 0.54228495393135201 2641.7850000000003 0.068755316132690605 125.14500000000002
decision_type=1 1 1 2 2 2 2 2 2 2 2 2 2 2 2 2 2 2 2 2
left_child=1 6 3 5 -4 12 8 -5 9 -1 11 -6 13 -2 -3 -11 18 -16 19 -15
right_child=2 14 4 7 10 -7 -8 -9 -10 15 -12 -13 -14 16 17 -17 -18 -19 -20 -21
leaf_value=1.3129569814395774 1.7496604492343069 -1.8651301045148863 0.35007727207592887 0.19857130860792405 0.016126390087910992 0.68489257254908931 -1.0252168249132392 -1.0493049815455098 -0.22144168281175924 -0.11597395280345327 -1.9853446251217255 -1.3410466160866521 0.15817540702531371 1.6717900069058225 -1.8704229891223392 0.78612275142468724 2.2578033887551281 -2.4277934227465878 1.8828047830606955 2.3789648639739673
leaf_weight=23.599999725818634 26.699999660253525 16.000000238418579 32.199999451637268 40.199999660253525 22.199999660253525 39.79999965429306 38.199999898672104 20.899999976158142 21.500000029802322 20.599999904632568 34.699999868869781 28.000000059604645 20.699999928474426 46.29999977350235 27.699999541044235 18.300000160932541 27.600000143051147 66.499998867511749 17.700000107288361 26.199999898672104
leaf_count=38 42 40 46 69 33 68 73 41 44 38 65 58 39 85 40 42 60 95 39 49
internal_value=-1.62442e-05 -0.0215577 0.013048 0.0236327 -0.0119984 0.0332683 0.00113464 -0.00482815 0.0116667 0.02008 -0.0245583 -0.0131474 0.0401332 0.0433564 -0.0429285 0.00758355 0.0471986 -0.0492569 0.0495565 0.05
internal_weight=615.6 232.4 383.2 266.1 117.1 205 122.2 61.1 84 62.5 84.9 50.2 165.2 144.5 110.2 38.9 117.8 94.2 90.2 72.5
internal_count=1104 410 694 492 202 382 235 110 162 118 156 91 314 275 175 80 233 135 173 134
cat_boundaries=0 1 2 3
cat_threshold=4 2 13
is_linear=0
shrinkage=0.05


Tree=9
num_leaves=20
num_cat=2
split_feature=15 45 2 29 47 5 30 38 38 15 59 10 30 12 18 39 43 63 63
split_gain=61.797 41.5411 31.8055 30.1559 14.0282 11.2584 13.377 10.577 8.74342 7.37093 6.97418 4.13512 2.65757 1.75915 1.46197 0.962537 0.732301 0.251246 0.0229268
threshold=36.664999999999999 0.015242484779095952 0 -92.749999999999872 1 0.17424242424242423 9.05000000000007 161.68849206349219 164.48204081632664 32.664999999999999 2674.4250000000006 215.62500000000003 -14.190000000000053 75.265000000000015 3205.0000000000005 -27.375318258752902 0.99975037048126947 0.81836615931139722 0.78245987331054923
decision_type=2 2 1 2 1 2 2 2 2 2 2 2 2 2 2 2 2 2 2
left_child=2 3 15 8 -3 -5 -7 12 -2 -9 13 -8 -4 -6 -10 -1 18 -17 -15
right_child=1 4 7 5 10 6 11 9 14 -11 -12 -13 -14 16 -16 17 -18 -19 -20
leaf_value=-1.8900024925049359 -0.011642133151049928 0.03538304497185845 -0.45527023894230256 0.26189275080692237 1.638694297001499 0.078840912927161 -1.7054879752333532 0.79763047861215819 1.8019899680505604 -0.32576483638594866 0.28527357787333657 -0.6341358777121443 -2.0016941372720658 2.3768002081668795 0.55887744318393107 -1.9351169665725501 1.8888895936752641 -2.4854500624778946 2.3081870329151992
leaf_weight=20.799999684095383 22.000000238418579 32.39999994635582 22.000000327825546 40.699999332427979 21.399999737739563 33.399999469518661 43.599999308586121 35.099999606609344 31.200000196695328 24.500000029802322 42.39999982714653 37.499999642372131 30.100000023841858 19.200000286102295 16.000000059604645 17.300000190734863 26.39999994635582 53.199999094009399 42.299999356269836
leaf_count=31 52 63 55 59 34 49 64 57 69 50 79 63 61 48 34 41 51 76 63
internal_value=0.00136549 0.0125704 -0.0211823 -0.00187166 0.0301738 -0.0141108 -0.0221397 -0.00119145 0.025578 0.0130872 0.0365524 -0.0331073 -0.0177543 0.0432296 0.0377119 -0.0410168 0.0463595 -0.0482979 0.0493496
internal_weight=611.5 408.5 203 224.4 184.1 155.2 114.5 111.7 69.2 59.6 151.7 81.1 52.1 109.3 47.2 91.3 87.9 70.5 61.5
internal_count=1099 728 371 390 338 235 176 223 155 107 275 127 116 196 103 148 162 117 111
cat_boundaries=0 1 2
cat_threshold=1 4
is_linear=0
shrinkage=0.05


Tree=10
num_leaves=22
num_cat=0
split_feature=15 11 30 5 25 61 25 10 19 19 13 68 32 19 35 40 62 11 15 12 63
split_gain=66.7517 39.6708 44.0887 28.8004 22.2638 9.77819 10.4393 7.60054 6.79291 6.56954 6.0283 5.18021 4.62266 2.82597 2.36228 3.96183 1.65088 1.3422 1.24955 0.4232 0.0869262
threshold=36.664999999999999 1371.1400000000001 8.6849999999998335 0.081939799331103666 480.00000000000028 4627.920000000001 670.00000000000034 229.49000000000004 275.00000000000006 375.00000000000006 36.100000000000009 110.4455 0.81724491815886824 55.000000000000007 0.09691908959738417 -27.402487954885164 2953.8400000000006 3853.6200000000003 39.589999999999996 88.470000000000013 0.79138381954617687
decision_type=2 2 2 2 2 2 2 2 2 2 2 2 2 2 2 2 2 2 2 2 2
left_child=3 13 5 10 9 6 14 18 11 -4 -1 -5 -12 -2 15 -3 -16 -18 -6 -10 -15
right_child=1 2 4 8 7 -7 -8 -9 19 -11 12 -13 -14 20 16 -17 17 -19 -20 -21 -22
leaf_value=0.45928942077716378 1.9745143270254268 1.1096947141369966 -0.34839210816616845 -0.41942685088825371 -1.4889363448057742 -0.063211207251718068 -0.077257110698990772 -0.57554544651344874 -2.1137251310092107 0.27100989897966976 0.023919239634766321 -2.7969357721887693 -0.76556580883025649 2.3518961598465666 0.25847143817119672 0.34070773191927839 1.0626212359667431 0.28411748677849402 -0.55530270075250643 -2.6112312851064576 2.3842251356546567
leaf_weight=29.199999630451202 23.199999809265137 25.299999952316284 29.299999743700027 23.00000011920929 36.499999403953552 21.89999994635582 30.099999934434891 23.399999856948853 53.89999908208847 24.599999696016312 30.600000232458115 23.10000005364418 15.299999982118605 19.600000292062759 23.700000017881393 21.399999916553497 30.599999874830246 24.60000005364418 32.299999475479126 23.699999839067459 38.99999937415123
leaf_count=46 40 49 50 50 53 42 58 42 77 39 69 48 30 49 48 40 57 51 47 42 57
internal_value=4.13703e-05 0.0116769 0.00381526 -0.0236922 -0.0165298 0.0205518 0.0249518 -0.0314534 -0.0385206 0.00899814 0.000732357 -0.0233189 -0.0105664 0.0427873 0.0312898 0.0223769 0.0365653 0.0413043 -0.0398256 -0.0475515 0.0486348
internal_weight=604.3 405.5 323.7 198.8 146.1 177.6 155.7 92.2 123.7 53.9 75.1 46.1 45.9 81.8 125.6 46.7 78.9 55.2 68.8 77.6 58.6
internal_count=1084 722 576 362 231 345 303 142 217 89 145 98 99 146 245 89 156 108 100 119 106
is_linear=0
shrinkage=0.05


Tree=11
num_leaves=19
num_cat=3
split_feature=47 2 3 40 16 12 11 59 33 16 57 20 57 31 9 57 62 43
split_gain=61.4545 42.1472 32.0069 19.7206 17.6155 14.0434 11.6174 6.44981 6.63356 5.81418 5.42119 3.57211 2.46473 2.02121 1.21639 1.02755 2.53443 0.28665
threshold=0 1 2 -21.669638129858786 0.26558537049156478 78.825000000000017 3119.1900000000005 4931.670000000001 0.75226229639129316 0.35818686429677249 94.50500000000001 2065.0000000000005 98.140000000000015 56.845000000000034 2405.3250000000003 88.865000000000023 3491.5600000000004 0.62298780077699367
decision_type=1 1 1 2 2 2 2 2 2 2 2 2 2 2 2 2 2 2
left_child=1 6 3 4 -2 -4 9 8 15 -1 11 -7 -8 -3 -15 17 -17 -6
right_child=2 13 5 -5 7 10 12 -9 -10 -11 -12 -13 -14 14 -16 16 -18 -19
leaf_value=0.90064296566472501 -0.17084488294019051 -1.8988851615732103 0.21800703574776162 -0.72948088235525899 2.2512721169449832 0.1502638235569812 -0.034740780932186514 0.054623426316019942 1.679988092399475 0.20556480975631042 -1.7590482278199973 -0.57365181150086464 -1.9956566814254224 -0.98387534624934325 -2.0515696842300408 0.28747718803786859 0.5060410537409693 2.1939379135697799
leaf_weight=32.499999612569809 34.999999582767487 27.799999833106995 28.699999511241913 40.799999713897705 21.899999856948853 22.400000065565109 26.099999785423279 23.49999988079071 31.699999868869781 31.200000196695328 32.39999994635582 33.199999511241913 20.00000011920929 24.399999648332596 64.199999034404755 21.700000077486038 33.000000178813934 50.499999791383743
leaf_count=52 56 50 41 72 39 47 45 43 59 69 63 50 44 37 96 46 72 94
internal_value=0.00046589 -0.0201149 0.0128869 0.0222119 0.0290612 -0.00887924 0.00350584 0.035299 0.0389169 0.0176609 -0.0195455 -0.0100719 -0.0152928 -0.0393196 -0.0463883 0.0440205 0.0388483 0.0479282
internal_weight=601 226.2 374.8 258.1 217.3 116.7 109.8 182.3 158.8 63.7 88 55.6 46.1 116.4 88.6 127.1 54.7 72.4
internal_count=1075 393 682 481 409 201 210 353 310 121 160 97 89 183 133 251 118 133
cat_boundaries=0 1 2 3
cat_threshold=4 2 13
is_linear=0
shrinkage=0.05


Tree=12
num_leaves=20
num_cat=3
split_feature=9 47 45 47 31 59 38 29 38 19 58 68 60 47 38 60 31 39 9
split_gain=56.5107 53.1461 23.8242 12.9115 12.0329 11.8023 12.8816 11.1637 5.10309 4.99497 4.86065 4.8557 3.95321 4.31505 5.17077 3.8634 3.09332 1.59449 0.946515
threshold=1115.9400000000003 0 0.0088111565822976013 1 299.0750000000001 5116.9000000000005 155.58475056689352 -101.99999999999987 174.08246031746026 24.999999999999549 143.31000000000003 50.741999999999997 3732.0000000000005 2 206.66713151927459 3628.5000000000005 -141.94500000000036 -23.914575853934515 1038.5700000000004
decision_type=2 1 2 1 2 2 2 2 2 2 2 2 2 1 2 2 2 2 2
left_child=3 7 4 18 16 6 10 15 -5 -8 -4 -9 13 14 -11 -2 -3 -13 -1
right_child=1 2 5 8 -6 -7 9 11 -10 12 -12 17 -14 -15 -16 -17 -18 -19 -20
leaf_value=2.0916682341421633 0.43302156308412043 0.18169412864899848 0.18817102655093787 -0.18547028522732828 -1.1380507975813228 -0.090961383774114363 1.7810960293188458 -0.98152577140010155 1.3329592177415028 1.4238397766694288 -1.2599399264947917 -1.4452816689637318 0.27257482686263901 0.0019833971173234487 0.37116485141950828 -0.96271265695360797 -0.29422258730846113 -2.0396447628212058 2.4577832983873491
leaf_weight=42.699999809265137 17.700000196695328 27.60000005364418 18.800000011920929 22.599999934434891 40.199999392032623 22.799999803304672 22.300000041723251 46.399999350309372 37.29999977350235 30.899999678134918 20.100000143051147 40.099999368190765 24.000000089406967 25.999999940395355 34.499999642372131 18.100000202655792 31.999999672174454 49.599999308586121 21.899999856948853
leaf_count=79 42 57 38 43 60 39 46 71 67 51 45 59 51 50 57 43 53 76 39
internal_value=0.000201478 -0.00771598 0.00501337 0.0301606 -0.0149299 0.014995 0.0193658 -0.029872 0.0134391 0.0265432 -0.00604113 -0.0364071 0.022357 0.0176149 0.0244648 -0.00502793 -0.000671141 -0.0431996 0.0456656
internal_weight=595.6 471.1 299.2 124.5 99.8 199.4 176.6 171.9 59.9 137.7 38.9 136.1 115.4 91.4 65.4 35.8 59.6 89.7 64.6
internal_count=1066 838 547 228 170 377 338 291 110 255 83 206 209 158 108 85 110 135 118
cat_boundaries=0 1 2 3
cat_threshold=4 2 2
is_linear=0
shrinkage=0.05


Tree=13
num_leaves=23
num_cat=3
split_feature=9 47 30 29 14 3 14 61 12 10 57 68 45 5 60 45 54 47 12 29 63 63
split_gain=63.1048 50.3885 21.6706 16.1157 12.9814 10.9963 10.3553 10.1184 9.54476 7.26756 4.74429 4.68335 4.64411 2.708 2.65964 2.62116 3.80332 1.82992 1.40133 0.770773 0.202103 0.0154189
threshold=1115.9400000000003 0 11.615000000000011 -93.430000000000049 113.83000000000003 1 104.44000000000001 4714.8350000000009 82.725000000000009 216.50000000000003 113.14000000000001 41.640000000000022 0.0083670340725579516 0.41742081447963802 2916.8750000000005 0.022928751538238003 1.0000000180025095e-35 2 80.88000000000001 -119.1350000000002 0.81503846153846193 0.84690814070154341
decision_type=2 1 2 2 2 1 2 2 2 2 2 2 2 2 2 2 2 1 2 2 2 2
left_child=6 3 5 10 -4 7 -1 12 -7 -6 -2 -5 -3 14 -14 16 -8 -10 -13 -15 -17 -20
right_child=1 2 4 11 9 8 15 -9 17 -11 -12 18 13 19 -16 20 -18 -19 21 -21 -22 -23
leaf_value=0.034165792333908755 0.097170279527111353 0.29739867190695973 0.15308753425738145 -1.1291658855185327 -1.5021883607222681 0.17876247522339095 0.90651096719410118 -0.036930128687436191 -0.022658189122350337 -0.41827717981256712 -1.5989125746568487 -1.4552576077298616 0.069182818456548306 2.7614255171048026 0.15997867300773105 2.3317349269090921 2.0295611081053075 -1.9932559932582912 -2.3953471799830446 1.6598187021033959 1.9858119647984904 -2.2703551377303186
leaf_weight=21.799999922513962 31.400000154972076 25.900000005960464 31.899999916553497 34.19999948143959 36.099999397993088 39.299999356269836 29.799999862909317 22.699999958276749 19.499999821186066 31.199999660253525 18.500000208616257 40.299999326467514 21.199999958276749 17.600000262260437 18.900000125169754 18.100000113248825 22.799999982118607 23.30000028014183 23.199999809265137 25.199999839067459 31.499999463558197 29.399999499320984
leaf_count=41 68 52 61 51 52 57 55 44 33 51 44 58 41 44 42 40 45 56 40 45 45 42
internal_value=0.000798306 -0.00726827 0.0047954 -0.0285876 -0.0145161 0.013764 0.0326613 0.0218728 -0.00168295 -0.0269688 -0.00450902 -0.0380409 0.0298713 0.0356454 0.0263092 0.0393346 0.0315589 -0.0182243 -0.0438644 0.0443925 0.0475806 -0.0492395
internal_weight=613.8 489.8 312.8 177 99.2 213.6 124 131.5 82.1 67.3 49.9 127.1 108.8 82.9 40.1 102.2 52.6 42.8 92.9 42.8 49.6 52.6
internal_count=1107 881 578 303 164 414 226 268 146 103 112 191 224 172 83 185 100 89 140 89 85 82
cat_boundaries=0 1 2 3
cat_threshold=4 9 2
is_linear=0
shrinkage=0.05


Tree=14
num_leaves=19
num_cat=2
split_feature=15 9 25 30 51 15 12 63 59 51 9 15 9 15 9 21 30 60
split_gain=58.7062 35.9153 27.1622 25.4945 16.7464 12.2716 12.3525 9.76448 6.59755 6.25191 9.32026 7.25719 9.77551 4.00188 3.15828 3.07736 2.02971 0.6369
threshold=36.664999999999999 1082.0100000000002 515.00000000000011 8.9700000000000291 0 33.159999999999989 118.50000000000001 0.80585469975699953 2978.4350000000004 1 2918.1000000000004 62.910000000000004 3566.7750000000005 39.589999999999996 3485.3800000000006 1595.0000000000002 0.14500000000009547 1507.5650000000003
decision_type=2 2 2 2 9 2 2 2 2 9 2 2 2 2 2 2 2 2
left_child=2 15 5 9 8 6 -1 -7 -5 10 -3 14 -13 -6 -11 17 -4 -2
right_child=1 3 16 4 13 7 -8 -9 -10 11 -12 12 -14 -15 -16 -17 -18 -19
leaf_value=0.53693718443557026 1.933970789337677 0.90360092612208409 -2.5033599768422792 -0.0755776175505357 -1.4413912357684162 -0.088465039785844191 -1.7677925857736281 -1.7255073219029158 0.18680550986456781 1.344648854185571 -0.83463139537308495 -0.071549162313933976 0.13286359396967479 -0.71271140590556892 0.86169925466507336 1.9365655243124718 -1.9571883698113552 1.9165287479384423
leaf_weight=45.699999541044235 36.299999624490738 27.700000077486038 20.899999976158142 40.499999463558197 34.699999421834946 27.500000387430191 18.80000028014183 36.399999380111694 25.699999868869781 40.499999731779099 30.299999803304672 23.300000011920929 34.500000089406967 44.99999937415123 18.700000077486038 21.299999982118607 57.799999207258224 25.099999994039536
leaf_count=76 60 58 41 63 50 68 47 52 47 72 54 47 72 69 40 42 89 50
internal_value=-0.000401179 0.0107037 -0.0220425 0.00313182 -0.0123029 -0.00786604 0.00751938 -0.0233959 0.00695538 0.016 0.000441177 0.021811 0.0110727 -0.0259197 0.0359797 0.0400846 -0.0451715 0.0457655
internal_weight=610.7 403.6 207.1 320.9 145.9 128.4 64.5 63.9 66.2 175 58 117 57.8 79.7 59.2 82.7 78.7 61.4
internal_count=1097 724 373 572 229 243 123 120 110 343 112 231 119 119 112 152 130 110
cat_boundaries=0 1 2
cat_threshold=10383 22048
is_linear=0
shrinkage=0.05


Tree=15
num_leaves=20
num_cat=1
split_feature=15 11 30 25 15 49 29 38 47 61 68 25 18 39 61 16 39 40 63
split_gain=52.8772 37.885 26.3897 25.8575 14.8021 12.3349 10.4801 10.2436 9.54927 7.52763 7.49794 6.39049 5.00177 3.42348 4.38029 2.62198 2.01558 1.68953 0.0798574
threshold=36.664999999999999 1348.8200000000002 10.664999999999965 515.00000000000011 33.159999999999989 1.0000000180025095e-35 -97.080000000000027 161.68849206349219 0 4627.920000000001 23.435000000000006 670.00000000000034 3555.0000000000005 -26.311707683661378 2441.1150000000002 0.42617630805999634 -27.777634236981068 -31.085277809048552 0.83885318936250786
decision_type=2 2 2 2 2 2 2 2 1 2 2 2 2 2 2 2 2 2 2
left_child=3 17 8 4 7 10 -6 -1 -3 11 -4 13 -7 15 -15 -10 -5 -2 -18
right_child=1 2 5 16 6 12 -8 -9 9 -11 -12 -13 -14 14 -16 -17 18 -19 -20
leaf_value=-1.0093146811606375 2.004951695051119 -1.2907347853259801 -0.60298337087606202 -1.2421636944807006 -0.13734282795701561 -0.52641765672931651 -1.8493898567964242 0.77467095688230148 0.34905992479801223 -0.052809784466158943 0.24228164969749352 0.048021823337708637 -1.6991175453752749 0.067323460894974166 0.1452033903749714 2.120904172849885 -1.795733775104809 1.8104206814243449 -2.0467673009651461
leaf_weight=30.100000202655792 44.499999612569809 23.300000101327896 24.199999779462814 20.899999797344208 28.000000327825546 37.499999463558197 33.199999511241913 36.19999960064888 33.499999493360519 23.999999910593033 28.299999684095383 35.099999785423279 37.399999439716339 32.199999809265137 34.600000023841858 29.600000262260437 20.400000035762787 28.499999821186066 35.699999392032623
leaf_count=67 76 50 41 35 67 57 50 59 50 45 46 63 56 58 70 68 42 51 51
internal_value=3.24045e-05 0.0103344 0.00331175 -0.0207579 -0.00694118 -0.0146782 -0.0246732 0.00942685 0.0141074 0.0178307 0.00390476 0.0216364 -0.0277036 0.0267513 0.0188623 0.035103 -0.0436364 0.0430137 -0.048574
internal_weight=617.2 412.7 339.7 204.5 127.5 127.4 61.2 66.3 212.3 189 52.5 165 74.9 129.9 66.8 63.1 77 73 56.1
internal_count=1102 731 604 371 243 200 117 126 404 354 87 309 113 246 128 118 128 127 93
cat_boundaries=0 1
cat_threshold=4
is_linear=0
shrinkage=0.05


Tree=16
num_leaves=20
num_cat=1
split_feature=15 11 25 30 14 15 12 47 30 25 39 72 49 10 19 39 72 12 63
split_gain=52.6599 32.2606 26.5344 25.7051 18.8862 11.4756 11.8627 10.8368 9.2816 6.27427 6.40183 6.10132 4.97755 4.85058 3.17764 2.21619 2.08026 1.96614 0.0781627
threshold=36.664999999999999 1348.8200000000002 515.00000000000011 12.21499999999992 113.83000000000003 32.664999999999999 118.50000000000001 0 -3.0600000000001724 690.00000000000034 -26.311707683661378 -32.119462965934737 1.0000000180025095e-35 222.60500000000005 60.000000000000121 -27.567160615655101 -31.085277809048552 80.88000000000001 0.84792986750046084
decision_type=2 2 2 2 2 2 2 1 2 2 2 2 2 2 2 2 2 2 2
left_child=2 16 5 7 -5 6 -1 -3 -7 10 14 -12 -13 17 -9 -4 -2 -6 -17
right_child=1 3 15 4 13 8 -8 9 -10 -11 11 12 -14 -15 -16 18 -18 -19 -20
leaf_value=0.46173298619800801 1.9718299606329515 -0.77194508707992215 -1.2625687058497395 0.27603969649389781 -0.78057289201855196 0.10841698779343717 -1.6957197081089106 2.1885890540038524 -1.551970412784728 -0.02598109370878763 -0.011244132421638107 0.26327548889188074 0.13971982205365505 -0.39619342216381209 0.26723632014855203 -1.8375964746584152 1.6218543644007284 -0.77537708502059555 -1.9444289359168889
leaf_weight=45.499999582767487 43.499999642372131 25.900000095367432 21.599999785423279 22.399999976158142 31.899999469518661 26.300000190734863 18.80000028014183 27.50000011920929 37.199999660253525 31.199999839067459 30.89999994635582 30.399999916553497 38.699999749660492 27.099999755620956 40.999999672174454 20.499999970197678 30.099999845027924 31.899999469518661 34.299999415874481
leaf_count=77 75 55 36 44 46 59 47 59 63 57 60 58 69 46 71 40 55 46 49
internal_value=0.000883736 0.0111636 -0.0198825 0.00464739 -0.0147838 -0.00594679 0.00894246 0.014406 -0.0210236 0.0183525 0.0221662 0.0141 0.0223589 -0.0249175 0.0339416 -0.0431937 0.0411685 -0.0324451 -0.0485401
internal_weight=616.7 412.5 204.2 338.9 113.3 127.8 64.3 225.6 63.5 199.7 168.5 100 69.1 90.9 68.5 76.4 73.6 63.8 54.8
internal_count=1112 741 371 611 182 246 124 429 122 374 317 187 127 138 130 125 130 92 89
cat_boundaries=0 1
cat_threshold=4
is_linear=0
shrinkage=0.05


Tree=17
num_leaves=21
num_cat=1
split_feature=47 9 38 5 31 40 14 31 35 58 30 29 60 59 58 10 25 33 58 60
split_gain=49.9843 30.2031 23.0486 24.8397 20.3427 11.117 10.8426 8.10233 8.05542 7.16674 6.16018 5.48603 4.75297 4.16194 4.00776 3.8824 3.3871 1.76445 0.754137 0.242502
threshold=0 2918.1000000000004 256.87976190476212 0.081939799331103666 -88.749999999999758 -31.83145785184885 140.84 -174.25000000000031 0.41372005964534958 142.77000000000001 -2.4549999999999268 -67.144999999999968 1463.5400000000002 2099.9000000000005 186.72500000000002 202.82500000000002 455.00000000000006 0.56674534437239832 94.215000000000018 2935.2400000000002
decision_type=1 2 2 2 2 2 2 2 2 2 2 2 2 2 2 2 2 2 2 2
left_child=1 6 3 9 14 8 7 -1 13 12 -7 18 -2 -5 -3 -10 -14 19 -12 -9
right_child=2 4 -4 5 -6 10 -8 17 15 -11 11 -13 16 -15 -16 -17 -18 -19 -20 -21
leaf_value=0.094752158415861765 1.3036052741152611 0.057192179565815598 0.16294610001311285 -0.03517708311428857 -0.9826659217625171 -0.3923878648629554 0.17618139355077711 1.7012952858915982 -1.659769139476686 -1.0833360086550272 -1.8472074891210444 -0.56108020602814113 -0.067537189198123043 0.11897465317274124 0.4498289977013441 -0.034827456530724922 0.7319638030858423 1.4979757517983401 -1.4546303078765435 1.5026644401882443
leaf_weight=15.499999940395353 20.899999886751175 29.099999964237213 32.200000077486038 21.799999922513962 41.499999344348907 22.800000250339508 35.599999636411667 44.299999475479126 22.899999737739563 22.900000095367432 24.299999713897705 41.899999350309372 26.099999785423279 21.100000023841858 20.79999977350235 21.100000023841858 27.500000029802322 37.599999845027924 51.099999487400055 21.699999898672104
leaf_count=29 38 57 67 41 61 54 59 71 37 49 39 62 45 43 34 43 56 70 85 40
internal_value=-0.00012444 0.0172085 -0.0120864 -0.0160912 -0.00557987 -0.0251542 0.0306723 0.0379093 -0.0111047 0.0050308 -0.0338687 -0.038491 0.0125503 0.00431235 0.0159319 -0.0261364 0.00466418 0.0429537 -0.0465517 0.0478788
internal_weight=602.7 246.1 356.6 324.4 91.4 227 154.7 119.1 86.9 97.4 140.1 117.3 74.5 42.9 49.9 44 53.6 103.6 75.4 66
internal_count=1080 421 659 592 152 404 269 210 164 188 240 186 139 84 91 80 101 181 124 111
cat_boundaries=0 1
cat_threshold=2
is_linear=0
shrinkage=0.05


end of trees

feature_importances:
base_cut_gap=26
base_pre_to_expected_ms=19
voicing_class=19
mapping_confidence=17
base_pre=15
valley_dist_from_cutoff_ms=15
base_offset=13
base_offset_to_expected_ms=13
base_ovl_ratio=11
energy_min=10
db_mean=10
row_ratio_in_wav=9
base_cons_gap=9
curr_phone_len_ms=9
syllable_len_ms=9
spectral_flux_mean=9
alias_group=8
base_cutoff_abs=8
base_cutoff_to_next_anchor_ms=8
prev_base_pre=8
base_cons=7
db_min=7
next_base_offset=7
prev_base_cutoff_abs=7
words_vs_alias_score_margin=7
base_ovl=6
prev_base_offset=6
alias_type=5
curr_phone_end_ms=5
zcr_mean=5
next_base_pre=5
curr_vowel_len_ms=3
energy_mean=3
energy_slope_pre=3
f0_voicing_near_pre=3
row_index_in_wav=2
curr_vowel_start_ms=2
next_phone_gap_ms=2
f0_voicing_mean=2
is_diphthong=2
vowel_class=2
next_base_cutoff_abs=2
local_valley_db=2
curr_phone_start_ms=1
curr_vowel_end_ms=1
syllable_start_ms=1
syllable_end_ms=1
valley_energy=1
is_nasal_or_sonorant=1

parameters:
[boosting: gbdt]
[objective: regression_l1]
[metric: l1]
[tree_learner: serial]
[device_type: cpu]
[data_sample_strategy: bagging]
[data: ]
[valid: ]
[num_iterations: 500]
[learning_rate: 0.05]
[num_leaves: 31]
[num_threads: 0]
[seed: 0]
[deterministic: 0]
[force_col_wise: 0]
[force_row_wise: 0]
[histogram_pool_size: -1]
[max_depth: -1]
[min_data_in_leaf: 40]
[min_sum_hessian_in_leaf: 0.001]
[bagging_fraction: 0.85]
[pos_bagging_fraction: 1]
[neg_bagging_fraction: 1]
[bagging_freq: 1]
[bagging_seed: 3]
[bagging_by_query: 0]
[feature_fraction: 0.85]
[feature_fraction_bynode: 1]
[feature_fraction_seed: 2]
[extra_trees: 0]
[extra_seed: 6]
[early_stopping_round: 0]
[early_stopping_min_delta: 0]
[first_metric_only: 0]
[max_delta_step: 0]
[lambda_l1: 0]
[lambda_l2: 0]
[linear_lambda: 0]
[min_gain_to_split: 0]
[drop_rate: 0.1]
[max_drop: 50]
[skip_drop: 0.5]
[xgboost_dart_mode: 0]
[uniform_drop: 0]
[drop_seed: 4]
[top_rate: 0.2]
[other_rate: 0.1]
[min_data_per_group: 100]
[max_cat_threshold: 32]
[cat_l2: 10]
[cat_smooth: 10]
[max_cat_to_onehot: 4]
[top_k: 20]
[monotone_constraints: ]
[monotone_constraints_method: basic]
[monotone_penalty: 0]
[feature_contri: ]
[forcedsplits_filename: ]
[refit_decay_rate: 0.9]
[cegb_tradeoff: 1]
[cegb_penalty_split: 0]
[cegb_penalty_feature_lazy: ]
[cegb_penalty_feature_coupled: ]
[path_smooth: 0]
[interaction_constraints: ]
[verbosity: -1]
[saved_feature_importance_type: 0]
[use_quantized_grad: 0]
[num_grad_quant_bins: 4]
[quant_train_renew_leaf: 0]
[stochastic_rounding: 1]
[linear_tree: 0]
[max_bin: 255]
[max_bin_by_feature: ]
[min_data_in_bin: 3]
[bin_construct_sample_cnt: 200000]
[data_random_seed: 1]
[is_enable_sparse: 1]
[enable_bundle: 1]
[use_missing: 1]
[zero_as_missing: 0]
[feature_pre_filter: 1]
[pre_partition: 0]
[two_round: 0]
[header: 0]
[label_column: ]
[weight_column: ]
[group_column: ]
[ignore_column: ]
[categorical_feature: 0,1,2,3,46,47,50,51,52,53,55,56,70]
[forcedbins_filename: ]
[precise_float_parser: 0]
[parser_config_file: ]
[objective_seed: 5]
[num_class: 1]
[is_unbalance: 0]
[scale_pos_weight: 1]
[sigmoid: 1]
[boost_from_average: 1]
[reg_sqrt: 0]
[alpha: 0.9]
[fair_c: 1]
[poisson_max_delta_step: 0.7]
[tweedie_variance_power: 1.5]
[lambdarank_truncation_level: 30]
[lambdarank_norm: 1]
[label_gain: ]
[lambdarank_position_bias_regularization: 0]
[eval_at: ]
[multi_error_top_k: 1]
[auc_mu_weights: ]
[num_machines: 1]
[local_listen_port: 12400]
[time_out: 120]
[machine_list_filename: ]
[machines: ]
[gpu_platform_id: -1]
[gpu_device_id: -1]
[gpu_use_dp: 0]
[num_gpu: 1]

end of parameters

pandas_categorical:[["korean"], ["cvvc"], ["cv", "cv_head", "vc", "vcv", "vv"], ["cv", "cv_glide", "cv_head", "cv_head_glide", "vc_other", "vc_sonorant", "vcv", "vv"], ["other", "plosive", "sibilant", "sonorant"], ["unknown", "voiced", "voiceless"], ["liquid", "nasal", "none", "other"], ["", "a", "e", "eo", "eu", "eui", "i", "o", "u", "wa", "we", "weo", "wi", "ya", "ye", "yeo", "yo", "yu"], ["head", "mid", "tail"], ["", "vc", "vcv", "vv"], ["", "br", "cv", "cv_head", "vc", "vcv", "vv"], [""], ["unknown"]]
