tree
version=v4
num_class=1
num_tree_per_iteration=1
label_index=0
max_feature_idx=62
objective=regression_l1
feature_names=language format_type alias_type alias_group row_index_in_wav row_ratio_in_wav is_head_row is_tail_row wav_duration_ms base_offset base_cons base_cutoff_abs base_pre base_ovl base_cons_gap base_cut_gap base_ovl_ratio curr_phone_start_ms curr_phone_end_ms curr_phone_len_ms curr_vowel_start_ms curr_vowel_end_ms curr_vowel_len_ms syllable_start_ms syllable_end_ms syllable_len_ms prev_phone_gap_ms next_phone_gap_ms expected_anchor_ms base_offset_to_expected_ms base_pre_to_expected_ms base_cutoff_to_next_anchor_ms energy_mean energy_min energy_max energy_slope_pre energy_slope_post valley_energy valley_dist_from_cutoff_ms db_mean db_min db_silence_ratio f0_voicing_mean f0_voicing_near_pre zcr_mean spectral_flux_mean onset_class voicing_class is_tense is_diphthong coda_type vowel_class mora_position bridge_type is_nasal_or_sonorant prev_alias_type next_alias_type prev_base_pre next_base_pre prev_base_offset next_base_offset prev_base_cutoff_abs next_base_cutoff_abs
feature_infos=none none -1:1:0 -1:2:0:1 [0:8] [0:1] [0:1] [0:1] [2062.312925170068:5999.4557823129253] [183.44:5908.3100000000004] [120.54000000000001:480.88999999999999] [669.30999999999995:6199.1100000000006] [74.400000000000006:360] [13.15:221.97999999999999] [20.099999999999994:134.07999999999998] [28.219999999999985:220.00000000000009] [0.17674731182795689:0.70374762808349145] [130:5970] [940:5999.46] [6.9600000000000364:3480] [0:5970] [0:5999.46] [0:2780] [80:5970] [940:5999.46] [6.9600000000000364:3480] none [0:2630] [130:5970] [-670:1630] [-310:1990] [-2717.3800000000001:2264.8499999999999] [0:1] [0:1] [0:1] [-0.77508366329974288:0.84465605972023672] [-0.68209482847122294:0.68636141402183592] [0:1] [0:372.03825396825408] [-74.028712925718082:0] [-87.642558529425543:0] [0:1] [0:1] [0:1] [0:0.118797845194216] [0:0.052982267454396201] -1:0:1 -1:0:1 none [0:1] -1:2:3:0:1 -1:0:5:1:2:3:4:6:7:8:9:10:11:13:14:17:12:15:16 -1:1:2:0 -1:1:0 none -1:5:1:3:0:2 none [0:360] [0:360] [0:5904.3999999999996] [0:5798.6700000000001] [0:6189.8500000000004] [0:6190.1900000000005]
tree_sizes=722 729 722 743 745 739 716 731 730 812 752 739 894 654 735 755 657 807 820 755 809 836 759 752 823 739 734 735

Tree=0
num_leaves=7
num_cat=1
split_feature=12 16 55 29 31 45
split_gain=66.0793 50.2314 45.6125 13.5033 5.4649 3.1815
threshold=241.83000000000001 0.60755647027229098 0 -89.884999999999977 -223.01499999999984 0.0022006350629463502
decision_type=2 2 1 2 2 2
left_child=1 2 3 -1 -4 -6
right_child=-2 -3 4 -5 5 -7
leaf_value=42.105349588394162 36.783074569702151 41.058474588394162 45.034749603271486 42.787074470520018 43.498049545288083 43.566624641418457
leaf_weight=40 58 69 60 65 40 53
leaf_count=40 58 69 60 65 40 53
internal_value=42.5434 42.5521 42.5623 42.536 42.5784 42.5731
internal_weight=385 327 258 105 153 93
internal_count=385 327 258 105 153 93
cat_boundaries=0 1
cat_threshold=14
is_linear=0
shrinkage=1


Tree=1
num_leaves=7
num_cat=0
split_feature=14 13 16 16 16 60
split_gain=58.0493 39.502 32.8345 13.951 24.7438 5.02332
threshold=75.995000000000019 77.435000000000016 0.60755647027229098 0.57829916855715269 0.53028812273623882 3837.5300000000002
decision_type=2 2 2 2 2 2
left_child=1 5 3 4 -2 -1
right_child=2 -3 -4 -5 -6 -7
leaf_value=0.23598309040069587 2.6010907506942753 -3.8307637274265289 -1.0575737500190734 1.2443830537796021 -0.3951524162292479 -0.20111747026443469
leaf_weight=48 70 74 53 48 49 41
leaf_count=48 70 74 53 48 49 41
internal_value=-0.000391645 -0.0230061 0.0163636 0.0272455 0.0180672 -0.000561798
internal_weight=383 163 220 167 119 89
internal_count=383 163 220 167 119 89
is_linear=0
shrinkage=0.05


Tree=2
num_leaves=7
num_cat=0
split_feature=14 12 16 12 23 31
split_gain=67.059 41.5062 25.6841 9.61818 5.43887 4.7207
threshold=75.995000000000019 173.49000000000004 0.60755647027229098 192.48500000000004 4845.0000000000009 -208.59999999999999
decision_type=2 2 2 2 2 2
left_child=1 4 3 5 -1 -2
right_child=2 -3 -4 -5 -6 -7
leaf_value=0.16884719824790972 2.1811433885097506 -3.5593355247378349 -0.6706950472593306 0.48903519129753126 -0.36740040904283511 1.0777070631980896
leaf_weight=41 69 81 46 44 40 56
leaf_count=41 69 81 46 44 40 56
internal_value=-0.000397878 -0.0246914 0.017907 0.0269231 0.000617284 0.034
internal_weight=377 162 215 169 81 125
internal_count=377 162 215 169 81 125
is_linear=0
shrinkage=0.05


Tree=3
num_leaves=7
num_cat=1
split_feature=12 16 55 10 16 59
split_gain=68.2816 40.4458 31.9406 10.3957 10.4727 10.1991
threshold=241.83000000000001 0.60755647027229098 0 248.43000000000004 0.57122037339329734 4319.4000000000005
decision_type=2 2 1 2 2 2
left_child=1 2 5 -4 -5 -1
right_child=-2 -3 3 4 -6 -7
leaf_value=0.1294583870798352 -4.5508483150318275 -1.3234102662861347 2.6816287948369979 0.20802878873348229 1.1429953447282315 -1.2432328392833469
leaf_weight=61 60 63 54 55 44 43
leaf_count=61 60 63 54 55 44 43
internal_value=-0.00105263 0.008125 0.0169261 0.0303681 0.0227273 -0.00526316
internal_weight=380 320 257 153 99 104
internal_count=380 320 257 153 99 104
cat_boundaries=0 1
cat_threshold=14
is_linear=0
shrinkage=0.05


Tree=4
num_leaves=7
num_cat=1
split_feature=12 13 14 51 20 4
split_gain=58.3042 39.917 34.9236 21.1455 13.3394 8.57813
threshold=241.83000000000001 47.310000000000009 43.840000000000011 0 1420.0000000000002 2.5000000000000004
decision_type=2 2 2 1 2 2
left_child=1 -1 -3 5 -5 -4
right_child=-2 2 3 4 -6 -7
leaf_value=2.4087693624532225 -4.4301055003150553 -0.72432163449540754 1.1219237505225834 -0.87378976937502628 0.39034440620899197 0.083374513629675212
leaf_weight=50 61 65 57 57 58 43
leaf_count=50 61 65 57 57 58 43
internal_value=-0.00345269 0.00484848 -0.0025 0.0072093 -0.0076 0.0227273
internal_weight=391 330 280 215 115 100
internal_count=391 330 280 215 115 100
cat_boundaries=0 1
cat_threshold=149025
is_linear=0
shrinkage=0.05


Tree=5
num_leaves=7
num_cat=0
split_feature=12 16 49 13 59 16
split_gain=62.4228 33.7709 36.1985 12.7892 14.7306 10.1708
threshold=241.83000000000001 0.32781815439979084 1.0000000180025095e-35 104.12500000000001 3645.3950000000004 0.56506958962446785
decision_type=2 2 2 2 2 2
left_child=1 -1 3 4 -3 -4
right_child=-2 2 5 -5 -6 -7
leaf_value=2.1807810362372995 -3.8775510720577873 0.35579956824526954 0.014813128256421493 -1.7160191417111683 -0.4430260705117805 0.70874595010620323
leaf_weight=51 61 42 46 48 66 73
leaf_count=51 61 42 46 48 66 73
internal_value=-0.00193798 0.00674847 -0.000181818 -0.0160256 -0.00648148 0.0205882
internal_weight=387 326 275 156 108 119
internal_count=387 326 275 156 108 119
is_linear=0
shrinkage=0.05


Tree=6
num_leaves=7
num_cat=0
split_feature=12 16 20 16 15 15
split_gain=58.9071 36.6004 31.4543 34.4609 19.9111 6.98182
threshold=241.83000000000001 0.60755647027229098 3395.0000000000005 0.5626664726708378 122.87 136.28999999999999
decision_type=2 2 2 2 2 2
left_child=1 2 5 4 -4 -1
right_child=-2 -3 3 -5 -6 -7
leaf_value=0.55359053129779956 -4.4563236649392728 -1.1277493074175184 0.053704353270629217 1.0303902654911441 -0.91867454222082134 2.3180698351606224
leaf_weight=45 53 71 63 41 42 54
leaf_count=45 53 71 63 41 42 54
internal_value=-0.00121951 0.00696203 0.0161224 0.00136986 -0.0138095 0.0378788
internal_weight=369 316 245 146 105 99
internal_count=369 316 245 146 105 99
is_linear=0
shrinkage=0.05


Tree=7
num_leaves=7
num_cat=0
split_feature=12 12 14 40 58 36
split_gain=57.7528 32.5849 24.2383 22.0428 9.16534 7.55313
threshold=241.83000000000001 114.30000000000001 41.845000000000006 -65.053708185790001 147.10000000000002 -0.00011861230481994998
decision_type=2 2 2 2 2 2
left_child=1 -1 -3 -4 -5 -6
right_child=-2 2 3 4 5 -7
leaf_value=2.181452407353845 -3.8923072253446538 -0.60055145816207478 0.61131408562255141 0.53561101693994073 -0.79287493728613612 0.084042394441288346
leaf_weight=50 59 59 73 45 50 42
leaf_count=50 59 59 73 45 50 42
internal_value=0.000529101 0.00893417 0.00204461 0.01 -0.00182482 -0.0108696
internal_weight=378 319 269 210 137 92
internal_count=378 319 269 210 137 92
is_linear=0
shrinkage=0.05


Tree=8
num_leaves=7
num_cat=0
split_feature=14 12 16 16 37 20
split_gain=48.7928 32.6698 29.1136 14.417 28.7563 5.43887
threshold=75.995000000000019 173.49000000000004 0.60755647027229098 0.57910545537169955 0.60308902086240657 4885.0000000000009
decision_type=2 2 2 2 2 2
left_child=1 5 3 4 -2 -1
right_child=2 -3 -4 -5 -6 -7
leaf_value=0.059246180721056342 -0.098328329737025308 -2.673061773949593 -0.85031018934029179 1.0821225332268296 2.128909888218868 -0.31679099163502972
leaf_weight=40 73 77 46 44 57 41
leaf_count=40 73 77 46 44 57 41
internal_value=-0.0015873 -0.0227848 0.0136364 0.0229885 0.0146154 -0.000617284
internal_weight=378 158 220 174 130 81
internal_count=378 158 220 174 130 81
is_linear=0
shrinkage=0.05


Tree=9
num_leaves=8
num_cat=0
split_feature=12 25 49 13 59 13 8
split_gain=51.6007 35.833 17.5813 18.5747 14.8573 7.81795 6.9181
threshold=241.83000000000001 1330.0000000000002 1.0000000180025095e-35 104.12500000000001 3621.7650000000008 59.490000000000009 5921.3378684807258
decision_type=2 2 2 2 2 2 2
left_child=1 2 3 4 -1 -6 -4
right_child=-2 -3 6 -5 5 -7 -8
leaf_value=0.50107016303934238 -3.1425388554885836 1.9866482286239553 0.99696525846156359 -1.6213276017528047 0.050286723293966065 -0.6909719118201334 0.43047152782044229
leaf_weight=40 56 46 56 46 41 43 51
leaf_count=40 56 46 56 46 41 43 51
internal_value=0.00145119 0.00913313 0.00234657 -0.00764706 0.00241935 -0.00952381 0.0182243
internal_weight=379 323 277 170 124 84 107
internal_count=379 323 277 170 124 84 107
is_linear=0
shrinkage=0.05


Tree=10
num_leaves=7
num_cat=1
split_feature=12 16 55 10 8 13
split_gain=45.4605 30.7851 24.5936 11.4443 10.0043 8.04441
threshold=241.83000000000001 0.60755647027229098 0 248.43000000000004 5921.3378684807258 55.785000000000004
decision_type=2 2 1 2 2 2
left_child=1 2 5 -4 -5 -1
right_child=-2 -3 3 4 -6 -7
leaf_value=0.069745349377789978 -3.5466096788187311 -1.0078166468695646 1.8873158171927575 0.85429512367235816 -0.028134375491177366 -0.51196094961912952
leaf_weight=40 59 66 44 61 43 61
leaf_count=40 59 66 44 61 43 61
internal_value=-0.00294118 0.00460317 0.0126506 0.0246835 0.0173077 -0.00675676
internal_weight=374 315 249 148 104 101
internal_count=374 315 249 148 104 101
cat_boundaries=0 1
cat_threshold=14
is_linear=0
shrinkage=0.05


Tree=11
num_leaves=7
num_cat=0
split_feature=12 16 49 5 16 12
split_gain=47.0694 25.3977 29.3012 10.487 9.41603 7.00471
threshold=241.83000000000001 0.32781815439979084 1.0000000180025095e-35 0.93750000000000011 0.53028812273623882 174.08500000000001
decision_type=2 2 2 2 2 2
left_child=1 -1 3 4 -3 -4
right_child=-2 2 5 -5 -6 -7
leaf_value=1.5466221755979319 -2.9800814554760984 0.058677375014628379 0.35127399891988276 -1.7145246462480026 -0.9015912398705741 0.75011434403834221
leaf_weight=51 65 64 60 42 51 58
leaf_count=51 65 64 60 42 51 58
internal_value=-0.00191816 0.00582822 -0.000181818 -0.0143312 -0.00652174 0.0186441
internal_weight=391 326 275 157 115 118
internal_count=391 326 275 157 115 118
is_linear=0
shrinkage=0.05


Tree=12
num_leaves=9
num_cat=0
split_feature=14 12 19 35 13 29 34 9
split_gain=43.9089 23.7284 18.315 11.8255 8.20155 12.545 2.74628 1.82222
threshold=75.995000000000019 173.49000000000004 1295.0000000000002 -0.0061213351516136993 96.070000000000007 -69.089999999999904 0.27002331519332207 4039.0000000000005
decision_type=2 2 2 2 2 2 2 2
left_child=1 6 3 -2 -5 -6 -1 -3
right_child=2 7 -4 4 5 -7 -8 -9
leaf_value=-0.10764983103170139 -0.46041585515969263 -1.8619029746930857 1.7000048502788907 -0.063728137279009903 0.89337790305848552 0.2101862168876979 0.045852978167715365 -3.1979264151512314
leaf_weight=41 53 40 42 43 42 44 40 41
leaf_count=41 53 40 42 43 42 44 40 41
internal_value=-0.00362694 -0.0234568 0.0107143 0.00384615 0.0120155 0.0209302 -0.00432099 -0.0425926
internal_weight=386 162 224 182 129 86 81 81
internal_count=386 162 224 182 129 86 81 81
is_linear=0
shrinkage=0.05


Tree=13
num_leaves=6
num_cat=0
split_feature=13 49 13 59 16
split_gain=33.5033 42.1733 18.9333 12.7575 9.7287
threshold=50.260000000000005 1.0000000180025095e-35 114.86000000000001 3653.3900000000003 0.58293268156544042
decision_type=2 2 2 2 2
left_child=-1 2 3 -2 -3
right_child=1 4 -4 -5 -6
leaf_value=1.3842158655028216 0.06419092856974383 0.03681067647839207 -2.3746821506096079 -0.76206397093518352 0.78458331526115832
leaf_weight=58 66 77 65 61 54
leaf_count=58 66 77 65 61 54
internal_value=-0.00223097 -0.00851393 -0.0234375 -0.0122047 0.0133588
internal_weight=381 323 192 127 131
internal_count=381 323 192 127 131
is_linear=0
shrinkage=0.05


Tree=14
num_leaves=7
num_cat=0
split_feature=14 12 19 62 49 9
split_gain=45.5244 23.6439 20.7193 10.0504 18.2533 2.04258
threshold=75.995000000000019 170.41000000000003 1295.0000000000002 1219.2100000000003 1.0000000180025095e-35 4098.0000000000009
decision_type=2 2 2 2 2 2
left_child=1 -1 3 -2 -5 -3
right_child=2 5 -4 4 -6 -7
leaf_value=-0.010325481810652626 0.75402591641179484 -1.9696242863240894 1.5614078817641373 -0.87023053514991755 0.43952868976961529 -3.1431471039503847
leaf_weight=76 54 40 43 51 70 47
leaf_count=76 54 40 43 51 70 47
internal_value=-0.00301837 -0.0230061 0.0119266 0.00428571 -0.00371901 -0.0408046
internal_weight=381 163 218 175 121 87
internal_count=381 163 218 175 121 87
is_linear=0
shrinkage=0.05


Tree=15
num_leaves=7
num_cat=1
split_feature=16 51 13 61 16 16
split_gain=41.4991 36.6266 25.5046 11.6001 12.8356 10.93
threshold=0.32781815439979084 0 121.83000000000001 3818.3650000000002 0.58187387900948628 0.58367570822391224
decision_type=2 1 2 2 2 2
left_child=-1 5 3 4 -3 -2
right_child=1 2 -4 -5 -6 -7
leaf_value=1.4521093531272662 0.059868479033056615 0.39670487768836638 -2.2332395427592129 -0.38279572463389083 -0.68405810030454817 0.96556109722574568
leaf_weight=55 70 50 63 77 40 41
leaf_count=55 70 50 63 77 40 41
internal_value=-0.0030303 -0.00953079 -0.0204167 -0.0110778 0.00111111 0.0136364
internal_weight=396 341 230 167 90 111
internal_count=396 341 230 167 90 111
cat_boundaries=0 1
cat_threshold=257536
is_linear=0
shrinkage=0.05


Tree=16
num_leaves=6
num_cat=0
split_feature=16 49 13 16 59
split_gain=38.1174 39.527 22.3391 10.2779 8.43591
threshold=0.32781815439979084 1.0000000180025095e-35 114.86000000000001 0.57910545537169955 3645.3950000000004
decision_type=2 2 2 2 2
left_child=-1 2 4 -3 -2
right_child=1 3 -4 -5 -6
leaf_value=1.4107320200195668 0.12422436260568298 0.026315027913568968 -2.3746038472559023 0.67321464537267772 -0.36406375344364261
leaf_weight=49 59 71 66 61 70
leaf_count=49 59 71 66 61 70
internal_value=-0.00132979 -0.00749235 -0.0217949 0.0136364 -0.00968992
internal_weight=376 327 195 132 129
internal_count=376 327 195 132 129
is_linear=0
shrinkage=0.05


Tree=17
num_leaves=8
num_cat=0
split_feature=14 10 12 12 38 13 9
split_gain=31.2073 24.3195 22.4904 10.3889 12.2727 9.9225 7.02439
threshold=75.995000000000019 245.19500000000002 173.49000000000004 174.08500000000001 156.34959183673439 116.73500000000001 4804.9000000000005
decision_type=2 2 2 2 2 2 2
left_child=2 -2 6 4 -3 -5 -1
right_child=1 3 -4 5 -6 -7 -8
leaf_value=0.035017266665664341 1.7350156462527755 -0.63095461876307324 -1.8002748356988123 0.96962268281149844 0.47849511844052978 0.012983915347845709 -0.18196691348479135
leaf_weight=41 40 48 75 43 40 56 41
leaf_count=41 40 48 75 43 40 56 41
internal_value=0.000260417 0.0121145 -0.016879 0.00454545 -0.00795455 0.0156566 0.00121951
internal_weight=384 227 157 187 88 99 82
internal_count=384 227 157 187 88 99 82
is_linear=0
shrinkage=0.05


Tree=18
num_leaves=8
num_cat=2
split_feature=51 13 19 14 52 24 34
split_gain=31.8504 32.6283 20.0082 10.8889 8.79409 6.40667 4.22841
threshold=0 114.86000000000001 535.00000000000011 65.804999999999993 1 4975.0000000000009 0.59421460109664714
decision_type=1 2 2 2 1 2 2
left_child=6 2 4 -3 5 -2 -1
right_child=1 3 -4 -5 -6 -7 -8
leaf_value=0.44892808097227715 0.08370978499099585 -2.640997397788909 1.0070668134365826 -0.40825404485886801 -0.33755366424960248 -0.17641276567049538 1.0071167859707622
leaf_weight=61 60 50 41 40 62 40 43
leaf_count=61 60 50 41 40 62 40 43
internal_value=-0.000629723 -0.00907591 0.00172414 -0.0344444 -0.00617284 0.003 0.0219298
internal_weight=397 293 203 90 162 100 104
internal_count=397 293 203 90 162 100 104
cat_boundaries=0 1 2
cat_threshold=216594 2
is_linear=0
shrinkage=0.05


Tree=19
num_leaves=7
num_cat=1
split_feature=51 13 14 11 31 12
split_gain=28.9356 17.7945 10.8876 10.8013 9.22818 3.91337
threshold=0 114.86000000000001 66.305000000000021 4583.5950000000012 -216.17000000000004 144.62000000000003
decision_type=1 2 2 2 2 2
left_child=1 3 -3 -1 -2 -5
right_child=4 2 -4 5 -6 -7
leaf_value=0.26890434444295935 0.88462509965222302 -2.5089475278994637 -0.41750409949705092 -0.045908573821082405 0.11622607490591506 -0.75006051490222703
leaf_weight=77 60 42 45 44 69 48
leaf_count=77 60 42 45 44 69 48
internal_value=-0.000909091 -0.0105263 -0.0293103 -0.00147929 0.0176259 -0.0130435
internal_weight=385 256 87 169 129 92
internal_count=385 256 87 169 129 92
cat_boundaries=0 1
cat_threshold=9189
is_linear=0
shrinkage=0.05


Tree=20
num_leaves=8
num_cat=0
split_feature=14 58 14 12 25 12 20
split_gain=36.7532 23.0906 13.3456 13.1523 8.42091 6.65283 3.527
threshold=75.995000000000019 155.65500000000003 93.719999999999985 173.49000000000004 555.00000000000011 174.08500000000001 4885.0000000000009
decision_type=2 2 2 2 2 2 2
left_child=3 4 5 6 -2 -3 -1
right_child=1 2 -4 -5 -6 -7 -8
leaf_value=0.0040641544332226335 0.46095268505154419 -0.19977952890732578 -0.80484862787316414 -1.6823592984704909 1.3428294506007454 0.75140886159194098 -0.15734785398023732
leaf_weight=42 40 46 40 76 49 50 41
leaf_count=42 40 46 40 76 49 50 41
internal_value=-0.00078125 0.0122222 -0.000735294 -0.0191824 0.0320225 0.009375 -0.00542169
internal_weight=384 225 136 159 89 96 83
internal_count=384 225 136 159 89 96 83
is_linear=0
shrinkage=0.05


Tree=21
num_leaves=8
num_cat=1
split_feature=51 13 14 14 13 10 18
split_gain=38.4485 25.1217 16.1955 8.08074 7.54357 6.26732 3.16202
threshold=0 112.12000000000002 89.730000000000018 65.804999999999993 105.44500000000001 224.77500000000003 4975.0000000000009
decision_type=1 2 2 2 2 2 2
left_child=1 2 5 -3 -2 6 -1
right_child=4 3 -4 -5 -6 -7 -8
leaf_value=0.0056163648904810522 0.97598111722239911 -2.2993821865809658 0.84591593883235527 -0.403621885935112 0.11755982887251065 -0.79540731722523095 -0.10367584184255563
leaf_weight=42 78 52 49 42 46 42 40
leaf_count=42 78 52 49 42 46 42 40
internal_value=-0.0011509 -0.0117329 -0.000867052 -0.0329787 0.0208955 -0.0104839 -0.00243902
internal_weight=391 267 173 94 124 124 82
internal_count=391 267 173 94 124 124 82
cat_boundaries=0 1
cat_threshold=45541
is_linear=0
shrinkage=0.05


Tree=22
num_leaves=7
num_cat=1
split_feature=51 13 12 5 16 22
split_gain=32.3177 17.0449 15.9977 19.0388 10.724 7.58587
threshold=0 105.44500000000001 144.62000000000003 0.77500000000000013 0.53028812273623882 385.00000000000006
decision_type=1 2 2 2 2 2
left_child=1 -1 -2 4 -4 -5
right_child=2 -3 3 5 -6 -7
leaf_value=1.0276045153061735 0.089687236729227682 -0.099800978086027226 0.58056996337039024 -0.96436788436553267 -0.60915509844770621 -0.93070907820774407
leaf_weight=66 56 40 41 63 61 44
leaf_count=66 56 40 41 63 61 44
internal_value=-0.00336927 0.0189655 -0.0125455 -0.019378 -0.00392157 -0.0341121
internal_weight=371 106 265 209 102 107
internal_count=371 106 265 209 102 107
cat_boundaries=0 1
cat_threshold=214554
is_linear=0
shrinkage=0.05


Tree=23
num_leaves=7
num_cat=1
split_feature=51 13 45 59 4 13
split_gain=32.4382 23.8681 19.154 9.00961 8.66474 7.54714
threshold=0 55.785000000000004 0.0039148749986290506 4275.6000000000013 3.5000000000000004 105.44500000000001
decision_type=1 2 2 2 2 2
left_child=1 -1 3 -3 -4 -2
right_child=5 2 4 -5 -6 -7
leaf_value=0.26281149170662027 0.813644246442351 0.47285902495366217 -0.2539041010302574 -0.32848333568326088 -1.94012636160274 0.063575865218270883
leaf_weight=59 67 40 61 41 63 47
leaf_count=59 67 40 61 41 63 47
internal_value=-0.00026455 -0.00985401 -0.0182927 0.000617284 -0.0306452 0.0209677
internal_weight=378 264 205 81 124 114
internal_count=378 264 205 81 124 114
cat_boundaries=0 1
cat_threshold=41453
is_linear=0
shrinkage=0.05


Tree=24
num_leaves=8
num_cat=0
split_feature=16 49 13 16 15 16 35
split_gain=37.898 36.5193 22.0724 13.0388 6.88787 5.94952 5.13676
threshold=0.32781815439979084 1.0000000180025095e-35 114.86000000000001 0.41347599751229275 121.69500000000002 0.58367570822391224 -0.00042428393708164998
decision_type=2 2 2 2 2 2 2
left_child=-1 2 3 -2 -5 6 -3
right_child=1 5 -4 4 -6 -7 -8
leaf_value=1.0625838729185255 -0.54202169413833656 -0.10625132534779524 -1.4259442011442767 -0.15087847748964781 0.41545620216245693 0.42697082413972431 0.26674708855129048
leaf_weight=52 43 42 68 46 40 45 43
leaf_count=52 43 42 68 46 40 45 43
internal_value=-0.00118734 -0.00749235 -0.021066 -0.00891473 0.00232558 0.0130769 0.00529412
internal_weight=379 327 197 129 86 130 85
internal_count=379 327 197 129 86 130 85
is_linear=0
shrinkage=0.05


Tree=25
num_leaves=7
num_cat=0
split_feature=13 49 13 14 16 61
split_gain=32.1838 28.4408 20.9235 8.04602 9.45606 7.1793
threshold=52.365000000000002 1.0000000180025095e-35 114.86000000000001 89.835000000000022 0.57910545537169955 4330.9550000000008
decision_type=2 2 2 2 2 2
left_child=-1 2 5 4 -3 -2
right_child=1 3 -4 -5 -6 -7
leaf_value=0.32931507936146431 0.017339632480213751 0.064700416547890785 -1.4739868558648288 -0.15338834416455571 0.62760357393236521 -0.76060273686436219
leaf_weight=69 71 48 68 40 40 44
leaf_count=69 71 48 68 40 40 44
internal_value=-0.00263158 -0.00948553 -0.0221311 0.00859375 0.0170455 -0.00913043
internal_weight=380 311 183 128 88 115
internal_count=380 311 183 128 88 115
is_linear=0
shrinkage=0.05


Tree=26
num_leaves=7
num_cat=0
split_feature=12 49 13 16 5 29
split_gain=32.8138 24.5317 29.8823 7.66707 6.3215 3.75104
threshold=101.37000000000002 1.0000000180025095e-35 114.86000000000001 0.56506958962446785 0.93750000000000011 -82.379999999999811
decision_type=2 2 2 2 2 2
left_child=-1 2 4 -3 5 -2
right_child=1 3 -4 -5 -6 -7
leaf_value=1.2189780855666521 0.07446031458305101 -0.014113894898405378 -1.4323076128529464 0.35643547308778684 -0.36305267546310277 -0.23453195372827268
leaf_weight=43 43 59 67 74 42 47
leaf_count=43 43 59 67 74 42 47
internal_value=-0.0004 -0.00572289 -0.0168342 0.0109023 -0.0030303 0.00444444
internal_weight=375 332 199 133 132 90
internal_count=375 332 199 133 132 90
is_linear=0
shrinkage=0.05


Tree=27
num_leaves=7
num_cat=0
split_feature=14 10 10 25 4 16
split_gain=29.8224 33.0948 12.2216 9.39053 15.8788 13.9934
threshold=43.840000000000011 221.77000000000001 183.15000000000003 65.000000000000014 2.5000000000000004 0.53028812273623882
decision_type=2 2 2 2 2 2
left_child=2 -2 -1 -3 5 -5
right_child=1 3 -4 4 -6 -7
leaf_value=-0.017560768678791305 1.0187172363005421 0.28953379443752925 -1.0960956054528983 0.30478883877790586 -0.96847598593015438 -0.23115028948815208
leaf_weight=41 48 62 53 46 58 57
leaf_count=41 48 62 53 46 58 57
internal_value=-0.00232877 0.00608856 -0.0265957 -0.00201794 -0.00838509 0.00339806
internal_weight=365 271 94 223 161 103
internal_count=365 271 94 223 161 103
is_linear=0
shrinkage=0.05


end of trees

feature_importances:
base_ovl_ratio=29
base_pre=23
base_ovl=23
base_cons_gap=16
is_diphthong=9
vowel_class=7
base_cons=6
prev_base_offset=6
curr_vowel_start_ms=4
row_index_in_wav=3
row_ratio_in_wav=3
base_offset=3
base_cut_gap=3
curr_phone_len_ms=3
syllable_len_ms=3
base_offset_to_expected_ms=3
base_cutoff_to_next_anchor_ms=3
prev_alias_type=3
wav_duration_ms=2
energy_max=2
energy_slope_pre=2
spectral_flux_mean=2
next_base_pre=2
prev_base_cutoff_abs=2
base_cutoff_abs=1
curr_phone_end_ms=1
curr_vowel_len_ms=1
syllable_start_ms=1
syllable_end_ms=1
energy_slope_post=1
valley_energy=1
valley_dist_from_cutoff_ms=1
db_min=1
mora_position=1
next_base_offset=1
next_base_cutoff_abs=1

parameters:
[boosting: gbdt]
[objective: regression_l1]
[metric: l1]
[tree_learner: serial]
[device_type: cpu]
[data_sample_strategy: bagging]
[data: ]
[valid: ]
[num_iterations: 500]
[learning_rate: 0.05]
[num_leaves: 31]
[num_threads: 0]
[seed: 0]
[deterministic: 0]
[force_col_wise: 0]
[force_row_wise: 0]
[histogram_pool_size: -1]
[max_depth: -1]
[min_data_in_leaf: 40]
[min_sum_hessian_in_leaf: 0.001]
[bagging_fraction: 0.85]
[pos_bagging_fraction: 1]
[neg_bagging_fraction: 1]
[bagging_freq: 1]
[bagging_seed: 3]
[bagging_by_query: 0]
[feature_fraction: 0.85]
[feature_fraction_bynode: 1]
[feature_fraction_seed: 2]
[extra_trees: 0]
[extra_seed: 6]
[early_stopping_round: 0]
[early_stopping_min_delta: 0]
[first_metric_only: 0]
[max_delta_step: 0]
[lambda_l1: 0]
[lambda_l2: 0]
[linear_lambda: 0]
[min_gain_to_split: 0]
[drop_rate: 0.1]
[max_drop: 50]
[skip_drop: 0.5]
[xgboost_dart_mode: 0]
[uniform_drop: 0]
[drop_seed: 4]
[top_rate: 0.2]
[other_rate: 0.1]
[min_data_per_group: 100]
[max_cat_threshold: 32]
[cat_l2: 10]
[cat_smooth: 10]
[max_cat_to_onehot: 4]
[top_k: 20]
[monotone_constraints: ]
[monotone_constraints_method: basic]
[monotone_penalty: 0]
[feature_contri: ]
[forcedsplits_filename: ]
[refit_decay_rate: 0.9]
[cegb_tradeoff: 1]
[cegb_penalty_split: 0]
[cegb_penalty_feature_lazy: ]
[cegb_penalty_feature_coupled: ]
[path_smooth: 0]
[interaction_constraints: ]
[verbosity: -1]
[saved_feature_importance_type: 0]
[use_quantized_grad: 0]
[num_grad_quant_bins: 4]
[quant_train_renew_leaf: 0]
[stochastic_rounding: 1]
[linear_tree: 0]
[max_bin: 255]
[max_bin_by_feature: ]
[min_data_in_bin: 3]
[bin_construct_sample_cnt: 200000]
[data_random_seed: 1]
[is_enable_sparse: 1]
[enable_bundle: 1]
[use_missing: 1]
[zero_as_missing: 0]
[feature_pre_filter: 1]
[pre_partition: 0]
[two_round: 0]
[header: 0]
[label_column: ]
[weight_column: ]
[group_column: ]
[ignore_column: ]
[categorical_feature: 0,1,2,3,46,47,50,51,52,53,55,56]
[forcedbins_filename: ]
[precise_float_parser: 0]
[parser_config_file: ]
[objective_seed: 5]
[num_class: 1]
[is_unbalance: 0]
[scale_pos_weight: 1]
[sigmoid: 1]
[boost_from_average: 1]
[reg_sqrt: 0]
[alpha: 0.9]
[fair_c: 1]
[poisson_max_delta_step: 0.7]
[tweedie_variance_power: 1.5]
[lambdarank_truncation_level: 30]
[lambdarank_norm: 1]
[label_gain: ]
[lambdarank_position_bias_regularization: 0]
[eval_at: ]
[multi_error_top_k: 1]
[auc_mu_weights: ]
[num_machines: 1]
[local_listen_port: 12400]
[time_out: 120]
[machine_list_filename: ]
[machines: ]
[gpu_platform_id: -1]
[gpu_device_id: -1]
[gpu_use_dp: 0]
[num_gpu: 1]

end of parameters

pandas_categorical:[["korean"], ["cvvc"], ["vc", "vv"], ["vc_sonorant", "vc_stop", "vv"], ["other", "sonorant"], ["unknown", "voiced"], ["liquid", "nasal", "none", "stop"], ["", "a", "e", "eo", "eu", "eui", "i", "o", "u", "wa", "we", "weo", "wi", "ya", "ye", "yeo", "yo", "yu"], ["head", "mid", "tail"], ["vc", "vv"], ["", "cv", "cv_head", "vc", "vcv", "vv"], [""]]
