tree
version=v4
num_class=1
num_tree_per_iteration=1
label_index=0
max_feature_idx=49
objective=regression
feature_names=language format_type alias_type alias_group candidate_mode candidate_index mapping_confidence jump_blocked_flag used_alias_based_syllables used_nuclei_fallback words_vs_alias_score_margin wav_duration_ms expected_anchor_ms base_offset_to_expected_ms base_pre_to_expected_ms base_cutoff_to_next_anchor_ms prev_phone_gap_ms next_phone_gap_ms energy_mean db_silence_ratio local_peak_db local_valley_db mel_window_energy_mean mel_window_silence_ratio coda_type vowel_class bridge_type mora_position onset_class voicing_class mapping_reason_code prev_alias_type next_alias_type cand_offset cand_cons cand_cutoff_abs cand_pre cand_ovl cand_pre_abs cand_cons_gap cand_cut_gap cand_ovl_ratio cand_offset_to_expected_ms cand_pre_to_expected_ms cand_cutoff_to_next_anchor_ms cand_delta_from_base_total cand_delta_from_base_anchor cand_overlap_margin cand_pre_cons_margin cand_leak_risk
feature_infos=none none -1:0:2:3:1 -1:12:6:9:7:0:2:10:5:11:8:3:4:1 -1:0:1:2:8:4:7:3:5:6 [0:6] [0.72017804847290745:1] none none none [-25.416000000000032:1541.5840000000001] [4246.3492063492067:5999.4557823129253] [450:5060] [-254.16000000000031:42.389999999999873] [-39.619999999999891:238.58999999999992] [-3956.1100000000006:3036.1400000000003] [0:1500] [0:1190] [0.000112035901755:1] [0:1] [-72.113136325761715:-9.9308719817785445] [-84.816403556884978:-11.203556039587015] [0.000112035901755:1] [0:1] none -1:0:3:2:1:6:5:4 -1:0:1:2 -1:1:0:2 -1:1:2:3:0 -1:0:1:2 none -1:3:0:4:1:2 none [438.20999999999998:5047.9200000000001] [43.3172:398.60000000000002] [533:8865.5200000000004] [25.109999999999999:259.43000000000001] [9.7799999999999994:249.43000000000001] [488.29000000000002:5136.7799999999997] [9.9999999999999858:175.77600000000001] [438.63:8764.8696] [0.2208672086720867:0.9614539567513396] [-254.16000000000031:42.389999999999873] [-42.37039999999979:238.58999999999992] [-7707.9399999999996:3036.1400000000003] [0:3777.3000000000002] [0:19.375999999999976] [7:44.990000000000002] [9.9999999999999858:175.77600000000001] [0:7707.9399999999996]
tree_sizes=2845 2850 2841 2843 2854

Tree=0
num_leaves=31
num_cat=5
split_feature=26 49 15 14 3 48 15 10 40 34 33 35 27 34 3 6 44 11 15 34 27 16 13 11 14 21 11 14 13 48
split_gain=3.35362e+08 1.35068e+08 2.7808e+07 1.43455e+07 1.17705e+07 1.12052e+07 7.59071e+06 5.19039e+06 5.07123e+06 4.60463e+06 3.64574e+06 3.50666e+06 3.22499e+06 3.11523e+06 3.22454e+06 3.09018e+06 2.74662e+06 2.25992e+06 2.20376e+06 2.12504e+06 2.07114e+06 2.54428e+06 2.22137e+06 3.45167e+06 2.01676e+06 1.99236e+06 2.56521e+06 1.89095e+06 1.7545e+06 1.57634e+06
threshold=0 195.98999999999981 -144.79000000000016 70.010000000000005 1 142.43120000000002 56.030000000000214 21.702500000000011 776.69710000000021 248.99000000000004 895.23000000000013 3151.3300000000004 2 276.01000000000005 3 0.99455335208169104 139.84500000000006 5868.7981859410438 -56.32999999999992 153.9605 4 55.000000000000121 -97.599999999999952 5820.1360544217696 59.195000000000057 -17.282619751356474 4294.2630385487546 15.185000000000176 -15.514999999999871 64.862000000000023
decision_type=1 2 2 2 1 2 2 2 2 2 2 2 1 2 1 2 2 2 2 2 1 2 2 2 2 2 2 2 2 2
left_child=2 3 8 5 15 7 9 10 -1 18 -2 16 -8 14 17 -4 -9 -10 -6 -17 21 -12 25 24 29 26 -22 -18 -5 -24
right_child=1 -3 4 28 6 -7 12 11 13 -11 20 -13 -14 -15 -16 19 27 -19 -20 -21 22 -23 23 -25 -26 -27 -28 -29 -30 -31
leaf_value=-401.54339561791573 -397.63440888361851 -502.11993789031038 -410.42950639858122 -420.91443523552789 -399.09442930297496 -421.27081298189842 -391.67556829963752 -409.63687141488975 -391.33739691691318 -417.08749658223712 -408.83954564532394 -417.89384591695386 -401.29093716190181 -407.69334072387937 -392.85621347522209 -408.07258128989099 -411.35838150861963 -396.979358127186 -404.34474746635016 -400.75201940795097 -403.58298347418844 -395.49147146986058 -411.28298692041574 -415.44259107221757 -414.10456602930492 -404.98085945429881 -411.87328301706646 -415.458817886551 -413.30926887063629 -405.52236864234618
leaf_weight=246 60 43 319 591 648 314 382 607 208 45 119 342 113 42 2550 172 475 1210 289 234 116 51 212 449 193 257 477 689 87 270
leaf_count=246 60 43 319 591 648 314 382 607 208 45 119 342 113 42 2550 172 475 1210 289 234 116 51 212 449 193 257 477 689 87 270
internal_value=-404.605 -413.861 -396.935 -413.146 -401.496 -412.151 -398.958 -411.488 -394.575 -401.464 -409.79 -413.259 -393.871 -394.148 -394.004 -406.718 -412.364 -396.211 -400.714 -403.853 -410.131 -404.835 -410.587 -412.045 -409.786 -408.658 -410.252 -413.786 -419.939 -408.056
internal_weight=11810 5352 6458 5309 2202 4631 1477 4317 4256 982 2204 2113 495 4010 3968 725 1771 1418 937 406 2144 170 1974 1124 675 850 593 1164 678 482
internal_count=11810 5352 6458 5309 2202 4631 1477 4317 4256 982 2204 2113 495 4010 3968 725 1771 1418 937 406 2144 170 1974 1124 675 850 593 1164 678 482
cat_boundaries=0 1 2 3 4 5
cat_threshold=1 20 2 66 1
is_linear=0
shrinkage=1


Tree=1
num_leaves=31
num_cat=3
split_feature=2 49 10 14 37 39 39 35 10 6 3 38 34 27 11 34 20 10 14 47 6 34 15 13 33 37 6 21 6 11
split_gain=3.08968e+08 1.48963e+08 2.52847e+07 1.28324e+07 1.23789e+07 1.0124e+07 8.16593e+06 8.58885e+06 4.29352e+06 4.25782e+06 3.42258e+06 2.84031e+06 2.72389e+06 2.65626e+06 2.68402e+06 3.3773e+06 3.19713e+06 2.36559e+06 2.24673e+06 2.0332e+06 1.90793e+06 1.89771e+06 1.58546e+06 1.47114e+06 1.45088e+06 1.44577e+06 1.41021e+06 1.42734e+06 1.3521e+06 1.30073e+06
threshold=0 195.98999999999981 1.0000000180025095e-35 70.010000000000005 161.35725000000005 142.43120000000002 105.84490000000001 1097.7000000000003 22.637000000000004 0.99455335208169104 1 3122.7151000000008 198.08500000000001 2 5262.460317460318 240.88000000000002 -16.085408671621718 42.335000000000008 59.195000000000057 16.500000000000007 0.76425740804483666 153.9605 -56.32999999999992 -15.514999999999871 2023.5850000000003 19.365000000000006 0.94266350759972395 -39.40105530477306 0.85889423610959503 5868.7981859410438
decision_type=1 2 2 2 2 2 2 2 2 2 1 2 2 1 2 2 2 2 2 2 2 2 2 2 2 2 2 2 2 2
left_child=2 3 9 5 6 8 22 -8 13 19 12 20 -9 26 18 24 -17 -14 -15 -1 -10 25 -4 -5 -16 -11 27 -2 -12 -19
right_child=1 -3 4 23 -6 -7 7 10 11 21 28 -13 17 14 15 16 -18 29 -20 -21 -22 -23 -24 -25 -26 -27 -28 -29 -30 -31
leaf_value=-2.8649829641301583 2.3668266773223876 -100.6271201393821 5.6355185655124469 -15.546377995359377 -13.160479325959177 -15.870908263019311 2.0743099841788331 11.07228556563035 -4.1241041030914314 1.8214751865766532 9.9020789794707582 -12.612656353591781 -2.7300495844038708 -2.5875875434846733 -6.7333324185826555 -7.6267135700899402 -0.19090515031364927 11.926409882765551 -8.8371161785671273 -11.866756539640175 -8.3521889828074674 4.3303417279872489 1.0353407539427282 -8.5135744678272918 -12.351817164176181 -6.4792668496861188 6.9548620513507302 -7.2016665960613055 12.184064929420494 6.5807748096157583
leaf_weight=141 80 44 698 594 66 321 362 518 332 108 1068 327 63 767 176 395 228 130 177 113 1359 235 256 85 331 102 56 76 1655 913
leaf_count=141 80 44 698 594 66 321 362 518 332 108 1068 327 63 767 176 395 228 130 177 113 1359 235 256 85 331 102 56 76 1655 913
internal_value=-0.120567 -8.99057 7.26183 -8.24734 8.3685 -7.30501 8.61941 9.474 -6.66615 -1.70449 10.0902 -8.34696 8.03068 -5.18239 -5.72731 -7.37132 -4.90542 6.67874 -3.75937 -6.86971 -7.52207 1.24374 4.40109 -14.666 -10.4014 -2.21031 0.148546 -2.29475 11.2477 7.24706
internal_weight=11776 5348 6428 5304 5729 4625 5663 4709 4304 699 4347 2018 1624 2286 2074 1130 623 1106 944 254 1691 445 954 679 507 210 212 156 2723 1043
internal_count=11776 5348 6428 5304 5729 4625 5663 4709 4304 699 4347 2018 1624 2286 2074 1130 623 1106 944 254 1691 445 954 679 507 210 212 156 2723 1043
cat_boundaries=0 1 2 3
cat_threshold=3 70 1
is_linear=0
shrinkage=0.05


Tree=2
num_leaves=31
num_cat=4
split_feature=26 15 10 14 37 38 48 48 10 6 34 27 38 47 11 34 20 14 47 44 15 17 34 14 15 25 27 37 10 37
split_gain=2.79681e+08 9.70133e+07 2.41408e+07 1.16187e+07 1.02848e+07 7.53306e+06 7.92388e+06 7.41461e+06 4.3382e+06 3.94169e+06 2.58544e+06 2.50194e+06 2.4971e+06 2.48607e+06 2.25952e+06 3.16416e+06 2.74786e+06 2.04935e+06 1.96192e+06 1.9519e+06 1.93366e+06 1.91423e+06 1.83442e+06 1.60559e+06 1.35841e+06 1.29265e+06 1.27332e+06 1.26861e+06 1.2634e+06 1.18406e+06
threshold=0 -232.73000000000022 1.0000000180025095e-35 70.010000000000005 161.35725000000005 922.6495000000001 105.84490000000001 142.43120000000002 22.637000000000004 0.99455335208169104 191.54500000000004 1 3122.7151000000008 24.171500000000016 5262.460317460318 240.88000000000002 -16.085408671621718 59.195000000000057 16.500000000000007 139.84500000000006 -56.32999999999992 1.0000000180025095e-35 153.9605 15.185000000000176 139.36000000000004 2 3 19.365000000000006 217.98400000000001 53.015000000000008
decision_type=1 2 2 2 2 2 2 2 2 2 2 1 2 2 2 2 2 2 2 2 2 2 2 2 2 1 1 2 2 2
left_child=2 -2 9 7 5 -4 20 8 11 18 -8 21 19 -12 17 -16 -17 25 29 26 -7 -3 27 -21 -15 -13 -10 -11 -5 -1
right_child=1 3 4 28 -6 6 10 -9 12 22 13 14 -14 24 15 16 -18 -19 -20 23 -22 -23 -24 -25 -26 -27 -28 -29 -30 -31
leaf_value=0.10603818376109285 -68.233863676839803 2.5275797918107776 2.195792366439568 -14.404194266932786 -12.540198130607607 5.7766271608697766 11.665674303987364 -14.469359556833902 -3.6790525832657139 1.5698338219097683 10.649811151294664 2.0135184906525154 -11.829281085590985 8.054301329936278 -9.7945374292099405 -7.0300294640776402 -0.14135227393487404 -8.240573524651321 -11.404661863322916 -6.0604674625239188 0.30170155098910706 -9.2146218632542816 4.1293898846351267 -9.9152418777145552 0.47541926806090312 -3.2939406887039233 -10.175281651814778 -6.2594945142082139 -5.9052688517469045 -9.7309560709221419
leaf_weight=106 67 180 469 628 60 628 1174 294 466 105 1277 136 344 1922 499 385 232 184 116 454 217 43 241 667 61 621 90 102 47 43
leaf_count=106 67 180 469 628 60 628 1174 294 466 105 1277 136 344 1922 499 385 232 184 116 454 217 43 241 667 61 621 90 102 47 43
internal_value=0.0408492 -8.44713 6.98769 -7.68703 8.0536 8.26856 8.80808 -6.78722 -6.26209 -1.69507 9.65374 -4.76704 -7.94874 8.9292 -5.3124 -6.83408 -4.4398 -3.50772 -6.5288 -7.15273 4.37064 0.263388 1.16417 -8.35408 7.82116 -2.35734 -4.7306 -2.2881 -13.8124 -2.73283
internal_weight=11858 5337 6521 5270 5808 5748 5279 4595 4301 713 4434 2280 2021 3260 2057 1116 617 941 265 1677 845 223 448 1121 1983 757 556 207 675 149
internal_count=11858 5337 6521 5270 5808 5748 5279 4595 4301 713 4434 2280 2021 3260 2057 1116 617 941 265 1677 845 223 448 1121 1983 757 556 207 675 149
cat_boundaries=0 1 2 3 4
cat_threshold=1 1 66 2
is_linear=0
shrinkage=0.05


Tree=3
num_leaves=31
num_cat=5
split_feature=26 15 15 14 39 3 15 10 33 34 36 3 38 27 27 18 13 11 44 39 15 34 10 11 17 21 14 34 20 21
split_gain=2.53146e+08 1.45064e+08 2.02948e+07 1.104e+07 8.33434e+06 8.15322e+06 5.57214e+06 3.86386e+06 3.47948e+06 3.32577e+06 2.81804e+06 2.44397e+06 2.30083e+06 2.2381e+06 2.23429e+06 2.13516e+06 1.8745e+06 2.66796e+06 1.7431e+06 1.73579e+06 1.73223e+06 1.70159e+06 2.67552e+06 1.64634e+06 1.63305e+06 1.55801e+06 1.504e+06 1.46944e+06 1.40715e+06 1.3642e+06
threshold=0 -233.18499999999992 -144.79000000000016 70.010000000000005 142.43120000000002 1 56.030000000000214 22.637000000000004 760.53000000000009 260.68000000000006 144.56960000000004 2 3122.7151000000008 3 4 0.57347778877180688 -97.039999999999949 5820.1360544217696 139.84500000000006 125.17550000000001 -56.32999999999992 180.04000000000005 -1.1404999999999972 5868.7981859410438 1.0000000180025095e-35 -21.000124334454785 16.88999999999999 197.51500000000001 -16.085408671621718 -17.726856983504543
decision_type=1 2 2 2 2 1 2 2 2 2 2 1 2 1 1 2 2 2 2 2 2 2 2 2 2 2 2 2 2 2
left_child=2 -2 8 4 7 15 9 14 -1 20 11 23 18 -8 24 -4 19 27 -9 -16 -7 22 25 -10 -3 -17 -20 29 -21 -18
right_child=1 3 5 -5 -6 6 13 12 10 -11 -12 -13 -14 -15 16 21 17 -19 26 28 -22 -23 -24 -25 -26 -27 -28 -29 -30 -31
leaf_value=2.9640625135973098 -102.96589789390565 2.2605207059409596 -7.9676741577618948 -13.278891930231371 -14.135107272344309 4.6664964733836802 11.04260443203033 -4.4940261676694666 11.562719395551731 -11.473788762092591 -4.2272280788421632 10.098698835387786 -11.309326963282345 3.0227628926260284 -0.36836667303685794 -9.4155573832022181 -6.3853659733563495 -9.1805132721134068 -5.7958572823468728 -6.5381156215416132 -0.11934310237863172 -5.300416459269087 3.8794195317009748 6.5429274355241738 -8.7852171362900151 -0.015039642189347417 -9.5042713309008064 0.85022940514361967 -0.84172751563507442 0.080538599147010101
leaf_weight=256 40 182 113 693 333 642 378 560 189 40 40 2557 335 113 324 74 513 485 479 398 268 142 295 1203 41 109 637 113 149 97
leaf_count=256 40 182 113 693 333 642 378 560 189 40 40 2557 335 113 324 74 513 485 479 398 268 142 295 1203 41 109 637 113 149 97
internal_value=-0.101751 -8.10256 6.60278 -7.39184 -6.51373 2.67418 4.83848 -5.92529 8.61474 2.63679 8.97738 9.11113 -7.52646 9.1969 -4.52653 -1.62445 -5.0367 -6.31155 -6.77034 -3.26859 3.25704 -0.49455 0.933134 7.17296 0.22969 -3.81634 -7.91258 -4.387 -4.98645 -5.35718
internal_weight=11798 5379 6419 5339 4646 2174 1441 4313 4245 950 3989 3949 2011 491 2302 733 2079 1208 1676 871 910 620 478 1392 223 183 1116 723 547 610
internal_count=11798 5379 6419 5339 4646 2174 1441 4313 4245 950 3989 3949 2011 491 2302 733 2079 1208 1676 871 910 620 478 1392 223 183 1116 723 547 610
cat_boundaries=0 1 2 3 4 5
cat_threshold=1 20 66 2 1
is_linear=0
shrinkage=0.05


Tree=4
num_leaves=31
num_cat=3
split_feature=26 49 3 39 14 39 14 10 34 10 38 33 18 37 33 16 39 11 20 34 14 47 37 14 27 10 44 15 21 39
split_gain=2.27751e+08 1.03642e+08 1.88368e+07 9.8525e+06 9.30191e+06 7.09513e+06 5.24513e+06 3.42258e+06 3.08301e+06 2.88713e+06 2.24289e+06 2.11392e+06 1.918e+06 1.79756e+06 1.72988e+06 1.63185e+06 2.5775e+06 1.95112e+06 1.97878e+06 1.90498e+06 1.62993e+06 1.56932e+06 1.56166e+06 1.49609e+06 1.60511e+06 1.49265e+06 1.48866e+06 1.44627e+06 1.36276e+06 1.29157e+06
threshold=0 195.98999999999981 1 105.84490000000001 70.010000000000005 142.43120000000002 -1.1249999999998861 22.637000000000004 248.99000000000004 89.253000000000029 1007.9700000000001 2565.9950000000003 0.57347778877180688 53.015000000000008 1037.4900000000002 1.0000000180025095e-35 125.36800000000004 5262.460317460318 -16.085408671621718 222.03 59.195000000000057 32.726500000000186 115.66000000000001 15.185000000000176 2 -1.1404999999999972 166.29999999999998 -56.32999999999992 -21.000124334454785 64.862000000000023
decision_type=1 2 1 2 2 2 2 2 2 2 2 2 2 2 2 2 2 2 2 2 2 2 2 2 1 2 2 2 2 2
left_child=2 4 6 8 5 7 14 10 27 -5 -2 23 -8 25 -1 17 -17 20 -19 -20 29 22 -11 24 -9 28 -25 -4 -14 -12
right_child=1 -3 3 9 -6 -7 12 11 -10 21 15 -13 13 -15 -16 16 -18 18 19 -21 -22 -23 -24 26 -26 -27 -28 -29 -30 -31
leaf_value=2.5442588765648804 3.9663730223973594 -81.644320694943701 4.8669671134149048 9.5942833043621434 -12.491432582325636 -13.35057180417696 -7.5305211112896604 -3.2688237562084179 -9.6809369320339638 7.9400524459910207 -4.5924459434444573 -10.567189243384748 -8.864658676915699 -7.9284117549657829 9.0015073985722704 2.0702722549438479 -5.7544643171553345 -9.2234492972872815 -8.1619601508098487 -0.89429512560988467 -8.1212660423544953 3.174768123067305 -1.5567699008517797 -4.7470101276412606 -7.9410516258672619 1.9001898651488092 -9.3331566639179542 0.39067761603696849 -0.14988390373676516 -0.38423045863677668
leaf_weight=259 78 47 701 2769 687 327 120 528 45 1138 409 379 72 76 173 209 212 471 170 192 172 244 45 256 282 418 573 243 119 329
leaf_count=259 78 47 701 2769 687 327 120 528 45 1138 409 379 72 76 173 209 212 471 170 192 172 244 45 256 282 418 573 243 119 329
internal_value=-0.0744893 -7.72428 6.26381 7.57998 -7.06553 -6.25289 0.680184 -5.70807 3.10519 8.65275 -4.36349 -7.20189 -1.69942 -0.677915 5.13015 -4.66373 -1.86998 -5.33853 -7.08701 -4.30729 -3.738 6.82577 7.5788 -6.4237 -4.89545 0.226909 -7.91693 3.7147 -3.43503 -2.71643
internal_weight=11743 5321 6422 5185 5274 4587 1237 4260 989 4196 2242 2018 805 685 432 2164 421 1743 833 362 910 1427 1183 1639 810 609 829 944 191 738
internal_count=11743 5321 6422 5185 5274 4587 1237 4260 989 4196 2242 2018 805 685 432 2164 421 1743 833 362 910 1427 1183 1639 810 609 829 944 191 738
cat_boundaries=0 1 2 3
cat_threshold=1 22 2
is_linear=0
shrinkage=0.05


end of trees

feature_importances:
base_pre_to_expected_ms=14
cand_cons=14
words_vs_alias_score_margin=12
base_cutoff_to_next_anchor_ms=12
wav_duration_ms=9
mora_position=8
cand_cons_gap=8
cand_ovl=7
alias_group=6
mapping_confidence=6
local_valley_db=5
cand_offset=5
cand_pre_abs=5
base_offset_to_expected_ms=4
local_peak_db=4
bridge_type=4
cand_cutoff_to_next_anchor_ms=4
cand_overlap_margin=4
cand_pre_cons_margin=4
cand_leak_risk=3
prev_phone_gap_ms=2
next_phone_gap_ms=2
energy_mean=2
cand_cutoff_abs=2
alias_type=1
vowel_class=1
cand_pre=1
cand_cut_gap=1

parameters:
[boosting: gbdt]
[objective: regression]
[metric: l2]
[tree_learner: serial]
[device_type: cpu]
[data_sample_strategy: bagging]
[data: ]
[valid: ]
[num_iterations: 400]
[learning_rate: 0.05]
[num_leaves: 31]
[num_threads: 0]
[seed: 0]
[deterministic: 0]
[force_col_wise: 0]
[force_row_wise: 0]
[histogram_pool_size: -1]
[max_depth: -1]
[min_data_in_leaf: 40]
[min_sum_hessian_in_leaf: 0.001]
[bagging_fraction: 0.85]
[pos_bagging_fraction: 1]
[neg_bagging_fraction: 1]
[bagging_freq: 1]
[bagging_seed: 3]
[bagging_by_query: 0]
[feature_fraction: 0.85]
[feature_fraction_bynode: 1]
[feature_fraction_seed: 2]
[extra_trees: 0]
[extra_seed: 6]
[early_stopping_round: 0]
[early_stopping_min_delta: 0]
[first_metric_only: 0]
[max_delta_step: 0]
[lambda_l1: 0]
[lambda_l2: 0]
[linear_lambda: 0]
[min_gain_to_split: 0]
[drop_rate: 0.1]
[max_drop: 50]
[skip_drop: 0.5]
[xgboost_dart_mode: 0]
[uniform_drop: 0]
[drop_seed: 4]
[top_rate: 0.2]
[other_rate: 0.1]
[min_data_per_group: 100]
[max_cat_threshold: 32]
[cat_l2: 10]
[cat_smooth: 10]
[max_cat_to_onehot: 4]
[top_k: 20]
[monotone_constraints: ]
[monotone_constraints_method: basic]
[monotone_penalty: 0]
[feature_contri: ]
[forcedsplits_filename: ]
[refit_decay_rate: 0.9]
[cegb_tradeoff: 1]
[cegb_penalty_split: 0]
[cegb_penalty_feature_lazy: ]
[cegb_penalty_feature_coupled: ]
[path_smooth: 0]
[interaction_constraints: ]
[verbosity: -1]
[saved_feature_importance_type: 0]
[use_quantized_grad: 0]
[num_grad_quant_bins: 4]
[quant_train_renew_leaf: 0]
[stochastic_rounding: 1]
[linear_tree: 0]
[max_bin: 255]
[max_bin_by_feature: ]
[min_data_in_bin: 3]
[bin_construct_sample_cnt: 200000]
[data_random_seed: 1]
[is_enable_sparse: 1]
[enable_bundle: 1]
[use_missing: 1]
[zero_as_missing: 0]
[feature_pre_filter: 1]
[pre_partition: 0]
[two_round: 0]
[header: 0]
[label_column: ]
[weight_column: ]
[group_column: ]
[ignore_column: ]
[categorical_feature: 0,1,2,3,4,24,25,26,27,28,29,30,31,32]
[forcedbins_filename: ]
[precise_float_parser: 0]
[parser_config_file: ]
[objective_seed: 5]
[num_class: 1]
[is_unbalance: 0]
[scale_pos_weight: 1]
[sigmoid: 1]
[boost_from_average: 1]
[reg_sqrt: 0]
[alpha: 0.9]
[fair_c: 1]
[poisson_max_delta_step: 0.7]
[tweedie_variance_power: 1.5]
[lambdarank_truncation_level: 30]
[lambdarank_norm: 1]
[label_gain: ]
[lambdarank_position_bias_regularization: 0]
[eval_at: ]
[multi_error_top_k: 1]
[auc_mu_weights: ]
[num_machines: 1]
[local_listen_port: 12400]
[time_out: 120]
[machine_list_filename: ]
[machines: ]
[gpu_platform_id: -1]
[gpu_device_id: -1]
[gpu_use_dp: 0]
[num_gpu: 1]

end of parameters

pandas_categorical:[["japanese"], ["cvvc"], ["cv", "cv_head", "vc", "vv"], ["cv_fricative", "cv_head_fricative", "cv_head_other", "cv_head_plosive", "cv_head_sonorant", "cv_other", "cv_plosive", "cv_sonorant", "vc_fricative", "vc_other", "vc_plosive", "vc_sonorant", "vv"], ["anchor_soft", "anchor_tight", "base", "bridge_tight", "cv_guard", "ja_cvvc_bridge_hold", "ja_cvvc_cv_forward", "ja_cvvc_cv_hold", "next_safe"], ["none"], ["", "a", "e", "i", "n", "o", "u"], ["", "vc", "vv"], ["head", "mid", "tail"], ["fricative", "other", "plosive", "sonorant"], ["unknown", "voiced", "voiceless"], ["unknown"], ["", "cv", "cv_head", "vc", "vv"], [""]]
