tree
version=v4
num_class=1
num_tree_per_iteration=1
label_index=0
max_feature_idx=30
objective=regression_l1
feature_names=language format_type voicebank_id wav_norm alias_norm occurrence_index row_index_in_wav source_mode source_detail token_source source_confidence onset_ms voiced_onset_ms nucleus_start_ms nucleus_end_ms nucleus_span_ms tail_ms tail_margin_ms blank_confidence voiced_confidence unvoiced_confidence boundary_confidence mel_window_energy_mean mel_window_silence_ratio mel_window_voiced_ratio prev_gap_ms next_gap_ms neighbor_boundary_gap_ms file_row_count file_mean_energy file_voiced_ratio
feature_infos=none none -1:2:3:0 -1:69:79 -1:69:79:1:2:3:4:5:8:9:10:12:13:14:15:16:18:21:26:27:28:29:30:31:32:34:35:36:37:38:39:41:43:44:45:46:49:50:51:52:53:54:55:56:58:59:60:61:62:63:64:65:67:68:70:71:72:73:74:75:77:78:80:81:82:83:84:85:87:88:89:90:91:92:93:94:96:97:98:100:101:103:104:105:106:107:108:109:111:112:115:121:124:127:128:129:130:132:133 none none none none none none [0:1037.6417233560092] [19.954648526077097:5218.1405895691614] [19.954648526077097:5218.1405895691614] [154.6485260770975:5402.7210884353735] [4.988662131519277:1317.0068027210882] [259.41043083900223:10082.086167800457] [0:4679.3650793650813] [0:0.31213872832369938] [0.029813664596273201:1] [0.017486338797814201:1] none [0.0059729063712063999:0.16377742201517639] [0.0232940031626322:0.90291235710397399] [0:0.9285923753665688] none none none none [0.0036462827703251:0.099768188372761205] [0:0.67460075909481521]
tree_sizes=1133 1170 1059 1063 1065 1177 1272 1171 1085 1179 1164 1173 1175 1064 1072 1174 1066 1079 1172 1177 1177 1177 1282 1174 1176 1170 1185 1079 1169 1084 1173 973 1068 1178 969 1073 1181 1062 1069 1079 1076 1083 1076 1267 1273 1175 1185 1179 1176 1165 1177 1173 1176 1079 1181 1183 1072 1079 1172 1077 1081 1073 1075 966 1076 1287 1074

Tree=0
num_leaves=10
num_cat=0
split_feature=11 14 20 29 30 12 20 12 30
split_gain=57.2241 14.5711 18.6174 8.21154 6.48913 9.97355 7.3912 2.63526 2.48857
threshold=67.346938775510225 1020.1814058956917 0.12153307232639605 0.014329427502341551 0.30948588918381265 775.73696145124723 0.10362042349925722 57.369614512471664 0.43795670470675135
decision_type=2 2 2 2 2 2 2 2 2
left_child=7 2 3 -2 5 6 -3 -1 -5
right_child=1 4 -4 8 -6 -7 -8 -9 -10
leaf_value=63.356618101020253 65.598705599413321 64.370851017009514 66.449022578124314 65.082148480770215 63.802246475219725 63.984336041725051 65.775496292114255 64.218840132359105 64.528246498107904
leaf_weight=43.384515762329102 30.258289277553558 49.793649613857269 44.908800303936005 36.363089382648468 36.628800630569458 29.298231959342957 32.965920567512512 31.733798861503601 29.303040504455566
leaf_count=36 25 41 37 30 30 24 27 26 24
internal_value=64.9641 64.9742 64.9857 64.9733 64.9633 64.9692 64.9781 64.9252 64.9633
internal_weight=364.638 289.52 140.833 95.9244 148.687 112.058 82.7596 75.1183 65.6661
internal_count=300 238 116 79 122 92 68 62 54
is_linear=0
shrinkage=1


Tree=1
num_leaves=10
num_cat=0
split_feature=11 16 20 29 15 30 11 12 23
split_gain=55.0277 13.5502 24.2853 11.4766 13.4461 11.0187 8.60286 4.77413 1.0155
threshold=67.346938775510225 1364.3990929705217 0.12278248067721746 0.016564907048525854 965.30612244897964 0.43311872367994819 97.278911564625858 57.369614512471664 0.084928267494681117
decision_type=2 2 2 2 2 2 2 2 2
left_child=7 2 5 4 -3 6 -2 -1 -4
right_child=1 3 8 -5 -6 -7 -8 -9 -10
leaf_value=-1.4191234203136256 -0.38243012294115974 -0.38074067750838314 1.7981293083038843 -0.91351912135752833 0.74995777721348922 -0.64141247749328589 1.1838647688574591 -0.55524546623653681 0.85867510045968864
leaf_weight=43.405583381652832 30.94782680273056 41.507832169532776 35.407840609550476 35.407840609550476 40.291680693626404 34.186880588531494 47.617440819740295 30.512838840484619 29.03632003068924
leaf_count=36 26 34 29 29 33 28 39 25 24
internal_value=0.00142399 0.0111079 0.019832 -0.00208137 0.00821238 0.00583796 0.0161486 -0.0371453 0.0443162
internal_weight=368.322 294.404 177.196 117.207 81.7995 112.752 78.5653 73.9184 64.4442
internal_count=303 242 146 96 67 93 65 61 53
is_linear=0
shrinkage=0.05


Tree=2
num_leaves=9
num_cat=0
split_feature=12 22 29 16 17 11 11 15
split_gain=52.7932 12.9173 12.1415 12.3925 5.50501 5.23214 12.2759 11.5198
threshold=67.346938775510225 0.11020154773875522 0.016564907048525854 1519.0476190476195 19.954648526077055 97.278911564625858 326.75736961451253 917.9138321995465
decision_type=2 2 2 2 2 2 2 2
left_child=-1 2 5 4 -4 -2 -7 -8
right_child=1 -3 3 -5 -6 6 7 -9
leaf_value=-1.3868438198118473 -0.015997784805913906 1.5722857921924296 -0.36009172773361198 -1.3230295378292616 0.34970439036568424 1.6251041710046825 -1.0134122207703418 0.707064756180251
leaf_weight=50.991524279117584 38.53641152381897 50.059360861778259 45.175520777702332 30.524000525474548 44.900525271892548 32.700209319591522 30.519191980361938 41.512640714645386
leaf_count=42 32 41 37 25 37 27 25 34
internal_value=0.00197631 0.009641 0.00522336 -0.00646662 0.0028636 0.0150637 0.0208597 0.00932599
internal_weight=364.919 313.928 263.869 120.6 90.076 143.268 104.732 72.0318
internal_count=300 258 217 99 74 118 86 59
is_linear=0
shrinkage=0.05


Tree=3
num_leaves=9
num_cat=0
split_feature=12 20 17 15 23 22 11 12
split_gain=58.2762 10.7188 16.5294 5.41368 13.1057 5.04044 10.1354 0.91572
threshold=67.346938775510225 0.078772077993610662 122.22222222222224 491.3832199546485 0.20483931061006677 0.038933747503867501 97.278911564625858 441.49659863945584
decision_type=2 2 2 2 2 2 2 2
left_child=-1 5 3 -3 -5 6 -2 -8
right_child=1 2 -4 4 -6 -7 7 -9
leaf_value=-1.2097430851676514 -0.42586597774023344 1.6893933300834509 -0.90154492241431283 -0.0039710735458978524 1.0751011392389771 -1.6836132723416199 1.6026236230041093 0.11007437869739008
leaf_weight=55.592194557189941 28.505906760692596 42.733600735664368 30.513707041740417 54.943200945854187 52.235569655895233 35.407840609550476 29.303040504455566 29.303040504455566
leaf_count=46 24 35 25 45 43 29 24 24
internal_value=0.00316781 0.011803 0.0195532 0.026381 0.0203813 0.000389834 0.00685548 0.01875
internal_weight=358.538 302.946 180.426 149.912 107.179 122.52 87.112 58.6061
internal_count=295 249 148 123 88 101 72 48
is_linear=0
shrinkage=0.05


Tree=4
num_leaves=9
num_cat=0
split_feature=11 20 30 16 12 29 30 15
split_gain=55.6594 13.7294 15.833 10.1823 8.35903 3.51278 3.46352 3.62747
threshold=82.312925170068041 0.08366370471633626 0.30948588918381265 1384.3537414965988 57.369614512471664 0.014329427502341551 0.33678530936183998 481.40589569161006
decision_type=2 2 2 2 2 2 2 2
left_child=4 2 5 6 -1 -2 -3 -8
right_child=1 3 -4 -5 -6 -7 7 -9
leaf_value=-1.2371617818477467 0.46360790793814322 1.0770838138028207 -1.1436233575622397 0.11960576919695234 -0.39709524616900271 -0.071879602787859306 1.6265820987659518 0.30883053354377665
leaf_weight=45.824514389038086 36.628800630569458 30.258289277553558 37.84976065158844 57.380312442779541 48.034098088741302 37.84976065158844 30.524000525474548 34.186880588531494
leaf_count=38 30 25 31 47 40 31 25 28
internal_value=0.000443743 0.0121752 -0.00108696 0.0219534 -0.0326385 0.0122951 0.0320011 0.0254717
internal_weight=358.536 264.678 112.328 152.349 93.8586 74.4786 94.9692 64.7109
internal_count=295 217 92 125 78 61 78 53
is_linear=0
shrinkage=0.05


Tree=5
num_leaves=10
num_cat=0
split_feature=11 22 22 11 11 15 14 29 12
split_gain=48.9828 12.92 8.85903 5.5301 9.25428 7.35722 5.25984 5.47741 2.05362
threshold=62.358276643990941 0.11020154773875522 0.027354505157298554 97.278911564625858 221.99546485260774 965.30612244897964 962.81179138322011 0.019026023777543904 52.380952380952387
decision_type=2 2 2 2 2 2 2 2 2
left_child=8 2 3 -2 -5 -6 -4 -8 -1
right_child=1 -3 6 4 5 -7 7 -9 -10
leaf_value=-1.2967459294296231 -0.066058929640150241 1.3294918875024202 -0.031675156635398771 1.7105383137799521 -0.90050581250750283 0.83903486779202019 -0.17456832128880856 -1.0475490437187778 -0.93160648512411626
leaf_weight=37.547243177890778 40.980208992958069 50.059360861778259 45.175520777702332 29.303040504455566 30.519191980361938 32.965920567512512 30.524000525474548 48.838400840759277 30.511022567749023
leaf_count=31 34 41 37 24 25 27 25 40 25
internal_value=-0.00123402 0.00723944 0.00273394 0.0116684 0.0184246 0.00769668 -0.00686275 -0.0146154 -0.0396265
internal_weight=376.424 308.366 258.306 133.768 92.7882 63.4851 124.538 79.3624 68.0583
internal_count=309 253 212 110 76 52 102 65 56
is_linear=0
shrinkage=0.05


Tree=6
num_leaves=11
num_cat=0
split_feature=11 20 12 22 12 12 22 22 12 11
split_gain=51.7582 11.916 12.0106 8.73483 5.79967 4.63056 3.67339 7.60625 8.63108 2.72744
threshold=67.346938775510225 0.08366370471633626 800.68027210884361 0.038933747503867501 112.24489795918369 57.369614512471664 0.025860309688007205 0.083717159711059461 401.58730158730162 416.55328798185946
decision_type=2 2 2 2 2 2 2 2 2 2
left_child=5 3 6 4 -2 -1 -3 -8 -9 -6
right_child=1 2 -4 -5 9 -7 7 8 -10 -11
leaf_value=-1.2005156409865476 -0.36378599049224819 1.0728262322664637 -0.84605960571818761 -0.99936997557934615 1.1050326129997232 -0.3508907869639713 -0.14831032379964243 0.069722948267504137 1.5361629986430785 -0.015919915561671872
leaf_weight=45.824514389038086 28.505906760692596 46.395471572875977 29.298231959342957 40.291680693626404 29.303040504455566 31.733798861503601 29.303040504455566 36.628800630569458 30.524000525474548 31.74496054649353
leaf_count=38 24 38 24 33 24 26 24 30 25 26
internal_value=-0.00131442 0.00804259 0.0166683 -0.00339343 0.00530517 -0.0377486 0.0226494 0.0170886 0.0263636 0.014
internal_weight=379.553 301.995 172.15 129.846 89.5539 77.5583 142.851 96.4558 67.1528 61.048
internal_count=312 248 141 107 74 64 117 79 55 50
is_linear=0
shrinkage=0.05


Tree=7
num_leaves=10
num_cat=0
split_feature=11 14 15 29 17 11 12 20 16
split_gain=50.8205 7.37476 8.13742 11.1203 6.36352 5.85146 4.55795 4.35523 5.60205
threshold=67.346938775510225 1020.1814058956917 491.3832199546485 0.047489918952168655 24.943310657596502 107.25623582766441 57.369614512471664 0.065439946470391364 1494.1043083900229
decision_type=2 2 2 2 2 2 2 2 2
left_child=6 2 -2 5 7 -4 -1 -3 -9
right_child=1 4 3 -5 -6 -7 -8 8 -10
leaf_value=-1.0344662253162606 1.0636202232207126 -0.5453079034135806 0.0052431692619272392 -0.27377754397966214 -0.65017321614613199 1.0864943819772497 -0.61148783402610662 -0.021097527251494344 0.57518287487684039
leaf_weight=44.605475783348083 41.511631488800049 41.246929466724396 33.921169340610504 31.74496054649353 31.74496054649353 29.037329256534576 31.735676288604736 31.74496054649353 30.524000525474548
leaf_count=37 34 34 28 26 26 24 26 26 25
internal_value=-0.00151199 0.0086231 0.0168352 0.00874415 0.000353114 0.0209104 -0.0375533 0.00635885 0.0147059
internal_weight=347.817 271.476 136.215 94.7035 135.261 62.9585 76.3412 103.516 62.269
internal_count=286 223 112 78 111 52 63 85 51
is_linear=0
shrinkage=0.05


Tree=8
num_leaves=9
num_cat=1
split_feature=11 20 12 22 12 12 2 24
split_gain=42.8295 13.1701 13.037 9.15879 6.155 2.99332 3.77341 2.32056
threshold=82.312925170068041 0.08366370471633626 800.68027210884361 0.038044038648569055 57.369614512471664 396.59863945578235 0 0.34114421203008849
decision_type=2 2 2 2 2 2 1 2
left_child=4 3 5 7 -1 -3 -7 -2
right_child=1 2 -4 -5 -6 6 -8 -9
leaf_value=-1.0438737085434406 -0.24456185236769326 0.39719285161122642 -0.80785280607931687 -0.57803473160572238 -0.2994647373201646 0.57445067281762019 1.3609884074367535 0.44439003516385117
leaf_weight=45.824514389038086 30.524000525474548 57.385120987892151 30.519191980361938 42.733600735664368 47.073847413063049 35.407840609550476 31.74496054649353 36.628800630569458
leaf_count=38 25 47 25 35 39 29 26 30
internal_value=-0.000333982 0.00990892 0.0192935 -0.00333333 -0.0295465 0.0264706 0.0336364 0.00818182
internal_weight=357.842 264.944 155.057 109.886 92.8984 124.538 67.1528 67.1528
internal_count=294 217 127 90 77 102 55 55
cat_boundaries=0 1
cat_threshold=8
is_linear=0
shrinkage=0.05


Tree=9
num_leaves=10
num_cat=0
split_feature=12 20 11 22 22 22 20 15 11
split_gain=39.5914 12.6638 7.70485 7.5039 6.37689 10.3323 8.24148 7.59494 0.406987
threshold=57.369614512471664 0.08366370471633626 92.290249433106595 0.027354505157298554 0.020667108382306603 0.095792312302854218 0.13778272154245458 563.71882086167818 456.46258503401367
decision_type=2 2 2 2 2 2 2 2 2
left_child=-1 2 -2 -4 -3 7 -7 -6 -5
right_child=1 4 3 8 5 6 -8 -9 -10
leaf_value=-1.0165392601217651 -0.67272107293014261 0.49634449713788031 0.73227539298935695 -0.23118693020039346 -1.0651179609218566 0.36299951719227935 1.3201149992581975 0.54572813917673924 -0.76234302519976826
leaf_weight=44.614871740341187 32.168786823749542 43.685962855815887 40.291680693626404 29.303040504455566 29.288947701454163 29.303040504455566 29.303040504455566 47.617440819740295 29.303040504455566
leaf_count=37 27 36 33 24 24 24 24 39 24
internal_value=0.00165105 0.00798397 -0.00382759 0.00308642 0.016623 0.0112676 0.0270833 -0.000784634 -0.00833333
internal_weight=354.88 310.265 131.067 98.8978 179.198 135.512 58.6061 76.9064 58.6061
internal_count=292 255 108 81 147 111 48 63 48
is_linear=0
shrinkage=0.05


Tree=10
num_leaves=10
num_cat=0
split_feature=11 16 30 12 20 22 15 30 14
split_gain=36.3335 15.0205 17.5553 8.40769 6.51179 6.10647 8.36857 2.29708 1.94395
threshold=97.278911564625858 1309.5238095238099 0.43311872367994819 57.369614512471664 0.11104231166150666 0.031988966921124261 965.30612244897964 0.36696373489872142 810.65759637188216
decision_type=2 2 2 2 2 2 2 2 2
left_child=3 2 7 -1 -4 6 -3 -2 -5
right_child=1 5 4 8 -6 -7 -8 -9 -10
leaf_value=-1.0600580735318039 1.3925750633924157 -0.24672977196619739 -0.21962758369037375 -0.23631211773575078 0.77704237027026224 -0.48142362113242787 0.68639695212021046 0.87793393075086934 -0.64090546063931031
leaf_weight=43.393911719322205 49.793649613857269 43.94975221157074 29.303040504455566 29.2908695936203 29.303040504455566 34.186880588531494 37.84976065158844 29.303040504455566 33.655458092689514
leaf_count=36 41 36 24 24 24 28 31 24 28
internal_value=-0.000709554 0.00957422 0.0207401 -0.0252429 0 -0.00368229 0.0037345 0.0361073 -0.0135697
internal_weight=360.029 253.689 137.703 106.34 58.6061 115.986 81.7995 79.0967 62.9463
internal_count=296 208 113 88 48 95 67 65 52
is_linear=0
shrinkage=0.05


Tree=11
num_leaves=10
num_cat=0
split_feature=11 22 22 15 12 20 16 12 11
split_gain=44.46 9.57987 9.03532 6.09704 11.4974 9.09577 6.01737 3.70275 2.74819
threshold=67.346938775510225 0.017846880665935004 0.11020154773875522 965.30612244897964 641.04308390022686 0.12278248067721746 965.30612244897964 57.369614512471664 107.25623582766441
decision_type=2 2 2 2 2 2 2 2 2
left_child=7 8 3 4 5 6 -3 -1 -2
right_child=1 2 -4 -5 -6 -7 -8 -9 -10
leaf_value=-0.95124615101999466 0.17086850808492204 -0.79353331512322112 0.9321435081722087 0.27961954461177341 -0.94666106976087461 0.72070053273112866 0.3334551059224608 -0.42729482553662834 1.8837317105105182
leaf_weight=44.869265615940094 29.037329256534576 29.303040504455566 47.617440819740295 57.119409739971161 32.961112022399902 32.965920567512512 37.58404940366745 32.954758882522583 30.258289277553558
leaf_count=37 24 24 39 47 27 27 31 27 25
internal_value=0.000552402 0.00937143 0.0048838 1.26585e-06 -0.00587361 0.00257857 -0.00801569 -0.0330863 0.0273498
internal_weight=374.671 296.847 237.551 189.934 132.814 99.853 66.8871 77.824 59.2956
internal_count=308 244 195 156 109 82 55 64 49
is_linear=0
shrinkage=0.05


Tree=12
num_leaves=10
num_cat=0
split_feature=11 18 30 24 15 12 20 17 24
split_gain=41.478 12.6165 8.4547 18.0353 9.94937 8.44208 6.47716 4.01272 3.76693
threshold=67.346938775510225 1.0000000180025095e-35 0.30948588918381265 0.73415811446190726 491.3832199546485 770.74829931972806 0.098922738329665208 24.943310657596502 0.34114421203008849
decision_type=2 2 2 2 2 2 2 2 2
left_child=7 2 5 -4 -5 6 8 -1 -2
right_child=1 -3 3 4 -6 -7 -8 -9 -10
leaf_value=-0.71253305265529754 -0.10108327357114964 1.1276132391946381 -1.0599510627471123 0.84449709020073271 -0.18309921187545797 -0.75515581560649836 0.68371895478411016 -0.85938560404025621 0.64736079850329031
leaf_weight=36.356104910373688 43.42313826084137 30.522991299629211 31.74496054649353 29.303040504455566 39.070720672607422 31.74015200138092 38.805009424686432 35.110541880130768 37.84976065158844
leaf_count=30 36 25 26 24 32 26 32 29 31
internal_value=-0.000969609 0.00764024 0.0039621 -0.00731707 0.00714286 0.0114003 0.0174622 -0.0349986 0.00943799
internal_weight=353.926 282.46 251.937 100.119 68.3738 151.818 120.078 71.4666 81.2729
internal_count=291 232 207 82 56 125 99 59 67
is_linear=0
shrinkage=0.05


Tree=13
num_leaves=9
num_cat=0
split_feature=11 12 17 30 15 16 22 16
split_gain=38.0601 9.37069 9.37065 5.51148 4.85202 4.61951 2.54546 2.25223
threshold=72.335600907029487 641.04308390022686 12.47165532879808 0.3145893545279384 493.8775510204083 775.73696145124734 0.027874834383290002 975.2834467120183
decision_type=2 2 2 2 2 2 2 2
left_child=5 2 -2 7 -5 -1 -3 -4
right_child=1 6 3 4 -6 -7 -8 -9
leaf_value=-1.1088133945864527 -0.1143929214949484 -0.2836850059940228 0.86277010368360907 0.7909013586460848 -0.21482925347178417 -0.46485911240179423 -0.57283141499621382 0.63044643681667134
leaf_weight=32.93173611164093 57.385120987892151 29.298231959342957 36.097378134727478 35.407840609550476 43.68884950876236 45.596416413784027 29.303040504455566 48.838400840759277
leaf_count=27 47 24 30 29 36 38 24 40
internal_value=-0.00126093 0.00736589 0.0120714 0.0181553 0.00865793 -0.0320228 -0.0104134 0.0269998
internal_weight=358.547 280.019 221.418 164.032 79.0967 78.5282 58.6013 84.9358
internal_count=295 230 182 135 65 65 48 70
is_linear=0
shrinkage=0.05


Tree=14
num_leaves=9
num_cat=0
split_feature=11 16 29 30 15 15 12 20
split_gain=27.4657 14.4593 16.9213 10.3549 8.46039 7.94416 6.8415 6.5903
threshold=92.290249433106595 1384.3537414965988 0.017854252323035506 0.33678530936183998 481.40589569161006 975.2834467120183 57.369614512471664 0.073564298297122716
decision_type=2 2 2 2 2 2 2 2
left_child=6 3 5 -2 -5 -3 -1 -8
right_child=1 2 -4 4 -6 -7 7 -9
leaf_value=-0.7188801965021594 0.78415531711203079 -0.16612520313687129 -0.86267576587543893 0.95712525459214037 -0.24170284096297545 0.57119649826886632 -0.69309770772201085 -0.15555027731659615
leaf_weight=44.880582988262177 57.119409739971161 50.054552316665649 31.74496054649353 34.186880588531494 53.722240924835205 35.407840609550476 29.992578029632568 32.958751559257507
leaf_count=37 47 41 26 28 44 29 25 27
internal_value=-0.00296458 0.00577021 -0.00728991 0.016325 0.00555556 0.00428877 -0.0242067 -0.0135726
internal_weight=370.068 262.236 117.207 145.029 87.9091 85.4624 107.832 62.9513
internal_count=304 215 96 119 72 70 89 52
is_linear=0
shrinkage=0.05


Tree=15
num_leaves=10
num_cat=0
split_feature=11 17 23 16 12 22 24 11 12
split_gain=32.7284 9.00638 7.77516 7.57133 7.02443 5.92847 4.38028 4.27051 3.75968
threshold=67.346938775510225 14.965986394557776 0.21457067123783818 1384.3537414965988 406.5759637188209 0.028519366345035452 0.76298092940338069 97.278911564625858 57.369614512471664
decision_type=2 2 2 2 2 2 2 2 2
left_child=8 2 -2 4 6 -5 7 -3 -1
right_child=1 3 -4 5 -6 -7 -8 -9 -10
leaf_value=-0.75282753691031745 -0.052499005172975899 -0.054176941238690692 -1.2948852945191884 0.38156134276804149 1.1358776495182183 -0.51216214826072626 -0.066354432718987333 0.57586982310849355 -0.33944563780084192
leaf_weight=48.26643443107605 43.95456075668335 29.991568803787231 31.74015200138092 35.407840609550476 37.84976065158844 30.524000525474548 37.84976065158844 33.921169340610504 36.621921300888062
leaf_count=40 36 25 26 29 31 25 31 28 30
internal_value=-0.00153048 0.00668255 -0.00806185 0.0121124 0.018707 -0.00185185 0.0118671 0.0198501 -0.0287406
internal_weight=366.127 281.239 75.6947 205.544 139.612 65.9318 101.762 63.9127 84.8884
internal_count=301 231 62 169 115 54 84 53 70
is_linear=0
shrinkage=0.05


Tree=16
num_leaves=9
num_cat=0
split_feature=11 16 15 30 12 17 12 16
split_gain=33.6075 14.0735 8.01336 7.99777 7.14058 5.21231 3.54553 1.6036
threshold=82.312925170068041 1384.3537414965988 870.52154195011349 0.43311872367994819 548.75283446712035 14.965986394557776 67.346938775510225 905.44217687074854
decision_type=2 2 2 2 2 2 2 2
left_child=6 3 -3 5 -4 -2 -1 -7
right_child=1 2 4 -5 -6 7 -8 -9
leaf_value=-0.5818189162014864 0.030325423111575846 -0.62132239380679455 -0.47287332038618396 -0.0083529977404573682 0.67655792767227863 0.22659463427379067 -0.27774898553857352 1.0594979552244574
leaf_weight=56.813154578208923 29.303040504455566 42.728792190551758 36.628800630569458 51.280320882797241 37.84976065158844 33.921169340610504 39.748087286949158 45.175520777702332
leaf_count=47 24 35 30 42 31 28 33 37
internal_value=0.000134812 0.00899255 -0.00416479 0.0186502 0.0057377 0.0263467 -0.0252646 0.0330201
internal_weight=373.449 276.887 117.207 159.68 74.4786 108.4 96.5612 79.0967
internal_count=307 227 96 131 61 89 80 65
is_linear=0
shrinkage=0.05


Tree=17
num_leaves=9
num_cat=0
split_feature=11 18 22 24 30 22 16 15
split_gain=25.0281 10.9236 9.05343 6.94784 7.74437 16.2999 5.61229 5.29914
threshold=72.335600907029487 1.0000000180025095e-35 0.017681951952881702 0.32594624125874133 0.30948588918381265 0.095792312302854218 795.69160997732433 995.2380952380953
decision_type=2 2 2 2 2 2 2 2
left_child=6 2 -2 -4 7 -6 -1 -5
right_child=1 -3 3 4 5 -7 -8 -9
leaf_value=-0.65235828702798393 0.38847020056326376 0.99595713887622639 -0.81869120806380435 0.068246255446899801 -0.43809481290317476 0.47593173474413836 -0.15136880002952632 0.54577970059078074
leaf_weight=37.820578098297119 48.306978344917297 29.303040504455566 32.961112022399902 46.396480798721313 37.58404940366745 54.943200945854187 41.918945848941803 32.965920567512512
leaf_count=31 40 24 27 38 31 45 35 27
internal_value=0.00161557 0.00859898 0.00525368 0.000662053 0.00469435 -0.00513469 -0.0231217 0.0161538
internal_weight=362.2 282.461 253.158 204.851 171.89 92.5273 79.7395 79.3624
internal_count=298 232 208 168 141 76 66 65
is_linear=0
shrinkage=0.05


Tree=18
num_leaves=10
num_cat=0
split_feature=11 22 11 30 15 20 24 23 11
split_gain=29.5717 7.52736 11.8327 7.14581 7.94354 5.61693 5.29959 2.62235 1.8983
threshold=72.335600907029487 0.11020154773875522 192.06349206349208 0.30948588918381265 975.2834467120183 0.076108597285067872 0.72483309724573797 0.20600309732108893 107.25623582766441
decision_type=2 2 2 2 2 2 2 2 2
left_child=5 2 8 4 7 -1 -5 -4 -2
right_child=1 -3 3 6 -6 -7 -8 -9 -10
leaf_value=-0.69538726206666812 -0.083627835864710745 0.81894145032141241 0.064833942674554376 -1.0042447576490419 0.27122055494761382 -0.56963268487717456 -0.1095159296301759 -0.071510730989115118 1.2627561640831662
leaf_weight=39.760258197784424 32.700209319591522 47.617440819740295 29.303040504455566 29.303040504455566 41.512640714645386 41.195223867893219 31.74496054649353 39.065912127494812 30.524000525474548
leaf_count=33 27 39 24 24 34 34 26 32 25
internal_value=-0.00141554 0.00623679 0.00255146 -0.00428443 0.00333567 -0.02805 -0.018 -0.00713984 0.0210326
internal_weight=362.727 281.771 234.154 170.93 109.882 80.9555 61.048 68.369 63.2242
internal_count=298 231 192 140 90 67 50 56 52
is_linear=0
shrinkage=0.05


Tree=19
num_leaves=10
num_cat=0
split_feature=12 18 16 15 12 12 12 14 20
split_gain=26.267 10.0711 7.85229 9.45261 6.40292 6.13918 11.1783 3.69741 2.54513
threshold=57.369614512471664 0.0089743589743589511 1384.3537414965988 975.2834467120183 476.41723356009078 167.12018140589569 97.278911564625858 845.5782312925171 0.21345989840186883
decision_type=2 2 2 2 2 2 2 2 2
left_child=-1 2 4 8 5 6 -2 -7 -4
right_child=1 -3 3 -5 -6 7 -8 -9 -10
leaf_value=-0.51282921923920533 -0.084864937839776999 0.87412320251712472 -0.57882318089953377 0.19974940359393101 0.79732779413523081 -0.20284512169310462 0.78238110974752395 -0.067708777143588611 -0.16886956927675034
leaf_weight=42.168522477149963 44.378387033939362 36.619516372680664 29.303040504455566 52.501280903816223 29.303040504455566 31.74496054649353 33.921169340610504 42.733600735664368 29.298231959342957
leaf_count=35 37 30 24 43 24 26 28 35 24
internal_value=0.00386915 0.00862017 0.00553225 -0.0049431 0.0119241 0.0078178 0.0175931 -0.00245902 -0.0187474
internal_weight=371.972 329.803 293.184 111.103 182.081 152.778 78.2996 74.4786 58.6013
internal_count=306 271 241 91 150 126 65 61 48
is_linear=0
shrinkage=0.05


Tree=20
num_leaves=10
num_cat=0
split_feature=11 30 22 15 22 11 22 14 17
split_gain=28.4204 5.54887 9.37224 7.51316 4.92253 5.60171 6.44094 9.25602 2.741
threshold=62.358276643990941 0.44307445200302348 0.10878229696404607 536.28117913832205 0.033225570359291155 97.278911564625858 0.018378878611709604 1484.1269841269846 24.943310657596502
decision_type=2 2 2 2 2 2 2 2 2
left_child=8 2 3 -2 5 -5 -7 -8 -1
right_child=1 -3 -4 4 -6 6 7 -9 -10
leaf_value=-0.5908931944479221 -0.16045238001247766 -0.15349648797815263 0.75402719289202413 -0.050195000049847532 -0.22045941517250844 0.85209291611768379 -0.74062554718487705 0.59419538905376545 -0.51637167655411564
leaf_weight=36.356104910373688 39.064902901649475 48.838400840759277 29.303040504455566 40.715506970882416 35.407840609550476 29.037329256534576 29.303040504455566 52.501280903816223 36.320289671421051
leaf_count=30 32 40 24 34 29 24 24 43 30
internal_value=0.00122957 0.00794138 0.0108949 0.00744575 0.0116126 0.0155341 0.0213601 0.0141791 -0.0268612
internal_weight=376.848 304.171 255.333 226.03 186.965 151.557 110.842 81.8043 72.6764
internal_count=310 250 210 186 154 125 91 67 60
is_linear=0
shrinkage=0.05


Tree=21
num_leaves=10
num_cat=0
split_feature=12 15 18 17 30 24 22 11 15
split_gain=32.9782 9.91257 11.5052 8.8465 6.18097 6.81499 8.46069 5.87748 2.39569
threshold=62.358276643990941 386.62131519274379 1.0000000180025095e-35 39.909297052154166 0.44307445200302348 0.72483309724573797 0.035454157931687658 97.278911564625858 975.2834467120183
decision_type=2 2 2 2 2 2 2 2 2
left_child=-1 -2 3 4 5 6 7 -3 -9
right_child=1 2 -4 -5 -6 -7 -8 8 -10
leaf_value=-0.49344017814561747 -1.0787999367814558 -0.17765071260195378 0.90642703093795307 0.73323137768455138 -0.24234597630503033 0.69584551582348131 -0.54028600217915823 0.0042597500749156584 -0.14883249138243501
leaf_weight=48.26643443107605 30.512312650680542 33.921169340610504 29.302031278610229 30.258289277553558 31.74496054649353 37.84976065158844 31.74496054649353 45.175520777702332 36.628800630569458
leaf_count=40 25 28 24 25 26 31 26 37 30
internal_value=0.00302059 0.00905838 0.0120416 0.00853178 0.00500116 0.0084932 0.00363562 0.00990816 0.0171642
internal_weight=355.404 307.138 276.625 247.323 217.065 185.32 147.47 115.725 81.8043
internal_count=292 252 227 203 178 152 121 95 67
is_linear=0
shrinkage=0.05


Tree=22
num_leaves=11
num_cat=0
split_feature=12 15 18 22 20 20 29 30 14 23
split_gain=21.7431 10.7461 12.3194 5.59335 4.85019 3.6938 4.13606 3.67243 6.2829 1.7843
threshold=67.346938775510225 374.14965986394566 1.0000000180025095e-35 0.025860309688007205 0.16352061117300654 0.08366370471633626 0.013005167004926153 0.42623921491001299 1329.478458049887 0.34882875332804736
decision_type=2 2 2 2 2 2 2 2 2 2
left_child=9 -2 3 5 7 6 -3 8 -5 -1
right_child=1 2 -4 4 -6 -7 -8 -9 -10 -11
leaf_value=-0.70397407493135145 -0.9123345644765104 -0.29362615332620984 0.82243405729149499 0.5085893703762594 0.19309237037281052 0.71789247071811157 0.24902385306568156 -0.53369949893525581 -0.17716373068330624 -0.61611230795362504
leaf_weight=29.278138875961304 29.292072176933289 29.037329256534576 29.302031278610229 31.47924929857254 34.186880588531494 38.805009424686432 30.258289277553558 36.628800630569458 47.617440819740295 29.021686971187592
leaf_count=24 24 24 24 26 28 32 25 30 39 24
internal_value=0.00264247 0.00796456 0.0110068 0.00738445 0.0013103 0.0166667 0.00881787 -0.00357787 0.00248341 -0.0253471
internal_weight=364.907 306.607 277.315 248.013 149.912 98.1006 59.2956 115.725 79.0967 58.2998
internal_count=300 252 228 204 123 81 49 95 65 48
is_linear=0
shrinkage=0.05


Tree=23
num_leaves=10
num_cat=0
split_feature=12 17 22 22 12 30 14 15 11
split_gain=26.0884 9.29647 6.44999 6.05681 12.856 7.1201 6.86968 5.11843 4.32253
threshold=57.369614512471664 12.47165532879808 0.019995747972584053 0.095792312302854218 401.58730158730162 0.32210284233310554 1494.1043083900229 870.52154195011349 97.278911564625858
decision_type=2 2 2 2 2 2 2 2 2
left_child=-1 7 8 5 -5 6 -4 -2 -3
right_child=1 2 3 4 -6 -7 -8 -9 -10
leaf_value=-0.54322342887788899 -0.44741651689795686 0.052840238401721001 -0.26474451226542212 -0.20203319920405446 0.75790215050989573 -1.1174500523234325 0.18271059054242472 0.036351382468580516 1.2001497198861615
leaf_weight=44.605475783348083 41.507832169532776 43.422129034996033 45.166236519813538 37.84976065158844 30.524000525474548 30.258289277553558 39.070720672607422 37.84976065158844 30.524000525474548
leaf_count=37 34 36 37 31 25 25 32 31 25
internal_value=0.00173137 0.00649865 0.0111207 0.00608187 0.0178571 -0.000950035 0.00652289 -0.00845902 0.0235816
internal_weight=380.778 336.173 256.815 182.869 68.3738 114.495 84.237 79.3576 73.9461
internal_count=313 276 211 150 56 94 69 65 61
is_linear=0
shrinkage=0.05


Tree=24
num_leaves=10
num_cat=0
split_feature=12 16 30 22 14 20 12 24 15
split_gain=22.1385 8.62914 10.8228 10.8221 8.67053 6.65611 3.05512 4.58917 3.20792
threshold=57.369614512471664 1384.3537414965988 0.44307445200302348 0.015731490535143753 1484.1269841269846 0.066323024054982763 471.4285714285715 0.20912828749071183 563.71882086167818
decision_type=2 2 2 2 2 2 2 2 2
left_child=-1 2 3 -2 -3 -6 7 -5 -9
right_child=1 4 -4 6 5 -7 -8 8 -10
leaf_value=-0.47339362358492032 -0.24262649997055519 -0.63773869736141864 -0.24306523718493553 0.43605628471938146 -0.18672464071204617 0.59548386149502919 0.81395605837458485 0.08048831964748325 0.22504950855546149
leaf_weight=45.824514389038086 35.140251934528351 30.524000525474548 41.512640714645386 30.257280051708221 41.512640714645386 40.286872148513794 34.186880588531494 30.518998622894287 33.655458092689514
leaf_count=38 29 25 34 25 34 33 28 25 28
internal_value=0.00319507 0.00788269 0.0139793 0.0197598 -0.00325887 0.00522713 0.0264783 0.0218417 0.0142731
internal_weight=363.42 317.595 205.272 163.759 112.324 81.7995 128.619 94.4317 64.1745
internal_count=299 261 169 135 92 67 106 78 53
is_linear=0
shrinkage=0.05


Tree=25
num_leaves=10
num_cat=0
split_feature=12 16 30 29 12 24 12 16 23
split_gain=18.2362 14.5923 7.72135 7.2722 4.68122 4.41671 3.00844 2.73126 2.39008
threshold=77.324263038548764 1384.3537414965988 0.44307445200302348 0.018346970986309254 750.79365079365095 0.72483309724573797 301.81405895691614 788.20861678004542 0.3776236732112413
decision_type=2 2 2 2 2 2 2 2 2
left_child=7 2 5 4 -3 6 8 -1 -2
right_child=1 3 -4 -5 -6 -7 -8 -9 -10
leaf_value=-0.49498984764473974 0.70123820050772789 0.14709428856269718 -0.016240582464171285 -0.65884854741193244 -0.1122880433978401 0.68045856650997438 -0.031768843932739731 -0.14634239670697766 0.30920567646398478
leaf_weight=30.514612555503845 33.655458092689514 52.501280903816223 43.95456075668335 32.965920567512512 31.74015200138092 51.280320882797241 29.291878819465637 38.26034814119339 29.037329256534576
leaf_count=25 28 43 36 27 26 42 24 32 24
internal_value=0.00441711 0.0096705 0.018332 -0.00416479 0.00362625 0.0239563 0.0174014 -0.0188366 0.0235823
internal_weight=373.202 304.427 187.22 117.207 84.2414 143.265 91.9847 68.775 62.6928
internal_count=307 250 154 96 69 118 76 57 52
is_linear=0
shrinkage=0.05


Tree=26
num_leaves=10
num_cat=0
split_feature=11 18 12 30 15 30 12 29 17
split_gain=13.4632 6.86832 6.15188 5.70686 10.2111 5.96407 3.31723 2.92759 0.973745
threshold=47.39229024943311 1.0000000180025095e-35 882.99319727891168 0.30948588918381265 556.23582766439927 0.24004645094451058 536.28117913832216 0.012637231893481203 19.954648526077055
decision_type=2 2 2 2 2 2 2 2 2
left_child=-1 2 3 5 -5 6 7 -2 -9
right_child=1 -3 -4 4 -6 -7 -8 8 -10
leaf_value=-0.65132377701301092 -0.15606122981935983 0.46544560887844971 -0.58702868174831246 0.16783476150539728 -0.83861586339924488 0.56052460663201031 0.44618383118187843 0.35610967446670938 -0.097348266420491977
leaf_weight=46.085162580013275 39.494546949863434 30.521175026893616 29.298231959342957 56.164160966873169 36.363089382648468 41.512640714645386 30.524000525474548 29.303040504455566 29.037329256534576
leaf_count=38 33 25 24 46 30 34 25 24 24
internal_value=0.00381522 0.00743054 0.00506923 0.00749554 -0.00249555 0.0129376 0.00760966 0.00311995 0.0102364
internal_weight=368.303 322.218 291.697 262.399 92.5273 169.872 128.359 97.8349 58.3404
internal_count=303 265 240 216 76 140 106 81 48
is_linear=0
shrinkage=0.05


Tree=27
num_leaves=9
num_cat=0
split_feature=22 12 14 12 22 12 30 14
split_gain=10.7216 5.32913 5.11608 9.9535 9.85416 6.22538 4.12046 5.12001
threshold=0.11020154773875522 47.39229024943311 800.68027210884361 97.278911564625858 0.019995747972584053 668.48072562358288 0.30948588918381265 1484.1269841269846
decision_type=2 2 2 2 2 2 2 2
left_child=1 -1 -3 -4 -5 6 7 -6
right_child=-2 2 3 4 5 -7 -8 -9
leaf_value=-0.58062291360044282 0.68307960506645282 0.078404058487039643 -0.36267571765981188 0.59003181699099094 -0.036561245357399484 -0.25077393644411144 -0.34955508549272007 0.41937824668469265
leaf_weight=29.001005113124847 47.617440819740295 52.489109992980957 36.097378134727478 41.246929466724396 34.186880588531494 43.94975221157074 52.501280903816223 36.628800630569458
leaf_count=24 39 43 30 34 28 36 43 30
internal_value=0.00219635 -0.00103985 0.000957147 -0.00208222 0.00211431 -0.00328333 0.00247525 0.0103448
internal_weight=373.719 326.101 297.1 244.611 208.514 167.267 123.317 70.8157
internal_count=307 268 244 201 171 137 101 58
is_linear=0
shrinkage=0.05


Tree=28
num_leaves=10
num_cat=0
split_feature=16 18 17 12 16 30 11 15 23
split_gain=8.38225 8.17853 5.84943 4.91988 5.54302 5.71613 5.87271 4.45608 3.40599
threshold=775.73696145124734 1.0000000180025095e-35 12.47165532879808 77.324263038548764 1384.3537414965988 0.37616449357520793 117.23356009070297 835.60090702947866 0.21457067123783818
decision_type=2 2 2 2 2 2 2 2 2
left_child=-1 2 8 -4 5 6 -5 -6 -2
right_child=1 -3 3 4 7 -7 -8 -9 -10
leaf_value=-0.48593186475101996 -0.027453541258868876 0.49551360611897632 -0.23603318264454051 0.14070652280234938 -0.64074561554511844 -0.025895138891028326 1.0045756790941245 0.13263779609098628 -0.26502256486747539
leaf_weight=43.93829345703125 37.84976065158844 35.389310240745544 32.168786823749542 30.94782680273056 30.524000525474548 42.733600735664368 32.965920567512512 35.407840609550476 32.965920567512512
leaf_count=36 31 29 27 26 25 35 27 29 27
internal_value=0.00378356 0.00667209 0.00376616 0.00805037 0.0113966 0.0184423 0.0279076 0 -0.00862069
internal_weight=354.891 310.953 275.564 204.748 172.579 106.647 63.9137 65.9318 70.8157
internal_count=292 256 227 169 142 88 53 54 58
is_linear=0
shrinkage=0.05


Tree=29
num_leaves=9
num_cat=0
split_feature=22 12 30 23 24 23 30 15
split_gain=7.18972 13.6866 9.73745 4.16072 7.67621 13.2643 6.20249 5.04345
threshold=0.095792312302854218 401.58730158730162 0.30948588918381265 0.17922191399137222 0.26631189089702206 0.29394962922473067 0.052594317510467205 675.9637188208618
decision_type=2 2 2 2 2 2 2 2
left_child=2 -2 3 -1 6 -6 -5 -8
right_child=1 -3 -4 4 5 -7 7 -9
leaf_value=0.11077395335444323 -0.18538811951899561 0.95221140723426734 -0.37378323960346516 -0.22411746596793058 -0.044178017596073281 -0.88047010892170263 -0.061624864336358658 0.0065669067083472758
leaf_weight=29.303040504455566 36.628800630569458 30.524000525474548 47.335628688335419 37.050749480724335 57.379022359848022 29.020043432712555 36.612640023231506 52.501280903816223
leaf_count=24 30 25 39 31 47 24 30 43
internal_value=0.00253423 0.0172727 -0.000888054 0.00317075 0.000735864 -0.010746 0.0085988 0.0157472
internal_weight=356.355 67.1528 289.202 241.867 212.564 86.3991 126.165 89.1139
internal_count=293 55 238 199 175 71 104 73
is_linear=0
shrinkage=0.05


Tree=30
num_leaves=10
num_cat=0
split_feature=18 11 30 14 11 14 15 30 30
split_gain=7.70181 7.90708 4.59749 5.86634 4.97571 4.77636 9.1863 7.53656 1.14438
threshold=0.0089743589743589511 42.40362811791384 0.44554552590266877 800.68027210884361 117.23356009070297 1242.1768707482995 975.2834467120183 0.33678530936183998 0.20530902472354864
decision_type=2 2 2 2 2 2 2 2 2
left_child=1 -1 3 -3 -5 7 8 -6 -7
right_child=-2 2 -4 4 5 6 -8 -9 -10
leaf_value=-0.5297083101256187 0.42832412693612032 0.20350344980917498 -0.24549067024502877 -0.2444497937465645 0.60334470317275546 -0.84111465592487855 0.19059278489256004 -0.13697481632424877 -0.16102846784005856
leaf_weight=32.693224847316742 29.282693862915039 42.731197237968445 37.84976065158844 47.775555849075317 29.303040504455566 30.524000525474548 46.396480798721313 30.524000525474548 29.303040504455566
leaf_count=27 24 35 31 40 24 25 38 25 24
internal_value=0.00458572 0.00238647 0.00497703 0.00737694 0.00399704 0.00808824 0.00172414 0.0193878 -0.0112245
internal_weight=356.383 327.1 294.407 256.557 213.826 166.051 106.224 59.827 59.827
internal_count=293 269 242 211 176 136 87 49 49
is_linear=0
shrinkage=0.05


Tree=31
num_leaves=8
num_cat=0
split_feature=16 14 22 30 15 20 16
split_gain=7.25481 7.6277 5.56689 12.2422 9.37429 4.9297 7.50363
threshold=775.73696145124734 800.68027210884361 0.095792312302854218 0.30948588918381265 1057.5963718820865 0.047832692823308556 1384.3537414965988
decision_type=2 2 2 2 2 2 2
left_child=-1 -2 3 4 5 -3 -7
right_child=1 2 -4 -5 -6 6 -8
leaf_value=-0.35855495749370669 0.19169214320299474 -0.50424855911518152 0.5259735115663855 -0.3482453368070797 -0.084141479822022802 0.28119119164393319 -0.016863870864083454
leaf_weight=48.806032657623291 43.670319139957428 38.805009424686432 52.501280903816223 43.68884950876236 29.303040504455566 56.853698492050171 52.501280903816223
leaf_count=40 36 32 43 36 24 47 43
internal_value=0.00546746 0.00822773 0.00513096 0.00165627 0.00749323 0.00238258 0.00781557
internal_weight=366.13 317.323 273.653 221.152 177.463 148.16 109.355
internal_count=301 261 225 182 146 122 90
is_linear=0
shrinkage=0.05


Tree=32
num_leaves=9
num_cat=0
split_feature=11 20 22 12 24 15 14 30
split_gain=9.61937 4.71933 9.48901 8.56787 7.89003 5.68304 3.19359 2.2036
threshold=42.40362811791384 0.11879414298018946 0.033225570359291155 97.278911564625858 0.74024420719082584 651.02040816326553 1065.0793650793655 0.17788755980861243
decision_type=2 2 2 2 2 2 2 2
left_child=-1 2 3 -2 5 -3 -4 -5
right_child=1 4 6 7 -6 -7 -8 -9
leaf_value=-0.45820544091809173 -0.093523401760965186 -0.13146939201372537 -0.058806145891074024 0.30804893576305475 0.71162293105447327 0.5626383707247119 -0.41213463611176737 0.37134951986495396
leaf_weight=39.980405032634735 49.527938365936279 36.61977231502533 47.617440819740295 41.512640714645386 40.291680693626404 37.84976065158844 30.524000525474548 39.070720672607422
leaf_count=33 41 30 39 34 33 31 25 32
internal_value=0.00602004 0.0088836 0.00439716 0.0126684 0.017025 0.00738157 -0.009375 0.0227273
internal_weight=362.994 323.014 208.253 130.111 114.761 74.4695 78.1414 80.5834
internal_count=298 265 171 107 94 61 64 66
is_linear=0
shrinkage=0.05


Tree=33
num_leaves=10
num_cat=0
split_feature=18 12 17 15 15 22 16 12 20
split_gain=7.19071 5.46407 7.91293 3.88912 3.43427 4.15639 6.03943 4.80722 7.92839
threshold=0.0089743589743589511 67.346938775510225 12.47165532879808 870.52154195011349 995.2380952380953 0.017419324268239604 1264.6258503401361 396.59863945578235 0.089916535077825419
decision_type=2 2 2 2 2 2 2 2 2
left_child=1 -1 3 -3 5 -4 7 8 -7
right_child=-2 2 4 -5 -6 6 -8 -9 -10
leaf_value=-0.25295276190192556 0.26734031351536214 -0.54958565031033924 0.22008153045278434 -0.11015212613724615 0.16046103008997081 0.10361512139035817 -0.1531058145865444 0.44733301287353699 -0.45627597026192179
leaf_weight=48.299502968788147 40.254557609558105 32.961112022399902 36.097378134727478 34.186880588531494 31.74496054649353 31.47924929857254 41.512640714645386 29.303040504455566 35.407840609550476
leaf_count=40 33 27 30 28 26 26 34 24 29
internal_value=0.00283902 0.000340895 0.00308635 -0.0118154 0.00795451 0.00519237 0.00123352 0.00811246 0.000714076
internal_weight=361.247 320.993 272.693 67.148 205.545 173.8 137.703 96.1901 66.8871
internal_count=297 264 224 55 169 143 113 79 55
is_linear=0
shrinkage=0.05


Tree=34
num_leaves=8
num_cat=0
split_feature=12 12 30 15 29 20 20
split_gain=8.2374 9.71491 5.18813 11.5128 9.11908 4.82144 4.44338
threshold=67.346938775510225 800.68027210884361 0.30948588918381265 491.3832199546485 0.015640483227243353 0.096726054514999216 0.064418868536229509
decision_type=2 2 2 2 2 2 2
left_child=-1 2 4 -4 6 -5 -2
right_child=1 -3 3 5 -6 -7 -8
leaf_value=-0.25744870388893787 -0.084804540698598538 -0.61214465453497058 0.6647259692775539 -0.42645852203686857 0.68509835511590023 0.085214336209357464 0.33145520107062731
leaf_weight=52.195025742053986 48.838400840759277 31.74015200138092 37.84976065158844 38.805009424686432 53.717958569526672 29.303040504455566 57.116523087024689
leaf_count=43 40 26 31 32 44 24 47
internal_value=0.00754917 0.0107648 0.0138888 0.00531077 0.0195811 -0.00697566 0.011073
internal_weight=349.566 297.371 265.631 105.958 159.673 68.108 105.955
internal_count=287 244 218 87 131 56 87
is_linear=0
shrinkage=0.05


Tree=35
num_leaves=9
num_cat=0
split_feature=13 22 16 14 29 30 22 13
split_gain=12.979 6.86993 7.12469 5.96557 4.97402 3.99742 4.26309 2.80628
threshold=77.324263038548764 0.025860309688007205 1341.950113378685 885.48752834467132 0.016564907048525854 0.16399943350423862 0.017681951952881702 47.39229024943311
decision_type=2 2 2 2 2 2 2 2
left_child=7 5 3 -3 -4 6 -2 -1
right_child=1 2 4 -5 -6 -7 -8 -9
leaf_value=-0.47287457038396719 0.38551912373579855 -0.027444778272617754 0.027968680014297222 0.4292679962631934 -0.68858214733026457 0.43285797931395237 -0.15709855500010206 -0.17512495230399422
leaf_weight=30.224633514881134 50.747020959854126 41.512640714645386 30.524000525474548 55.898449718952179 41.512640714645386 30.519718170166016 30.519191980361938 38.536472678184509
leaf_count=25 42 34 25 46 34 25 25 32
internal_value=0.00418663 0.00894763 0.00260034 0.0114171 -0.00932203 0.018569 0.0127747 -0.0152859
internal_weight=349.995 281.234 169.448 97.4111 72.0366 111.786 81.2662 68.7611
internal_count=288 231 139 80 59 92 67 57
is_linear=0
shrinkage=0.05


Tree=36
num_leaves=10
num_cat=0
split_feature=16 18 22 30 11 22 23 14 15
split_gain=9.03834 7.93776 3.81272 10.3763 4.58468 6.12811 6.84901 2.24356 1.86649
threshold=718.36734693877565 0.0089743589743589511 0.095792312302854218 0.32210284233310554 117.23356009070297 0.020856085151866755 0.20968562593026113 800.68027210884361 975.2834467120183
decision_type=2 2 2 2 2 2 2 2 2
left_child=-1 2 3 4 7 -6 8 -2 -7
right_child=1 -3 -4 -5 5 6 -8 -9 -10
leaf_value=-0.53185809225848191 0.060922024771851671 0.30195390888681289 0.40715653502556287 -0.83419112022411712 0.94527246905740592 0.079572861364555089 -0.242366232112528 -0.18622519212191876 0.27408817268928926
leaf_weight=29.27067232131958 35.142129361629486 32.945573925971985 56.164160966873169 35.142129361629486 29.303040504455566 29.303040504455566 34.182072043418884 53.880355954170227 30.524000525474548
leaf_count=24 29 27 46 29 24 24 28 45 25
internal_value=0.00584198 0.00815952 0.00563028 0.00296115 0.00712627 0.0133688 0.00714578 -0.00152076 0.0173469
internal_weight=365.857 336.587 303.641 247.477 212.335 123.312 94.0091 89.0225 59.827
internal_count=301 277 250 204 175 101 77 74 49
is_linear=0
shrinkage=0.05


Tree=37
num_leaves=9
num_cat=0
split_feature=14 20 30 24 30 14 12 11
split_gain=10.6031 8.21085 10.2664 6.42958 6.85427 6.23349 4.94644 6.22707
threshold=730.83900226757385 0.093264874660223471 0.30948588918381265 0.73415811446190726 0.12612815104665684 1474.1496598639458 97.278911564625858 401.58730158730162
decision_type=2 2 2 2 2 2 2 2
left_child=-1 2 6 4 -3 -6 -2 -8
right_child=1 3 -4 -5 5 -7 7 -9
leaf_value=-0.27304742501552837 -0.17039532146067024 0.47323802108730489 -0.258844397856765 0.61743626331849344 -0.26976202679487499 0.48287760649612221 0.16208103786473985 -0.019343961658539577
leaf_weight=48.799934029579163 48.572689592838287 28.766809463500977 42.467889487743378 46.396480798721313 41.512640714645386 30.524000525474548 36.628800630569458 40.291680693626404
leaf_count=40 40 24 35 38 34 25 30 33
internal_value=0.00419705 0.00755523 0 0.016176 0.0090866 0.000847458 0.0071911 0.0150794
internal_weight=363.961 315.161 167.961 147.2 100.803 72.0366 125.493 76.9205
internal_count=299 259 138 121 83 59 103 63
is_linear=0
shrinkage=0.05


Tree=38
num_leaves=9
num_cat=0
split_feature=16 14 11 24 16 12 15 16
split_gain=9.60385 5.42571 8.37454 4.46741 4.96727 3.66026 3.64832 2.94137
threshold=775.73696145124734 810.65759637188216 97.278911564625858 0.24232014667482482 995.2380952380953 536.28117913832216 1057.5963718820865 1603.854875283447
decision_type=2 2 2 2 2 2 2 2
left_child=-1 -2 -3 -4 -5 6 -6 -7
right_child=1 2 3 4 5 7 -8 -9
leaf_value=-0.21164100682340803 0.21411327504206265 -0.41734114584946769 0.36797831675411108 0.41644697081292786 -0.52301445660206114 0.072144121240406103 0.14614166808421275 -0.09577797648396208
leaf_weight=52.467096447944641 49.775119245052338 48.996515870094299 29.037329256534576 52.501280903816223 35.407840609550476 47.617440819740295 29.303040504455566 34.182072043418884
leaf_count=43 41 41 24 43 29 39 24 28
internal_value=0.0070837 0.0102715 0.00754085 0.0115703 0.00889713 0.00416844 -0.00471698 0.0111976
internal_weight=379.288 326.821 277.046 228.049 199.012 146.51 64.7109 81.7995
internal_count=312 269 228 187 163 120 53 67
is_linear=0
shrinkage=0.05


Tree=39
num_leaves=9
num_cat=0
split_feature=16 13 15 29 11 20 20 30
split_gain=4.27307 6.9802 4.60655 10.9699 5.24476 7.27545 4.55086 3.67568
threshold=1568.9342403628118 516.32653061224505 481.40589569161006 0.048803576651378855 97.278911564625858 0.094516450648055819 0.065439946470391364 0.09488616410246456
decision_type=2 2 2 2 2 2 2 2
left_child=1 2 -1 4 7 -6 -2 -4
right_child=6 -3 3 -5 5 -7 -8 -9
leaf_value=0.20250357024353915 -0.62172664971339131 0.38376963124373947 0.020301877546661993 -0.23999672772176589 1.0179008152113891 -0.13426813283224895 -0.09485425672533028 -0.14886942113558871
leaf_weight=47.589311480522156 31.74496054649353 46.396480798721313 38.007875680923462 39.070720672607422 40.291680693626404 33.921169340610504 39.065912127494812 53.456529676914215
leaf_count=39 26 38 32 32 33 28 32 44
internal_value=0.00587393 0.0084916 0.00521432 0.00195736 0.00757761 0.0174538 -0.00516937 -0.000435762
internal_weight=369.545 298.734 252.337 204.748 165.677 74.2129 70.8109 91.4644
internal_count=304 246 208 169 137 61 58 76
is_linear=0
shrinkage=0.05


Tree=40
num_leaves=9
num_cat=0
split_feature=16 20 22 12 22 17 15 15
split_gain=6.5929 6.54696 6.62655 6.01901 4.41959 5.02199 3.78385 2.30825
threshold=730.83900226757385 0.076108597285067872 0.038933747503867501 97.278911564625858 0.099064550478596317 19.954648526077168 656.00907029478469 940.36281179138325
decision_type=2 2 2 2 2 2 2 2
left_child=-1 2 3 -2 5 -3 -7 -5
right_child=1 4 -4 7 -6 6 -8 -9
leaf_value=-0.38061587929701551 -0.22643301259742266 -0.012652897653226323 -0.67109243735411939 0.21340686809008852 0.32764698364202904 0.00068979664927540526 0.23362544212980296 0.017749622402398302
leaf_weight=32.936807990074158 41.936466991901398 57.380312442779541 30.524000525474548 35.407840609550476 53.722240924835205 41.499401926994324 37.31833815574646 31.74496054649353
leaf_count=27 35 47 25 29 44 34 31 26
internal_value=0.00468099 0.00681287 -0.00140695 0.00435513 0.0128554 0.00806504 0.0162571 0.0136364
internal_weight=362.47 329.534 139.613 109.089 189.92 136.198 78.8177 67.1528
internal_count=298 271 115 90 156 112 65 55
is_linear=0
shrinkage=0.05


Tree=41
num_leaves=9
num_cat=0
split_feature=18 14 30 30 20 30 15 20
split_gain=6.0622 6.80814 8.02496 5.53644 5.11078 4.59989 4.09578 2.3682
threshold=0.0089743589743589511 730.83900226757385 0.30948588918381265 0.24841594675903367 0.096726054514999216 0.20361006612842417 730.83900226757385 0.047832692823308556
decision_type=2 2 2 2 2 2 2 2
left_child=1 -1 3 5 -4 6 -3 -8
right_child=-2 2 4 -5 -6 -7 7 -9
leaf_value=-0.28013841177944981 0.016132081498042617 -0.17927508171721521 -0.20211558448211953 0.43752111172995112 -0.11793954025454455 -0.35117323964263375 0.0074637136779149354 0.38509056020661564
leaf_weight=42.724212765693665 34.156748533248901 54.406969904899597 46.130769550800323 35.407840609550476 46.396480798721313 30.524000525474548 29.037329256534576 46.130769550800323
leaf_count=35 28 45 38 29 38 25 24 38
internal_value=0.00498548 0.00291452 0.00567728 0.0114188 -0.00645425 0.00746181 0.0115753 0.0191382
internal_weight=364.915 330.758 288.034 195.507 92.5273 160.099 129.575 75.1681
internal_count=300 272 237 161 76 132 107 62
is_linear=0
shrinkage=0.05


Tree=42
num_leaves=9
num_cat=0
split_feature=11 30 16 29 16 15 23 23
split_gain=9.73508 5.57826 10.7898 6.59606 4.62192 4.24249 2.8444 0.611316
threshold=82.312925170068041 0.44307445200302348 1309.5238095238099 0.017854252323035506 775.73696145124734 975.2834467120183 0.09713141418027911 0.29875286517468563
decision_type=2 2 2 2 2 2 2 2
left_child=4 2 6 5 -1 -4 -2 -8
right_child=1 -3 3 -5 -6 -7 7 -9
leaf_value=-0.34080263673076194 0.37969811487199367 -0.12913688350095748 -0.044619742260762485 -0.36256317595392074 -0.0058249238458664412 0.44906683776199474 0.50523843944555302 0.093184348781696791
leaf_weight=30.507829546928406 40.291680693626404 50.059360861778259 51.275512337684631 32.965920567512512 53.861825585365295 39.070720672607422 29.303040504455566 30.258289277553558
leaf_count=25 33 41 42 27 45 32 24 25
internal_value=0.00440256 0.00898692 0.0123706 0.00247729 -0.0104435 0.00946262 0.0245882 0.0176474
internal_weight=357.594 273.225 223.165 123.312 84.3697 90.3462 99.853 59.5613
internal_count=294 224 183 101 70 74 82 49
is_linear=0
shrinkage=0.05


Tree=43
num_leaves=11
num_cat=0
split_feature=11 18 12 12 11 14 17 11 30 17
split_gain=13.6652 5.16953 3.0344 7.25639 4.79753 3.45862 2.60666 3.6382 5.03251 2.50503
threshold=42.40362811791384 1.0000000180025095e-35 491.38321995464861 882.99319727891168 381.63265306122457 1539.0022675736966 14.965986394557889 77.324263038548764 0.34260395734380716 14.965986394557776
decision_type=2 2 2 2 2 2 2 2 2 2
left_child=-1 2 4 5 6 -4 9 -8 -9 -2
right_child=1 -3 3 -5 -6 -7 7 8 -10 -11
leaf_value=-0.32609213754300104 -0.0036222685989287132 0.44003793909105604 0.36230359664160833 -0.48668948100332926 -0.26932588876529806 0.025550479705070118 -0.17118329949511449 0.2736874604640242 -0.14508618435258516 0.081150625805434029
leaf_weight=39.996497094631195 34.186880588531494 31.742135047912598 39.070720672607422 29.298231959342957 29.303040504455566 32.965920567512512 32.700209319591522 32.434498071670532 29.037329256534576 31.74496054649353
leaf_count=33 28 26 32 24 24 27 27 27 24 26
internal_value=0.00434289 0.00776184 0.0056701 0.0126536 0.00193387 0.0211864 0.00533823 0 0.00716786 0.012963
internal_weight=362.48 322.484 290.742 101.335 189.407 72.0366 160.104 94.172 61.4718 65.9318
internal_count=298 265 239 83 156 59 132 78 51 54
is_linear=0
shrinkage=0.05


Tree=44
num_leaves=11
num_cat=0
split_feature=11 15 30 11 14 15 23 12 23 20
split_gain=4.5616 5.06741 9.62844 4.72303 5.36091 4.06209 2.85462 3.01162 1.63083 1.62795
threshold=47.39229024943311 481.40589569161006 0.37616449357520793 623.58276643990939 1484.1269841269846 870.52154195011349 0.34404007820136856 359.18367346938788 0.082846091232349858 0.096726054514999216
decision_type=2 2 2 2 2 2 2 2 2 2
left_child=-1 8 3 4 5 6 7 -3 -2 -4
right_child=1 2 9 -5 -6 -7 -8 -9 -10 -11
leaf_value=-0.2843932516697078 0.43611608432489962 0.28855285751909587 -0.34681656511176301 -0.36511038710673138 0.4833171429453671 -0.52448901364555478 0.0055205673026853313 -0.13872741961717452 -0.013499024263981052 -0.0193118595497495
leaf_weight=41.19891756772995 34.186880588531494 31.47924929857254 29.303040504455566 29.303040504455566 48.838400840759277 28.771618008613586 49.527938365936279 29.303040504455566 29.300215005874634 29.303040504455566
leaf_count=34 28 26 24 24 40 24 41 24 24 24
internal_value=0.00650884 0.00841642 0.00548497 0.0103372 0.0132486 0.00824426 0.0126082 0.0198689 0.0211526 -0.0125
internal_weight=380.515 339.316 275.829 217.223 187.92 139.082 110.31 60.7823 63.4871 58.6061
internal_count=313 279 227 179 155 115 91 50 52 48
is_linear=0
shrinkage=0.05


Tree=45
num_leaves=10
num_cat=0
split_feature=13 17 20 17 17 29 16 15 20
split_gain=8.20649 7.66277 5.41065 5.35762 4.43985 3.28933 3.54907 3.15413 3.14039
threshold=47.39229024943311 12.47165532879808 0.15927927927927929 122.22222222222224 14.965986394557889 0.014381415876813903 945.35147392290253 870.52154195011349 0.064418868536229509
decision_type=2 2 2 2 2 2 2 2 2
left_child=-1 7 4 -4 8 -6 -7 -2 -3
right_child=1 2 3 -5 5 6 -8 -9 -10
leaf_value=-0.32906084650074219 -0.10664460383533254 0.14442432379528666 0.64429683967358109 -0.011165828625126323 0.16509714770892037 0.11670764790961458 -0.29539710830644683 -0.0085225275398556743 0.015630989950867046
leaf_weight=32.677582561969757 42.728792190551758 30.524000525474548 50.059360861778259 31.730973362922668 37.05262690782547 36.628800630569458 32.700209319591522 36.628800630569458 31.74496054649353
leaf_count=27 35 25 41 26 31 30 27 30 26
internal_value=0.0104049 0.0127731 0.0170633 0.0276165 0.0119453 0.00573858 -0.000688924 -0.000766248 0.022549
internal_weight=362.476 329.799 250.441 81.7903 168.651 106.382 69.329 79.3576 62.269
internal_count=298 271 206 67 139 88 57 65 51
is_linear=0
shrinkage=0.05


Tree=46
num_leaves=10
num_cat=0
split_feature=16 18 29 30 15 30 30 29 16
split_gain=10.6651 5.83707 3.90715 5.86068 6.35506 5.80189 3.50297 4.31992 8.50677
threshold=718.36734693877565 0.0089743589743589511 0.011209051406466603 0.11038522366804741 481.40589569161006 0.43311872367994819 0.1710094841292216 0.016564907048525854 1092.5170068027214
decision_type=2 2 2 2 2 2 2 2 2
left_child=-1 2 -2 -4 -5 6 -6 -8 -9
right_child=1 -3 3 4 5 -7 7 8 -10
leaf_value=-0.27665382533492305 -0.32278526463365931 0.21038840398295183 0.074909046634152612 0.53444619656673076 -0.15999346952683241 -0.3246532522779475 0.40401783308744471 0.44271474471635319 -0.34442929573249936
leaf_weight=30.491632342338562 41.931658446788788 37.829414010047913 29.992578029632568 31.74496054649353 39.070720672607422 35.407840609550476 48.838400840759277 33.921169340610504 41.512640714645386
leaf_count=25 35 31 25 26 32 29 40 28 34
internal_value=0.00635201 0.00889069 0.00657448 0.00885467 0.00614931 0.00283127 0.00680868 0.0109143 0.00341329
internal_weight=370.741 340.249 302.42 260.488 230.496 198.751 163.343 124.272 75.4338
internal_count=305 280 249 214 189 163 134 102 62
is_linear=0
shrinkage=0.05


Tree=47
num_leaves=10
num_cat=0
split_feature=11 14 17 23 30 16 17 20 22
split_gain=8.17078 6.68164 4.41778 4.32512 3.32464 3.25678 3.23798 2.9828 2.40101
threshold=47.39229024943311 805.66893424036289 12.47165532879808 0.21457067123783818 0.36696373489872142 795.69160997732433 24.943310657596502 0.12153307232639605 0.030654934751919553
decision_type=2 2 2 2 2 2 2 2 2
left_child=-1 5 3 -3 6 -2 8 -6 -4
right_child=1 2 4 -5 7 -7 -8 -9 -10
leaf_value=-0.30544119083781007 0.057857234766037428 0.010728728968164703 0.049828790058050666 -0.75811776977370915 -0.58986226920656648 0.16610745704142077 -0.018062954170359549 0.060361479265103671 0.47072687730142421
leaf_weight=46.097199499607086 30.521175026893616 39.070720672607422 49.262227118015289 30.519191980361938 30.524000525474548 29.303040504455566 54.411778450012207 29.303040504455566 32.965920567512512
leaf_count=38 25 32 41 25 25 24 45 24 27
internal_value=0.00354174 0.00632883 0.00293388 -0.00789183 0.00676842 0.0214272 0.0110723 -0.00306122 0.0173334
internal_weight=371.978 325.881 266.057 69.5899 196.467 59.8242 136.64 59.827 82.2281
internal_count=306 268 219 57 162 49 113 49 68
is_linear=0
shrinkage=0.05


Tree=48
num_leaves=10
num_cat=0
split_feature=12 15 20 22 20 20 15 15 20
split_gain=7.67333 6.40548 4.19555 5.25152 3.9498 6.1269 3.62994 6.8327 3.07845
threshold=47.39229024943311 374.14965986394566 0.15567275185936444 0.017419324268239604 0.10518454962899405 0.076108597285067872 720.86167800453529 1057.5963718820865 0.22090052356020942
decision_type=2 2 2 2 2 2 2 2 2
left_child=-1 -2 3 -3 5 6 -5 -8 -4
right_child=1 2 8 4 -6 -7 7 -9 -10
leaf_value=-0.29061913927814759 -0.63394957975720057 0.14470301710469613 0.58746576151359375 0.44953241910462655 -0.18437109787097442 0.10901363742725785 -0.16357878463375997 0.024013529003769209 0.096644940401416385
leaf_weight=31.458535134792328 29.287070274353027 56.853698492050171 30.258289277553558 29.303040504455566 36.628800630569458 42.733600735664368 43.42313826084137 30.524000525474548 40.288855195045471
leaf_count=26 24 47 25 24 30 35 36 25 33
internal_value=0.00766704 0.00985729 0.0119688 0.00881172 0.00468025 0.00836367 0.00177379 -0.00412781 0.0226854
internal_weight=370.759 339.3 310.013 239.466 182.613 145.984 103.25 73.9471 70.5471
internal_count=305 279 255 197 150 120 85 61 58
is_linear=0
shrinkage=0.05


Tree=49
num_leaves=10
num_cat=0
split_feature=16 14 13 11 11 14 16 22 11
split_gain=7.10666 6.85072 6.49751 12.0699 7.15329 6.36467 3.54085 2.28497 1.02479
threshold=775.73696145124734 800.68027210884361 491.38321995464861 638.54875283446722 396.59863945578235 875.51020408163276 982.76643990929722 0.034740139897836905 117.23356009070297
decision_type=2 2 2 2 2 2 2 2 2
left_child=-1 -2 4 7 5 8 -7 -4 -3
right_child=1 2 3 -5 -6 6 -8 -9 -10
leaf_value=-0.12944248515476667 0.15905153468829403 -0.20091817001030143 0.3048488535232487 -0.34751566925322286 -0.44414522016252822 0.42705579814939515 0.041055174515723894 0.38471018894773085 -0.15650953622932315
leaf_weight=46.364173769950867 37.565519034862518 28.505906760692596 46.396480798721313 36.623992085456848 29.303040504455566 36.628800630569458 49.527938365936279 31.74496054649353 29.303040504455566
leaf_count=38 31 24 38 30 24 30 41 26 24
internal_value=0.00780799 0.010416 0.00779675 0.0170241 0.00168498 0.0062684 0.01488 0.028125 -0.006566
internal_weight=371.964 325.6 288.034 114.765 173.269 143.966 86.1567 78.1414 57.8089
internal_count=306 268 237 94 143 119 71 64 48
is_linear=0
shrinkage=0.05


Tree=50
num_leaves=10
num_cat=0
split_feature=30 24 23 24 11 20 11 29 15
split_gain=5.94666 12.3472 8.2459 9.95574 6.42828 5.54011 5.29652 4.21529 3.08906
threshold=0.30948588918381265 0.72483309724573797 0.29394962922473067 0.25578289236292617 97.278911564625858 0.12278248067721746 401.58730158730162 0.013249914553884851 940.36281179138325
decision_type=2 2 2 2 2 2 2 2 2
left_child=2 -2 6 4 7 -3 -1 -4 -8
right_child=1 5 3 -5 -6 -7 8 -9 -10
leaf_value=0.45625433131135895 -0.55347661764760148 -0.10022968170660107 -0.21448207519621959 -0.76001469300398117 0.55724255239456355 0.65861517732001651 0.047119205397771681 0.05187940749589235 -0.024870685004751893
leaf_weight=37.840740203857422 30.242188394069672 48.838400840759277 37.316460728645325 35.129915416240692 33.921169340610504 29.303040504455566 32.965920567512512 35.128890573978424 30.524000525474548
leaf_count=31 25 40 31 29 28 24 27 29 25
internal_value=0.00705216 -0.00268629 0.0113988 0.00360163 0.0112237 0.0078125 0.0222867 0.0028127 0.0134615
internal_weight=351.211 108.384 242.827 141.496 106.367 78.1414 101.331 72.4454 63.4899
internal_count=289 89 200 117 88 64 83 60 52
is_linear=0
shrinkage=0.05


Tree=51
num_leaves=10
num_cat=0
split_feature=16 14 24 22 15 13 17 30 14
split_gain=8.30279 6.68484 3.91932 9.6278 4.19288 5.0881 6.78948 3.54257 1.79688
threshold=775.73696145124734 810.65759637188216 0.72483309724573797 0.038933747503867501 730.83900226757385 97.278911564625858 19.954648526077055 0.43795670470675135 1548.9795918367347
decision_type=2 2 2 2 2 2 2 2 2
left_child=-1 -2 3 4 -3 -6 8 -4 -7
right_child=1 2 7 -5 5 6 -8 -9 -10
leaf_value=-0.12031050436855262 0.27988645830413444 -0.1417984061787092 0.40895529922999857 -0.56052844737089413 -0.17255095453044444 0.013679688913814304 0.16264793311885697 0.028987012734737052 -0.014806223808314201
leaf_weight=50.025176405906677 42.449359118938446 42.463080942630768 36.628800630569458 31.74496054649353 40.449795722961426 32.965920567512512 29.303040504455566 31.74496054649353 31.74496054649353
leaf_count=41 35 35 30 26 34 27 24 26 26
internal_value=0.00554745 0.00851313 0.00568211 0.00227793 0.0068272 0.0111527 0.0175325 0.0160714 0.00849057
internal_weight=369.52 319.495 277.046 208.672 176.927 134.464 94.0139 68.3738 64.7109
internal_count=304 263 228 172 146 111 77 56 53
is_linear=0
shrinkage=0.05


Tree=52
num_leaves=10
num_cat=0
split_feature=15 20 22 12 29 15 17 14 23
split_gain=4.58532 5.3422 3.59229 6.70224 7.22174 6.41934 3.75225 3.03796 2.70815
threshold=301.8140589569162 0.26823140495867775 0.033225570359291155 97.278911564625858 0.012463230664883503 611.11111111111131 24.943310657596502 875.51020408163276 0.25042028323435361
decision_type=2 2 2 2 2 2 2 2 2
left_child=-1 2 3 6 -5 7 -2 -4 -6
right_child=1 -3 5 4 8 -7 -8 -9 -10
leaf_value=-0.73237862098084139 -0.17306816364763974 0.5598349090957635 -0.10674955647278726 -0.20201141244593873 0.31477893951435765 -0.46166711998842164 0.076148562297207248 0.22997596977075788 0.32256331041151043
leaf_weight=30.47358500957489 48.041267096996307 34.184055089950562 42.733600735664368 29.037329256534576 41.512640714645386 36.628800630569458 31.47924929857254 41.512640714645386 29.303040504455566
leaf_count=25 40 28 35 24 34 30 26 34 24
internal_value=0.00457748 0.00626937 0.00413708 0.00862664 0.0172517 -0.00252525 -0.00220369 0.00507246 0.0258621
internal_weight=364.906 334.433 300.249 179.374 99.853 120.875 79.5205 84.2462 70.8157
internal_count=300 275 247 148 82 99 66 69 58
is_linear=0
shrinkage=0.05


Tree=53
num_leaves=9
num_cat=0
split_feature=16 14 30 23 29 20 16 29
split_gain=5.90706 4.03836 4.60561 9.57222 5.18956 4.55861 2.04549 1.55449
threshold=775.73696145124734 795.69160997732433 0.33678530936183998 0.089402387743806364 0.011477331213054201 0.053512304250559257 1384.3537414965988 0.014866501443557952
decision_type=2 2 2 2 2 2 2 2
left_child=-1 -2 4 -4 -3 7 -7 -6
right_child=1 2 3 -5 5 6 -8 -9
leaf_value=-0.10281241500298335 0.11390077904554484 -0.021771946577706414 -0.12872129306247473 -0.38076959423233281 0.11149274742252313 0.19313484385212784 0.07712532322266058 -0.43873141097497736
leaf_weight=43.922192573547363 33.902638971805573 44.905000984668732 48.838400840759277 30.258289277553558 29.037329256534576 42.467889487743378 52.501280903816223 29.303040504455566
leaf_count=36 28 37 40 25 24 35 43 24
internal_value=0.00607827 0.00850081 0.00650933 -0.00369111 0.0105798 0.0149583 0.021716 0.00395792
internal_weight=355.136 311.214 277.311 79.0967 198.215 153.31 94.9692 58.3404
internal_count=292 256 228 65 163 126 78 48
is_linear=0
shrinkage=0.05


Tree=54
num_leaves=10
num_cat=0
split_feature=12 20 29 22 20 22 30 17 23
split_gain=6.73355 3.66319 3.87789 10.6901 4.57557 3.95486 3.53091 5.20943 3.63554
threshold=47.39229024943311 0.040854022926060711 0.011820003814117653 0.017419324268239604 0.15567275185936444 0.036902031650983408 0.32210284233310554 19.954648526077055 0.076179831097863873
decision_type=2 2 2 2 2 2 2 2 2
left_child=-1 -2 -3 -4 6 -6 7 -5 -8
right_child=1 2 3 4 5 -7 8 -9 -10
leaf_value=-0.24862294794752177 -0.062777518213775182 -0.12442915950344891 0.10231410333063913 0.088430859442001977 0.03806689496872484 0.40992142748179783 0.028602715566496961 -0.16447660579639811 -0.3842516760855178
leaf_weight=32.672799050807953 42.733600735664368 43.682163536548615 31.21353805065155 36.628800630569458 31.738861918449402 42.733600735664368 45.175520777702332 36.628800630569458 33.921169340610504
leaf_count=27 35 36 26 30 26 35 37 30 28
internal_value=0.00450047 0.00655813 0.00849863 0.0108309 0.00705565 0.0172129 0.00209069 0.01 -0.00523474
internal_weight=377.129 344.456 301.722 258.04 226.827 74.4725 152.354 73.2576 79.0967
internal_count=310 283 248 212 186 61 125 60 65
is_linear=0
shrinkage=0.05


Tree=55
num_leaves=10
num_cat=0
split_feature=14 24 29 14 29 20 24 12 23
split_gain=5.90828 5.4931 6.01642 3.69045 3.37534 3.25961 5.75927 2.49816 1.98273
threshold=658.50340136054433 0.72483309724573797 0.017177249365740655 885.48752834467132 0.015260310285094851 0.04475743348982781 0.24232014667482482 97.278911564625858 0.17457448369465531
decision_type=2 2 2 2 2 2 2 2 2
left_child=-1 2 4 -3 5 -2 7 -7 -4
right_child=1 3 8 -5 -6 6 -8 -9 -10
leaf_value=-0.32044742222541683 -0.13581992853105579 0.026886026899297734 -0.27204235528225312 0.38493105220972201 0.091627614420430173 0.00085292820823786519 -0.099731631688819142 0.26984709825805153 -0.23366357607463339
leaf_weight=29.253212332725525 35.142129361629486 42.733600735664368 35.407840609550476 43.95456075668335 37.84976065158844 35.831666886806488 32.961112022399902 44.909809529781342 31.47924929857254
leaf_count=24 29 35 29 36 31 30 27 37 26
internal_value=0.00488646 0.00674022 0.00302582 0.0176056 0.00763566 0.00424544 0.00835898 0.0155488 -0.0098411
internal_weight=369.523 340.27 253.582 86.6882 186.694 148.845 113.703 80.7415 66.8871
internal_count=304 280 209 71 154 123 94 67 55
is_linear=0
shrinkage=0.05


Tree=56
num_leaves=9
num_cat=0
split_feature=11 14 12 11 11 29 30 16
split_gain=6.98288 3.29622 2.75173 6.03496 5.26893 3.20338 3.86181 2.44126
threshold=42.40362811791384 810.65759637188216 491.38321995464861 571.20181405895698 381.63265306122457 0.012463230664883503 0.4006215581470684 780.7256235827665
decision_type=2 2 2 2 2 2 2 2
left_child=-1 7 4 -4 5 -3 -7 -2
right_child=1 2 3 -5 -6 6 -8 -9
leaf_value=-0.19748990457340498 0.081294189264395383 -0.37086965179709208 0.089259486222489678 -0.0081263350027738213 -0.21365699332710691 0.19684591567592535 -0.069632551333603132 0.075732147671766017
leaf_weight=38.765639960765839 30.521175026893616 29.726866781711578 53.722240924835205 52.501280903816223 31.74496054649353 51.014609634876251 36.628800630569458 30.524000525474548
leaf_count=32 25 25 44 43 26 42 30 25
internal_value=0.00710978 0.00956392 0.00706853 0.0132184 0.00268762 0.00757559 0.0123863 0.0200016
internal_weight=355.15 316.384 255.339 106.224 149.115 117.37 87.6434 61.0452
internal_count=292 260 210 87 123 97 72 50
is_linear=0
shrinkage=0.05


Tree=57
num_leaves=9
num_cat=0
split_feature=14 11 15 30 29 29 24 30
split_gain=5.14493 5.05771 3.54377 8.08328 4.45018 4.46523 5.07317 4.83856
threshold=665.98639455782325 638.54875283446722 481.40589569161006 0.40406334488923773 0.011820003814117653 0.013372636474386452 0.49276674308125595 0.20361006612842417
decision_type=2 2 2 2 2 2 2 2
left_child=-1 2 -2 4 -4 -6 7 -7
right_child=1 -3 3 -5 5 6 -8 -9
leaf_value=-0.13584435320932298 0.16694672483926995 -0.19604298235596274 -0.10579593996627897 -0.42188205946164992 0.11743649227104097 0.27058677747413357 0.31345797797685293 -0.0041201364923531131
leaf_weight=30.482603073120117 51.280320882797241 31.74015200138092 40.981218218803406 45.175520777702332 32.700209319591522 47.351729571819305 36.628800630569458 52.235569655895233
leaf_count=25 42 26 34 37 27 39 30 43
internal_value=0.00569278 0.00746657 0.00943501 0.0070238 0.0111531 0.0147391 0.0107561 0.00490408
internal_weight=368.576 338.094 306.353 255.073 209.898 168.916 136.216 99.5873
internal_count=303 278 252 210 173 139 112 82
is_linear=0
shrinkage=0.05


Tree=58
num_leaves=10
num_cat=0
split_feature=16 20 15 16 15 16 14 12 20
split_gain=7.68733 5.30138 5.83048 7.74416 3.55203 3.83874 3.44122 4.74026 3.1108
threshold=775.73696145124734 0.076108597285067872 885.48752834467132 1384.3537414965988 631.06575963718831 880.49886621315204 975.2834467120183 97.278911564625858 0.047431015290878155
decision_type=2 2 2 2 2 2 2 2 2
left_child=-1 6 3 4 5 -3 7 -2 -8
right_child=1 2 -4 -5 -6 -7 8 -9 -10
leaf_value=-0.10053326985814476 -0.1157867846906247 0.049125410283295347 0.49320932827432956 -0.57379710536084372 0.049485154720988335 0.42527683788375353 0.037203888011712392 0.23793526442812266 -0.66229880606396441
leaf_weight=51.246136426925659 30.94782680273056 32.962989926338196 35.407840609550476 34.182072043418884 36.097378134727478 46.380881071090698 43.95456075668335 35.407840609550476 30.524000525474548
leaf_count=42 26 27 29 28 30 38 36 29 25
internal_value=0.00611854 0.0089495 0.0145134 0.0101957 0.0163855 0.0223012 0.00163956 0.00991991 -0.0057377
internal_weight=377.112 325.865 185.031 149.623 115.441 79.3439 140.834 66.3557 74.4786
internal_count=310 268 152 123 95 65 116 55 61
is_linear=0
shrinkage=0.05


Tree=59
num_leaves=9
num_cat=0
split_feature=11 22 20 24 23 11 30 24
split_gain=4.1066 4.05609 3.28312 2.08662 5.39906 7.8791 6.06763 4.49111
threshold=97.278911564625858 0.017681951952881702 0.073564298297122716 0.73415811446190726 0.19534807468427176 434.01360544217692 0.17788755980861243 0.8292912131018928
decision_type=2 2 2 2 2 2 2 2
left_child=2 -2 -1 4 5 -3 -6 -5
right_child=1 3 -4 7 6 -7 -8 -9
leaf_value=-0.10689253909515557 1.2598194126303401 -0.31304909735076553 0.06151907438957202 0.28011889281481644 -0.030975569629048794 0.063524902499474942 0.37452702021675893 -0.093610401792578207
leaf_weight=56.853698492050171 29.037329256534576 34.186880588531494 54.62578409910202 51.280320882797241 36.623992085456848 32.965920567512512 39.070720672607422 35.407840609550476
leaf_count=47 24 28 45 42 30 27 32 29
internal_value=0.00462109 0.00807957 -0.00340074 0.00585223 0.00213851 -0.00818182 0.0112942 0.0119718
internal_weight=370.052 258.573 111.479 229.536 142.848 67.1528 75.6947 86.6882
internal_count=304 212 92 188 117 55 62 71
is_linear=0
shrinkage=0.05


Tree=60
num_leaves=9
num_cat=0
split_feature=14 29 20 29 24 16 16 15
split_gain=4.26135 4.32435 4.70353 9.25783 3.56828 2.90784 5.51679 3.43503
threshold=658.50340136054433 0.011555508969178752 0.04555217831813576 0.013641766701485052 0.29809274396709257 982.76643990929722 1494.1043083900229 511.33786848072572
decision_type=2 2 2 2 2 2 2 2
left_child=-1 -2 -3 -4 -5 7 -7 -6
right_child=1 2 3 4 5 6 -8 -9
leaf_value=-0.2771960612268452 -0.07457341445769608 -0.060071020246855872 0.0042823647008603414 -0.12743142518703507 -0.042306821791681062 -0.088321851381901961 0.072764700006444374 0.090451226513995495
leaf_weight=29.252141952514648 51.969858407974243 54.943200945854187 31.21353805065155 37.84976065158844 42.733600735664368 42.467889487743378 42.733600735664368 32.965920567512512
leaf_count=24 43 45 26 31 35 35 35 27
internal_value=0.00580094 0.00739047 0.00980993 0.0129501 0.00897444 0.0122238 0.00588804 0.0193548
internal_weight=366.13 336.877 284.908 229.964 198.751 160.901 85.2015 75.6995
internal_count=301 277 234 189 163 132 70 62
is_linear=0
shrinkage=0.05


Tree=61
num_leaves=9
num_cat=0
split_feature=14 16 29 29 15 13 15 13
split_gain=4.33335 6.15839 6.66689 7.89608 6.8376 4.1187 4.51347 6.89483
threshold=1566.4399092970523 1494.1043083900229 0.011820003814117653 0.013555614480707303 705.89569160997746 167.12018140589569 491.3832199546485 381.63265306122457
decision_type=2 2 2 2 2 2 2 2
left_child=1 2 -1 -4 5 -5 -7 -8
right_child=-2 -3 3 4 -6 6 7 -9
leaf_value=-0.43845786502018119 -0.018470796737918248 0.15051896622599337 0.10653391809168694 0.24961728116909307 -0.079601188653044025 0.33279674235097334 -0.70047068484867969 -0.053706833142984328
leaf_weight=34.876418113708496 56.164160966873169 36.628800630569458 31.47924929857254 41.487188458442688 54.677489697933197 51.271036624908447 32.965920567512512 29.303040504455566
leaf_count=29 46 30 26 34 45 42 27 24
internal_value=0.00843956 0.0107364 0.00818041 0.0111352 0.00762999 0.0129919 0.00806549 -0.000980392
internal_weight=368.853 312.689 276.06 241.184 209.705 155.027 113.54 62.269
internal_count=303 257 227 198 172 127 93 51
is_linear=0
shrinkage=0.05


Tree=62
num_leaves=9
num_cat=0
split_feature=24 30 23 16 23 30 30 14
split_gain=5.1846 6.10401 4.93823 4.42165 2.25716 5.40199 6.8223 3.31561
threshold=0.72483309724573797 0.30104214836223503 0.060522855987055008 775.73696145124734 0.45243005050505058 0.14192374887133116 0.17788755980861243 1444.2176870748301
decision_type=2 2 2 2 2 2 2 2
left_child=1 3 -2 -1 5 -5 -7 -8
right_child=2 -3 -4 4 -6 6 7 -9
leaf_value=-0.070040893967673462 -0.085192931122842458 -0.33095227104436464 0.33245670317547432 0.1263309577526508 -0.08914110820259219 -0.17420552364819281 -0.10588660898100273 0.20051499850395516
leaf_weight=30.505916953086853 34.186880588531494 35.126028478145599 52.501280903816223 55.61368191242218 29.992578029632568 32.965920567512512 30.519718170166016 43.95456075668335
leaf_count=25 28 29 43 46 25 27 25 36
internal_value=0.00420625 0.000659855 0.0147887 0.0037044 0.00649973 0.00881853 0.00227082 0.0106535
internal_weight=345.367 258.678 86.6882 223.552 193.046 163.054 107.44 74.4743
internal_count=284 213 71 184 159 134 88 61
is_linear=0
shrinkage=0.05


Tree=63
num_leaves=8
num_cat=0
split_feature=16 16 20 11 17 23 15
split_gain=5.08208 7.37989 3.75307 4.85495 4.00988 2.7567 3.80364
threshold=775.73696145124734 982.76643990929722 0.077544628875665461 553.74149659863963 14.965986394557889 0.34404007820136856 536.28117913832205
decision_type=2 2 2 2 2 2 2
left_child=-1 5 3 -3 -4 6 -2
right_child=1 2 4 -5 -6 -7 -8
leaf_value=-0.059261297312143524 0.10478021148784285 -0.28544762163362303 -0.010605992246627114 0.019896638464998163 0.19054558876405495 0.047455986615699608 0.33395323215596345
leaf_weight=47.583256363868713 50.05406928062439 51.969858407974243 43.94975221157074 32.965920567512512 56.164160966873169 51.690908372402191 38.805009424686432
leaf_count=39 41 43 36 27 46 43 32
internal_value=0.00631045 0.00854101 0.0019807 -0.00575004 0.0085394 0.0171784 0.0225192
internal_weight=373.183 325.6 185.05 84.9358 100.114 140.55 88.8591
internal_count=307 268 152 70 82 116 73
is_linear=0
shrinkage=0.05


Tree=64
num_leaves=9
num_cat=0
split_feature=14 14 11 16 15 23 12 20
split_gain=4.776 6.56653 3.22218 4.93196 3.59455 2.45886 5.97385 4.84706
threshold=1583.9002267573699 1484.1269841269846 409.07029478458054 775.73696145124734 481.40589569161006 0.19988046425427827 97.278911564625858 0.057400257400257358
decision_type=2 2 2 2 2 2 2 2
left_child=1 2 3 -1 -5 -6 7 -7
right_child=-2 -3 -4 4 5 6 -8 -9
leaf_value=-0.072389170806893846 -0.16997936167438479 0.084101797466837713 -0.066914442137012739 0.28166178355031024 -0.0089329293748276976 -0.43912018287529808 0.58343931166118745 0.05237453360680943
leaf_weight=46.380274653434753 46.391672253608704 32.965920567512512 51.280320882797241 34.170271635055542 48.572689592838287 28.771618008613586 43.68884950876236 31.21353805065155
leaf_count=38 38 27 42 28 40 24 36 26
internal_value=0.00446179 0.00665434 0.00420306 0.00670233 0.0103324 0.00704313 0.0113925 0.00114951
internal_weight=363.435 317.043 284.078 232.797 186.417 152.247 103.674 59.9852
internal_count=299 261 234 192 154 126 86 50
is_linear=0
shrinkage=0.05


Tree=65
num_leaves=11
num_cat=0
split_feature=30 30 30 23 22 30 16 17 24 12
split_gain=4.79558 6.79886 6.73534 6.01992 3.44353 3.13229 3.15159 6.38559 2.77543 1.3301
threshold=0.33678530936183998 0.24841594675903367 0.21158953889124893 0.09713141418027911 0.014024314047403102 0.090352959384480722 860.54421768707493 19.954648526077055 0.8174560733384264 476.41723356009078
decision_type=2 2 2 2 2 2 2 2 2 2
left_child=1 2 4 8 -1 -6 -7 -8 -2 -3
right_child=3 9 -4 -5 5 6 7 -9 -10 -11
leaf_value=-0.054352470591030301 0.15357906493224718 0.30870957943576816 -0.23182669166170028 -0.33977492309208546 0.0080912327700322362 -0.071205506553498429 -0.086284059982474307 0.23980603197677797 -0.13666918734263975 0.0081390756193282961
leaf_weight=31.477371871471405 41.512640714645386 30.517314672470093 30.517182350158691 31.463148415088654 29.719136416912079 35.402768731117249 35.407840609550476 34.186880588531494 29.303040504455566 31.74496054649353
leaf_count=26 34 25 25 26 25 29 29 28 24 26
internal_value=0.00452958 0.00814993 0.0035921 -0.00463726 0.0075567 0.0110357 0.0069795 0.0131579 0.00344828 0.0225499
internal_weight=361.252 258.973 196.711 102.279 166.194 134.717 104.997 69.5947 70.8157 62.2623
internal_count=297 213 162 84 137 111 86 57 58 51
is_linear=0
shrinkage=0.05


Tree=66
num_leaves=9
num_cat=0
split_feature=23 24 24 23 30 23 24 16
split_gain=7.00624 9.6361 4.32791 6.4981 4.0388 7.69783 3.93619 3.74744
threshold=0.29394962922473067 0.26225760017487437 0.34785109107254747 0.17026654822561901 0.33678530936183998 0.084928267494681117 0.8292912131018928 860.54421768707493
decision_type=2 2 2 2 2 2 2 2
left_child=2 7 -1 4 -4 6 -6 -2
right_child=1 -3 3 -5 5 -7 -8 -9
leaf_value=0.44870925691596553 -0.046335483528999799 -0.57146800568850453 0.31686160195629187 -0.025592178864037637 0.44210197319373351 -0.26046028145340794 0.072192931512225653 0.18254380187487451
leaf_weight=40.286942601203918 51.276522040367126 35.129915416240692 41.512640714645386 50.994226396083832 34.186880588531494 30.524000525474548 31.74496054649353 53.880355954170227
leaf_count=33 42 29 34 42 28 25 26 45
internal_value=0.00852118 -0.000279771 0.0139068 0.0107347 0.0163717 0.0107595 0.0203704 0.00729435
internal_weight=369.536 140.287 229.25 188.963 137.968 96.4558 65.9318 105.157
internal_count=304 116 188 155 113 79 54 87
is_linear=0
shrinkage=0.05


end of trees

feature_importances:
voiced_onset_ms=66
onset_ms=63
file_voiced_ratio=62
nucleus_span_ms=58
tail_ms=53
unvoiced_confidence=50
mel_window_energy_mean=48
nucleus_end_ms=40
file_mean_energy=31
mel_window_silence_ratio=29
mel_window_voiced_ratio=27
tail_margin_ms=26
blank_confidence=13
nucleus_start_ms=8
voicebank_id=1

parameters:
[boosting: gbdt]
[objective: regression_l1]
[metric: l1]
[tree_learner: serial]
[device_type: cpu]
[data_sample_strategy: bagging]
[data: ]
[valid: ]
[num_iterations: 700]
[learning_rate: 0.05]
[num_leaves: 31]
[num_threads: 0]
[seed: 0]
[deterministic: 0]
[force_col_wise: 0]
[force_row_wise: 0]
[histogram_pool_size: -1]
[max_depth: -1]
[min_data_in_leaf: 24]
[min_sum_hessian_in_leaf: 0.001]
[bagging_fraction: 0.85]
[pos_bagging_fraction: 1]
[neg_bagging_fraction: 1]
[bagging_freq: 1]
[bagging_seed: 3]
[bagging_by_query: 0]
[feature_fraction: 0.9]
[feature_fraction_bynode: 1]
[feature_fraction_seed: 2]
[extra_trees: 0]
[extra_seed: 6]
[early_stopping_round: 0]
[early_stopping_min_delta: 0]
[first_metric_only: 0]
[max_delta_step: 0]
[lambda_l1: 0]
[lambda_l2: 0]
[linear_lambda: 0]
[min_gain_to_split: 0]
[drop_rate: 0.1]
[max_drop: 50]
[skip_drop: 0.5]
[xgboost_dart_mode: 0]
[uniform_drop: 0]
[drop_seed: 4]
[top_rate: 0.2]
[other_rate: 0.1]
[min_data_per_group: 100]
[max_cat_threshold: 32]
[cat_l2: 10]
[cat_smooth: 10]
[max_cat_to_onehot: 4]
[top_k: 20]
[monotone_constraints: ]
[monotone_constraints_method: basic]
[monotone_penalty: 0]
[feature_contri: ]
[forcedsplits_filename: ]
[refit_decay_rate: 0.9]
[cegb_tradeoff: 1]
[cegb_penalty_split: 0]
[cegb_penalty_feature_lazy: ]
[cegb_penalty_feature_coupled: ]
[path_smooth: 0]
[interaction_constraints: ]
[verbosity: -1]
[saved_feature_importance_type: 0]
[use_quantized_grad: 0]
[num_grad_quant_bins: 4]
[quant_train_renew_leaf: 0]
[stochastic_rounding: 1]
[linear_tree: 0]
[max_bin: 255]
[max_bin_by_feature: ]
[min_data_in_bin: 3]
[bin_construct_sample_cnt: 200000]
[data_random_seed: 1]
[is_enable_sparse: 1]
[enable_bundle: 1]
[use_missing: 1]
[zero_as_missing: 0]
[feature_pre_filter: 1]
[pre_partition: 0]
[two_round: 0]
[header: 0]
[label_column: ]
[weight_column: ]
[group_column: ]
[ignore_column: ]
[categorical_feature: 0,1,2,3,4,7,8,9]
[forcedbins_filename: ]
[precise_float_parser: 0]
[parser_config_file: ]
[objective_seed: 5]
[num_class: 1]
[is_unbalance: 0]
[scale_pos_weight: 1]
[sigmoid: 1]
[boost_from_average: 1]
[reg_sqrt: 0]
[alpha: 0.9]
[fair_c: 1]
[poisson_max_delta_step: 0.7]
[tweedie_variance_power: 1.5]
[lambdarank_truncation_level: 30]
[lambdarank_norm: 1]
[label_gain: ]
[lambdarank_position_bias_regularization: 0]
[eval_at: ]
[multi_error_top_k: 1]
[auc_mu_weights: ]
[num_machines: 1]
[local_listen_port: 12400]
[time_out: 120]
[machine_list_filename: ]
[machines: ]
[gpu_platform_id: -1]
[gpu_device_id: -1]
[gpu_use_dp: 0]
[num_gpu: 1]

end of parameters

pandas_categorical:[["japanese"], ["cv"], ["Anonymous VB - JP CV", "Darae JP_CV", "SOLTiE JP_CV", "WAISELY LITE JP CV"], ["a", "ba", "be", "bi", "bo", "bu", "bya", "bye", "byo", "byu", "cha", "che", "chi", "cho", "chu", "da", "de", "di", "do", "du", "dyu", "e", "fa", "fe", "fi", "fo", "fu", "ga", "ge", "gi", "go", "gu", "gya", "gye", "gyo", "gyu", "ha", "he", "hi", "ho", "hu", "hya", "hye", "hyo", "hyu", "i", "ja", "je", "ji", "jo", "ju", "ka", "ke", "ki", "ko", "ku", "kya", "kye", "kyo", "kyu", "ma", "me", "mi", "mo", "mu", "mya", "mye", "myo", "myu", "n", "na", "ne", "ni", "no", "nu", "nya", "nye", "nyo", "nyu", "o", "pa", "pe", "pi", "po", "pu", "pya", "pye", "pyo", "pyu", "ra", "re", "ri", "ro", "ru", "rya", "rye", "ryo", "ryu", "sa", "sample", "se", "sha", "she", "shi", "sho", "shu", "so", "su", "ta", "te", "ti", "to", "tsu", "tu", "tyu", "u", "va", "ve", "vi", "vo", "vu", "wa", "we", "wi", "wo", "ya", "ye", "yo", "yu", "za", "ze", "zi", "zo", "zu", "\u3042", "\u3044", "\u3044\u3047", "\u3046", "\u3046\u3043", "\u3046\u3047", "\u3048", "\u304a", "\u304b", "\u304c", "\u304d", "\u304d\u3083", "\u304d\u3085", "\u304d\u3087", "\u304e", "\u304e\u3083", "\u304e\u3085", "\u304e\u3087", "\u304f", "\u3050", "\u3051", "\u3052", "\u3053", "\u3054", "\u3055", "\u3056", "\u3057", "\u3057\u3047", "\u3057\u3083", "\u3057\u3085", "\u3057\u3087", "\u3058", "\u3058\u3047", "\u3058\u3083", "\u3058\u3085", "\u3058\u3087", "\u3059", "\u305a", "\u305b", "\u305c", "\u305d", "\u305e", "\u305f", "\u3060", "\u3061", "\u3061\u3047", "\u3061\u3083", "\u3061\u3085", "\u3061\u3087", "\u3064", "\u3066", "\u3066\u3043", "\u3066\u3085", "\u3067", "\u3067\u3043", "\u3067\u3085", "\u3068", "\u3068\u3045", "\u3069", "\u3069\u3045", "\u306a", "\u306b", "\u306b\u3083", "\u306b\u3085", "\u306b\u3087", "\u306c", "\u306d", "\u306e", "\u306f", "\u3070", "\u3071", "\u3072", "\u3072\u3083", "\u3072\u3085", "\u3072\u3087", "\u3073", "\u3073\u3083", "\u3073\u3085", "\u3073\u3087", "\u3074", "\u3074\u3083", "\u3074\u3085", "\u3074\u3087", "\u3075", "\u3075\u3041", "\u3075\u3043", "\u3075\u3047", "\u3075\u3049", "\u3076", "\u3077", "\u3078", "\u3079", "\u307a", "\u307b", "\u307c", "\u307d", "\u307e", "\u307f", "\u307f\u3083", "\u307f\u3085", "\u307f\u3087", "\u3080", "\u3081", "\u3082", "\u3084", "\u3086", "\u3088", "\u3089", "\u308a", "\u308a\u3083", "\u308a\u3085", "\u308a\u3087", "\u308b", "\u308c", "\u308d", "\u308f", "\u3092", "\u3093", "\u3094", "\u3094\u3041", "\u3094\u3043", "\u3094\u3047", "\u3094\u3049"], ["a", "ba", "be", "bi", "bo", "bu", "bya", "bye", "byo", "byu", "cha", "che", "chi", "cho", "chu", "da", "de", "di", "do", "du", "dyu", "e", "fa", "fe", "fi", "fo", "fu", "ga", "ge", "gi", "go", "gu", "gya", "gye", "gyo", "gyu", "ha", "he", "hi", "ho", "hu", "hya", "hye", "hyo", "hyu", "i", "ja", "je", "ji", "jo", "ju", "ka", "ke", "ki", "ko", "ku", "kya", "kye", "kyo", "kyu", "ma", "me", "mi", "mo", "mu", "mya", "mye", "myo", "myu", "n", "na", "ne", "ni", "no", "nu", "nya", "nye", "nyo", "nyu", "o", "pa", "pe", "pi", "po", "pu", "pya", "pye", "pyo", "pyu", "ra", "re", "ri", "ro", "ru", "rya", "rye", "ryo", "ryu", "sa", "sale", "se", "sha", "she", "shi", "sho", "shu", "so", "su", "ta", "te", "ti", "to", "tsu", "tu", "tyu", "u", "va", "ve", "vi", "vo", "vu", "wa", "we", "wi", "wo", "ya", "ye", "yo", "yu", "za", "ze", "zi", "zo", "zu", "\u3094"], ["audio_only"], ["boundary_guided"], ["filename"]]
