tree
version=v4
num_class=1
num_tree_per_iteration=1
label_index=0
max_feature_idx=74
objective=regression_l1
feature_names=language format_type alias_type alias_group row_index_in_wav row_ratio_in_wav is_head_row is_tail_row wav_duration_ms base_offset base_cons base_cutoff_abs base_pre base_ovl base_cons_gap base_cut_gap base_ovl_ratio curr_phone_start_ms curr_phone_end_ms curr_phone_len_ms curr_vowel_start_ms curr_vowel_end_ms curr_vowel_len_ms syllable_start_ms syllable_end_ms syllable_len_ms prev_phone_gap_ms next_phone_gap_ms expected_anchor_ms base_offset_to_expected_ms base_pre_to_expected_ms base_cutoff_to_next_anchor_ms energy_mean energy_min energy_max energy_slope_pre energy_slope_post valley_energy valley_dist_from_cutoff_ms db_mean db_min db_silence_ratio f0_voicing_mean f0_voicing_near_pre zcr_mean spectral_flux_mean onset_class voicing_class is_tense is_diphthong coda_type vowel_class mora_position bridge_type is_nasal_or_sonorant prev_alias_type next_alias_type prev_base_pre next_base_pre prev_base_offset next_base_offset prev_base_cutoff_abs next_base_cutoff_abs mapping_confidence used_alias_occurrence_mapping used_exact_vowel_fix used_nuclei_fallback used_alias_based_syllables words_vs_alias_score_margin jump_blocked_flag mapping_reason_code local_peak_db local_valley_db mel_window_energy_mean mel_window_silence_ratio
feature_infos=none none -1:0:1 -1:6:0:7:2:5:4:3:1 [0:11] [0:1] [0:1] none [4246.3492063492067:5999.4557823129253] [438.20999999999998:4175.8400000000001] [39.460000000000001:398.60000000000002] [539.38:4499.8800000000001] [31.440000000000001:242.19999999999999] [9.7799999999999994:219.58000000000001] [4.2800000000000011:161.78] [0.50999999999999091:114.20999999999999] [0.28446771378708541:0.90660611065235364] [450:4220] [530:5160] [10:2610] [450:4220] [530:5160] [29.999999999999773:2920] [450:4190] [530:5160] [29.999999999999773:2950] [0:950] [0:790] [450:4220] [-249.77000000000001:42.389999999999873] [-39.619999999999891:132.42999999999995] [-268.87999999999988:2421.3200000000002] [0.25179461287641908:1] [0:1] [0.31799556130030482:1] [-0.87805226914209944:1] [-0.95129347959133559:0.85791027572151513] [0:1] [-25.5040816326532:314.39247165532925] [-46.299845742470993:-10.204134432371305] [-84.816403556884978:-11.497459615419997] [0:0.79166666666666663] [0:1] [0:1] [0.0087893393819109007:0.46838673093280409] [0:0.14325481653682789] -1:2:3:0:1 -1:1:2:0 none none none -1:3:6:2:1:5:0:4 -1:1:0:2 none [0:1] -1:3:0:1:2 none [0:259.43000000000001] [0:259.43000000000001] [0:4831.4099999999999] [0:5063.7399999999998] [0:5019.7700000000004] [0:5168.7700000000004] [0.7206832022155194:1] none none none none [-5.1789999999999967:1237.3219999999999] none none [-46.299845742470993:-10.204134432371305] [-84.816403556884978:-11.497459615419997] [0.25179461287641908:1] [0:0.79166666666666663]
tree_sizes=1610 1480 1640 1725 1546 1647 1789 1800 1723 1885 1726 1807 1813 1880 1909 1707 1807 1816 1715 1810 1808 1651 1821 1724 1652 1723 1801 1880 1896 1733 1901 1651

Tree=0
num_leaves=18
num_cat=0
split_feature=31 61 18 57 10 22 40 42 31 34 35 32 25 10 68 40 12
split_gain=311.918 36.1458 21.1186 39.9754 20.6522 30.1308 10.463 23.3185 17.6777 12.6876 9.05494 7.13868 7.11686 2.9978 3.367 0.610807 0.305882
threshold=-156.71000000000001 3114.3750000000005 1045.0000000000002 57.715000000000011 180.60000000000002 399.99999999999994 -17.033482652122178 0.91792830851275065 -226.75999999999996 0.91704778351130922 0.24263694797395238 0.90439858920992056 425.00000000000006 159.81000000000003 24.362000000000005 -33.149017996465552 60.035000000000004
decision_type=2 2 2 2 2 2 2 2 2 2 2 2 2 2 2 2 2
left_child=1 2 -1 10 13 -6 7 8 -5 -9 -4 -11 -10 16 -15 -14 -2
right_child=4 -3 3 6 5 -7 -8 9 12 11 -12 -13 15 14 -16 -17 -18
leaf_value=-21.336149215698242 -15.04524917602539 -18.278049230575562 -17.991649246215822 -18.706199264526369 -20.987149429321288 -12.946424293518067 -20.590399169921874 -19.331649303436279 -19.336149215698242 -18.364399242401124 -18.617649269104003 -18.993449211120605 -20.473449325561525 -13.730349349975587 -17.445099246501922 -20.316799259185792 -14.397424125671385
leaf_weight=78 130 69 43 41 43 40 59 40 63 44 41 43 57 54 45 68 40
leaf_count=78 130 69 43 41 43 40 59 40 63 44 41 43 57 54 45 68 40
internal_value=-18.5568 -18.5774 -18.5815 -18.5777 -18.5189 -18.5407 -18.5841 -18.5809 -18.5904 -18.5637 -18.5463 -18.553 -18.5969 -18.5122 -18.5191 -18.6038 -18.5082
internal_weight=998 646 577 499 352 83 415 356 229 127 84 87 188 269 99 125 170
internal_count=998 646 577 499 352 83 415 356 229 127 84 87 188 269 99 125 170
is_linear=0
shrinkage=1


Tree=1
num_leaves=16
num_cat=0
split_feature=31 14 68 59 33 68 5 40 22 14 15 13 13 16 13
split_gain=286.604 40.2671 28.7773 25.7104 24.8549 22.2483 34.1847 15.2285 11.4989 11.9247 9.08828 7.66708 4.09384 3.04702 0.308046
threshold=-156.71000000000001 136.00000000000003 53.507000000000012 1611.2600000000002 0.28692177256949064 24.362000000000005 0.10101010101010101 -36.947642113055458 335.00000000000006 125.58000000000003 102.02999999999999 28.240000000000006 69.700000000000017 0.69121529860921738 19.080000000000002
decision_type=2 2 2 2 2 2 2 2 2 2 2 2 2 2 2
left_child=1 2 3 7 -3 14 -7 -1 9 12 -6 -8 -4 -10 -2
right_child=5 4 8 -5 10 6 11 -9 13 -11 -12 -13 -14 -15 -16
leaf_value=-0.78525998592376711 3.3361625289916996 0.44058244228363042 -1.4346176052093507 -0.94788879990577701 0.06988997220993047 -1.1175451093912125 2.1989374732971192 0.47058246612548837 -1.9822688174247742 -0.1446987652778626 -0.8050288414955139 2.191054934859276 -0.53844256401062018 -1.3381750178337097 5.5333672904968267
leaf_weight=54 40 67 59 40 46 43 72 67 108 40 58 64 40 66 134
leaf_count=54 40 67 59 40 46 43 72 67 108 40 58 64 40 66 134
internal_value=-0.0001002 -0.0199225 -0.0274262 -0.0102484 0.000877193 0.036119 0.023743 0.00123967 -0.036262 -0.0255396 -0.0144231 0.0360294 -0.0348485 -0.0448276 0.0488506
internal_weight=998 645 474 161 171 353 179 121 313 139 104 136 99 174 174
internal_count=998 645 474 161 171 353 179 121 313 139 104 136 99 174 174
is_linear=0
shrinkage=0.05


Tree=2
num_leaves=18
num_cat=0
split_feature=31 14 68 10 57 14 29 14 22 22 59 14 40 35 40 33 35
split_gain=280.647 47.7328 26.8709 26.7924 20.1751 13.4523 12.8 11.1327 36.2433 12.4715 10.6048 7.5909 5.35228 1.72213 1.46793 1.28049 0.295391
threshold=-156.71000000000001 141.90000000000003 53.409000000000013 180.60000000000002 70.165000000000006 132.26500000000001 -52.27499999999997 133.02500000000003 374.99999999999983 284.99999999999994 2489.6750000000006 116.02500000000001 -23.277073346469404 0.41578208044822101 -33.357215682648281 0.40485431534202704 0.16453226441268548
decision_type=2 2 2 2 2 2 2 2 2 2 2 2 2 2 2 2 2
left_child=1 2 4 11 -1 -6 -5 9 -9 -4 15 13 14 16 -11 -10 -2
right_child=3 -3 7 6 5 -7 -8 8 10 12 -12 -13 -14 -15 -16 -17 -18
leaf_value=0.32338294386863703 3.4470656461715699 0.46580795300006861 -0.50166415452957158 -1.3513734731376172 -0.99716931116580987 -0.078129894345998804 4.0777673931121825 0.33943392860889432 -0.79277885085344313 -1.8091128659844398 -0.54899061375856406 1.1553490953445436 -1.1866541048288346 2.7318324279785156 -1.7908041473627092 -1.3130535925626756 4.1343338117748507
leaf_weight=66 145 43 42 40 58 46 40 41 40 92 40 61 41 40 74 42 42
leaf_count=66 145 43 42 40 58 46 40 41 40 92 40 61 41 40 74 42 42
internal_value=0.000956697 -0.01944 -0.0231959 0.0355978 -0.00647059 -0.0201923 0.01 -0.0300971 -0.0199387 -0.036747 -0.0336066 0.0427083 -0.0417874 0.0469163 -0.0457831 -0.0439024 0.0489305
internal_weight=993 625 582 368 170 104 80 412 163 249 122 288 207 227 166 82 187
internal_count=993 625 582 368 170 104 80 412 163 249 122 288 207 227 166 82 187
is_linear=0
shrinkage=0.05


Tree=3
num_leaves=19
num_cat=0
split_feature=10 14 68 14 57 45 12 14 14 15 42 25 9 68 33 32 42 12
split_gain=223.498 54.4725 52.2706 26.911 22.5449 23.8438 16.5124 16.4005 14.0819 20.5162 9.15236 8.80658 7.51361 3.04976 2.80726 5.12 0.63354 0.0583333
threshold=180.60000000000002 141.90000000000003 53.409000000000013 110.11500000000002 61.980000000000011 0.021102266191915704 47.935000000000009 134.85500000000002 134.02500000000003 102.02999999999999 0.88241210354835198 405.00000000000006 1149.2800000000002 33.389000000000017 0.36996906162659299 0.88538750911817055 0.55902644357228859 89.010000000000005
decision_type=2 2 2 2 2 2 2 2 2 2 2 2 2 2 2 2 2 2
left_child=3 2 4 13 5 -2 -5 -6 11 10 -10 12 -4 16 17 -16 -1 -13
right_child=1 -3 8 6 7 -7 -8 -9 9 -11 -12 14 -14 -15 15 -17 -18 -19
leaf_value=2.0019749973803758 3.7593033777043225 0.74268669294714929 -2.1492741296000779 1.2430406567811965 -0.93279609286189091 -1.7836736020445827 -0.034523707330227006 0.31258982084244491 -0.44050189798474321 -1.5077781519621611 0.15146437782347208 -1.6832861734107134 -0.39675603282153615 3.3420372883319858 -1.2087735745072365 -1.887382381029427 2.7557575578689577 -1.9693380155637863
leaf_weight=42 45 52 42 48 59 40 57 42 41 50 61 56 56 50 50 40 119 40
leaf_count=42 45 52 42 48 59 40 57 42 41 50 61 56 56 50 50 40 119 40
internal_value=-0.00020202 -0.0164688 -0.0205788 0.0344937 0.0016129 0.0205882 0.0138095 -0.0143564 -0.0300459 -0.0177632 -0.00490196 -0.0366197 -0.0244898 0.0447867 -0.0430108 -0.0366667 0.0481366 -0.0489583
internal_weight=990 674 622 316 186 85 105 101 436 152 102 284 98 211 186 90 161 96
internal_count=990 674 622 316 186 85 105 101 436 152 102 284 98 211 186 90 161 96
is_linear=0
shrinkage=0.05


Tree=4
num_leaves=17
num_cat=0
split_feature=31 14 39 68 10 42 12 22 18 58 15 30 34 15 5 10
split_gain=272.375 32.4559 39.8883 33.131 18.9181 15.4794 12.8 11.6893 12.3266 11.481 7.3845 14.3471 7.37212 4.05 1.80556 0.881094
threshold=-149.31999999999991 133.76500000000001 -17.474956287266505 41.70000000000001 181.83000000000001 0.87549202270201498 60.265000000000008 344.99999999999994 1025.0000000000002 97.365000000000023 50.025000000000013 13.000000000000002 0.97614028048111623 101.75500000000001 0.10101010101010101 141.28500000000003
decision_type=2 2 2 2 2 2 2 2 2 2 2 2 2 2 2 2
left_child=1 3 5 6 10 -3 -1 8 -5 -10 15 -12 -7 -4 -9 -2
right_child=4 2 13 7 -6 12 -8 14 9 -11 11 -13 -14 -15 -16 -17
leaf_value=-0.75923459730744369 3.7659133616435527 -0.27840951168566941 -0.84495051406655475 -2.7554583923345248 1.8339382492548972 0.45809574836742134 0.51501451587337999 -1.4008269394781441 -0.96772844685312376 -0.15702371946394431 0.63338860069632519 4.9465577657699589 0.16989593231365083 -1.9662401825053992 -1.7451156938713046 1.7362079198837279
leaf_weight=40 107 49 40 44 75 44 40 40 70 57 53 48 59 40 104 69
leaf_count=40 107 49 40 44 75 44 40 40 70 57 53 48 59 40 104 69
internal_value=-0.000255363 -0.0200159 -0.00517241 -0.0287342 0.0349432 0.00986842 0 -0.0360317 -0.027193 -0.0192913 0.0409747 0.030198 0.0208738 -0.03375 -0.0465278 0.0471591
internal_weight=979 627 232 395 352 152 80 315 171 127 277 101 103 80 144 176
internal_count=979 627 232 395 352 152 80 315 171 127 277 101 103 80 144 176
is_linear=0
shrinkage=0.05


Tree=5
num_leaves=18
num_cat=0
split_feature=10 68 14 61 14 25 17 14 15 4 14 39 42 38 11 35 10
split_gain=220.645 61.4053 50.6642 29.556 27.3192 20.3533 31.2451 14.1112 14.5794 12.1364 10.2345 10.0291 4.00401 3.09357 2.48025 1.14954 0.0722222
threshold=177.92500000000004 23.581499999999906 141.90000000000003 3114.3750000000005 113.48000000000002 434.99999999999994 985.00000000000011 129.91500000000005 84.49499999999999 1.5000000000000002 122.71000000000002 -17.474956287266505 0.87671056547299886 169.10045351473943 1044.4850000000004 -0.21914882069824757 202.93500000000003
decision_type=2 2 2 2 2 2 2 2 2 2 2 2 2 2 2 2 2
left_child=4 -2 3 5 13 6 14 8 -8 -7 -6 12 -11 15 -3 -1 -13
right_child=1 2 -4 -5 10 9 7 -9 -10 11 -12 16 -14 -15 -16 -17 -18
leaf_value=1.7171370734202711 4.2839447282912992 -3.2226421331697432 0.69126120580466088 0.16911248137148283 -0.097201340075790912 -0.97311574394294986 0.082746198885127867 0.4610480356243738 -1.0133794120201116 -0.6134266127599628 1.0082204256969094 -1.7404572345809344 -0.38432700007393672 2.4548800163364413 -1.1608654399647627 4.2509792995393871 -1.6840736250886508
leaf_weight=42 45 41 49 60 40 71 62 40 56 43 41 40 42 57 40 129 104
leaf_count=42 45 41 49 60 40 71 62 40 56 43 41 40 42 57 40 129 104
internal_value=0.000299401 -0.015368 -0.0192901 -0.0232888 0.0354369 -0.0269944 -0.0161088 -0.00316456 -0.0118644 -0.0356667 0.0104938 -0.0412664 -0.0276471 0.0442982 -0.041358 0.0476608 -0.0493056
internal_weight=1002 693 648 599 309 539 239 158 118 300 81 229 85 228 81 171 144
internal_count=1002 693 648 599 309 539 239 158 118 300 81 229 85 228 81 171 144
is_linear=0
shrinkage=0.05


Tree=6
num_leaves=20
num_cat=3
split_feature=31 14 68 2 14 39 51 68 42 2 34 31 43 4 14 9 21 33 16
split_gain=248.412 29.3276 25.4739 26.8969 23.0113 23.8226 15.1389 27.8769 14.8738 13.3962 7.72401 9.01272 4.03333 2.45 2.13333 2.01781 3.11537 0.528866 0.266667
threshold=-156.71000000000001 141.57000000000002 42.335000000000008 0 133.27500000000003 -17.474956287266505 1 5.7815000000000056 0.90470618123222224 2 0.92536852062984531 -201.58999999999989 0.96935584316964707 3.5000000000000004 92.430000000000021 1609.8450000000003 2700.0000000000005 0.40124014745008613 0.46291510155148702
decision_type=2 2 2 1 2 2 1 2 2 1 2 2 2 2 2 2 2 2 2
left_child=1 2 3 -1 10 8 7 -2 -6 -9 11 -4 14 -14 -8 17 -17 -12 -16
right_child=6 -3 4 -5 5 -7 12 9 -10 -11 15 -13 13 -15 18 16 -18 -19 -20
leaf_value=-0.67886462933471314 5.8099685392728908 0.27894409478276894 -1.2513508818942236 0.62927647662474107 -0.2603116797596709 -1.3550500623090436 2.6968126273816644 1.1146561336170873 0.39181527888733858 -2.0438584320258499 -2.6951373134177596 -0.45598495885450935 3.6783713198535959 0.87324982345504942 1.9438462087662387 -0.50007810435456068 -1.5070569454972003 -1.4247629577586529 2.3801127443530565
leaf_weight=43 46 41 70 46 68 76 40 40 49 41 57 49 40 40 40 50 48 40 80
leaf_count=43 46 41 70 46 68 76 40 40 49 41 57 49 40 40 40 50 48 40 80
internal_value=-0.00129482 -0.0201727 -0.0229866 0.00168539 -0.0273176 -0.0137306 0.0314714 0.0135036 0.00042735 -0.00308642 -0.0356688 -0.0256303 0.0388 0.03125 0.045 -0.0417949 -0.0367347 -0.0469072 0.0483333
internal_weight=1004 637 596 89 507 193 367 127 117 81 314 119 240 80 160 195 98 97 120
internal_count=1004 637 596 89 507 193 367 127 117 81 314 119 240 80 160 195 98 97 120
cat_boundaries=0 1 2 3
cat_threshold=1 23 1
is_linear=0
shrinkage=0.05


Tree=7
num_leaves=20
num_cat=0
split_feature=31 14 68 10 16 15 40 15 14 33 25 15 29 18 13 4 10 14 9
split_gain=215.669 35.5226 24.4263 22.5488 16.4244 18.9488 9.67646 13.1192 15.6506 12.8356 11.3476 9.36908 23.9094 7.13742 5.40865 2.75203 2.53622 6.11076 0.0578947
threshold=-156.71000000000001 141.90000000000003 53.507000000000012 190.48500000000004 0.59308109734104664 81.905000000000015 -42.564587130128857 102.02999999999999 133.27500000000003 0.34689765036554565 454.99999999999994 49.440000000000019 -38.160000000000018 1645.0000000000002 19.300000000000001 6.5000000000000009 138.57000000000002 96.694999999999993 2034.5300000000002
decision_type=2 2 2 2 2 2 2 2 2 2 2 2 2 2 2 2 2 2 2
left_child=1 2 4 11 5 -1 15 8 10 -10 13 16 -13 -8 -14 -4 18 -18 -2
right_child=3 -3 6 -5 -6 -7 7 -9 9 -11 -12 12 14 -15 -16 -17 17 -19 -20
leaf_value=0.18519681107731911 5.2998280117661043 0.35864840092531503 -1.6800427323371825 -0.29113497953012024 0.12667105757488059 -0.855306910753448 -1.1344107294130656 -1.2751759689669164 0.21745511108011534 -0.25260144996080547 -1.402508589873209 -0.34191812412225764 1.058923326936233 -0.1689805869438441 4.6000130529846031 -0.54029723091750692 0.46687548670500595 1.665762020886193 2.1476550818433648
leaf_weight=58 55 41 45 41 41 77 51 56 40 50 73 44 40 45 64 46 41 44 40
leaf_count=58 55 41 45 41 41 77 51 56 40 50 73 44 40 45 64 46 41 44 40
internal_value=0.00100806 -0.0169342 -0.0201031 0.0313008 -0.00454545 -0.012963 -0.0268473 -0.0226984 -0.0179537 -0.00111111 -0.0269231 0.0356707 0.0263514 -0.015625 0.0394231 -0.0412088 0.0433333 0.0370588 0.0489474
internal_weight=992 623 582 369 176 135 406 315 259 90 169 328 148 96 104 91 180 85 95
internal_count=992 623 582 369 176 135 406 315 259 90 169 328 148 96 104 91 180 85 95
is_linear=0
shrinkage=0.05


Tree=8
num_leaves=19
num_cat=0
split_feature=31 14 68 29 10 40 71 14 22 22 71 62 71 40 15 63 4 12
split_gain=213.914 22.6318 24.1324 20.36 36.3186 10.4837 12.5231 16.1888 15.8841 10.8785 9.56122 8.10659 22.3069 19.918 6.36895 4.47283 2.20167 0.626301
threshold=-156.71000000000001 141.57000000000002 53.409000000000013 -46.015000000000093 174.19500000000002 -43.374865869246527 -16.666802177229723 127.70500000000003 335.00000000000006 374.99999999999983 -15.297161434381639 2042.1700000000003 -16.916253713208253 -33.821668152053469 46.130000000000017 0.83707581964184119 6.5000000000000009 41.210000000000008
decision_type=2 2 2 2 2 2 2 2 2 2 2 2 2 2 2 2 2 2
left_child=1 2 11 4 14 16 7 -7 -8 -9 17 13 -13 -1 -2 -10 -4 -5
right_child=3 -3 5 10 -6 6 8 9 15 -11 -12 12 -14 -15 -16 -17 -18 -19
leaf_value=-0.7593312870900315 2.3606570223433541 0.22931168292007931 -1.6131972899061531 1.852246551559426 -2.0847030413797611 -1.3777115401410829 -0.28089203486427455 0.19218282620566252 -1.1746799839775504 -0.29815775356733021 1.687007583037347 0.11570299365171587 -1.1621046940427224 0.61350732398301222 0.99637518312406148 -1.4949832156969654 -0.69512524143052179 5.6640437290950203
leaf_weight=40 45 41 43 41 52 62 40 61 58 54 57 44 40 49 68 67 44 102
leaf_count=40 45 41 43 41 52 62 40 61 58 54 57 44 40 49 68 67 44 102
internal_value=-0.000297619 -0.0176516 -0.0200997 0.030274 0.0172727 -0.0264569 -0.0225146 -0.0132768 -0.0324242 -0.00217391 0.041 -0.00433526 -0.0154762 0.00617978 0.0331858 -0.0412 -0.041954 0.0479021
internal_weight=1008 643 602 365 165 429 342 177 165 115 200 173 84 89 113 125 87 143
internal_count=1008 643 602 365 165 429 342 177 165 115 200 173 84 89 113 125 87 143
is_linear=0
shrinkage=0.05


Tree=9
num_leaves=21
num_cat=0
split_feature=31 14 62 20 57 14 25 39 63 15 34 33 9 42 39 32 31 14 9 13
split_gain=189.91 23.9643 24.6421 19.8726 29.8925 24.8536 24.187 22.4553 16.3333 12.2264 10.5554 6.49973 5.31893 5.28639 5.10158 4.41 1.67649 4.07384 0.063964 0.052381
threshold=-156.71000000000001 116.02500000000001 1683.5600000000002 1015.0000000000001 57.715000000000011 133.76500000000001 405.00000000000006 -16.05531595629952 0.80510942773825345 85.310000000000016 0.97614028048111623 0.36996906162659299 1656.7500000000002 0.95372598889344296 -21.480700724454035 0.88538750911817055 -107.68000000000005 96.950000000000017 1047.6950000000004 50.13000000000001
decision_type=2 2 2 2 2 2 2 2 2 2 2 2 2 2 2 2 2 2 2 2
left_child=3 8 -3 -1 13 6 9 10 -2 -6 -7 19 -4 -5 -12 -13 17 -10 -18 -8
right_child=1 2 12 4 5 7 11 -9 16 -11 14 15 -14 -15 -16 -17 18 -19 -20 -21
leaf_value=-2.6556513701914306 0.86978388885287794 -0.12744489696938785 1.4418486117484492 0.60432505378085644 0.077937086503358274 0.48994543679282798 -1.2843095181443407 -0.98011094797551679 0.71186586256983508 -0.63062252793058338 -0.15058747973508782 -0.78495460423896957 1.3972610327501491 0.013945686159363913 0.24593372314749529 -1.287227796544443 6.3616528733632478 1.4722311214614479 4.5394202666906969 -1.2677913781419279
leaf_weight=54 40 42 40 41 53 53 44 61 42 53 62 44 42 40 40 43 40 47 71 40
leaf_count=54 40 42 40 41 53 53 44 61 42 53 62 44 42 40 40 43 40 47 71 40
internal_value=0.00120968 0.0299451 0.0120968 -0.0154459 -0.0127178 -0.0173428 -0.0272563 -0.00462963 0.0391667 -0.00849057 0.00548387 -0.0388889 0.0280488 0.0154321 -0.00392157 -0.0293103 0.045 0.0398876 0.0490991 -0.0488095
internal_weight=992 364 124 628 574 493 277 216 240 106 155 171 82 81 102 87 200 89 111 84
internal_count=992 364 124 628 574 493 277 216 240 106 155 171 82 81 102 87 200 89 111 84
is_linear=0
shrinkage=0.05


Tree=10
num_leaves=19
num_cat=0
split_feature=31 14 19 10 29 17 12 73 33 15 38 44 4 39 34 35 12 31
split_gain=168.143 27.7372 27.7916 21.0169 30.8398 16.9109 12.9654 12.2693 15.6358 24.4684 17.7656 10.1352 9.18379 8.57943 7.98708 3.87516 3.78776 1.30121
threshold=-156.71000000000001 141.90000000000003 55.000000000000007 146.86500000000004 -35.309999999999938 1105.0000000000002 63.190000000000005 0.95584630746653532 0.17427433301934134 92.680000000000021 240.85481859410427 0.056280124751913761 6.5000000000000009 -16.493438689926727 0.96894846926648148 0.42586439846309837 43.060000000000009 -104.01999999999997
decision_type=2 2 2 2 2 2 2 2 2 2 2 2 2 2 2 2 2 2
left_child=1 2 6 17 5 -5 15 8 12 10 14 -7 -4 -11 -10 -1 -6 -2
right_child=3 -3 7 4 16 11 -8 -9 9 13 -12 -13 -14 -15 -16 -17 -18 -19
leaf_value=-0.72197486496467667 1.2825508760157396 0.37825594413182118 -1.6231680609659762 -1.7303829023425212 0.85176372980004667 0.45164724402596462 0.49850462309392357 -1.4892860904024197 0.11107545376305793 -0.38702180548421183 0.73468757402173657 1.3710940604004418 -0.37047256444324239 -1.1470597302253775 -0.94448593159034733 0.020368636214155345 5.2368927530957192 4.4831049405079026
leaf_weight=45 47 41 66 46 40 53 49 51 42 67 45 42 73 52 45 40 58 74
leaf_count=45 47 41 66 46 40 53 49 51 42 67 45 42 73 52 45 40 58 74
internal_value=0.0017418 -0.0141234 -0.0169565 0.0288889 0.0202929 0.00531915 0.00298507 -0.0230159 -0.02 -0.0125498 0.00227273 0.0173684 -0.0334532 -0.0289916 -0.0109195 -0.00882353 0.0418367 0.0458678
internal_weight=976 616 575 360 239 141 134 441 390 251 132 95 139 119 87 85 98 121
internal_count=976 616 575 360 239 141 134 441 390 251 132 95 139 119 87 85 98 121
is_linear=0
shrinkage=0.05


Tree=11
num_leaves=20
num_cat=0
split_feature=31 68 59 18 57 39 22 31 8 12 31 63 39 13 35 31 40 11 10
split_gain=173.161 18.0645 26.7469 17.3776 19.1876 29.4787 19.5439 16.6526 11.9418 9.86674 8.91161 7.50966 5.94579 5.46401 4.99212 2.88287 1.43902 1.31871 0.0545455
threshold=-156.71000000000001 23.949000000000005 1558.5550000000001 1015.0000000000001 64.550000000000011 -17.474956287266505 344.99999999999994 -209.29999999999995 5890.0907029478467 88.055000000000021 -199.51499999999996 0.90178790429429234 -17.853095480565948 19.300000000000001 0.20714444764606696 -231.62499999999997 -26.142801109201617 1337.6100000000004 165.35000000000005
decision_type=2 2 2 2 2 2 2 2 2 2 2 2 2 2 2 2 2 2 2
left_child=3 13 -3 -1 11 7 -7 8 9 -6 -9 -5 -4 -2 -10 -8 -17 18 -15
right_child=1 2 12 4 5 6 15 10 14 -11 -12 -13 -14 17 -16 16 -18 -19 -20
leaf_value=-2.4827988160630641 1.9111686011628704 -0.48068734594026097 1.5881008818422508 -0.20376438469948008 0.11168352170049528 -0.22666638455633425 -1.0538488801937114 -0.83233976765718731 0.10302377493966759 -0.26665902345177567 -0.17633339910824519 0.35976895112786145 0.78782282810557902 5.9586739836170501 0.37436363967298852 -1.297398030872789 -0.96937207731774222 1.0882801996994311 4.8844096672189723
leaf_weight=48 44 63 73 43 50 50 51 42 41 46 40 56 58 40 45 59 41 42 48
leaf_count=48 44 63 73 43 50 50 51 42 41 46 40 56 58 40 45 59 41 42 48
internal_value=0.00142857 0.0285326 0.0180412 -0.0148693 -0.0124113 -0.0166667 -0.0310945 -0.00568182 0.00274725 -0.009375 -0.0243902 0.00757576 0.030916 0.0402299 0.0162791 -0.0400662 -0.045 0.0453846 0.0488636
internal_weight=980 368 194 612 564 465 201 264 182 96 82 99 131 174 86 151 100 130 88
internal_count=980 368 194 612 564 465 201 264 182 96 82 99 131 174 86 151 100 130 88
is_linear=0
shrinkage=0.05


Tree=12
num_leaves=20
num_cat=0
split_feature=31 14 68 39 10 29 12 11 16 38 15 22 10 45 31 14 68 9 10
split_gain=156.268 31.301 29.0972 27.0357 23.6144 26.4424 16.7907 16.5831 15.8107 11.0312 9.54058 9.1508 6.83336 6.37827 4.78049 8.71963 0.901365 0.0578947 0.0512195
threshold=-156.71000000000001 133.76500000000001 41.70000000000001 -16.05531595629952 157.90500000000003 -35.309999999999938 59.125000000000007 1326.3750000000002 0.69672697684850438 256.01304988662156 85.310000000000016 324.99999999999994 173.28500000000003 0.025638603334519606 -66.609999999999886 96.950000000000017 60.853000000000002 1740.3950000000002 84.735000000000014
decision_type=2 2 2 2 2 2 2 2 2 2 2 2 2 2 2 2 2 2 2
left_child=1 2 6 9 14 7 -1 -6 11 -3 -10 -4 -7 -11 15 -2 -13 -18 -16
right_child=4 3 8 -5 5 12 -8 -9 10 13 -12 16 -14 -15 18 -17 17 -19 -20
leaf_value=-0.57629544497300589 0.25856802604267232 -0.10108726776849349 -0.88844496505541781 -0.82105997005578646 -1.8453975513265348 0.92175106334230916 0.35190466877317506 0.86137534609062638 0.0042928091089642351 0.3711902941967215 -0.77249224297808095 -0.95811832707050548 3.6938884903413234 0.15954666482158286 4.1932901250499128 1.3433207854078539 -1.2325281293291495 -1.4379205046077481 4.3444111173214868
leaf_weight=43 40 42 69 67 40 44 43 70 46 66 63 40 47 40 42 42 55 40 40
leaf_count=43 40 42 69 67 40 44 43 70 46 66 63 40 47 40 42 42 55 40 40
internal_value=0.000255363 -0.0151466 -0.0234336 0.000232558 0.0261644 0.0146766 0.00232558 -0.00181818 -0.0305112 0.0121622 -0.0151376 -0.0387255 0.0346154 0.0207547 0.0402439 0.0317073 -0.0462963 -0.0489474 0.0487805
internal_weight=979 614 399 215 365 201 86 110 313 148 109 204 91 106 164 82 135 95 82
internal_count=979 614 399 215 365 201 86 110 313 148 109 204 91 106 164 82 135 95 82
is_linear=0
shrinkage=0.05


Tree=13
num_leaves=21
num_cat=0
split_feature=31 68 14 15 30 23 40 22 14 9 10 17 21 22 42 43 25 33 10 9
split_gain=162.595 21.6794 24.6127 29.2146 18.5438 28.1967 16.3741 14.8525 18.0847 18.4107 12.7777 14.8361 10.9049 13.9164 9.07503 7.87008 3.39807 3.09643 0.476471 0.0565217
threshold=-156.71000000000001 32.437000000000005 133.27500000000003 103.37 28.254999999999885 985.00000000000011 -31.582504058832459 369.99999999999994 138.26000000000002 3044.1500000000005 147.36000000000004 2105.0000000000005 1985.0000000000002 344.99999999999994 0.92259222321884249 0.25499011077922923 405.00000000000006 0.2824269661111603 166.04500000000004 1605.2450000000001
decision_type=2 2 2 2 2 2 2 2 2 2 2 2 2 2 2 2 2 2 2 2
left_child=1 -1 6 7 5 -2 15 -4 9 -9 17 14 -8 -14 -12 -3 -17 -7 -6 -18
right_child=4 2 3 -5 18 10 12 8 -10 -11 11 -13 13 -15 -16 16 19 -19 -20 -21
leaf_value=0.11358887442549968 -1.7358581104041939 -0.19772406340544074 0.40873934742389784 -1.321076343369824 4.5160104643661052 1.2232932531879641 0.026138389266033981 -0.61020759508358546 0.23392739843919835 0.24165553127008765 0.89224823185954572 1.7158119818432191 -0.075680134941236876 -1.0384713912197145 -0.28228221168489148 -0.90975469275143706 -1.5288948568867813 2.9742347242764087 4.9186936630382805 -1.0341267301504549
leaf_weight=63 43 41 41 41 40 40 53 59 57 40 46 44 41 53 49 53 52 56 45 40
leaf_count=63 43 41 41 41 40 40 53 59 57 40 46 44 41 53 49 53 52 56 45 40
internal_value=-0.000651956 -0.0159306 -0.0190018 -0.00672269 0.0260331 0.0197842 -0.0277778 0.00126904 -0.00576923 -0.0186869 0.0265957 0.0169065 -0.0153061 -0.0255319 0.00578947 -0.0376344 -0.0431034 0.040625 0.0464706 -0.048913
internal_weight=997 634 571 238 363 278 333 197 156 99 235 139 147 94 95 186 145 96 85 92
internal_count=997 634 571 238 363 278 333 197 156 99 235 139 147 94 95 186 145 96 85 92
is_linear=0
shrinkage=0.05


Tree=14
num_leaves=21
num_cat=1
split_feature=31 18 15 14 62 30 17 10 39 44 63 15 14 16 14 31 47 45 9 16
split_gain=134.61 21.2839 29.6352 21.9075 19.9234 19.4712 30.738 17.8891 16.8107 10.5968 10.3223 8.83226 8.81116 8.23125 6.03701 5.64448 3.64541 4.28153 1.42473 1.21951
threshold=-156.71000000000001 1015.0000000000001 81.439999999999998 138.26000000000002 2040.6050000000002 19.330000000000044 1795.0000000000002 156.34500000000003 -17.474956287266505 0.044939041678480257 0.88978615446292786 102.73999999999999 117.54500000000002 0.55090838502614303 95.185000000000016 -213.98999999999998 0 0.024549387888527455 1056.0900000000004 0.47354000501845461
decision_type=2 2 2 2 2 2 2 2 2 2 2 2 2 2 2 2 1 2 2 2
left_child=1 -1 12 4 9 6 7 -2 10 -4 15 -5 -3 -9 -8 -6 -10 -18 -7 -16
right_child=5 2 3 11 8 18 14 13 16 -11 -12 -13 -14 -15 19 -17 17 -19 -20 -21
leaf_value=-2.3885719957579243 1.5799488787282874 -0.29757576729069157 0.23032022135347249 0.29555353750612368 -0.12652392596135398 5.1717889297853974 1.3951031795445212 -0.59587237303078167 -1.0369937264850855 -0.39750068982747178 0.15228406818136922 -0.16314357098564811 0.34419563850478829 0.032313150859007503 1.6288253367331997 -0.74128670363725591 -0.93936177218278161 -1.1064848147270658 3.571013278153329 0.79479702701430477
leaf_weight=47 52 43 41 48 56 53 45 44 71 50 51 45 59 43 41 43 40 42 40 41
leaf_count=47 52 43 41 48 56 53 45 44 71 50 51 45 59 43 41 43 40 42 40 41
internal_value=0.000452261 -0.0133648 -0.010781 -0.0159138 -0.021066 0.0249304 0.0180451 0.00179856 -0.0272277 -0.000549451 -0.0153333 0.00591398 0.0137255 -0.012069 0.0358268 -0.0247475 -0.0388889 -0.0317073 0.0446237 0.0439024
internal_weight=995 636 589 487 394 359 266 139 303 91 150 93 102 87 127 99 153 82 93 82
internal_count=995 636 589 487 394 359 266 139 303 91 150 93 102 87 127 99 153 82 93 82
cat_boundaries=0 1
cat_threshold=2
is_linear=0
shrinkage=0.05


Tree=15
num_leaves=19
num_cat=0
split_feature=31 14 15 19 22 14 30 17 10 58 14 14 12 16 14 44 11 11
split_gain=155.664 22.5889 31.0626 21.9312 20.9806 18.0603 16.7433 26.9549 20.4084 21.6708 11.7779 6.72693 6.6998 5.28754 2.29983 1.96364 1.46907 0.222222
threshold=-156.71000000000001 136.00000000000003 102.77000000000002 55.000000000000007 344.99999999999994 125.79500000000002 19.330000000000044 2085.0000000000005 138.57000000000002 100.16000000000001 124.40500000000002 138.35500000000005 95.735000000000014 0.71899705929098345 133.02500000000003 0.04408351137176731 1277.4950000000001 1858.22
decision_type=2 2 2 2 2 2 2 2 2 2 2 2 2 2 2 2 2 2
left_child=1 3 11 10 5 12 7 8 -2 -10 -1 -3 -5 14 17 -9 -8 -6
right_child=6 2 -4 4 13 -7 16 15 9 -11 -12 -13 -14 -15 -16 -17 -18 -19
leaf_value=0.17580341091243065 2.0319919449603634 0.14154610930472025 -0.78916742939465401 -0.95131627374783112 -1.1956124726158659 0.26427221211136004 4.8257565653827266 1.3355319249531712 0.56139584624869465 -0.59382742704987967 -0.55082872182855713 0.35588763389847011 -0.24092787614689046 -0.83297446172204348 -0.57337101903133836 2.2671338072508713 3.1630371503847678 -1.1029859518231271
leaf_weight=65 41 76 48 76 40 46 57 40 61 75 54 56 49 40 43 48 40 50
leaf_count=65 41 76 48 76 40 46 57 40 61 75 54 56 49 40 43 48 40 50
internal_value=0.000845771 -0.0139191 0.00111111 -0.0197624 -0.0261628 -0.0137427 0.0270718 0.020566 0.00932203 0 -0.0012605 0.0136364 -0.0236 -0.0384393 -0.0432331 0.0431818 0.0448454 -0.0477778
internal_weight=1005 643 180 463 344 171 362 265 177 136 119 132 125 173 133 88 97 90
internal_count=1005 643 180 463 344 171 362 265 177 136 119 132 125 173 133 88 97 90
is_linear=0
shrinkage=0.05


Tree=16
num_leaves=20
num_cat=0
split_feature=31 10 14 17 42 68 71 14 16 62 29 63 58 61 68 10 63 61 59
split_gain=123.503 19.831 30.7272 22.3648 18.3209 17.066 21.5931 21.8931 19.1497 18.15 16.4186 13.337 8.55272 6.5 4.81371 3.22667 2.2924 0.547059 0.528866
threshold=-149.31999999999991 138.57000000000002 95.885000000000005 885.00000000000011 0.92343334678198308 41.70000000000001 -17.474956287266505 132.01500000000001 0.69958106131134468 2040.6050000000002 -66.759999999999977 0.87801699448203763 97.090000000000018 1627.5200000000002 99.08750000000002 243.14000000000001 0.95020612646421021 2089.8200000000006 1611.2600000000002
decision_type=2 2 2 2 2 2 2 2 2 2 2 2 2 2 2 2 2 2 2
left_child=5 16 -3 -4 18 10 7 8 13 -8 -1 15 -11 -7 17 -9 -2 -14 -5
right_child=1 2 3 4 -6 6 9 11 -10 12 -12 -13 14 -15 -16 -17 -18 -19 -20
leaf_value=0.31819568603392734 1.2789392330913887 -0.24720519532460195 -1.3149828356902051 2.4828165207073374 0.36631242328702723 -1.2520762926772568 -0.15878098288994474 -0.15443796657144079 0.01169948938686538 -0.83823862138203664 -0.51169350456676033 0.28843081366533208 -0.84016361415657359 -0.65077609669459191 -1.0605163576364653 0.094117645557167645 3.702811985921632 -1.2062434302722251 1.7337116562332533
leaf_weight=43 45 55 41 57 75 52 58 60 50 40 49 58 62 52 44 40 50 40 40
leaf_count=43 45 55 41 57 75 52 58 60 50 40 49 58 62 52 44 40 50 40 40
internal_value=-0.000346192 0.0230028 0.0160448 0.0246479 0.0325581 -0.0134259 -0.0167266 -0.00801282 -0.0214286 -0.0278689 0.00652174 0.00506329 -0.0354839 -0.0336538 -0.0410959 -0.006 0.0426316 -0.0470588 0.0469072
internal_weight=1011 363 268 213 172 648 556 312 154 244 92 158 186 104 146 100 95 102 97
internal_count=1011 363 268 213 172 648 556 312 154 244 92 158 186 104 146 100 95 102 97
is_linear=0
shrinkage=0.05


Tree=17
num_leaves=20
num_cat=0
split_feature=31 30 21 15 39 62 20 14 57 14 45 10 14 29 45 14 35 58 42
split_gain=123.166 21.8307 20.4317 20.8542 22.4689 26.5413 18.1708 14.3352 11.1375 11.9947 11.6137 8.93603 31.3495 13.3276 7.53838 5.40299 4.7619 2.86529 1.36364
threshold=-156.71000000000001 19.330000000000044 1260.0000000000002 81.750000000000028 -17.474956287266505 2053.2200000000007 1105.0000000000002 117.54500000000002 165.52500000000001 131.26500000000004 0.027881054285539653 138.57000000000002 95.885000000000005 -38.590000000000025 0.015397019180651152 136.49000000000004 0.31764050915948211 104.95500000000001 0.93214121275651951
decision_type=2 2 2 2 2 2 2 2 2 2 2 2 2 2 2 2 2 2 2
left_child=2 6 -1 7 8 -6 -2 -4 9 14 16 -8 -13 -14 -5 17 -11 -7 -3
right_child=1 18 3 4 5 15 11 -9 -10 10 -12 12 13 -15 -16 -17 -18 -19 -20
leaf_value=-2.3630816573774198 -0.31118791849179894 4.1718962411332932 -0.26267509699778774 -0.81463236372892533 0.1362160008709706 -1.3886633270310498 1.5221260196696407 0.2853590684131439 -0.4228396666820583 0.41488223916731298 -0.16666023005448488 -0.47187150168203235 1.6147479177753223 0.1682033356247119 -0.08663253096858288 -0.47223282742065786 0.20274579174605042 -0.85874639798421937 3.0526441583455841
leaf_weight=42 55 48 44 42 42 47 65 64 47 42 41 40 69 45 60 43 42 76 40
leaf_count=42 55 48 44 42 42 47 65 64 47 42 41 40 69 45 60 43 42 76 40
internal_value=-0.000603622 0.0226519 -0.0139241 -0.0115254 -0.0159751 -0.0283654 0.0156934 0.00833333 -0.00656934 -0.00198238 0.0084 0.0221461 0.0155844 0.0289474 -0.0147059 -0.0373494 0.0190476 -0.0426829 0.0443182
internal_weight=994 362 632 590 482 208 274 108 274 227 125 219 154 114 102 166 84 123 88
internal_count=994 362 632 590 482 208 274 108 274 227 125 219 154 114 102 166 84 123 88
is_linear=0
shrinkage=0.05


Tree=18
num_leaves=19
num_cat=0
split_feature=68 10 14 17 15 14 25 29 12 17 14 43 58 14 14 40 22 10
split_gain=108.488 51.9206 31.0352 21.7977 25.0199 22.0478 23.0025 17.4588 16.5082 19.008 13.6107 13.1113 10.7545 9.18857 7.56174 7.28559 3.50235 1.2896
threshold=32.437000000000005 147.36000000000004 141.90000000000003 875.00000000000011 95.325000000000031 132.49500000000003 444.99999999999994 -17.840000000000028 63.485000000000007 2085.0000000000005 116.02500000000001 0.32997199928042437 128.30000000000004 121.23 138.92500000000004 -29.507922862445238 374.99999999999983 166.04500000000004
decision_type=2 2 2 2 2 2 2 2 2 2 2 2 2 2 2 2 2 2
left_child=7 -2 3 -3 5 6 11 8 9 10 -1 -5 -7 -13 16 -8 -6 -9
right_child=1 2 -4 4 14 12 15 17 -10 -11 -12 13 -14 -15 -16 -17 -18 -19
leaf_value=0.46219986704918736 1.9874662093840152 -2.2771591929277348 0.56096899443871406 0.20326341108915777 -0.69720615804228891 0.66249770477704306 -1.0324865669028462 3.0761175961321516 1.2122628973599339 0.90595640262977817 -0.45105639091885719 -0.52411779115393287 -0.0032143218842578761 0.079314157384606079 -0.21158308115595564 -0.8244090177924065 -1.0647585231931675 3.8172176762489745
leaf_weight=71 56 53 45 42 77 40 52 41 52 40 54 59 70 43 44 53 64 46
leaf_count=71 56 53 45 42 77 40 52 41 52 40 54 59 70 43 44 53 64 46
internal_value=0.000399202 -0.0104585 -0.014486 -0.0175042 -0.0145221 -0.00682451 -0.0150602 0.0253289 0.0177419 0.01 0.0004 -0.00208333 0.0118182 -0.0117647 -0.0294595 -0.0328571 -0.0351064 0.0442529
internal_weight=1002 698 642 597 544 359 249 304 217 165 125 144 110 102 185 105 141 87
internal_count=1002 698 642 597 544 359 249 304 217 165 125 144 110 102 185 105 141 87
is_linear=0
shrinkage=0.05


Tree=19
num_leaves=20
num_cat=2
split_feature=31 30 28 14 15 22 22 4 61 14 47 62 8 47 4 57 40 8 42
split_gain=89.365 27.0035 24.9121 24.4152 31.72 18.9135 17.2878 17.9593 13.3359 12.7214 12.6697 11.8025 7.77338 6.24142 5.93604 5.77888 3.97647 2.76868 1.98202
threshold=-178.02500000000001 15.55000000000007 925.00000000000011 132.01500000000001 103.05999999999997 354.99999999999994 335.00000000000006 1.0000000180025095e-35 3123.5950000000007 138.10500000000005 0 1657.3750000000002 4309.8866213151941 1 3.5000000000000004 84.425000000000011 -35.493158873017897 5890.0907029478467 0.92956259782337336
decision_type=2 2 2 2 2 2 2 2 2 2 1 2 2 1 2 2 2 2 2
left_child=3 2 -2 6 5 -5 12 -8 9 14 16 -12 15 -13 -7 -1 -4 -9 -3
right_child=1 18 10 4 -6 8 7 17 -10 -11 11 13 -14 -15 -16 -17 -18 -19 -20
leaf_value=-0.98430864977730759 -1.4949931467148689 4.0712052840478563 0.45538568640877242 0.49589842845002696 -0.96085670491003694 -0.20464024946733553 -0.60530872941722513 -0.83262965225047703 0.46608326240244724 0.18308935826798481 -0.16212177971175415 0.36760375414401314 0.10256120979435011 1.4068379148536103 -0.73379431446789278 -0.22333545259020157 1.6920222373561196 -0.6493424122374355 2.692676305210004
leaf_weight=44 42 49 45 41 45 49 41 79 55 40 56 79 67 40 41 54 40 44 40
leaf_count=44 42 49 45 41 45 49 41 79 55 40 56 79 67 40 41 54 40 44 40
internal_value=0.000454087 0.0190537 0.0119205 -0.0116667 -0.000553506 0.00707965 -0.0208207 -0.0323171 0.00027027 -0.00846154 0.0176923 0.01 -0.00939394 0.0189076 -0.0188889 -0.0183673 0.0335294 -0.0418699 0.0432584
internal_weight=991 391 302 600 271 226 329 164 185 130 260 175 165 119 90 98 85 123 89
internal_count=991 391 302 600 271 226 329 164 185 130 260 175 165 119 90 98 85 123 89
cat_boundaries=0 1 2
cat_threshold=4 2
is_linear=0
shrinkage=0.05


Tree=20
num_leaves=20
num_cat=0
split_feature=68 10 14 15 68 16 29 62 25 16 62 16 58 10 15 42 11 61 19
split_gain=101.021 37.4528 29.1294 29.4897 17.5267 24.7015 14.2132 14.0197 15.028 12.7255 10.7628 7.97147 6.78819 6.08186 10.3064 12.7276 5.86008 2.22834 0.486207
threshold=32.437000000000005 147.36000000000004 132.56500000000003 102.77000000000002 5.7815000000000056 0.54040238099149585 -66.984999999999999 1380.1300000000003 405.00000000000006 0.45311648585768932 2004.1500000000003 0.67997262603048092 95.855000000000018 243.43500000000003 99.580000000000027 0.90738121654722137 1327.6100000000004 1751.5050000000003 560.00000000000011
decision_type=2 2 2 2 2 2 2 2 2 2 2 2 2 2 2 2 2 2 2
left_child=4 -2 7 6 16 9 13 -3 12 -6 -10 17 -9 14 15 -4 18 -12 -1
right_child=1 2 3 -5 5 -7 -8 8 10 -11 11 -13 -14 -15 -16 -17 -18 -19 -20
leaf_value=4.3438747908472592 1.8366022491273108 -2.1209992606987829 -0.25020560556840538 -0.66439944030750198 0.48316226708926396 0.91552850492148419 0.39622290629775031 -0.40310821154940157 -0.39875018800777512 -0.15401569072616647 -0.84881401483889896 -0.5877638245849538 0.20293370636701846 0.23690062682587509 -0.32071265315270436 0.58302889235965327 1.4507682952340764 -0.82199087130360471 3.6982529548082241
leaf_weight=47 48 45 52 54 58 59 46 79 41 63 43 64 46 41 40 44 42 52 40
leaf_count=47 48 45 52 54 58 59 46 79 41 63 43 64 46 41 40 44 42 52 40
internal_value=0.00129482 -0.00928058 -0.012442 -0.000180505 0.0250809 0.015 0.00784753 -0.0216216 -0.018 0.00206612 -0.0265 -0.0323899 -0.0044 0.00141243 -0.00367647 0.00520833 0.0391473 -0.0415789 0.0465517
internal_weight=1004 695 647 277 309 180 223 370 325 121 200 159 125 177 136 96 129 95 87
internal_count=1004 695 647 277 309 180 223 370 325 121 200 159 125 177 136 96 129 95 87
is_linear=0
shrinkage=0.05


Tree=21
num_leaves=18
num_cat=0
split_feature=31 18 15 71 62 68 17 15 38 45 9 25 11 42 44 45 19
split_gain=88.5863 19.7591 19.6776 27.2497 24.163 19.6614 24.25 18.534 11.8956 13.3497 10.1898 9.68681 7.46198 7.20619 4.6718 3.7802 0.460976
threshold=-156.71000000000001 985.00000000000011 75.995000000000005 -17.474956287266505 2053.2200000000007 5.7815000000000056 2095.0000000000005 50.025000000000013 255.55083900226751 0.015707786971443552 2138.5850000000005 419.99999999999994 1327.6100000000004 0.77772565848891295 0.093485264381209909 0.021317107591235954 460.00000000000006
decision_type=2 2 2 2 2 2 2 2 2 2 2 2 2 2 2 2 2
left_child=1 -1 -3 8 -5 12 7 13 9 -4 -10 -11 16 -7 15 -6 -2
right_child=5 2 3 4 14 6 -8 -9 10 11 -12 -13 -14 -15 -16 -17 -18
leaf_value=-1.9681921173080719 3.556224979112125 0.30001444338647643 -0.74146241868603058 0.13637895411001885 -0.63405907694249886 0.60906684779477738 1.171942993809417 -0.52450911991659244 0.26071426656052532 0.12667520572672819 -0.057036342553718811 -0.2585877693331316 1.3782298804723725 -0.01106492184328034 -0.47696030507564474 -1.0807231803161259 3.9237680561873094
leaf_weight=42 42 53 49 44 73 58 75 68 61 46 77 78 40 40 40 58 40
leaf_count=42 42 53 49 44 73 58 75 68 61 46 77 78 40 40 40 58 40
internal_value=0.00172764 -0.00974235 -0.00734024 -0.0102662 -0.0239535 0.0213499 0.0130705 0.00240964 -0.000803859 -0.00953757 0.0101449 -0.000806452 0.0377049 0.0163265 -0.0324561 -0.0370229 0.0463415
internal_weight=984 621 579 526 215 363 241 166 311 173 138 124 122 98 171 131 82
internal_count=984 621 579 526 215 363 241 166 311 173 138 124 122 98 171 131 82
is_linear=0
shrinkage=0.05


Tree=22
num_leaves=20
num_cat=0
split_feature=31 21 15 39 62 68 57 31 25 68 57 57 57 38 44 44 11 58 57
split_gain=103.412 19.8182 22.608 22.1788 32.6708 19.0021 20.603 11.8161 9.56452 9.40157 7.71296 8.81944 9.67147 6.46353 6.29141 5.70098 5.57771 1.50902 0.838095
threshold=-156.71000000000001 1260.0000000000002 81.439999999999998 -17.474956287266505 2045.3000000000004 5.7815000000000056 83.785000000000011 -209.87999999999985 345.00000000000006 80.527500000000018 165.05000000000004 115.11500000000001 143.74500000000003 91.366156462585096 0.087751630280691759 0.085483413666005065 1327.6100000000004 106.79000000000001 130.08500000000004
decision_type=2 2 2 2 2 2 2 2 2 2 2 2 2 2 2 2 2 2 2
left_child=1 -1 14 7 -5 16 -7 10 13 -9 11 -4 -13 -8 -3 17 -2 -6 -19
right_child=5 2 3 4 15 6 8 9 -10 -11 -12 12 -14 -15 -16 -17 -18 18 -20
leaf_value=-1.8988595957662504 3.5731341158638856 0.038081383140904812 -0.14586058288452267 0.34337797274560278 -1.0398132732152068 -0.20268264786930384 1.7007513043232834 -0.045333620037389367 0.21541186725020012 -0.82428924883060573 -0.25192234193211382 0.37577256796776021 0.067892018656122405 0.43057775633989248 0.31592838699380626 -0.49837670699675751 1.3660216571060879 -0.52355612036329546 -1.0768726095677015
leaf_weight=42 76 58 52 43 43 71 42 43 70 44 40 43 59 61 40 44 41 44 40
leaf_count=42 76 58 52 43 43 71 42 43 70 44 40 43 59 61 40 44 41 44 40
internal_value=0.000100402 -0.0120472 -0.00969646 -0.0140404 -0.0261682 0.0214681 0.0135246 -0.00480427 0.0228324 -0.0201149 0.00206186 0.00714286 0.0156863 0.0325243 0.0122449 -0.0359649 0.0380342 -0.0413386 -0.0452381
internal_weight=996 635 593 495 214 361 244 281 173 87 194 154 102 103 98 171 117 127 84
internal_count=996 635 593 495 214 361 244 281 173 87 194 154 102 103 98 171 117 127 84
is_linear=0
shrinkage=0.05


Tree=23
num_leaves=19
num_cat=1
split_feature=68 9 31 71 14 62 17 44 2 44 14 25 36 32 14 17 11 33
split_gain=99.683 39.7101 50.5612 30.583 22.266 20.4396 18.3991 10.3922 9.68748 9.13185 9.01149 19.7641 5.95 4.26651 6.42188 4.05 3.148 0.512903
threshold=23.581499999999906 770.94500000000005 -198.11499999999998 -17.474956287266505 129.59 2066.6900000000005 2085.0000000000005 0.039835554295435158 0 0.023390983838956603 117.81500000000001 345.00000000000006 0.072774786257482724 0.79001777566475029 133.27500000000003 2515.0000000000005 1326.3750000000002 0.31503338369539707
decision_type=2 2 2 2 2 2 2 2 1 2 2 2 2 2 2 2 2 2
left_child=8 -2 3 4 -3 -5 9 -6 -1 -4 11 -11 15 -7 -15 -9 17 -10
right_child=1 2 6 5 7 13 -8 12 16 10 -12 -13 -14 14 -16 -17 -18 -19
leaf_value=0.45320987403876212 -1.8109052209037093 -0.65407368397516474 -0.23118708887109826 0.025383652763179044 0.25428085418613999 -0.70404098185784891 1.028308278902782 0.0081116013476941976 3.0437556105649706 0.43179182126968618 0.3410211069631775 -0.72477776082391099 0.20489907514357564 -0.7226796965890685 -0.96157010572467172 -0.25924815751873143 1.8153356615198157 3.5503990814616024
leaf_weight=58 60 78 40 41 54 59 71 40 40 76 58 40 56 55 43 40 40 53
leaf_count=58 60 78 40 41 54 59 71 40 40 76 58 40 56 55 43 40 40 53
internal_value=0.00179641 -0.00585697 -0.00272969 -0.0128755 -0.00186567 -0.0277778 0.0138596 0.00736842 0.0342932 0.00654206 0.0114943 0.00344828 0 -0.0359873 -0.0295918 -0.00875 0.0417293 0.0467742
internal_weight=1002 811 751 466 268 198 285 190 191 214 174 116 136 157 98 80 133 93
internal_count=1002 811 751 466 268 198 285 190 191 214 174 116 136 157 98 80 133 93
cat_boundaries=0 1
cat_threshold=1
is_linear=0
shrinkage=0.05


Tree=24
num_leaves=18
num_cat=0
split_feature=31 18 10 40 14 15 39 62 63 13 14 22 14 38 38 16 40
split_gain=74.6301 21.0396 19.9486 19.4777 19.1074 18.7636 19.4992 29.8382 14.4734 14.1743 14.1422 11.1816 9.458 7.24417 8.72955 4.97184 2.53855
threshold=-156.71000000000001 985.00000000000011 114.94000000000001 -18.382726277593367 95.885000000000005 81.455000000000041 -16.666802177229723 2045.3000000000004 0.97797606401986059 23.885000000000005 131.26500000000004 315.00000000000006 117.54500000000002 259.04263038548794 263.93487528344684 0.6371874911422728 -27.533632879035906
decision_type=2 2 2 2 2 2 2 2 2 2 2 2 2 2 2 2 2
left_child=1 -1 -2 4 -4 12 10 -8 -6 -10 11 -7 -3 -12 -15 16 -9
right_child=2 5 3 -5 8 6 7 15 9 -11 13 -13 -14 14 -16 -17 -18
leaf_value=-1.7108563686574607 2.5768944506444513 -0.22194718918270678 -0.17733395386946713 -0.32889979709200756 1.2845112062959985 0.024028721995384219 0.34423199377899394 -0.62329885297704279 1.2623477976163748 -0.10150658405920139 -0.069662966308998805 -0.6502835140334533 0.1603681463914832 0.58795068059436029 0.0022779795542124505 -0.65664314037691218 -0.9328696780973349
leaf_weight=43 57 43 56 54 76 53 42 43 59 51 76 65 63 47 51 72 40
leaf_count=43 57 43 56 54 76 53 42 43 59 51 76 65 63 47 51 72 40
internal_value=0.000958628 -0.00924765 0.0194051 0.0141892 0.0202479 -0.00680672 -0.0109407 -0.0230964 0.027957 0.0163636 -0.00273973 -0.0161017 0.0122642 0.00632184 0.0153061 -0.0332258 -0.0415663
internal_weight=991 638 353 296 242 595 489 197 186 110 292 118 106 174 98 155 83
internal_count=991 638 353 296 242 595 489 197 186 110 292 118 106 174 98 155 83
is_linear=0
shrinkage=0.05


Tree=25
num_leaves=19
num_cat=0
split_feature=68 10 11 30 36 16 11 25 8 10 11 35 43 62 60 68 59 15
split_gain=77.4763 36.0316 28.3627 20.5496 18.642 18.4055 20.4466 15.2135 14.3333 12.1229 10.1085 8.34966 7.14127 10.402 6.33448 5.75358 3.15 3.105
threshold=32.956500000000013 147.36000000000004 1064.2100000000003 14.540000000000022 0.088647273702714316 0.55090838502614303 2242.9900000000002 405.00000000000006 5890.0907029478467 193.03000000000003 1350.5650000000003 0.3026893456049447 0.27136971079719441 2197.0650000000005 1902.9800000000002 72.371500000000012 2209.0750000000003 68.52500000000002
decision_type=2 2 2 2 2 2 2 2 2 2 2 2 2 2 2 2 2 2
left_child=3 -2 -3 5 7 6 10 9 14 -4 -1 -10 -6 -14 -9 -16 -17 -5
right_child=1 2 4 17 12 -7 -8 8 11 -11 -12 -13 13 -15 15 16 -18 -19
leaf_value=0.0872550785251653 1.5559502164667558 -1.681837935090724 -0.55818902426123884 3.055731220621186 0.14491348624428824 0.66993125373853979 0.39453088360141653 -0.29149475194431657 -0.31346516408145675 0.36399536643300612 -0.2338698279693727 0.10570392301372085 -0.48507580009395923 0.099849963698229516 -0.61010135826427858 -0.8537138462504732 -0.31569579273826565 1.9975029273183182
leaf_weight=56 45 50 43 46 51 52 40 49 79 56 61 49 47 79 49 48 42 50
leaf_count=56 45 50 43 46 51 52 40 49 79 56 61 49 47 79 49 48 42 50
internal_value=0.000504032 -0.0088064 -0.011838 0.0214754 -0.00878378 0.0126794 0.00414013 -0.0145783 -0.0199367 0.00252525 -0.00641026 -0.00703125 0.00480226 -0.0015873 -0.0287234 -0.0341727 -0.0266667 0.040625
internal_weight=992 687 642 305 592 209 157 415 316 99 117 128 177 126 188 139 90 96
internal_count=992 687 642 305 592 209 157 415 316 99 117 128 177 126 188 139 90 96
is_linear=0
shrinkage=0.05


Tree=26
num_leaves=20
num_cat=0
split_feature=68 9 31 14 22 23 22 37 5 43 29 68 10 10 11 37 30 12 37
split_gain=74.7694 41.3202 39.0705 24.9813 30.0691 17.7479 15.6277 15.0917 14.248 10.2857 10.957 10.7137 10.2447 9.97556 8.29481 5.77638 2.47936 1.25 0.888889
threshold=23.581499999999906 770.94500000000005 -199.38000000000008 132.01500000000001 374.99999999999983 2390.0000000000005 344.99999999999994 0.26951778194876247 0.42261904761904762 0.24231325801550582 -90.644999999999968 27.356500000000008 232.79000000000005 203.965 1327.6100000000004 0.37857517360401377 -7.570000000000106 75.465000000000018 0.2454281408551964
decision_type=2 2 2 2 2 2 2 2 2 2 2 2 2 2 2 2 2 2 2
left_child=8 -2 3 6 -5 9 13 -6 14 -4 -11 -12 17 -3 18 -13 -8 -9 -1
right_child=1 2 5 4 7 -7 16 12 -10 10 11 15 -14 -15 -16 -17 -18 -19 -20
leaf_value=1.9821491635358264 -1.5412216534700514 -0.6468384737607078 0.31909019082463819 0.30074133877407783 0.048576736507420649 0.84102260729816247 -0.67318231748393953 -0.51790675055504287 0.25482069540967273 -0.46267098182909072 -0.032747405661378862 0.15036136339607917 -0.043690531740279863 0.066945489803410044 0.75558430070591776 1.1173807265341364 -0.58677781008321472 -0.35678015020673021 3.2115198246116536
leaf_weight=40 59 50 41 70 74 54 41 40 40 63 46 40 43 40 55 47 58 40 50
leaf_count=40 59 50 41 70 74 54 41 40 40 63 46 40 43 40 55 47 58 40 50
internal_value=0.00025227 -0.00632754 -0.00314592 -0.0122807 -0.00243446 0.0111684 -0.0261905 -0.0124365 0.0289189 0.00527426 0.000510204 0.00864662 -0.0231707 -0.0111111 0.0362069 0.0189655 -0.039899 -0.03375 0.0455556
internal_weight=991 806 747 456 267 291 189 197 185 237 196 133 123 90 145 87 99 80 90
internal_count=991 806 747 456 267 291 189 197 185 237 196 133 123 90 145 87 99 80 90
is_linear=0
shrinkage=0.05


Tree=27
num_leaves=21
num_cat=0
split_feature=68 9 25 14 15 18 4 60 63 4 14 25 13 30 62 45 14 58 60 10
split_gain=75.9162 37.5348 31.2597 33.5256 25.6145 17.3676 17.8009 13.8523 12.3857 11.9898 11.3882 17.8826 9.77405 9.74418 11.1453 8.14144 7.91337 4.9428 3.12997 1.45606
threshold=23.581499999999906 770.94500000000005 434.99999999999994 141.90000000000003 92.805000000000021 2685.0000000000005 3.5000000000000004 2309.4600000000005 0.76373805296276798 1.5000000000000002 122.71000000000002 365.00000000000006 40.975000000000009 14.540000000000022 1654.6300000000003 0.025724123319918402 97.88000000000001 127.45 1356.7600000000002 216.48000000000005
decision_type=2 2 2 2 2 2 2 2 2 2 2 2 2 2 2 2 2 2 2 2
left_child=13 -2 4 5 7 6 8 9 -4 -3 11 16 -7 14 -1 17 -11 -10 -15 -8
right_child=1 2 3 -5 -6 12 19 -9 15 10 -12 -13 -14 18 -16 -17 -18 -19 -20 -21
leaf_value=0.17770748886302856 -1.4742581119502898 1.3830299577796705 0.10553149493381736 0.35865423850867506 -0.41623198509778092 0.18707135438510336 -0.96006062212834675 1.1353704557772015 -0.062948991993277484 -0.023495680153501119 0.34925035255482673 -0.42170959124207547 -0.2063756411756785 3.132666552718895 0.69581059096757303 -0.53959060815333793 0.22916207936090696 -0.32746142980392029 1.3950728495881828 -0.94122290704460776
leaf_weight=53 60 40 40 51 52 42 48 48 43 48 44 57 61 57 45 41 44 44 40 40
leaf_count=53 60 40 40 51 52 42 48 48 43 48 44 57 61 57 45 41 44 44 40 40
internal_value=0.00150301 -0.00529265 -0.00222073 -0.0114634 0.00915916 -0.0168524 -0.0238281 0.0151246 -0.0142857 0.0100858 0.00492228 -0.00167785 0.000485437 0.0294872 0.0183673 -0.021875 0.0119565 -0.0132184 0.0407216 -0.0420455
internal_weight=998 803 743 410 333 359 256 281 168 233 193 149 103 195 98 128 92 87 97 88
internal_count=998 803 743 410 333 359 256 281 168 233 193 149 103 195 98 128 92 87 97 88
is_linear=0
shrinkage=0.05


Tree=28
num_leaves=21
num_cat=0
split_feature=31 68 17 14 39 68 16 19 60 44 22 10 58 31 45 15 14 57 58 16
split_gain=79.8401 26.8687 29.1494 19.3323 21.2915 19.9545 22.3299 12.8861 11.929 11.3881 10.8498 7.33542 7.07007 5 4.82246 4.77232 4.76011 6.91475 3.54602 0.872727
threshold=-156.71000000000001 1.0000000180025095e-35 1795.0000000000002 132.01500000000001 -15.839571963234755 42.335000000000008 0.69672697684850438 215.00000000000003 2341.8150000000005 0.031613269067195908 374.99999999999983 222.94500000000002 90.575000000000003 -190.05000000000001 0.031789108075568152 72.450000000000017 139.61000000000001 146.50500000000002 145.43500000000003 0.62503000702893463
decision_type=2 2 2 2 2 2 2 2 2 2 2 2 2 2 2 2 2 2 2 2
left_child=3 15 7 5 10 13 12 -3 -6 -4 -5 -8 -7 -1 -11 -2 17 -12 19 -14
right_child=1 2 9 4 8 6 11 -9 -10 14 16 -13 18 -15 -16 -17 -18 -19 -20 -21
leaf_value=-0.17469121568585139 2.7213078379264064 0.42678058429606591 0.11718057620579288 0.25548989644909492 -0.12873656822497406 -0.53108596291331123 0.1202569437000327 -0.57852816025293385 -1.1409297577581243 1.5960585664504099 0.088784265329638679 -0.24723296373511802 -0.91205759102192951 0.15881517224605901 0.39811812600105728 2.1710972359676242 0.26663129903431182 -0.33886623467932442 -0.66014515547228914 -1.041332438283866
leaf_weight=40 60 55 40 53 44 66 46 71 40 48 40 51 48 40 44 47 46 42 40 40
leaf_count=40 60 55 40 53 44 66 46 71 40 48 40 51 48 40 44 47 46 42 40 40
internal_value=0.000949051 0.019589 0.0108527 -0.00974843 0.000566038 -0.0171159 -0.0231959 -0.00634921 -0.0202381 0.0272727 0.010221 -0.00360825 -0.0329897 0.005 0.0369565 0.0406542 0.00234375 -0.00487805 -0.0398438 -0.0454545
internal_weight=1001 365 258 636 265 371 291 126 84 132 181 97 194 80 92 107 128 82 128 88
internal_count=1001 365 258 636 265 371 291 126 84 132 181 97 194 80 92 107 128 82 128 88
is_linear=0
shrinkage=0.05


Tree=29
num_leaves=19
num_cat=0
split_feature=68 17 10 42 61 33 35 5 68 14 38 35 20 35 5 36 68 57
split_gain=72.3794 38.8671 30.3752 18.901 21.0887 16.6432 17.3978 13.1157 9.04686 16.2415 8.92937 7.19144 6.22316 5.26097 5 4.60829 2.91418 2.23215
threshold=23.581499999999906 875.00000000000011 135.94000000000003 0.83345041117102447 3123.5950000000007 0.011696244146800852 0.18844884428427608 0.19090909090909094 53.556000000000004 133.27500000000003 210.55038548752853 -0.024884412617760296 1665.0000000000002 0.10398901914645182 0.80909090909090919 0.085748442442371467 1.0000000180025095e-35 121.96000000000002
decision_type=2 2 2 2 2 2 2 2 2 2 2 2 2 2 2 2 2 2
left_child=10 -2 -3 15 5 -5 7 -7 -8 12 16 -9 -10 17 -6 -4 -1 -13
right_child=1 2 3 4 14 6 8 11 9 -11 -12 13 -14 -15 -16 -17 -18 -19
leaf_value=1.9504867073587198 -1.3448447856479377 1.5297224597190695 0.019224646122199918 -0.6564605151363001 0.78352707820651979 -0.0047003630624262273 0.21356265690816728 -0.065123059186444815 -0.48353962276005547 0.12368337128489487 1.1069283403002803 -0.43316567663742911 -0.33818469362828057 -0.49465932525600248 0.1081442471552351 0.24452638033747878 0.38629233666525392 -0.9472291905939727
leaf_weight=68 68 45 41 50 40 66 67 40 41 78 78 40 43 47 40 47 52 49
leaf_count=68 68 45 41 50 40 66 67 40 41 78 78 40 43 47 40 47 52 49
internal_value=0.0002 -0.00648379 -0.00313351 -0.00573295 -0.00890183 -0.012572 -0.0096603 -0.0190083 0.000218341 -0.00617284 0.0272727 -0.0261364 -0.0214286 -0.0316176 0.015 0.0159091 0.0358333 -0.038764
internal_weight=1000 802 734 689 601 521 471 242 229 162 198 176 84 136 80 88 120 89
internal_count=1000 802 734 689 601 521 471 242 229 162 198 176 84 136 80 88 120 89
is_linear=0
shrinkage=0.05


Tree=30
num_leaves=21
num_cat=0
split_feature=68 23 31 33 15 14 31 14 25 42 15 10 8 32 60 45 14 33 40 4
split_gain=72.5853 34.9624 33.7137 15.4931 21.1857 17.8633 12.9053 11.5023 17.1971 7.68029 7.51069 12.1549 6.99988 6.62857 6.29586 6.25558 5.94307 4.07004 4.03247 2.77933
threshold=23.581499999999906 805.00000000000011 -34.220000000000248 0.014535185953525603 93.309999999999988 138.35500000000005 91.135000000000005 132.56500000000003 460.00000000000028 0.86791829119852448 65.615000000000023 179.07500000000002 5890.0907029478467 0.65707080405019991 2996.8200000000002 0.020089837846059801 116.66500000000001 0.00097428982265560014 -37.398964353690616 5.5000000000000009
decision_type=2 2 2 2 2 2 2 2 2 2 2 2 2 2 2 2 2 2 2 2
left_child=10 -2 3 17 7 15 -4 8 9 13 18 -12 -7 -5 -9 19 -11 -3 -1 -6
right_child=1 2 6 4 5 12 -8 14 -10 16 11 -13 -14 -15 -16 -17 -18 -19 -20 -21
leaf_value=0.54779691612676107 -1.2776025463655409 -0.19889151982070299 1.9502327432934263 0.0066180142032168376 -0.33356271704190948 -0.15070313401739632 0.19841462224302464 0.53886921707635871 -0.56677540038649998 -0.16070334995799396 0.10815170268520183 2.2603745313156689 0.13884773501059372 0.19548333185143357 0.29658720556390111 -0.21650613352035758 0.062772258197051831 -0.71825352003975151 3.0804796689065221 -0.86960567404578171
leaf_weight=42 61 44 43 42 43 40 56 43 49 41 54 45 47 45 44 56 72 41 46 49
leaf_count=42 61 44 43 42 43 40 56 43 49 41 54 45 47 45 44 56 72 41 46 49
internal_value=0.00104686 -0.00539216 -0.00245033 -0.00655488 -0.00359019 -0.0151064 0.0247475 0.00446429 -0.00100402 0.0055 0.0291444 0.019697 0.00287356 0.0166667 0.0201149 -0.0256757 -0.00309735 -0.0264706 0.0397727 -0.0336957
internal_weight=1003 816 755 656 571 235 99 336 249 200 187 99 87 87 87 148 113 85 88 92
internal_count=1003 816 755 656 571 235 99 336 249 200 187 99 87 87 87 148 113 85 88 92
is_linear=0
shrinkage=0.05


Tree=31
num_leaves=18
num_cat=0
split_feature=68 9 10 14 42 15 14 58 57 22 14 19 15 10 15 22 12
split_gain=66.3618 40.0135 26.0746 16.1526 17.5534 12.9873 23.0489 17.3645 15.0545 13.4731 9.31844 10.7639 8.46316 16.9167 6.64045 6.48841 2.45
threshold=23.581499999999906 770.94500000000005 134.52500000000003 143.02500000000001 0.82291162827363096 102.53000000000002 133.02500000000003 98.535000000000011 54.990000000000002 369.99999999999994 127.70500000000003 100.00000000000013 57.135000000000026 176.49500000000003 87.185000000000016 310.00000000000017 78.910000000000011
decision_type=2 2 2 2 2 2 2 2 2 2 2 2 2 2 2 2 2
left_child=12 -2 -3 4 -4 6 8 -8 -6 10 11 15 -1 -14 -9 -10 -11
right_child=1 2 3 -5 5 -7 7 14 9 16 -12 -13 13 -15 -16 -17 -18
leaf_value=1.074480412679764 -1.2537847998033631 1.399628404173908 0.15056747743407578 0.69089933627385847 0.13187667012308837 -0.7486868876943279 0.38107264152316334 0.21598840769612995 0.0043614868705234679 -0.31345248517600233 0.091955499520905093 -0.68537555680086326 -0.005850483045581268 2.0540100399418777 -0.17468102927977364 -0.45649450329762709 -0.85201052444797976
leaf_weight=74 60 42 74 41 49 60 48 64 74 40 47 56 58 54 63 46 40
leaf_count=74 60 42 74 41 49 60 48 64 74 40 47 56 58 54 63 46 40
internal_value=0.000505051 -0.00572139 -0.00255376 -0.0048433 -0.00673222 -0.00962521 -0.00711575 0.00771429 -0.0144886 -0.0186469 -0.0123318 -0.0176136 0.0274194 0.01875 -0.0019685 -0.00916667 -0.03625
internal_weight=990 804 744 702 661 587 527 175 352 303 223 176 186 112 127 120 80
internal_count=990 804 744 702 661 587 527 175 352 303 223 176 186 112 127 120 80
is_linear=0
shrinkage=0.05


end of trees

feature_importances:
base_cons_gap=72
base_cons=38
words_vs_alias_score_margin=37
base_cutoff_to_next_anchor_ms=36
base_cut_gap=33
curr_vowel_len_ms=21
f0_voicing_mean=16
base_ovl_ratio=15
syllable_len_ms=15
db_min=15
prev_base_pre=15
base_offset=14
db_mean=14
next_base_cutoff_abs=14
base_cutoff_abs=13
base_pre=13
curr_phone_start_ms=13
energy_min=12
energy_slope_pre=11
next_base_pre=11
row_index_in_wav=10
base_offset_to_expected_ms=10
spectral_flux_mean=10
base_pre_to_expected_ms=9
zcr_mean=9
base_ovl=8
curr_phone_end_ms=8
valley_dist_from_cutoff_ms=8
mapping_confidence=8
prev_base_cutoff_abs=7
curr_phone_len_ms=6
local_peak_db=6
row_ratio_in_wav=5
wav_duration_ms=5
energy_mean=5
energy_max=5
f0_voicing_near_pre=5
prev_base_offset=5
next_base_offset=5
curr_vowel_end_ms=4
alias_type=3
curr_vowel_start_ms=3
syllable_start_ms=3
energy_slope_post=3
valley_energy=3
voicing_class=3
expected_anchor_ms=1
vowel_class=1
mel_window_energy_mean=1

parameters:
[boosting: gbdt]
[objective: regression_l1]
[metric: l1]
[tree_learner: serial]
[device_type: cpu]
[data_sample_strategy: bagging]
[data: ]
[valid: ]
[num_iterations: 500]
[learning_rate: 0.05]
[num_leaves: 31]
[num_threads: 0]
[seed: 0]
[deterministic: 0]
[force_col_wise: 0]
[force_row_wise: 0]
[histogram_pool_size: -1]
[max_depth: -1]
[min_data_in_leaf: 40]
[min_sum_hessian_in_leaf: 0.001]
[bagging_fraction: 0.85]
[pos_bagging_fraction: 1]
[neg_bagging_fraction: 1]
[bagging_freq: 1]
[bagging_seed: 3]
[bagging_by_query: 0]
[feature_fraction: 0.85]
[feature_fraction_bynode: 1]
[feature_fraction_seed: 2]
[extra_trees: 0]
[extra_seed: 6]
[early_stopping_round: 0]
[early_stopping_min_delta: 0]
[first_metric_only: 0]
[max_delta_step: 0]
[lambda_l1: 0]
[lambda_l2: 0]
[linear_lambda: 0]
[min_gain_to_split: 0]
[drop_rate: 0.1]
[max_drop: 50]
[skip_drop: 0.5]
[xgboost_dart_mode: 0]
[uniform_drop: 0]
[drop_seed: 4]
[top_rate: 0.2]
[other_rate: 0.1]
[min_data_per_group: 100]
[max_cat_threshold: 32]
[cat_l2: 10]
[cat_smooth: 10]
[max_cat_to_onehot: 4]
[top_k: 20]
[monotone_constraints: ]
[monotone_constraints_method: basic]
[monotone_penalty: 0]
[feature_contri: ]
[forcedsplits_filename: ]
[refit_decay_rate: 0.9]
[cegb_tradeoff: 1]
[cegb_penalty_split: 0]
[cegb_penalty_feature_lazy: ]
[cegb_penalty_feature_coupled: ]
[path_smooth: 0]
[interaction_constraints: ]
[verbosity: -1]
[saved_feature_importance_type: 0]
[use_quantized_grad: 0]
[num_grad_quant_bins: 4]
[quant_train_renew_leaf: 0]
[stochastic_rounding: 1]
[linear_tree: 0]
[max_bin: 255]
[max_bin_by_feature: ]
[min_data_in_bin: 3]
[bin_construct_sample_cnt: 200000]
[data_random_seed: 1]
[is_enable_sparse: 1]
[enable_bundle: 1]
[use_missing: 1]
[zero_as_missing: 0]
[feature_pre_filter: 1]
[pre_partition: 0]
[two_round: 0]
[header: 0]
[label_column: ]
[weight_column: ]
[group_column: ]
[ignore_column: ]
[categorical_feature: 0,1,2,3,46,47,50,51,52,53,55,56,70]
[forcedbins_filename: ]
[precise_float_parser: 0]
[parser_config_file: ]
[objective_seed: 5]
[num_class: 1]
[is_unbalance: 0]
[scale_pos_weight: 1]
[sigmoid: 1]
[boost_from_average: 1]
[reg_sqrt: 0]
[alpha: 0.9]
[fair_c: 1]
[poisson_max_delta_step: 0.7]
[tweedie_variance_power: 1.5]
[lambdarank_truncation_level: 30]
[lambdarank_norm: 1]
[label_gain: ]
[lambdarank_position_bias_regularization: 0]
[eval_at: ]
[multi_error_top_k: 1]
[auc_mu_weights: ]
[num_machines: 1]
[local_listen_port: 12400]
[time_out: 120]
[machine_list_filename: ]
[machines: ]
[gpu_platform_id: -1]
[gpu_device_id: -1]
[gpu_use_dp: 0]
[num_gpu: 1]

end of parameters

pandas_categorical:[["japanese"], ["cvvc"], ["cv", "cv_head"], ["cv_fricative", "cv_head_fricative", "cv_head_other", "cv_head_plosive", "cv_head_sonorant", "cv_other", "cv_plosive", "cv_sonorant"], ["fricative", "other", "plosive", "sonorant"], ["unknown", "voiced", "voiceless"], ["none"], ["", "a", "e", "i", "n", "o", "u"], ["head", "mid", "tail"], [""], ["", "cv", "cv_head", "vc", "vv"], [""], ["unknown"]]
