tree
version=v4
num_class=1
num_tree_per_iteration=1
label_index=0
max_feature_idx=74
objective=regression_l1
feature_names=language format_type alias_type alias_group row_index_in_wav row_ratio_in_wav is_head_row is_tail_row wav_duration_ms base_offset base_cons base_cutoff_abs base_pre base_ovl base_cons_gap base_cut_gap base_ovl_ratio curr_phone_start_ms curr_phone_end_ms curr_phone_len_ms curr_vowel_start_ms curr_vowel_end_ms curr_vowel_len_ms syllable_start_ms syllable_end_ms syllable_len_ms prev_phone_gap_ms next_phone_gap_ms expected_anchor_ms base_offset_to_expected_ms base_pre_to_expected_ms base_cutoff_to_next_anchor_ms energy_mean energy_min energy_max energy_slope_pre energy_slope_post valley_energy valley_dist_from_cutoff_ms db_mean db_min db_silence_ratio f0_voicing_mean f0_voicing_near_pre zcr_mean spectral_flux_mean onset_class voicing_class is_tense is_diphthong coda_type vowel_class mora_position bridge_type is_nasal_or_sonorant prev_alias_type next_alias_type prev_base_pre next_base_pre prev_base_offset next_base_offset prev_base_cutoff_abs next_base_cutoff_abs mapping_confidence used_alias_occurrence_mapping used_exact_vowel_fix used_nuclei_fallback used_alias_based_syllables words_vs_alias_score_margin jump_blocked_flag mapping_reason_code local_peak_db local_valley_db mel_window_energy_mean mel_window_silence_ratio
feature_infos=none none -1:0:1 -1:1:2:0:3 [0:23] [0:1] [0:1] none [0:8160] [944:6231.6400000000003] [149.34:298.31] [1186.5799999999999:6483.9500000000007] [37.149999999999999:173.78] [5.0800000000000001:88.269999999999996] [75.600000000000009:149.99000000000001] [32.159999999999997:220.00000000000003] [0.079933008526187496:0.66649048625792806] [980:6300] [1050:6880] [9.9999999999997726:3010] [1010:6300] [1040:6880] [29.999999999999091:3010] [520:6290] [1060:6880] [30:3010] none [0:1740] [1010:6300] [-142:28.840000000000146] [-22.489999999999782:202.62000000000037] [-4401.3299999999999:2756.0300000000002] [0:1] [0:1] [0:1] [-0.32412148433181709:1] [-0.31941502079215611:0.7589590709170877] [0:1] [0:402.81641723356097] [-37.588423285502643:0] [-93.956797914033842:0] [0:0.1666666666666666] [0:1] [0:1] [0:0.49390416784802949] [0:0.056859806183979497] -1:1:3:2:0 -1:1:2:0 [0:1] [0:1] none -1:8:1:13:7:2:14:3:17:9:6:10:11:16:0:15:12:5 -1:1:0:2 none [0:1] -1:1:2:0:3 none [0:194.41] [0:360] [0:6232.6700000000001] [0:6198] [0:6484.3199999999997] [0:6400.3699999999999] [0.78000520133827089:1] none [0:1] none none [-8.9279999999999973:873.322] none none [-37.588423285502643:0] [-93.956797914033842:0] [0:1] [0:0.1666666666666666]
tree_sizes=1445 1468 1557 1818 1499 1553 1640 1626 1554 1640 1677 1723 1819 1736 1736 1833 1724 1744 1589 1815

Tree=0
num_leaves=16
num_cat=1
split_feature=47 30 5 27 9 68 14 15 40 68 12 10 14 39 23
split_gain=167.565 90.4044 82.8457 25.7416 18.2188 18.1363 15.6836 15.1555 13.1993 12.1689 9.56001 4.12581 2.63972 1.6723 0.307514
threshold=0 11.655000000000088 0.083916083916083919 65.000000000000014 2925.6850000000004 102.5185 109.23 32.170000000000009 -27.544261488215302 23.700000000000006 88.215000000000018 205.39500000000001 128.88500000000005 -28.024705842173478 2955.0000000000005
decision_type=1 2 2 2 2 2 2 2 2 2 2 2 2 2 2
left_child=2 5 6 4 9 8 10 -4 11 -3 -1 -2 -13 -9 -15
right_child=1 3 7 -5 -6 -7 -8 13 -10 -11 -12 12 -14 14 -16
leaf_value=-20.985449647903444 -19.132299613952636 -21.739274644851683 -23.042099666595458 -23.136049556732178 -22.917474651336669 -20.795999622344972 -20.222799634933473 -23.604599666595458 -20.459749639034271 -20.329949637601384 -22.447399616241455 -19.64304962158203 -18.393274593353272 -24.266549777984618 -23.970199680328371
leaf_weight=43 115 40 55 67 40 71 49 40 79 50 48 65 46 133 40
leaf_count=43 115 40 55 67 40 71 49 40 79 50 48 65 46 133 40
internal_value=-21.3999 -21.3825 -21.4244 -21.4099 -21.3969 -21.3681 -21.3932 -21.4407 -21.3628 -21.3844 -21.4055 -21.3566 -21.3635 -21.4467 -21.4488
internal_weight=981 573 408 197 130 376 140 268 305 90 91 226 111 213 173
internal_count=981 573 408 197 130 376 140 268 305 90 91 226 111 213 173
cat_boundaries=0 1
cat_threshold=4
is_linear=0
shrinkage=1


Tree=1
num_leaves=16
num_cat=2
split_feature=47 30 2 15 45 72 42 42 14 62 12 13 12 9 10
split_gain=141.768 101.89 77.4399 31.047 28.3534 23.3375 15.0182 14.7852 14.144 11.181 9.55908 4.83064 2.91871 1.05514 0.0701493
threshold=0 12.049999999999956 1 35.244999999999983 0.0075940435064772013 -25.743691459324449 0.99480431848852902 0.9947037138924808 105.88500000000001 3304.8650000000002 77.010000000000019 19.185000000000002 92.690000000000012 1969.7850000000003 207.41000000000003
decision_type=1 2 1 2 2 2 2 2 2 2 2 2 2 2 2
left_child=2 4 11 9 -2 6 -3 12 -5 -4 -9 -1 -6 -13 -15
right_child=1 5 3 8 7 -7 -8 10 -10 -11 -12 13 -14 14 -16
leaf_value=-1.2815450334548952 0.090762493014335643 0.97730248212814341 0.65668997049331679 -1.7677050352096559 2.2018075060844424 -1.587916947603226 -1.2436474657058716 1.1530824792385101 -0.13981002330780026 0.90137248754501342 0.60203186035156264 -2.3030224943161008 3.086152572631836 -3.1755063581466674 -1.9512301254272459
leaf_weight=41 74 55 47 40 126 76 63 40 56 48 74 40 71 94 40
leaf_count=41 74 55 47 40 126 76 63 40 56 48 74 40 71 94 40
internal_value=-0.000253807 0.0156304 -0.0229064 0.00026178 0.0305195 -0.0139175 0 0.0371383 -0.0197917 0.0205263 0.022807 -0.0434884 0.0454315 -0.0471264 -0.0492537
internal_weight=985 579 406 191 385 194 118 311 96 95 114 215 197 174 134
internal_count=985 579 406 191 385 194 118 311 96 95 114 215 197 174 134
cat_boundaries=0 1 2
cat_threshold=4 1
is_linear=0
shrinkage=0.05


Tree=2
num_leaves=17
num_cat=2
split_feature=47 30 2 45 15 18 27 18 9 14 30 11 10 14 31 9
split_gain=153.724 81.0999 68.7885 54.5951 25.9775 17.7167 19.0349 13.9005 8.98592 8.11798 8.07117 3.99766 3.71327 4.46429 1.07541 0.286525
threshold=0 9.3750000000000018 1 0.018128176382996752 35.244999999999983 3515.0000000000005 50.000000000000121 3515.0000000000005 2055.1850000000004 105.88500000000001 12.414999999999965 2256.6000000000004 206.67000000000004 121.49500000000002 325.38000000000005 2951.5250000000005
decision_type=1 2 1 2 2 2 2 2 2 2 2 2 2 2 2 2
left_child=2 7 11 5 8 6 -3 12 -4 -6 -5 -1 14 -14 -2 -13
right_child=1 3 4 10 9 -7 -8 -9 -10 -11 -12 15 13 -15 -16 -17
leaf_value=-1.8679939835071566 2.0206671067476272 0.28909334528195901 0.62385547196865088 2.5717823669289359 -1.5859196865558625 -1.8641303300261498 -0.70320911970734601 0.82769485244620589 0.6957713505029679 -0.67373694014549257 0.64339049020284445 -2.5873473427295686 1.1590228705406189 3.1127403058409691 1.2336177177131178 -2.1588217488527301
leaf_weight=77 82 77 49 43 40 71 56 77 40 49 46 101 48 42 40 40
leaf_count=77 82 77 49 43 40 71 56 77 40 49 46 101 48 42 40 40
internal_value=-0.000715746 0.0156357 -0.0247475 -0.00290102 -0.00168539 -0.0171569 -0.00639098 0.0344291 0.0174157 -0.0207865 0.0297753 -0.043578 0.0410377 0.0333333 0.0467213 -0.0485816
internal_weight=978 582 396 293 178 204 133 289 89 89 89 218 212 90 122 141
internal_count=978 582 396 293 178 204 133 289 89 89 89 218 212 90 122 141
cat_boundaries=0 1 2
cat_threshold=4 1
is_linear=0
shrinkage=0.05


Tree=3
num_leaves=20
num_cat=1
split_feature=47 5 45 29 13 58 24 18 42 44 38 68 45 8 38 27 31 31 10
split_gain=152.318 75.1734 72.5438 25.6134 20.1733 19.744 20.9572 18.383 11.2597 13.6418 8.75758 8.34043 8.25104 12.0925 3.96676 3.62528 1.42361 0.278788 0.059596
threshold=0 0.045548654244306409 0.013979138980590852 -89.324999999999974 27.205000000000002 73.315000000000012 1635.0000000000002 3515.0000000000005 0.96747501935297198 0.04182024383328601 183.8761791383221 41.799999999999905 0.019000594789162852 5671.3605442176877 192.65840136054456 29.99999999999989 217.70000000000007 270.00500000000005 203.57000000000002
decision_type=1 2 2 2 2 2 2 2 2 2 2 2 2 2 2 2 2 2 2
left_child=1 5 3 -2 7 -1 -7 11 10 14 -4 -5 16 -14 -10 -6 -3 -12 -18
right_child=2 12 8 4 15 6 -8 -9 9 -11 17 -13 13 -15 -16 -17 18 -19 -20
leaf_value=1.4768427029669287 2.9232506540030871 -2.702227907550335 1.7570924752920867 0.012557608409225908 -0.87102394932806504 -1.5509026374459269 0.63258277906775473 -0.95088629806512037 0.99831970702616823 -0.073741142944991553 2.320979598924819 1.0252751886880462 -0.61194748333692572 -2.1013940585017208 1.0494799687519671 -1.3161499591566621 -2.6598796948313712 1.813242493174225 -1.8808930821061136
leaf_weight=45 40 67 44 47 43 43 48 47 44 41 92 47 45 55 47 42 59 40 40
leaf_count=45 40 67 44 47 43 43 48 47 44 41 92 47 45 55 47 42 59 40 40
internal_value=0.000717213 -0.0228856 0.0172474 -0.0018797 -0.00840708 0.00735294 -0.00604396 0.00319149 0.0337662 0.0227273 0.0420455 0.0159574 -0.0383459 -0.027 0.0335165 -0.0276471 -0.0451807 0.0484848 -0.0489899
internal_weight=976 402 574 266 226 136 91 141 308 132 176 94 266 100 91 85 166 132 99
internal_count=976 402 574 266 226 136 91 141 308 132 176 94 266 100 91 85 166 132 99
cat_boundaries=0 1
cat_threshold=4
is_linear=0
shrinkage=0.05


Tree=4
num_leaves=16
num_cat=1
split_feature=47 30 5 45 31 30 12 9 45 8 49 32 10 45 25
split_gain=156.579 80.5107 67.7356 19.413 15.5111 15.4848 13.5496 11.5591 9.45912 19.1207 6.13685 5.99107 5.79651 1.3316 0.574436
threshold=0 11.725000000000025 0.083916083916083919 0.017377192653009053 267.87999999999994 9.3750000000000018 89.995000000000019 2425.0550000000007 0.016567945293197103 5671.3605442176877 1.0000000180025095e-35 0.91246443252578691 211.60000000000005 0.023553283620246904 515.00000000000011
decision_type=1 2 2 2 2 2 2 2 2 2 2 2 2 2 2
left_child=2 3 6 5 7 11 -1 -3 14 -10 -6 -2 13 -5 -4
right_child=1 4 8 12 10 -7 -8 -9 9 -11 -12 -13 -14 -15 -16
leaf_value=0.81193819287329916 0.87335228945291488 0.72887545138659249 -2.5671165121728183 1.5170253074293294 -0.352599289106373 -0.11380143937148156 -0.89245750404775159 -1.2955114539107173 -0.51985820920288572 -2.1047060964328055 -1.3950243263857756 1.3103139671881952 1.1682503640522564 2.3299393672429498 -2.6070505621021987
leaf_weight=79 70 59 43 49 43 51 51 51 60 68 40 67 52 92 94
leaf_count=79 70 59 43 49 43 51 51 51 60 68 40 67 52 92 94
internal_value=5.15996e-05 0.0167247 -0.0241772 0.0300525 -0.00958549 0.018617 0.00538462 0.00272727 -0.0386792 -0.0289063 -0.0259036 0.0273723 0.0411917 0.0464539 -0.0478102
internal_weight=969 574 395 381 193 188 130 110 265 128 83 137 193 141 137
internal_count=969 574 395 381 193 188 130 110 265 128 83 137 193 141 137
cat_boundaries=0 1
cat_threshold=4
is_linear=0
shrinkage=0.05


Tree=5
num_leaves=17
num_cat=3
split_feature=47 30 2 51 14 38 40 40 49 10 30 13 38 9 39 12
split_gain=145.411 91.0333 69.3352 25.8901 20.4164 18.5277 17.1835 11.4064 9.30345 9.11759 9.02523 8.79085 6.50547 2.62199 2.18931 0.291892
threshold=0 11.725000000000025 1 2 109.04000000000001 190.99426303854878 -27.544261488215302 -42.476278616313031 1.0000000180025095e-35 207.62500000000003 7.464999999999919 19.185000000000002 158.08673469387784 2055.1850000000004 -27.641118801072011 80.060000000000016
decision_type=1 2 1 9 2 2 2 2 2 2 2 2 2 2 2 2
left_child=2 6 11 5 7 -3 9 -4 -8 13 -11 -1 -5 -2 -13 -16
right_child=1 3 4 12 -6 -7 8 -9 -10 10 -12 14 -14 -15 15 -17
leaf_value=-1.1284192682119312 2.068222021610465 -0.30475940943810509 0.22552500286228208 -1.6513051523672169 0.8760909396914095 0.85892312531011261 0.84446950162146495 -1.1039945732874574 -0.012962047579344294 3.1417976966742089 0.12341825444346007 -1.574246443662733 -1.2685675678675978 0.57261891446680868 -2.6403715383276047 -2.0163679599678517
leaf_weight=40 101 62 50 42 63 42 49 69 58 76 40 42 59 50 40 108
leaf_count=40 101 62 50 42 63 42 49 69 58 76 40 42 59 50 40 108
internal_value=-0.000353179 0.0158031 -0.0230583 -0.0109756 0 0.00701754 0.0304813 -0.0121849 0.0135514 0.0372659 0.0267241 -0.0413043 -0.0274775 0.0453642 -0.0457895 -0.0486486
internal_weight=991 579 412 205 182 104 374 119 107 267 116 230 101 151 190 148
internal_count=991 579 412 205 182 104 374 119 107 267 116 230 101 151 190 148
cat_boundaries=0 1 2 3
cat_threshold=4 1 463
is_linear=0
shrinkage=0.05


Tree=6
num_leaves=18
num_cat=2
split_feature=47 30 2 45 58 60 27 60 18 29 14 12 30 30 30 31 9
split_gain=122.901 81.2961 69.271 38.9931 17.021 27.2794 15.5813 17.1999 10.7199 10.2961 6.85714 6.59294 5.32245 3.62153 1.63705 0.61875 0.0655172
threshold=0 8.4200000000000745 1 0.018260808934382953 73.315000000000012 3410.1250000000005 50.000000000000121 2940.6400000000003 3505.0000000000005 -67.009999999999977 106.49500000000002 99.045000000000002 12.414999999999965 12.159999999999856 2.0950000000000277 320.69500000000011 2026.9950000000001
decision_type=1 2 1 2 2 2 2 2 2 2 2 2 2 2 2 2 2
left_child=2 8 9 6 -4 10 7 -3 11 14 -6 15 -5 -8 -1 -2 -16
right_child=1 3 4 12 5 -7 13 -9 -10 -11 -12 -13 -14 -15 16 -17 -18
leaf_value=-2.5843105035348022 1.8800675381369929 0.35527169196192582 1.07327992010532 2.2190291648975431 -1.3624939558927562 0.44015220151057621 -0.17441139896589386 -0.75378653605434154 0.51451568259311431 -0.50438422485211099 -0.86779380087616187 2.9053838383143451 0.5466900474630898 -2.046721293197963 -2.6613872626249591 1.0282483791007735 -2.2414177664804029
leaf_weight=52 88 74 41 43 42 51 40 56 73 55 42 70 44 55 40 40 76
leaf_count=52 88 74 41 43 42 51 40 56 73 55 42 70 44 55 40 40 76
internal_value=0.000203666 0.014837 -0.0211779 -0.0025641 0.00227273 -0.0062963 -0.0135556 -0.00230769 0.0348708 -0.0396861 -0.0238095 0.0409091 0.0258621 -0.0289474 -0.0458333 0.0476563 -0.0491379
internal_weight=982 583 399 312 176 135 225 130 271 223 84 198 87 95 168 128 116
internal_count=982 583 399 312 176 135 225 130 271 223 84 198 87 95 168 128 116
cat_boundaries=0 1 2
cat_threshold=4 1
is_linear=0
shrinkage=0.05


Tree=7
num_leaves=18
num_cat=2
split_feature=47 40 2 30 45 15 60 30 22 8 60 29 20 57 30 33 12
split_gain=121.549 59.8134 58.2714 27.8473 26.9311 24.203 21.482 14.4 11.9497 9.66119 9.64521 8.46918 7.87425 3.83637 2.20119 0.594915 0.257143
threshold=0 -26.569177260724334 1 8.4200000000000745 0.021341703705954652 35.244999999999983 2938.0750000000003 12.159999999999856 445.00000000000006 5671.3605442176877 3069.0450000000005 -67.009999999999977 1215.0000000000002 78.830000000000027 1.2649999999998729 0.64981237374668022 82.600000000000009
decision_type=1 2 1 2 2 2 2 2 2 2 2 2 2 2 2 2 2
left_child=2 3 11 9 8 10 -3 -8 -5 13 -4 14 -7 15 -1 -2 -16
right_child=1 6 5 4 -6 12 7 -9 -10 -11 -12 -13 -14 -15 16 -17 -18
leaf_value=-2.63874499514273 3.1334647997338658 0.36497925556114608 0.38075511058837047 0.31792394414101893 1.1938179040746626 -0.3736621687172676 -0.12084475189158167 -1.7027827648445837 -0.28206031992140312 0.41071144461941184 0.86151122123543156 -0.42931958946893689 -2.1526832381719774 1.193883578590329 -2.2409875691049197 1.4860807928505262 -1.9126490569485328
leaf_weight=48 78 61 49 71 73 49 45 45 57 67 42 57 40 46 40 40 72
leaf_count=48 78 61 49 71 73 49 45 45 57 67 42 57 40 46 40 40 72
internal_value=0.000306122 0.014837 -0.0210327 0.0243056 0.0106965 0 -0.0122517 -0.0277778 -0.003125 0.0361472 0.0181319 -0.0384793 -0.0185393 0.0426829 -0.044375 0.0474576 -0.0482143
internal_weight=980 583 397 432 201 180 151 90 128 231 91 217 89 164 160 118 112
internal_count=980 583 397 432 201 180 151 90 128 231 91 217 89 164 160 118 112
cat_boundaries=0 1 2
cat_threshold=4 1
is_linear=0
shrinkage=0.05


Tree=8
num_leaves=17
num_cat=2
split_feature=47 30 2 38 42 30 24 58 60 8 29 9 12 62 24 10
split_gain=127.366 71.3563 64.3538 22.8827 19.3823 17.0846 23.8847 16.4835 15.4159 11.6503 11.3504 8.29892 6.63642 5.31132 2.9184 0.273016
threshold=0 11.725000000000025 1 187.72136054421782 0.99497137310151584 7.3199999999999372 2555.0000000000005 73.315000000000012 3227.9400000000001 5671.3605442176877 -72.000000000000213 2436.7000000000003 79.555000000000021 3565.2750000000005 2605.0000000000005 212.44000000000003
decision_type=1 2 1 2 2 2 2 2 2 2 2 2 2 2 2 2
left_child=2 5 12 11 -5 9 -7 -4 -9 13 -8 -3 -1 15 -14 -2
right_child=1 3 7 4 -6 6 10 8 -10 -11 -12 -13 14 -15 -16 -17
leaf_value=-1.5761941634254448 1.6479369642230197 -0.78228179828120459 1.010922773354253 0.883494122852436 -0.55680959251384521 1.6757756977794376 -0.31521816984701256 -1.0425762066122761 0.21165541306152394 0.36703905766388112 0.37221672023301 -1.5053831670457065 -1.6396215005810282 1.3372412321456162 -1.7808583995377369 3.112003186996271
leaf_weight=79 86 62 42 43 48 64 42 76 64 76 43 45 46 40 100 40
leaf_count=79 86 62 42 43 48 64 42 76 64 76 43 45 46 40 100 40
internal_value=0.000502008 0.015365 -0.0210074 -0.00909091 0.00934066 0.0277494 0.0144295 0.0010989 -0.00714286 0.0359504 -0.00294118 -0.0247664 -0.0388889 0.0433735 -0.0452055 0.0484127
internal_weight=996 589 407 198 91 391 149 182 140 242 85 107 225 166 146 126
internal_count=996 589 407 198 91 391 149 182 140 242 85 107 225 166 146 126
cat_boundaries=0 1 2
cat_threshold=4 1
is_linear=0
shrinkage=0.05


Tree=9
num_leaves=18
num_cat=0
split_feature=15 45 15 45 29 12 8 15 8 29 68 14 27 29 60 11 16
split_gain=111.678 55.7255 42.6288 40.3444 40.1464 36.9296 21.1672 29.5513 19.1447 15.9193 11.8188 15.1299 12.2549 10.0762 8.61101 1.04348 0.633333
threshold=36.664999999999999 0.020166627140334906 32.664999999999999 0.019000594789162852 -91.74499999999999 78.795000000000016 5671.3605442176877 39.185000000000009 5530.7482993197291 -55.700000000000038 94.227000000000018 134.83000000000001 50.000000000000121 -91.74499999999999 2938.0750000000003 1759.6250000000002 0.2646226856918501
decision_type=2 2 2 2 2 2 2 2 2 2 2 2 2 2 2 2 2
left_child=2 4 3 -1 -2 9 15 -8 -5 14 11 12 -7 -4 -6 -3 -15
right_child=1 6 13 8 5 10 7 -9 -10 -11 -12 -13 -14 16 -16 -17 -18
leaf_value=-1.2231756296026366 2.4507570922816679 3.0127550291830243 -0.71801952246876133 1.2597880914024699 0.96574538634193707 -0.41441069448352108 -0.28656813993698355 0.42678608997603895 -0.19721375057948301 -0.27267747981880452 -0.5379831929531198 0.25652525527644787 -1.9116712239423799 -2.0001877740273737 0.24109154070276928 1.5344942999740838 -2.5705602275410442
leaf_weight=59 69 75 54 41 44 48 45 44 59 56 61 41 54 40 54 40 95
leaf_count=59 69 75 54 41 44 48 45 44 59 56 61 41 54 40 54 40 95
internal_value=-0.00168539 0.0108558 -0.0244253 -0.00534591 0.00058548 -0.00614525 0.0323529 0.0140449 0.014 0.0123377 -0.020098 -0.0122378 -0.022549 -0.0404762 0.0244898 0.0465217 -0.0477778
internal_weight=979 631 348 159 427 358 204 89 100 154 204 143 102 189 98 115 135
internal_count=979 631 348 159 427 358 204 89 100 154 204 143 102 189 98 115 135
is_linear=0
shrinkage=0.05


Tree=10
num_leaves=18
num_cat=1
split_feature=15 30 5 18 51 12 40 12 60 15 34 54 23 45 8 45 8
split_gain=119.313 78.0161 47.5018 43.8578 18.0637 17.5399 15.8478 14.1489 12.8458 11.5483 8.04785 6.13089 5.25622 3.44923 1.66532 0.250467 0.0669421
threshold=36.664999999999999 9.3750000000000018 0.083916083916083919 1995.0000000000002 0 89.995000000000019 -28.746998826263557 82.080000000000013 3075.5700000000002 32.170000000000009 0.99522309451644231 1.0000000180025095e-35 1105.0000000000002 0.025717562219167753 5530.7482993197291 0.017888009105308553 5530.7482993197291
decision_type=2 2 2 2 9 2 2 2 2 2 2 2 2 2 2 2 2
left_child=2 6 5 12 11 -1 10 -6 -8 -4 -2 -5 -3 16 15 -12 -11
right_child=1 3 9 4 7 -7 8 -9 -10 13 14 -13 -14 -15 -16 -17 -18
leaf_value=0.49342193561434711 0.9034161929538076 2.5825055497243263 -0.68098243461039876 -1.3205046167485701 0.24494883613719809 -0.79048859714351116 0.9603288250286367 -0.50753935255595517 -0.031778545775590493 -2.285471580080221 1.6179709899592774 -0.25932053400456534 0.39799570077114099 -0.93319860409228572 0.44208745785576498 2.7556466195416833 -2.2703035812345149
leaf_weight=60 44 40 53 65 76 55 49 64 43 81 40 49 46 48 45 67 40
leaf_count=60 44 40 53 65 76 55 49 64 43 81 40 49 46 48 45 67 40
internal_value=-0.000777202 0.0121019 -0.0247774 -0.00411765 -0.0145669 0.00130435 0.03125 -0.00133333 0.0141304 -0.0382883 0.0392857 -0.0282258 0.0267442 -0.0446746 0.0447368 0.0481308 -0.0491736
internal_weight=965 628 337 340 254 115 288 140 92 222 196 114 86 169 152 107 121
internal_count=965 628 337 340 254 115 288 140 92 222 196 114 86 169 152 107 121
cat_boundaries=0 1
cat_threshold=246824
is_linear=0
shrinkage=0.05


Tree=11
num_leaves=19
num_cat=2
split_feature=47 30 5 45 18 68 12 68 12 8 29 2 18 60 40 5 33 9
split_gain=106.743 59.9374 49.7184 38.1647 20.4179 14.6586 15.8124 12.2189 15.4425 9.626 7.88182 8.85898 7.87297 7.01872 4.57428 2.86283 0.8657 0.0587629
threshold=0 7.6599999999998554 0.045548654244306409 0.021341703705954652 3515.0000000000005 32.541000000000018 89.995000000000019 23.700000000000006 82.435000000000016 5671.3605442176877 -64.019999999999968 1 3215.0000000000005 2042.825 -29.594552276233561 0.31372549019607848 0.57919683312960657 2916.2500000000005
decision_type=1 2 2 2 2 2 2 2 2 2 2 1 2 2 2 2 2 2
left_child=2 9 5 4 7 -1 -7 -3 -9 12 11 14 16 -5 15 -4 -2 -16
right_child=1 3 10 13 -6 6 -8 8 -10 -11 -12 -13 -14 -15 17 -17 -18 -19
leaf_value=-1.146982898350374 2.4191611195730456 -0.66461638300329495 -1.6170703753151932 2.1366097155205148 -1.1616196003011983 1.0072089241695721 -0.35709426293036767 0.53120211146994922 -0.14814122714152839 0.26636019454884147 -0.32165096432049528 -0.75382199512930093 0.85116547831087463 0.57528707445964733 -2.1707333998549765 -0.7963726505517269 2.244776102804845 -1.9657858540672379
leaf_weight=42 70 54 40 43 76 43 42 57 65 66 44 41 52 42 57 42 45 40
leaf_count=42 70 54 40 43 76 43 42 57 65 66 44 41 52 42 57 42 45 40
internal_value=-0.000468262 0.0133333 -0.0205882 -0.000148368 -0.00992063 0.00511811 0.0170588 -0.000568182 0.00819672 0.0328326 -0.0329545 -0.0368182 0.0392216 0.0288235 -0.0416201 -0.0329268 0.0465217 -0.0489691
internal_weight=961 570 391 337 252 127 85 176 122 233 264 220 167 85 179 82 115 97
internal_count=961 570 391 337 252 127 85 176 122 233 264 220 167 85 179 82 115 97
cat_boundaries=0 1 2
cat_threshold=4 1
is_linear=0
shrinkage=0.05


Tree=12
num_leaves=20
num_cat=1
split_feature=47 30 5 45 9 14 36 18 36 10 29 68 9 14 5 31 60 5 9
split_gain=86.6502 62.1052 42.0726 30.9032 19.4056 17.3951 12.5214 20.7438 12.4426 10.2574 10.1031 9.30394 6.58745 6.54884 5.56965 3.62549 1.76816 0.233333 0.216092
threshold=0 7.6599999999998554 0.083916083916083919 0.021341703705954652 2936.0500000000006 109.04000000000001 0.0018245655841639002 2845.0000000000005 0.11584434915205366 207.62500000000003 -64.019999999999968 41.590500000000013 1900.2100000000003 123.75000000000001 0.41742081447963802 281.34500000000008 2857.0000000000005 0.41742081447963802 2333.5700000000006
decision_type=1 2 2 2 2 2 2 2 2 2 2 2 2 2 2 2 2 2 2
left_child=2 9 5 4 6 11 7 12 10 15 14 -1 -3 -11 16 17 -4 -2 -18
right_child=1 3 8 -5 -6 -7 -8 -9 -10 13 -12 -13 -14 -15 -16 -17 18 -19 -20
leaf_value=-1.0896337534328555 1.1496441688827657 -0.54308225756342099 -1.5013922326978617 1.3845449758985851 -1.2570642386388853 0.8035742199139414 0.1813432923970118 0.28666018578297436 -0.12856866891398297 0.3333837304784788 -0.26084372831295166 0.24660974661570451 -0.95058135711680836 2.1935083488468963 -1.2029611086038268 0.6710539059983579 -1.7682549833092951 0.75402134055198433 -1.9105852937551617
leaf_weight=42 56 40 40 69 68 47 52 50 40 55 44 44 47 43 50 40 47 40 40
leaf_count=42 56 40 40 69 68 47 52 50 40 55 44 44 47 43 50 40 47 40 40
internal_value=0.00146751 0.0141071 -0.0164975 0 -0.00797665 0.00639098 0.00026455 -0.00766423 -0.0281609 0.0337607 -0.0328054 -0.00697674 -0.0224138 0.0214286 -0.0381356 0.0426471 -0.0437008 0.0479167 -0.0477011
internal_weight=954 560 394 326 257 133 189 137 261 234 221 86 87 98 177 136 127 96 87
internal_count=954 560 394 326 257 133 189 137 261 234 221 86 87 98 177 136 127 96 87
cat_boundaries=0 1
cat_threshold=4
is_linear=0
shrinkage=0.05


Tree=13
num_leaves=19
num_cat=1
split_feature=15 30 45 51 68 15 12 68 31 15 30 8 9 30 14 38 19 9
split_gain=100.529 74.5899 47.465 29.3719 28.7515 24.9371 23.3204 19.4531 16.7645 7.82402 6.77581 6.07253 5.62066 6.32804 3.13576 2.19512 1.03363 0.278788
threshold=36.664999999999999 11.875000000000115 0.024336476792189556 0 88.54000000000002 32.170000000000009 78.795000000000016 22.590500000000002 709.81500000000017 32.664999999999999 16.925000000000072 5671.3605442176877 2925.6850000000004 10.070000000000052 116.33500000000002 177.03099773242641 265.00000000000006 1986.0450000000003
decision_type=2 2 2 9 2 2 2 2 2 2 2 2 2 2 2 2 2 2
left_child=2 4 9 7 8 -4 -6 -3 12 -1 -5 -7 13 14 -2 -12 -11 -16
right_child=1 3 5 10 6 11 -8 -9 -10 16 15 -13 -14 -15 17 -17 -18 -19
leaf_value=-0.83683185363054224 0.76827656237702757 -0.49868459537046417 0.57498668887737903 -1.0810299068942619 0.50995432997376533 -0.068538658006853131 -0.23600892642049784 0.64676275091378654 0.030872734903421774 -2.3835788996119187 -0.70704506145228341 -1.0305817885599893 0.34918286679139632 1.0616691889253922 2.4553571685622972 -0.19444068250696739 -1.9742485819179967 1.5698800085960105
leaf_weight=79 49 48 57 56 40 41 54 57 40 40 40 59 45 40 92 41 73 40
leaf_count=79 49 48 57 56 40 41 54 57 40 40 40 59 45 40 92 41 73 40
internal_value=0.00025227 0.0119938 -0.0213467 -0.00991736 0.02525 -0.000955414 0.00106383 0.01 0.0326797 -0.0380208 -0.0241497 -0.016 0.037218 0.0404977 0.0444751 -0.0166667 -0.0464602 0.0484848
internal_weight=991 642 349 242 400 157 94 105 306 192 137 100 266 221 181 81 113 132
internal_count=991 642 349 242 400 157 94 105 306 192 137 100 266 221 181 81 113 132
cat_boundaries=0 1
cat_threshold=461
is_linear=0
shrinkage=0.05


Tree=14
num_leaves=19
num_cat=2
split_feature=47 30 2 9 14 38 68 57 42 68 34 29 58 38 31 68 36 10
split_gain=90.8419 53.5382 38.7511 31.5545 16.8694 13.4583 12.9956 11.7707 11.7863 9.47108 8.84867 8.56522 6.2798 11.0324 5.75985 1.87201 0.828916 0.05
threshold=0 7.7250000000001373 1 1868.4350000000002 104.60000000000001 190.34741496598636 96.196500000000029 74.595000000000013 0.96912246868702989 41.590500000000013 0.97859713132349302 -67.009999999999977 82.435000000000016 197.32866213151922 -138.06499999999991 52.439999999999991 0.0030674937513534002 193.04500000000004
decision_type=1 2 1 2 2 2 2 2 2 2 2 2 2 2 2 2 2 2
left_child=2 10 11 5 -4 -3 7 -5 -9 -6 -2 14 16 -14 -1 -16 -12 -17
right_child=1 3 4 6 9 -7 -8 8 -10 -11 12 -13 13 -15 15 17 -18 -19
leaf_value=-1.1343151343556799 0.46976523111989749 -0.051588397239870167 -1.1215665802040604 -0.48168168752039692 -0.39602790450725633 1.6292686231936029 -0.89299794735633731 0.43722553716103346 -0.33168537652376173 0.89806192554869324 2.3409825394305552 -0.25299078929965563 0.42512276859130504 0.36981257064709033 -0.99054581511190731 -1.9891242888469216 2.1490567968273782 -1.8406327197166537
leaf_weight=45 66 47 45 65 60 72 51 57 49 68 43 52 54 49 42 40 40 40
leaf_count=45 66 47 45 65 60 72 51 57 49 68 43 52 54 49 42 40 40 40
internal_value=-0.000456853 0.0118887 -0.0191327 -0.00102639 -0.00144509 0.0197479 -0.0121622 -0.00555556 0.00471698 0.0078125 0.0293651 -0.033105 0.0349462 0.026699 -0.0386228 -0.0442623 0.0451807 -0.04875
internal_weight=985 593 392 341 173 119 222 171 106 128 252 219 186 103 167 122 83 80
internal_count=985 593 392 341 173 119 222 171 106 128 252 219 186 103 167 122 83 80
cat_boundaries=0 1 2
cat_threshold=4 1
is_linear=0
shrinkage=0.05


Tree=15
num_leaves=20
num_cat=1
split_feature=15 30 45 15 18 51 8 18 58 31 59 44 31 14 19 68 10 18 9
split_gain=91.0945 65.9523 40.9182 34.0319 32.3668 22.2914 20.8288 14.225 9.96926 9.74194 8.50752 8.26353 6.3581 5.17733 4.65069 3.12291 2.06104 1.53664 0.209524
threshold=36.664999999999999 9.3750000000000018 0.018691088093297854 32.664999999999999 1995.0000000000002 0 5530.7482993197291 3235.0000000000005 78.875000000000014 -144.35999999999987 1541.0000000000002 0.057130705982421308 291.61500000000007 132.01500000000001 550.00000000000045 70.495999999999995 202.50500000000002 2095.0000000000005 2431.7850000000003
decision_type=2 2 2 2 2 9 2 2 2 2 2 2 2 2 2 2 2 2 2
left_child=2 7 15 6 8 10 -4 12 -3 -9 -6 -5 17 14 16 -1 -7 -2 -17
right_child=1 4 3 11 5 13 -8 9 -10 -11 -12 -13 -14 -15 -16 18 -18 -19 -20
leaf_value=-0.96848558329843848 2.3467237028565653 2.1110093966661343 1.2759090712420242 -1.0849516899481273 -0.16281713886589838 -0.87574486580576494 -0.1759687489191471 0.49233339683182786 0.10818115966238447 -0.090619937706509834 0.22244903914655884 -0.46800974640704318 0.34317861102010316 -0.077510034440730999 -0.49965240482439982 -1.916140790310275 -1.5434207263602984 0.79667747703903236 -2.1602140010947148
leaf_weight=57 78 46 40 71 44 40 59 44 40 47 57 40 65 41 40 44 44 51 40
leaf_count=57 78 46 40 71 44 40 59 44 40 47 57 40 65 41 40 44 44 51 40
internal_value=-0.000202429 0.0110675 -0.0206553 -0.00666667 -0.00340909 -0.0120301 0.0146465 0.0289474 0.0232558 0.0126374 0.00675676 -0.0256757 0.0365979 -0.0225714 -0.0290323 -0.0414894 -0.0357143 0.0430233 -0.047619
internal_weight=988 637 351 210 352 266 99 285 86 91 101 111 194 165 124 141 84 129 84
internal_count=988 637 351 210 352 266 99 285 86 91 101 111 194 165 124 141 84 129 84
cat_boundaries=0 1
cat_threshold=12551
is_linear=0
shrinkage=0.05


Tree=16
num_leaves=19
num_cat=0
split_feature=15 30 58 9 10 16 21 31 15 15 42 27 30 12 13 38 23 32
split_gain=85.4322 65.2008 35.1086 33.3118 29.1624 27.3742 16.3117 15.0224 13.6928 10.2772 17.3062 7.56 5.85365 5.76732 4.18213 2.84026 2.62959 0.227957
threshold=36.664999999999999 9.3750000000000018 73.315000000000012 1068.0300000000002 188.78500000000005 0.40673673223637946 3515.0000000000005 -150.74000000000009 32.170000000000009 39.589999999999996 0.99871164170260662 35.000000000000007 -0.6549999999999726 82.435000000000016 21.265000000000004 137.39939909297053 1935.0000000000002 0.88889971105930465
decision_type=2 2 2 2 2 2 2 2 2 2 2 2 2 2 2 2 2 2
left_child=2 6 -1 -3 -5 8 11 -8 -4 13 -11 16 -10 15 -14 -6 17 -2
right_child=1 3 5 4 9 -7 7 -9 12 10 -12 -13 14 -15 -16 -17 -18 -19
leaf_value=0.80562996079724791 1.9897123343883181 2.204822439342244 -0.34945768793145016 0.38973347428298077 -0.93573487643739028 0.26069810053860254 0.48304049066405491 -0.12718450113590293 -0.93881281181616816 0.52860083712059702 -0.30138563792874096 0.49502730924815347 -1.5587122550167938 -1.5710594369778961 -1.8581779162755092 -0.15498805741157412 0.66850583491914739 2.2407848440764684
leaf_weight=42 40 46 66 59 40 49 41 46 44 41 73 60 50 48 91 44 57 53
leaf_count=42 40 46 66 59 40 49 41 46 44 41 73 60 50 48 91 44 57 53
internal_value=0.00121212 0.0118827 -0.0190058 -0.00270655 -0.00868852 -0.025 0.0291246 0.0109195 -0.0316733 -0.0162602 -0.00526316 0.0366667 -0.0386486 -0.0257576 -0.043617 -0.0178571 0.0426667 0.0478495
internal_weight=990 648 342 351 305 300 297 87 251 246 114 210 185 132 141 84 150 93
internal_count=990 648 342 351 305 300 297 87 251 246 114 210 185 132 141 84 150 93
is_linear=0
shrinkage=0.05


Tree=17
num_leaves=19
num_cat=1
split_feature=15 30 15 18 45 51 40 60 62 40 58 34 68 13 60 42 19 39
split_gain=80.3988 56.8665 42.5981 39.5774 26.9486 20.2577 14.1223 13.4192 11.8021 10.7745 10.6761 10.125 7.05246 4.8578 7.28483 3.48759 1.02342 0.978641
threshold=36.664999999999999 7.7250000000001373 32.664999999999999 1995.0000000000002 0.016567945293197103 0 -35.592273434406316 2869.0600000000004 2791.5600000000004 -27.352596109646328 78.430000000000021 0.99522309451644231 22.590500000000002 21.800000000000001 3117.6600000000003 0.98409619267451653 265.00000000000006 -25.606381496308352
decision_type=2 2 2 2 2 9 2 2 2 2 2 2 2 2 2 2 2 2
left_child=2 9 4 10 -1 7 -4 -5 -6 11 -3 -2 -7 -14 -15 17 -8 -13
right_child=1 3 6 5 8 12 16 -9 -10 -11 -12 15 13 14 -16 -17 -18 -19
leaf_value=-0.81098196157143088 0.39070537024606083 1.936046247311336 -0.59695859776112137 -0.22200427975602804 -0.10022674566559911 -1.3493659807266063 -2.0333789840403562 0.25186652344975402 0.61379425301932999 0.29423999969123643 0.22784920290149541 1.9856216012876962 0.0019327400494483895 -0.64922934457933901 -0.31166949311320719 1.1582645749763223 -1.5869817281564271 0.32325776346712265
leaf_weight=53 40 49 76 45 56 42 40 61 53 42 42 63 40 47 58 57 71 40
leaf_count=53 40 49 76 45 56 42 40 61 53 42 42 63 40 47 58 57 71 40
internal_value=0.000461538 0.0111821 -0.0187679 -0.00078125 0 -0.00972696 -0.0350267 0.00775862 0.0142202 0.0301653 0.028022 0.035 -0.0190355 -0.0148276 -0.0204762 0.040625 -0.0463964 0.0461165
internal_weight=975 626 349 384 162 293 187 106 109 242 91 200 187 145 105 160 111 103
internal_count=975 626 349 384 162 293 187 106 109 242 91 200 187 145 105 160 111 103
cat_boundaries=0 1
cat_threshold=8645
is_linear=0
shrinkage=0.05


Tree=18
num_leaves=17
num_cat=1
split_feature=15 45 45 51 15 8 30 4 14 8 40 12 31 13 9 63
split_gain=72.2093 48.2787 40.9394 28.4522 26.4856 23.5967 22.8452 17.2099 16.28 15.6884 14.0228 12.7189 8.64748 5.89242 5.0616 2.08421
threshold=37.580000000000005 0.017465955009824254 0.018128176382996752 0 33.160000000000018 5530.7482993197291 7.1050000000000191 2.5000000000000004 134.83000000000001 5530.7482993197291 -26.524639029545408 80.795000000000002 -46.754999999999988 21.265000000000004 1963.0700000000004 0.85182769719560258
decision_type=2 2 2 9 2 2 2 2 2 2 2 2 2 2 2 2
left_child=2 3 13 10 9 14 -5 -7 11 -4 -2 -8 -6 -1 -3 -15
right_child=1 5 4 6 12 7 8 -9 -10 -11 -12 -13 -14 15 -16 -17
leaf_value=-0.63939729668093548 -0.057804482984140031 2.1255125869992448 1.1668604663991575 0.98567406063063412 -0.28157172133388964 -0.034576401703149531 0.11446598230109598 0.22207672689999708 0.89951913657966431 0.036158052588748206 -1.224672213462882 -1.4010506600081296 -1.3328576402965586 -1.3272354753272126 0.74311183417570559 -1.6872419875923974
leaf_weight=61 68 88 43 63 70 72 65 41 46 70 45 63 55 40 43 55
leaf_count=61 68 88 43 63 70 72 65 41 46 70 45 63 55 40 43 55
internal_value=0.000607287 0.0116162 -0.0159898 -0.000285714 -0.00294118 0.0286885 0.00951417 0.0119469 0.000574713 0.0146018 -0.0199187 -0.00859375 -0.0188 -0.0358974 0.0431298 -0.0436842
internal_weight=988 594 394 350 238 244 237 113 174 113 113 128 125 156 131 95
internal_count=988 594 394 350 238 244 237 113 174 113 113 128 125 156 131 95
cat_boundaries=0 1
cat_threshold=103968
is_linear=0
shrinkage=0.05


Tree=19
num_leaves=20
num_cat=1
split_feature=47 30 5 58 9 68 12 45 29 38 16 13 68 43 42 12 9 31 39
split_gain=68.7782 46.4334 33.9724 21.1149 19.041 17.6903 17.1875 16.6896 13.534 11.9529 9.41916 19.0565 6.55556 8.06349 5.82555 4.1502 4.05 4.00748 3.97647
threshold=0 11.785000000000084 0.045548654244306409 78.890000000000015 2935.6500000000005 32.541000000000018 89.995000000000019 0.021341703705954652 -67.009999999999977 190.99426303854878 0.38529811881449744 22.245000000000001 60.562500000000121 0.87523042596519407 0.87664893952379086 76.345000000000013 2333.5700000000006 -46.754999999999988 -27.300225197085343
decision_type=1 2 2 2 2 2 2 2 2 2 2 2 2 2 2 2 2 2 2
left_child=2 3 5 14 9 -1 -7 10 12 15 11 16 13 -4 -2 -3 -5 -14 -16
right_child=1 4 8 7 -6 6 -8 -9 -10 -11 -12 -13 17 -15 18 -17 -18 -19 -20
leaf_value=-0.98587845001048358 1.8208323237510591 0.038440420008078839 -0.31947387592573551 0.06174408986007851 -1.0922396059878299 1.0427643926775769 -0.3521512541760341 0.26432854819165141 -0.27850907507602457 0.48345285791144932 0.57532490191182173 -0.2699204764119344 -1.2122790679497477 -0.8413043977340614 1.7387469390158583 -0.99104443675518772 0.66493153009618722 -1.4412708679822452 0.36986590795605634
leaf_weight=41 61 42 40 40 57 44 43 54 70 54 40 63 40 49 45 46 40 67 40
leaf_count=41 61 42 40 40 57 44 43 54 70 54 40 63 40 49 45 46 40 67 40
internal_value=-0.00112705 0.00979381 -0.0172589 0.0199739 -0.00979899 0.00390625 0.0166667 0.0107595 -0.0274436 0 0.00355191 -0.00244755 -0.0341837 -0.0241573 0.0349315 -0.0113636 0.01375 -0.0425234 0.0264706
internal_weight=976 582 394 383 199 128 87 237 266 142 183 143 196 89 146 88 80 107 85
internal_count=976 582 394 383 199 128 87 237 266 142 183 143 196 89 146 88 80 107 85
cat_boundaries=0 1
cat_threshold=4
is_linear=0
shrinkage=0.05


end of trees

feature_importances:
base_pre_to_expected_ms=30
base_cut_gap=21
spectral_flux_mean=21
base_offset=20
base_pre=18
words_vs_alias_score_margin=16
base_cons_gap=14
wav_duration_ms=13
base_cutoff_to_next_anchor_ms=13
voicing_class=13
curr_phone_end_ms=12
base_cons=11
base_offset_to_expected_ms=11
next_base_offset=11
row_ratio_in_wav=10
valley_dist_from_cutoff_ms=10
db_min=9
alias_type=8
f0_voicing_mean=8
next_base_pre=8
base_ovl=7
next_phone_gap_ms=6
vowel_class=6
db_mean=4
base_ovl_ratio=3
curr_phone_len_ms=3
syllable_start_ms=3
syllable_end_ms=3
energy_max=3
energy_slope_post=3
next_base_cutoff_abs=3
base_cutoff_abs=2
energy_mean=2
energy_min=2
zcr_mean=2
is_diphthong=2
prev_base_pre=2
row_index_in_wav=1
curr_vowel_start_ms=1
curr_vowel_end_ms=1
curr_vowel_len_ms=1
syllable_len_ms=1
f0_voicing_near_pre=1
is_nasal_or_sonorant=1
prev_base_offset=1
mapping_confidence=1
local_valley_db=1

parameters:
[boosting: gbdt]
[objective: regression_l1]
[metric: l1]
[tree_learner: serial]
[device_type: cpu]
[data_sample_strategy: bagging]
[data: ]
[valid: ]
[num_iterations: 500]
[learning_rate: 0.05]
[num_leaves: 31]
[num_threads: 0]
[seed: 0]
[deterministic: 0]
[force_col_wise: 0]
[force_row_wise: 0]
[histogram_pool_size: -1]
[max_depth: -1]
[min_data_in_leaf: 40]
[min_sum_hessian_in_leaf: 0.001]
[bagging_fraction: 0.85]
[pos_bagging_fraction: 1]
[neg_bagging_fraction: 1]
[bagging_freq: 1]
[bagging_seed: 3]
[bagging_by_query: 0]
[feature_fraction: 0.85]
[feature_fraction_bynode: 1]
[feature_fraction_seed: 2]
[extra_trees: 0]
[extra_seed: 6]
[early_stopping_round: 0]
[early_stopping_min_delta: 0]
[first_metric_only: 0]
[max_delta_step: 0]
[lambda_l1: 0]
[lambda_l2: 0]
[linear_lambda: 0]
[min_gain_to_split: 0]
[drop_rate: 0.1]
[max_drop: 50]
[skip_drop: 0.5]
[xgboost_dart_mode: 0]
[uniform_drop: 0]
[drop_seed: 4]
[top_rate: 0.2]
[other_rate: 0.1]
[min_data_per_group: 100]
[max_cat_threshold: 32]
[cat_l2: 10]
[cat_smooth: 10]
[max_cat_to_onehot: 4]
[top_k: 20]
[monotone_constraints: ]
[monotone_constraints_method: basic]
[monotone_penalty: 0]
[feature_contri: ]
[forcedsplits_filename: ]
[refit_decay_rate: 0.9]
[cegb_tradeoff: 1]
[cegb_penalty_split: 0]
[cegb_penalty_feature_lazy: ]
[cegb_penalty_feature_coupled: ]
[path_smooth: 0]
[interaction_constraints: ]
[verbosity: -1]
[saved_feature_importance_type: 0]
[use_quantized_grad: 0]
[num_grad_quant_bins: 4]
[quant_train_renew_leaf: 0]
[stochastic_rounding: 1]
[linear_tree: 0]
[max_bin: 255]
[max_bin_by_feature: ]
[min_data_in_bin: 3]
[bin_construct_sample_cnt: 200000]
[data_random_seed: 1]
[is_enable_sparse: 1]
[enable_bundle: 1]
[use_missing: 1]
[zero_as_missing: 0]
[feature_pre_filter: 1]
[pre_partition: 0]
[two_round: 0]
[header: 0]
[label_column: ]
[weight_column: ]
[group_column: ]
[ignore_column: ]
[categorical_feature: 0,1,2,3,46,47,50,51,52,53,55,56,70]
[forcedbins_filename: ]
[precise_float_parser: 0]
[parser_config_file: ]
[objective_seed: 5]
[num_class: 1]
[is_unbalance: 0]
[scale_pos_weight: 1]
[sigmoid: 1]
[boost_from_average: 1]
[reg_sqrt: 0]
[alpha: 0.9]
[fair_c: 1]
[poisson_max_delta_step: 0.7]
[tweedie_variance_power: 1.5]
[lambdarank_truncation_level: 30]
[lambdarank_norm: 1]
[label_gain: ]
[lambdarank_position_bias_regularization: 0]
[eval_at: ]
[multi_error_top_k: 1]
[auc_mu_weights: ]
[num_machines: 1]
[local_listen_port: 12400]
[time_out: 120]
[machine_list_filename: ]
[machines: ]
[gpu_platform_id: -1]
[gpu_device_id: -1]
[gpu_use_dp: 0]
[num_gpu: 1]

end of parameters

pandas_categorical:[["korean"], ["cvvc"], ["cv", "cv_head"], ["cv", "cv_glide", "cv_head", "cv_head_glide"], ["other", "plosive", "sibilant", "sonorant"], ["unknown", "voiced", "voiceless"], ["none"], ["", "a", "e", "eo", "eu", "eui", "i", "o", "u", "wa", "we", "weo", "wi", "ya", "ye", "yeo", "yo", "yu"], ["head", "mid", "tail"], [""], ["", "cv", "cv_head", "vc"], [""], ["unknown"]]
