tree
version=v4
num_class=1
num_tree_per_iteration=1
label_index=0
max_feature_idx=49
objective=regression
feature_names=language format_type alias_type alias_group candidate_mode candidate_index mapping_confidence jump_blocked_flag used_alias_based_syllables used_nuclei_fallback words_vs_alias_score_margin wav_duration_ms expected_anchor_ms base_offset_to_expected_ms base_pre_to_expected_ms base_cutoff_to_next_anchor_ms prev_phone_gap_ms next_phone_gap_ms energy_mean db_silence_ratio local_peak_db local_valley_db mel_window_energy_mean mel_window_silence_ratio coda_type vowel_class bridge_type mora_position onset_class voicing_class mapping_reason_code prev_alias_type next_alias_type cand_offset cand_cons cand_cutoff_abs cand_pre cand_ovl cand_pre_abs cand_cons_gap cand_cut_gap cand_ovl_ratio cand_offset_to_expected_ms cand_pre_to_expected_ms cand_cutoff_to_next_anchor_ms cand_delta_from_base_total cand_delta_from_base_anchor cand_overlap_margin cand_pre_cons_margin cand_leak_risk
feature_infos=none none -1:0:1 -1:6:7:0:2:5:3:4:1 -1:0:1:2:3:5:6:4 [0:6] [0.7206832022155194:1] none none none [-5.1789999999999967:1237.3219999999999] [4246.3492063492067:5999.4557823129253] [450:4220] [-249.77000000000001:42.389999999999873] [-39.619999999999891:132.42999999999995] [-268.87999999999988:2421.3200000000002] [0:950] [0:790] [0.25179461287641908:1] [0:0.79166666666666663] [-46.299845742470993:-10.204134432371305] [-84.816403556884978:-11.497459615419997] [0.25179461287641908:1] [0:0.79166666666666663] none -1:3:6:2:1:5:0:4 none -1:1:0:2 -1:2:3:1:0 -1:1:2:0 none -1:3:0:1:2 none [438.20999999999998:4175.8400000000001] [43.3172:398.60000000000002] [533:4499.8800000000001] [25.109999999999999:245.60650000000007] [9.7799999999999994:219.58000000000001] [488.29000000000002:4224.6300000000001] [9.9999999999999911:175.77600000000001] [438.63:4289.3100000000004] [0.2208672086720867:0.9560763919391394] [-249.77000000000001:42.389999999999873] [-42.37039999999979:132.42999999999995] [-204.67000000000007:2421.3200000000002] [0:91.3419999999998] [0:19.375999999999976] [10:44.990000000000002] [9.9999999999999911:175.77600000000001] [0:204.67000000000007]
tree_sizes=2798 2784 2751 2763 2755 2746 2749 2750 2754 2770 2744 2777 2727 2739 2752 2731

Tree=0
num_leaves=31
num_cat=2
split_feature=15 3 39 33 6 36 3 12 6 11 43 37 15 39 38 10 37 6 49 37 20 10 20 36 21 21 35 18 15 12
split_gain=2.72344e+07 1.12074e+07 7.90263e+06 5.26125e+06 3.79802e+06 3.52052e+06 3.98673e+06 3.03915e+06 2.61859e+06 2.24379e+06 1.90286e+06 2.11863e+06 1.72389e+06 1.72317e+06 1.43344e+06 1.40752e+06 1.34849e+06 1.18636e+06 1.13449e+06 1.01797e+06 1.00177e+06 973263 917607 823083 816576 628370 536013 392783 388963 384099
threshold=-149.31999999999991 0 82.106750000000048 726.56000000000006 0.9997169620217855 144.10705000000004 1 2155.0000000000005 0.99419918699068865 5868.7981859410438 3.3701000000000367 35.145000000000003 57.02999999999998 97.961500000000015 1322.2164 80.573000000000022 53.160000000000004 0.8590512920656912 116.86000000000003 22.775000000000002 -17.744940927210525 100.80550000000001 -15.357397012803927 93.961200000000005 -33.444850881205809 -26.705174470998113 2143.9350000000004 0.83229688659624257 233.15000000000001 1500.0000000000002
decision_type=2 1 2 2 2 2 1 2 2 2 2 2 2 2 2 2 2 2 2 2 2 2 2 2 2 2 2 2 2 2
left_child=3 8 7 -1 14 6 9 26 10 -5 -2 -12 -6 19 -4 -11 -13 -8 -16 -10 29 28 25 -9 -17 -15 -3 -24 -14 -20
right_child=1 2 4 5 12 -7 17 23 13 15 11 16 21 22 18 24 -18 -19 20 -21 -22 -23 27 -25 -26 -27 -28 -29 -30 -31
leaf_value=-254.82703871714807 -253.30985440976161 -257.37808139548974 -256.07565282390919 -244.44902218956855 -253.22840250278327 -261.56320995804572 -247.19349250259131 -262.61993033602624 -256.57801637417811 -248.58153352740641 -270.6311407701844 -257.94374466090517 -243.38718063229018 -254.92891491249512 -245.89889128171819 -253.77799963323159 -266.90841180083947 -245.01146968826959 -250.52874943796678 -264.92353106425156 -248.77726337051618 -250.15641254011672 -246.98604321248075 -272.04625407759232 -249.90458237868782 -261.70325014796714 -251.83402592859852 -253.78429208541723 -248.41495773802745 -254.90342828537723
leaf_weight=249 42 167 206 201 86 43 1121 55 63 649 98 107 265 126 86 300 69 1402 65 87 143 85 42 40 249 47 59 43 45 220
leaf_count=249 42 167 206 201 86 43 1121 55 63 649 98 107 265 126 86 300 69 1402 65 87 143 85 42 40 249 47 59 43 45 220
internal_value=-250.147 -254.594 -252.103 -247.777 -250.253 -247.334 -247.178 -259.085 -259.671 -249.343 -263.22 -264.739 -246.813 -257.157 -252.552 -250.158 -261.458 -245.997 -251.139 -261.418 -252.192 -245.417 -254.679 -266.589 -252.021 -256.769 -255.931 -250.425 -244.117 -253.906
internal_weight=6460 2246 1522 4214 1201 3965 3922 321 724 1399 316 274 481 408 720 1198 176 2523 514 150 428 395 258 95 549 173 226 85 310 285
internal_count=6460 2246 1522 4214 1201 3965 3922 321 724 1399 316 274 481 408 720 1198 176 2523 514 150 428 395 258 95 549 173 226 85 310 285
cat_boundaries=0 1 2
cat_threshold=20 66
is_linear=0
shrinkage=1


Tree=1
num_leaves=31
num_cat=2
split_feature=3 39 14 34 10 33 6 15 36 41 34 10 14 14 22 37 34 21 15 12 37 33 27 33 12 10 34 16 14 21
split_gain=2.55424e+07 1.41235e+07 6.78665e+06 5.17588e+06 2.94545e+06 2.41627e+06 2.39076e+06 2.14731e+06 2.08141e+06 1.92751e+06 1.90637e+06 1.64523e+06 1.47157e+06 1.20756e+06 1.17382e+06 993471 966779 921916 899000 812268 1.07674e+06 674685 643100 1.00939e+06 592791 491533 457041 433424 420708 401673
threshold=0 105.74285000000005 -1.085000000000093 259.99000000000007 89.253000000000029 1037.4900000000002 0.99419918699068865 -60.780000000000079 144.10705000000004 0.7014899230855679 153.80500000000004 -1.1404999999999972 -7.5549999999998354 58.230000000000025 0.54312507683355471 19.365000000000006 179.07500000000002 -31.440415073758668 -200.68500000000014 585.00000000000011 51.030000000000008 1605.2450000000001 1 1084.6700000000003 2155.0000000000005 31.937000000000001 220.21500000000003 1.0000000180025095e-35 -1.7799999999999725 -28.752435543494794
decision_type=1 2 2 2 2 2 2 2 2 2 2 2 2 2 2 2 2 2 2 2 2 2 1 2 2 2 2 2 2 2
left_child=2 3 5 7 12 29 11 14 9 17 15 -4 18 19 25 -8 -12 26 -3 -13 -21 -19 -14 -24 -9 -2 -6 -16 -11 -1
right_child=1 4 6 -5 8 -7 10 24 -10 28 16 13 22 -15 27 -17 -18 21 -20 20 -22 -23 23 -25 -26 -27 -28 -29 -30 -31
leaf_value=-3.4856736705993039 -5.177911263944857 1.6035947469018161 -18.889096660345373 -20.189517309310588 0.0019329254105687141 3.2294143523889431 -5.5920306707683363 -5.728739133885032 -10.252995756195814 1.9671418196264843 -1.9803179415347785 -13.793265713436504 5.1450530236576633 -17.712239323830119 -0.83212607314823372 -13.819222426183016 -8.5931735364696653 -3.9014523506164553 4.1957359711822999 -4.9955926400643813 -12.710895650527057 2.6157330988911149 -5.1729173183441164 4.617877880938642 -11.393948489329855 0.061734439645494736 -4.0690492889365641 3.0727832131636772 4.4204197900341109 -8.4643531724518422
leaf_weight=197 223 928 71 47 100 170 57 190 41 533 184 71 1266 49 282 103 79 50 523 135 68 193 40 77 61 56 222 95 260 51
leaf_count=197 223 928 71 47 100 170 57 190 41 533 184 71 1266 49 282 103 79 50 523 135 68 193 40 77 61 56 222 95 260 51
internal_value=-0.0590664 1.4821 -6.49142 -4.01086 2.72357 -1.3621 -9.19518 -3.1725 0.846355 1.18146 -6.58479 -11.9977 3.65025 -10.4829 -1.66763 -10.8883 -3.96669 -1.05022 2.53791 -9.19003 -7.58003 1.27475 4.81728 1.2706 -7.10554 -4.12623 -2.80477 0.15187 2.7715 -4.50952
internal_weight=6422 5187 1235 954 4233 418 817 907 1399 1358 423 394 2834 323 656 160 263 565 1451 274 203 243 1383 117 251 279 322 377 793 248
internal_count=6422 5187 1235 954 4233 418 817 907 1399 1358 423 394 2834 323 656 160 263 565 1451 274 203 243 1383 117 251 279 322 377 793 248
cat_boundaries=0 1 2
cat_threshold=22 2
is_linear=0
shrinkage=0.05


Tree=2
num_leaves=31
num_cat=3
split_feature=15 2 15 33 34 36 18 14 15 15 37 10 34 21 20 20 28 37 20 10 12 34 21 18 27 10 14 19 14 18
split_gain=2.15669e+07 8.69594e+06 8.85297e+06 4.25609e+06 3.84228e+06 3.02656e+06 2.28676e+06 2.2738e+06 2.08649e+06 1.88769e+06 1.63432e+06 2.20131e+06 1.29508e+06 1.286e+06 958990 880934 833810 774500 727413 725884 680432 616857 573027 488985 443468 422574 388230 375055 351439 336368
threshold=-147.47499999999988 0 57.02999999999998 726.56000000000006 259.99000000000007 144.10705000000004 0.57239611726260275 -7.5549999999998354 -201.13999999999996 -60.780000000000079 51.395000000000003 -1.1404999999999972 173.53500000000003 -20.964509516645791 -17.983451046807957 -17.744940927210525 1 16.535000000000004 -15.357397012803927 97.088000000000008 3625.0000000000005 162.30500000000004 -46.521386659793968 0.74831624971760635 2 31.937000000000001 -2.1549999999998586 0.033573806881243007 38.955000000000048 0.89410629548799625
decision_type=2 1 2 2 2 2 2 2 2 2 2 2 2 2 2 2 1 2 2 2 2 2 2 2 1 2 2 2 2 2
left_child=3 2 4 29 9 7 22 8 14 15 11 13 18 -8 16 17 20 -2 -13 -4 27 -20 -3 -11 26 -19 -9 -5 -14 -1
right_child=1 6 19 5 -6 -7 10 24 -10 23 -12 12 28 -15 -16 -17 -18 25 21 -21 -22 -23 -24 -25 -26 -27 -28 -29 -30 -31
leaf_value=-3.4005307027095344 2.6054342552467631 -10.675823419508728 5.8921186854919565 -0.3205046380241639 -19.015242227693886 -10.983326912798534 -16.002667700726054 3.8600353797276821 3.8900662647505246 -4.9090500108657347 -13.02130484779676 -3.9525463239573266 -5.9493622559767507 -7.4617998482751062 2.1484780951533544 1.0307188023987053 1.3135768107503005 -4.6963144780145454 -3.4970141288638121 0.87995357107608874 -6.0625761936645253 4.492639197677863 -18.148586062727304 -9.0759820854941093 4.4493086207609531 -1.2020039274286825 -2.765135156236044 -4.5056088439879884 -10.682319511801509 -8.1174171610081451
leaf_weight=193 54 46 312 392 41 41 69 48 779 155 96 184 117 122 721 182 450 317 40 94 74 61 58 129 1382 119 41 62 59 47
leaf_count=193 54 46 312 392 41 41 69 48 779 155 96 184 117 122 721 182 450 317 40 94 74 61 58 129 1382 119 41 62 59 47
internal_value=0.0372086 -3.91196 -1.49234 2.1425 -4.0269 2.53147 -7.89637 2.67179 1.74739 -3.38409 -6.93048 -6.03367 -4.16362 -10.5472 0.764969 -1.93971 -0.25498 -3.04301 -2.08105 4.73167 -1.58665 1.32842 -14.8433 -6.80178 4.229 -3.74259 0.807991 -0.892039 -7.53598 -4.32425
internal_weight=6485 2255 1403 4230 997 3990 852 3949 2478 956 748 652 461 191 1699 672 978 490 285 406 528 101 104 284 1471 436 89 454 176 240
internal_count=6485 2255 1403 4230 997 3990 852 3949 2478 956 748 652 461 191 1699 672 978 490 285 406 528 101 104 284 1471 436 89 454 176 240
cat_boundaries=0 1 2 3
cat_threshold=1 4 1
is_linear=0
shrinkage=0.05


Tree=3
num_leaves=31
num_cat=1
split_feature=10 36 35 39 6 3 37 15 37 6 39 15 6 18 10 37 18 6 33 37 10 21 11 15 35 15 10 37 33 15
split_gain=1.98077e+07 9.6418e+06 6.68667e+06 7.14271e+06 3.50996e+06 3.41869e+06 1.92377e+06 1.76165e+06 1.70489e+06 1.73745e+06 1.28783e+06 1.10339e+06 990778 873064 770697 745284 743110 727748 691522 674773 621807 579342 505830 504843 420083 412307 406698 499680 377802 362136
threshold=1.0000000180025095e-35 174.39360000000002 1080.6400000000001 105.74285000000005 0.99419918699068865 0 36.235000000000007 -60.780000000000079 48.583000000000006 0.87629556417417864 100.38720000000002 -196.56500000000003 0.8590512920656912 0.61391277453510373 129.27450000000002 52.005000000000003 0.88762368685508208 0.97087565714318314 3526.9700000000007 22.775000000000002 32.000000000000121 -17.33155033440233 4654.4444444444453 -214.20000000000013 1327.6100000000004 57.02999999999998 80.573000000000022 69.545000000000002 2114.9350000000009 -244.68000000000004
decision_type=2 2 2 2 2 1 2 2 2 2 2 2 2 2 2 2 2 2 2 2 2 2 2 2 2 2 2 2 2 2
left_child=4 2 22 7 6 8 -1 13 17 11 19 18 -7 20 29 -8 24 23 26 -6 -4 28 25 -5 -12 -2 -10 -28 -9 -14
right_child=1 -3 3 5 10 12 15 21 9 -11 16 -13 14 -15 -16 -17 -18 -19 -20 -21 -22 -23 -24 -25 -26 -27 27 -29 -30 -31
leaf_value=-17.663987941916929 -3.1463968556374313 -18.012994916511303 -4.272820376743705 -2.9010805575052898 -5.5069019900154821 2.4288153132697783 -6.6151726865997693 -6.2379487810056071 2.2356039374798269 -8.8418182329031136 -3.8736644798601176 4.8719169129265687 2.2611681247865292 0.73732801761244593 -1.0526097630697584 -14.506789761497863 -6.7820165126788909 5.0658110504739744 -5.8120447018567258 -11.535613649346857 1.1231220459592517 -1.372537718349033 -9.7269638061523445 1.896793095716905 1.210276803335077 -6.9220322535588199 -2.5391484886868123 0.96211985974084768 -11.404758255004884 4.8250995917665032
leaf_weight=109 352 66 236 60 97 1074 104 121 111 65 71 90 152 303 63 42 82 178 68 89 69 45 41 636 95 91 259 168 50 1466
leaf_count=109 352 66 236 60 97 1074 104 121 111 65 71 90 152 303 63 42 82 178 68 89 69 45 41 636 95 91 259 168 50 1466
internal_value=0.0302481 0.988003 1.20809 1.72995 -7.98208 2.53171 -12.6378 -2.54159 0.701942 -1.02407 -5.24659 -0.293962 3.602 -1.16362 4.37298 -8.88536 -2.88782 2.21283 -1.06117 -8.39161 -3.0521 -6.42034 -4.41372 1.48318 -0.96418 -3.92198 -0.46069 -1.1616 -7.74871 4.58424
internal_weight=6453 5764 5698 5214 689 4390 255 824 1635 761 434 696 2755 608 1681 146 248 874 606 186 305 216 484 696 166 443 538 427 171 1618
internal_count=6453 5764 5698 5214 689 4390 255 824 1635 761 434 696 2755 608 1681 146 248 874 606 186 305 216 484 696 166 443 538 427 171 1618
cat_boundaries=0 1
cat_threshold=70
is_linear=0
shrinkage=0.05


Tree=4
num_leaves=31
num_cat=3
split_feature=15 3 39 3 6 37 34 6 33 14 11 37 34 10 15 37 6 38 15 37 44 39 12 20 22 34 29 34 14 45
split_gain=1.80178e+07 6.97739e+06 5.29926e+06 3.5485e+06 2.44012e+06 1.96234e+06 1.91067e+06 1.88957e+06 1.80408e+06 1.65715e+06 1.52663e+06 1.43808e+06 1.41085e+06 1.37695e+06 1.22425e+06 1.04018e+06 954579 888038 865371 760361 736007 683375 602143 558401 554171 544335 485847 400025 383932 379451
threshold=-147.47499999999988 0 82.106750000000048 1 0.99364044874829227 114.68500000000002 259.99000000000007 0.99419918699068865 726.56000000000006 4.6400000000001009 5868.7981859410438 35.145000000000003 153.80500000000004 80.573000000000022 57.02999999999998 53.160000000000004 0.8590512920656912 1322.2164 249.00499999999991 19.365000000000006 -119.20499999999991 125.07220000000002 3625.0000000000005 -17.744940927210525 0.74831624971760635 182.11000000000004 2 191.30500000000004 33.939999999999948 48.223200000000141
decision_type=2 1 2 1 2 2 2 2 2 2 2 2 2 2 2 2 2 2 2 2 2 2 2 2 2 2 1 2 2 2
left_child=3 7 6 5 17 16 24 9 -5 -2 -10 -11 19 27 -6 -13 -1 -4 25 -9 23 -14 -15 -19 -3 -16 -27 -12 -21 -18
right_child=1 2 4 8 14 -7 -8 12 10 11 13 15 21 22 18 -17 29 20 -20 28 -22 -23 -24 -25 -26 26 -28 -29 -30 -31
leaf_value=2.2143589693589472 -1.0503590521588924 -3.9096375756449513 -4.9003467292835321 -3.9893831163644791 -3.2168611978229729 -7.5591210351103832 -17.339554704938617 -4.9636128213310586 4.8646948188248249 -16.739885932922363 3.3550973795018759 -6.2237459763613616 -0.51839928885456177 -1.1165153980852369 5.8424990911183396 -13.986882588561153 4.9373330645072153 -3.1215485318951059 -2.0290623187757375 -15.076195607286818 3.1970679187774658 -5.7933831487671803 -6.3790944052524257 0.86404881172507775 -8.4856218440650863 -2.5245327605757604 4.4889252235149515 0.84571197193690095 -8.8407982899592472 3.2535856134706393
leaf_weight=1058 40 154 192 224 76 42 42 69 202 100 222 110 128 499 254 71 780 267 57 47 90 118 61 131 116 43 58 558 52 586
leaf_count=1058 40 154 192 224 76 42 42 69 202 100 222 110 128 499 254 71 780 267 57 47 90 118 61 131 116 43 58 558 52 586
internal_value=0.01174 -3.64192 -1.61907 1.92404 -0.0836764 3.14339 -7.41884 -7.58987 0.202432 -10.5722 0.812673 -11.9276 -5.46079 0.201845 2.61406 -9.26895 3.3418 -2.0197 3.68966 -8.99281 -0.886326 -3.04868 -1.68976 -1.80971 -5.87562 4.60788 1.503 1.55992 -11.801 4.21502
internal_weight=6447 2215 1480 4232 1168 2466 312 735 1766 321 1542 281 414 1340 488 181 2424 680 412 168 488 246 560 398 270 355 101 780 99 1366
internal_count=6447 2215 1480 4232 1168 2466 312 735 1766 321 1542 281 414 1340 488 181 2424 680 412 168 488 246 560 398 270 355 101 780 99 1366
cat_boundaries=0 1 2 3
cat_threshold=20 169 4
is_linear=0
shrinkage=0.05


Tree=5
num_leaves=31
num_cat=3
split_feature=15 2 15 40 34 13 6 14 34 15 14 37 15 39 37 20 38 37 10 28 20 12 37 14 45 35 27 15 19 18
split_gain=1.56236e+07 6.079e+06 6.38381e+06 3.16701e+06 2.85551e+06 2.40181e+06 2.07629e+06 1.84966e+06 1.76904e+06 1.6294e+06 1.5434e+06 1.52979e+06 1.39786e+06 1.30866e+06 840571 838708 740286 663603 613729 579466 528500 522010 519116 428902 426878 326273 319663 316685 310750 309159
threshold=-147.47499999999988 0 57.02999999999998 780.21000000000015 259.99000000000007 -152.23999999999998 0.99419918699068865 -7.5549999999998354 153.80500000000004 -201.13999999999996 6.5349999999999691 35.145000000000003 -60.780000000000079 125.07220000000002 53.160000000000004 -17.983451046807957 2129.0705000000003 19.365000000000006 97.088000000000008 1 -16.528163775561506 3625.0000000000005 19.585000000000004 -7.5700000000003902 52.520850000000117 797.54000000000019 2 176.15000000000001 0.033573806881243007 0.47881980661834495
decision_type=2 1 2 2 2 2 2 2 2 2 2 2 2 2 2 2 2 2 2 1 2 2 2 2 2 2 1 2 2 2
left_child=3 2 4 -1 12 -5 10 9 17 15 25 -12 16 22 -13 19 20 -8 -4 21 -2 28 -10 -18 -14 -3 -9 -20 -7 -21
right_child=1 6 18 5 -6 7 8 26 13 -11 11 14 24 -15 -16 -17 23 -19 27 29 -22 -23 -24 -25 -26 -27 -28 -29 -30 -31
leaf_value=-3.7098580391426399 -3.440947046761837 -0.35531790517270567 5.1953277072721864 -9.4821653691205121 -16.561071205139161 -0.36641988054307639 -4.8440067479104707 0.66724636919358193 5.6099687315696896 3.2940124998603766 -16.132055188169574 -6.0493625394759647 -6.8888325484090265 -5.8053021748860685 -12.755033686319988 1.8642509970086185 3.5356354195138686 -11.414331083712371 3.6870980639790383 -2.46672694512776 0.50604177517471494 -5.1739657262113035 -0.79994358630741347 -1.7943675080314279 -2.1640121444326934 -6.3132753690083829 3.8240554772590638 -2.1649240303039554 -4.275973755737831 1.5217250881630329
leaf_weight=246 395 40 297 44 40 411 66 85 43 786 101 124 221 132 75 691 92 92 43 56 108 82 119 64 61 54 1418 50 58 367
leaf_count=246 395 40 297 44 40 411 66 85 43 786 101 124 221 132 75 691 92 92 43 56 108 82 119 64 61 54 1418 50 58 367
internal_value=0.0193762 -3.38248 -1.32578 1.79645 -3.47703 2.13526 -6.71549 2.26454 -4.40285 1.41769 -9.36857 -11.1203 -2.92085 -2.10974 -8.57663 0.53193 -1.66022 -8.66977 4.08541 -0.413279 -2.59348 -1.46679 0.901453 1.34897 -5.8668 -3.77797 3.64553 0.54085 -0.849904 0.970754
internal_weight=6461 2217 1371 4244 981 3998 846 3954 452 2451 394 300 941 294 199 1665 659 158 390 974 503 551 162 156 282 94 1503 93 469 423
internal_count=6461 2217 1371 4244 981 3998 846 3954 452 2451 394 300 941 294 199 1665 659 158 390 974 503 551 162 156 282 94 1503 93 469 423
cat_boundaries=0 1 2 3
cat_threshold=1 4 1
is_linear=0
shrinkage=0.05


Tree=6
num_leaves=31
num_cat=3
split_feature=15 3 15 33 34 3 41 3 11 15 6 14 34 47 10 6 20 34 15 20 40 34 18 21 6 10 20 18 18 15
split_gain=1.50872e+07 5.96402e+06 4.75764e+06 2.90765e+06 2.72448e+06 2.00879e+06 1.98627e+06 1.72341e+06 1.50944e+06 1.42089e+06 1.40589e+06 1.36686e+06 1.31351e+06 1.2865e+06 919980 655345 647295 599027 582682 570092 550262 538072 485655 467232 457864 424442 420305 377417 357046 348076
threshold=-149.31999999999991 0 57.02999999999998 726.56000000000006 259.99000000000007 1 0.84485269859410772 2 5868.7981859410438 -60.780000000000079 0.99419918699068865 4.6400000000001009 153.80500000000004 16.500000000000007 80.573000000000022 0.8590512920656912 -15.357397012803927 144.37500000000003 233.15000000000001 -19.34543263004252 1156.5000000000002 178.59500000000003 0.74831624971760635 -37.126228066582037 0.95057237682938467 24.489000000000015 -17.594346057167829 0.89410629548799625 0.47881980661834495 -225.595
decision_type=2 1 2 2 2 1 2 1 2 2 2 2 2 2 2 2 2 2 2 2 2 2 2 2 2 2 2 2 2 2
left_child=3 10 4 27 9 8 15 20 -5 17 11 -2 19 24 -10 28 -14 25 -9 -12 -4 -15 -11 -16 -13 -3 -19 -1 -7 -30
right_child=1 2 7 5 -6 6 -8 18 14 22 12 13 16 21 23 -17 -18 26 -20 -21 -22 -23 -24 -25 -26 -27 -28 -29 29 -31
leaf_value=-2.5900490112979004 -1.0224682498545874 -1.7097152772003839 -5.8458558776161889 4.5188945887112384 -15.816542159679324 -0.72469112111121115 -7.5149235859347714 5.0491743153746027 1.1252635241017579 -3.8910361023176288 -13.166949333028592 -11.536282526060592 -4.6315596086424105 -17.876726701524525 -3.4114393622610302 3.792272703852217 0.77359250635346954 -3.7248607631243931 -0.24951371242923123 -6.6782812425050855 0.58651755923655491 -11.649479679225648 -8.0134437444398738 -0.44175274581272411 -5.3475670177109391 2.2724476434707643 0.39350901702781776 -7.574096837956855 1.3887988950234069 3.2563442576715276
leaf_weight=198 42 144 66 202 43 97 45 318 644 147 47 43 159 54 225 1426 85 317 62 121 67 97 139 322 98 125 77 47 439 578
leaf_count=198 42 144 66 202 43 97 45 318 644 147 47 43 159 54 225 1426 85 317 62 121 67 97 139 322 98 125 77 47 439 578
internal_value=-0.0217667 -3.32783 -1.47521 1.74047 -3.50664 2.06607 2.88677 2.42425 0.518652 -2.94887 -6.95237 -9.45631 -5.09122 -10.6694 -0.155456 3.08242 -2.74862 -1.67817 4.07735 -8.49356 -2.42329 -13.8764 -5.89458 -1.66329 -7.23491 0.140732 -2.92 -3.54617 2.17375 2.4502
internal_weight=6474 2251 1505 4223 992 3978 2585 513 1393 949 746 334 412 292 1191 2540 244 663 380 168 133 151 286 547 141 269 394 245 1114 1017
internal_count=6474 2251 1505 4223 992 3978 2585 513 1393 949 746 334 412 292 1191 2540 244 663 380 168 133 151 286 547 141 269 394 245 1114 1017
cat_boundaries=0 1 2 3
cat_threshold=20 66 3
is_linear=0
shrinkage=0.05


Tree=7
num_leaves=31
num_cat=3
split_feature=3 37 39 14 14 12 18 49 37 34 15 10 20 16 16 34 35 13 20 3 12 34 12 21 45 14 21 45 10 3
split_gain=1.36599e+07 7.95183e+06 5.64541e+06 3.59237e+06 1.87061e+06 1.34143e+06 1.28774e+06 1.25545e+06 1.22957e+06 1.25734e+06 1.20197e+06 729355 717072 656567 629474 601154 576633 567618 491532 487186 638514 480959 432103 420594 381716 341433 333014 418128 365268 301215
threshold=0 141.18860000000004 105.74285000000005 -2.1549999999998586 -7.5549999999998354 1125.0000000000002 0.57239611726260275 19.140000000000104 53.160000000000004 153.80500000000004 -202.81499999999991 -1.1789999999999992 -18.336800393021075 1.0000000180025095e-35 210.00000000000003 175.36500000000004 1150.6550000000002 -28.024999999999974 -16.284246737973628 1 3625.0000000000005 82.836000000000013 1615.0000000000002 -46.521386659793968 52.084499999999935 26.914999999999967 -61.527017475676921 44.417450000000052 34.934000000000005 2
decision_type=1 2 2 2 2 2 2 2 2 2 2 2 2 2 2 2 2 2 2 1 2 2 2 2 2 2 2 2 2 1
left_child=3 2 7 5 10 -1 23 -2 9 11 12 -8 19 18 -15 25 -6 24 26 -4 -21 -13 -19 -5 -18 -11 -9 28 -28 -14
right_child=1 -3 4 6 16 -7 8 13 -10 15 -12 21 29 14 -16 -17 17 22 -20 20 -22 -23 -24 -25 -26 -27 27 -29 -30 -31
leaf_value=-3.250808330787553 -6.7139831503683869 -15.145800853419949 0.94462243283078784 -7.9936738548278816 -2.6297022033482791 2.6743166068860567 -12.644352574134942 -5.9896952014220393 -10.973812515881598 -5.3810625593541035 2.8861770921338565 -8.7630905606853435 3.1147563472137616 2.77513309154712 -4.0111088858710398 -5.6587023127079012 4.1912529217778536 -3.3276671699855642 0.69877209328768553 -0.68228455933281429 -5.3613870886869215 -2.1234127588610612 2.1948772432282566 -14.093379763089695 2.4310125571146646 -1.0670031397051891 -2.7734917774558068 -6.4369867463545365 0.78936983901675395 0.88633948613851699
leaf_weight=225 132 74 368 50 40 166 67 76 98 59 734 67 226 142 45 200 1220 46 114 479 86 46 154 65 412 206 250 55 101 507
leaf_count=225 132 74 368 50 40 166 67 76 98 59 734 67 226 142 45 200 1220 46 114 479 86 46 154 65 412 206 250 55 101 507
internal_value=0.00909619 1.12671 1.36104 -4.67012 2.12444 -0.735282 -6.5177 -2.20319 -5.75563 -4.96279 1.20039 -8.51098 0.457679 -1.44274 1.14208 -3.5893 3.30911 3.43878 -2.25375 -0.461765 -1.37025 -6.06021 0.924692 -11.4413 3.74688 -2.02749 -2.95207 -2.38345 -1.74828 1.62799
internal_weight=6510 5261 5187 1249 4272 391 858 915 743 645 2400 180 1666 783 187 465 1872 1832 596 933 565 113 200 115 1632 265 482 406 351 733
internal_count=6510 5261 5187 1249 4272 391 858 915 743 645 2400 180 1666 783 187 465 1872 1832 596 933 565 113 200 115 1632 265 482 406 351 733
cat_boundaries=0 1 2 3
cat_threshold=22 1 1
is_linear=0
shrinkage=0.05


Tree=8
num_leaves=31
num_cat=2
split_feature=3 13 39 14 14 33 14 14 44 47 35 16 16 10 33 10 20 10 37 14 21 29 37 10 21 21 37 37 21 45
split_gain=1.16319e+07 6.84775e+06 5.4446e+06 3.03673e+06 1.63378e+06 1.25936e+06 1.24032e+06 1.25954e+06 1.10559e+06 1.10096e+06 1.08052e+06 669956 581070 566323 545670 524345 510433 496113 441243 459751 428549 584069 418315 415586 495961 397314 374531 365127 421091 330184
threshold=0 -225.66999999999993 105.74285000000005 -1.085000000000093 -7.5549999999998354 1037.4900000000002 47.24500000000004 45.250000000000007 -54.803599999999953 16.500000000000007 2797.3900000000008 1.0000000180025095e-35 210.00000000000003 -1.4410000000000081 902.5100000000001 61.352000000000011 -14.557923969366518 110.30900000000001 51.395000000000003 37.535000000000032 -61.527017475676921 1 50.902600000000007 89.714500000000001 -33.357215682648281 -28.752435543494794 31.530000000000005 71.510000000000019 -22.476231488457113 60.430699999999945
decision_type=1 2 2 2 2 2 2 2 2 2 2 2 2 2 2 2 2 2 2 2 2 1 2 2 2 2 2 2 2 2
left_child=3 -2 8 5 10 25 7 13 11 22 15 20 -13 16 -6 -4 -5 29 19 -15 -3 -22 -8 -12 -25 -1 -19 28 -17 -16
right_child=1 2 4 6 14 -7 9 -9 -10 -11 23 12 -14 18 17 27 -18 26 -20 -21 21 -23 -24 24 -26 -27 -28 -29 -30 -31
leaf_value=-2.1861988621888702 -16.638887052182799 -5.8544289369840889 3.1368805852387283 -13.596875372165588 -2.6632594895362853 2.2734106605133699 -4.7230991840362551 1.6366024426997656 -6.1373122816085823 -14.845637107962993 0.79740762517861263 2.6725933773162431 -3.5726716041564943 -3.4602474313176859 3.7995939011047648 0.066693924167285992 -5.7994203611861828 -1.3601887371229089 -9.4530040453065123 -6.9696653019610073 -3.651681052627771 -0.25389843776596716 -10.998649206161501 -2.8810637527827438 0.94575301224116515 -7.0709960001819541 2.6344688297536827 2.343619586539015 4.0628136042002083 1.3346585589746636
leaf_weight=194 54 74 534 41 40 179 79 63 150 67 341 146 50 284 1441 604 43 92 53 139 230 281 40 254 127 53 162 447 74 150
leaf_count=194 54 74 534 41 40 179 79 63 150 67 341 146 50 284 1441 604 43 92 53 139 230 281 40 254 127 53 162 447 74 150
internal_value=0.0441691 1.0725 1.25859 -4.30194 2.01462 -0.920058 -6.13594 -5.0662 -2.20568 -9.71897 1.144 -1.45057 1.07941 -5.82027 3.11434 1.84667 -9.60532 3.2396 -5.15232 -4.61346 -2.29822 -1.78323 -6.83253 -0.470587 -1.60546 -3.23435 1.18758 1.23425 0.502849 3.5672
internal_weight=6486 5251 5197 1235 4266 426 809 623 931 186 2381 781 196 560 1885 1659 84 1845 476 423 585 511 119 722 381 247 254 1125 678 1591
internal_count=6486 5251 5197 1235 4266 426 809 623 931 186 2381 781 196 560 1885 1659 84 1845 476 423 585 511 119 722 381 247 254 1125 678 1591
cat_boundaries=0 1 2
cat_threshold=22 2
is_linear=0
shrinkage=0.05


Tree=9
num_leaves=31
num_cat=1
split_feature=10 13 40 39 35 34 47 34 34 15 37 27 20 34 47 37 12 19 10 18 46 38 10 43 40 21 35 20 20 15
split_gain=1.12929e+07 5.90443e+06 3.54513e+06 3.93613e+06 1.89785e+06 1.31615e+06 1.3692e+06 1.20218e+06 1.12384e+06 1.03476e+06 910147 761685 663820 537656 475054 473666 460093 460061 427991 416278 410428 360722 356110 355245 318208 296003 295196 266302 248568 245614
threshold=1.0000000180025095e-35 -225.66999999999993 932.94000000000017 103.42775000000005 795.0350000000002 191.30500000000004 24.171500000000009 180.60000000000002 153.80500000000004 -60.780000000000079 19.365000000000006 0 -16.079636586494214 157.90500000000003 32.783850000000044 31.355000000000004 2155.0000000000005 0.12989203778677463 71.878500000000017 0.91964394859623588 5.3087000000000453 2126.0832500000006 43.589500000000008 0.53624999999999556 1161.8000000000002 -37.126228066582037 752.45000000000016 -15.357397012803927 -19.34543263004252 -124.62499999999999
decision_type=2 2 2 2 2 2 2 2 2 2 2 1 2 2 2 2 2 2 2 2 2 2 2 2 2 2 2 2 2 2
left_child=4 -2 26 9 -1 13 22 8 10 17 -6 19 14 -5 20 -9 -11 21 -16 -8 -13 23 -7 -4 -10 -14 -3 -26 -12 -28
right_child=1 2 3 5 7 6 11 15 24 16 28 12 25 -15 18 -17 -18 -19 -20 -21 -22 -23 -24 -25 27 -27 29 -29 -30 -31
leaf_value=-13.664177242914835 -15.852751159667969 0.46553916412591934 -1.717171375701825 -1.4174699059703895 -3.6606967773252324 -1.8449517584982376 0.045305588009745573 -5.7933502629951192 -3.1980406454801562 -3.4061063985739439 -13.388195372790825 1.3249244019218838 -0.77453298557451689 3.5609567223650367 0.48191828254802688 -11.917897656089382 -8.4458229526396718 -4.9257128810882573 -2.579595918244705 -6.4466296197011559 -1.8436408260216315 1.8315144393827532 2.8405634159250757 3.0762795773419467 -2.2226490570948676 2.5637012860970572 -2.6982476167541614 2.9419301072756454 -8.2034590883075076 -5.1720745645510924
leaf_weight=72 53 50 318 57 103 42 43 54 200 168 41 689 76 1117 213 76 62 60 246 58 120 143 1176 44 52 526 278 48 53 157
leaf_count=72 53 50 318 57 103 42 43 54 200 168 41 689 76 1117 213 76 62 60 246 58 120 143 1176 44 52 526 278 48 53 157
internal_value=0.0220167 0.758066 0.914077 1.29837 -5.97589 1.88797 1.36106 -5.09302 -3.97329 -1.93737 -6.90737 0.546621 0.775052 3.31924 0.12595 -9.37385 -4.76464 -0.786443 -1.15889 -3.68274 0.854927 -0.294649 2.67899 -1.13454 -2.04658 2.14226 -3.17289 0.256349 -10.4649 -3.5911
internal_weight=6395 5696 5643 5158 699 4363 3189 627 497 795 197 1971 1870 1174 1268 130 230 565 459 101 809 505 1218 362 300 602 485 100 94 435
internal_count=6395 5696 5643 5158 699 4363 3189 627 497 795 197 1971 1870 1174 1268 130 230 565 459 101 809 505 1218 362 300 602 485 100 94 435
cat_boundaries=0 1
cat_threshold=1
is_linear=0
shrinkage=0.05


Tree=10
num_leaves=31
num_cat=2
split_feature=10 37 39 35 6 3 34 10 47 14 16 11 44 40 37 12 34 20 45 16 10 44 10 34 21 15 29 14 21 37
split_gain=1.04312e+07 5.07574e+06 3.34576e+06 3.61201e+06 1.82001e+06 1.72071e+06 1.36599e+06 1.07347e+06 973066 861356 734386 726538 610210 596882 532875 524223 521566 550469 494452 423997 420911 418419 321458 309704 304956 296876 264349 263814 262574 259934
threshold=1.0000000180025095e-35 191.28000000000003 105.74285000000005 1080.6400000000001 0.99419918699068865 0 198.09500000000003 42.335000000000008 16.500000000000007 11.060000000000061 1.0000000180025095e-35 5868.7981859410438 -111.03999999999984 3219.3300000000004 53.160000000000004 2155.0000000000005 88.763250000000042 -15.357397012803927 47.225999999999956 210.00000000000003 155.32750000000004 -119.20499999999991 58.295000000000122 65.522600000000025 -26.705174470998113 362.29000000000002 1 -1.085000000000093 -61.925740980069662 16.190000000000001
decision_type=2 2 2 2 2 1 2 2 2 2 2 2 2 2 2 2 2 2 2 2 2 2 2 2 2 2 1 2 2 2
left_child=4 2 10 27 8 6 29 -8 14 -6 12 -9 21 28 -1 26 23 24 20 -12 -7 22 -2 -11 -18 -10 -14 -4 -13 -5
right_child=1 -3 3 5 9 18 7 11 25 16 19 13 15 -15 -16 -17 17 -19 -20 -21 -22 -23 -24 -25 -26 -27 -28 -29 -30 -31
leaf_value=-4.552617199111868 -2.7020489077587113 -15.166784545898437 -2.3669195156217122 5.350348313649496 -10.622959818158833 3.3477604476519822 -6.8490433708069816 3.2520586412885915 -15.320807838439942 -3.3168013869391544 2.23476942597578 -2.2154497736900605 -0.046752336750859803 -4.4138530672864711 -11.308334741592407 -8.9195127063327373 -2.3353366432018765 0.38413627967815994 1.8214397511464022 -3.1094708518981933 -0.7674134591909556 3.357821294665337 0.5165100405812264 -9.0077881682152832 -6.5006544085516458 -10.159151471455893 -4.3330221525466808 -5.1451329697343642 0.18917794062307289 2.1232746526025812
leaf_weight=108 346 50 239 72 42 1411 63 138 52 45 144 136 46 94 40 54 121 129 1272 50 65 40 100 51 69 60 165 133 687 468
leaf_count=108 346 50 239 72 42 1411 63 138 52 45 144 136 46 94 40 54 121 129 1272 50 65 40 100 51 69 60 165 133 687 468
internal_value=-0.0116609 0.694778 0.833355 1.371 -5.69963 1.77046 0.485596 -0.508894 -9.03941 -3.79953 -1.88504 -0.130288 -2.59347 -0.6393 -6.37849 -4.5236 -3.10897 -2.13657 2.53469 0.857388 3.16654 -1.54104 -1.9804 -6.34014 -3.848 -12.5556 -3.39857 -3.36021 -0.208185 2.55355
internal_weight=6490 5773 5723 4778 717 4406 1658 1118 260 457 945 1055 751 917 148 265 415 319 2748 194 1476 486 446 96 190 112 211 372 823 540
internal_count=6490 5773 5723 4778 717 4406 1658 1118 260 457 945 1055 751 917 148 265 415 319 2748 194 1476 486 446 96 190 112 211 372 823 540
cat_boundaries=0 1 2
cat_threshold=70 1
is_linear=0
shrinkage=0.05


Tree=11
num_leaves=31
num_cat=1
split_feature=10 13 48 40 35 3 34 34 45 48 11 16 40 14 10 44 36 35 12 16 21 10 45 44 10 10 34 14 6 21
split_gain=9.06013e+06 4.96504e+06 3.10609e+06 3.29435e+06 1.57876e+06 1.5138e+06 1.30552e+06 1.00836e+06 976765 974302 723320 700227 597610 493118 480425 477244 452343 436191 395814 378796 357748 355297 332930 472599 500089 268953 301804 263302 248111 240630
threshold=1.0000000180025095e-35 -225.66999999999993 105.74285000000005 914.28875000000005 795.0350000000002 0 193.03000000000003 180.60000000000002 22.350000000000083 97.961500000000015 5868.7981859410438 1.0000000180025095e-35 3219.3300000000004 47.24500000000004 33.261500000000019 -111.03999999999984 41.210000000000008 1326.1100000000004 2155.0000000000005 210.00000000000003 -37.88010167840465 33.389000000000017 51.971999999999959 -156.28499999999994 78.222999999999999 80.573000000000022 230.48500000000004 -1.085000000000093 0.89144452479961245 -61.269441347476764
decision_type=2 2 2 2 2 1 2 2 2 2 2 2 2 2 2 2 2 2 2 2 2 2 2 2 2 2 2 2 2 2
left_child=4 -2 11 27 -1 6 -5 9 -8 16 -10 15 25 -9 -7 21 -6 -11 28 -13 -16 29 23 -22 -25 -12 -27 -4 -17 -3
right_child=1 2 3 5 7 14 8 13 10 17 12 19 -14 -15 20 18 -18 -19 -20 -21 22 -23 -24 24 -26 26 -28 -29 -30 -31
leaf_value=-12.453799207445602 -14.561910866791349 -5.2573933370651744 -2.233232561328955 3.0288492194865411 -4.2043684745102787 3.8041796836901356 -6.3632470933217853 -4.8425964885287813 3.3600272152182109 -3.4096199015877691 0.73249549872726205 2.0827927948623306 -4.3269446959760449 -11.091636908681771 0.84369822805663497 -4.2932474021143561 -9.4201534686944424 0.36108901273636596 -8.0291782661720568 -2.9766317893047725 3.5561058207328728 0.51811532004115479 1.6472410661043579 3.3667522442222819 -1.5846623416085848 -1.9225641740427617 0.80410980745485627 -5.0392714681047384 -0.41446133329157242 -1.8255999005919901
leaf_weight=71 53 62 228 387 89 518 63 54 143 196 500 151 90 76 444 149 78 126 54 49 820 144 776 101 103 287 157 132 57 290
leaf_count=71 53 62 228 387 89 518 63 54 143 196 500 151 90 76 444 149 78 126 54 49 820 144 776 101 103 287 157 132 57 290
internal_value=0.0222882 0.671092 0.812608 1.33606 -5.39193 1.71322 0.490566 -4.58193 -0.297668 -3.54141 0.0269974 -1.78768 -0.433954 -8.49588 2.42289 -2.48369 -6.64048 -1.93413 -4.21882 0.843234 2.11483 -1.57414 2.42838 3.02034 0.866773 -0.0627997 -0.958402 -3.26211 -3.21999 -2.43006
internal_weight=6448 5758 5705 4749 690 4389 1627 619 1240 489 1177 956 1034 130 2762 756 167 322 260 200 2244 496 1800 1024 204 944 444 360 206 352
internal_count=6448 5758 5705 4749 690 4389 1627 619 1240 489 1177 956 1034 130 2762 756 167 322 260 200 2244 496 1800 1024 204 944 444 360 206 352
cat_boundaries=0 1
cat_threshold=70
is_linear=0
shrinkage=0.05


Tree=12
num_leaves=31
num_cat=2
split_feature=10 37 33 39 47 34 28 2 44 37 20 44 10 41 10 37 18 19 34 11 34 37 40 37 37 20 44 13 10 11
split_gain=7.83352e+06 4.80104e+06 2.81543e+06 2.73774e+06 1.51061e+06 1.08258e+06 1.01202e+06 863931 760157 673679 670206 628176 483430 478412 684419 427510 418815 418659 382077 351810 340227 317870 317744 272568 253850 251759 246706 192803 195957 179235
threshold=1.0000000180025095e-35 141.18860000000004 881.40500000000009 106.33300000000004 23.22000000000001 191.30500000000004 0 1 -56.654749999999915 53.160000000000004 -16.005583241097778 146.52500000000012 119.49150000000012 0.68783307785466774 80.527500000000018 23.340000000000003 0.88762368685508208 0.12989203778677463 200.39500000000001 4654.4444444444453 166.80000000000004 36.235000000000007 1111.45 31.530000000000005 16.910000000000004 -13.86138237488867 -32.229500000000023 -38.160000000000018 70.305000000000007 5921.3378684807258
decision_type=2 2 2 2 2 2 1 1 2 2 2 2 2 2 2 2 2 2 2 2 2 2 2 2 2 2 2 2 2 2
left_child=4 2 19 8 9 12 -7 10 17 11 13 15 27 14 -8 26 22 24 -9 23 -6 -17 -13 -2 -4 -12 -1 28 -5 -24
right_child=1 -3 3 5 20 6 7 18 -10 -11 25 16 -14 -15 -16 21 -18 -19 -20 -21 -22 -23 29 -25 -26 -27 -28 -29 -30 -31
leaf_value=-0.39828024546305341 -4.6881450625566341 -12.19157706366645 1.6966337949788874 3.0320710272564053 -13.049163013805043 2.7016865557380476 0.74199114165671132 -0.75321091676867291 -4.7541278773791174 -9.8871077971024945 1.5950266161834499 -3.3022831077652945 -1.8071811563828413 1.2941029788388665 -2.0053962590200149 -10.295576164939188 -5.4030130058526993 -4.5401237479786376 -7.2752500006493115 -7.3477225226163867 -7.6048064343134563 -4.9199546501853249 1.8837981363877336 -1.7599855624249852 -0.86991810420226201 3.8507921461846415 -4.8632344514432582 4.4856474123728116 -0.049479994340376421 -1.925127655008565
leaf_weight=45 104 72 119 832 55 797 507 43 146 44 583 81 51 641 410 55 64 67 47 40 60 55 94 337 506 157 99 223 55 46
leaf_count=45 104 72 119 832 55 797 507 43 146 44 583 81 51 641 410 55 64 67 47 40 60 55 94 337 506 157 99 223 55 46
internal_value=0.0299968 0.638495 0.801561 1.14109 -4.97137 1.64565 1.1692 0.643723 -1.47562 -3.9383 0.834627 -3.45268 2.95271 0.246147 -0.486394 -5.26078 -1.84125 -0.783912 -4.15916 -2.85778 -10.2086 -7.60777 -0.809791 -2.45053 -0.381247 2.07361 -3.46794 3.17141 2.84099 0.632294
internal_weight=6435 5737 5665 5184 698 4346 3185 2388 838 583 2298 539 1161 1558 917 254 285 692 90 481 115 110 221 441 625 740 144 1110 887 140
internal_count=6435 5737 5665 5184 698 4346 3185 2388 838 583 2298 539 1161 1558 917 254 285 692 90 481 115 110 221 441 625 740 144 1110 887 140
cat_boundaries=0 1 2
cat_threshold=8 1
is_linear=0
shrinkage=0.05


Tree=13
num_leaves=31
num_cat=1
split_feature=3 13 39 14 14 14 14 44 12 47 12 37 10 12 14 38 20 37 37 10 37 21 10 21 10 10 37 45 14 10
split_gain=7.97392e+06 4.33437e+06 3.40221e+06 2.07869e+06 1.18762e+06 871646 885897 811014 734856 726117 718967 445147 444433 413002 411595 396456 377953 374398 370784 339457 292663 288124 286978 319149 284838 283121 336915 299989 277386 252444
threshold=0 -225.66999999999993 106.95555000000009 -2.1549999999998586 -7.5549999999998354 47.24500000000004 45.250000000000007 -54.024999999999856 2615.0000000000005 16.807400000000005 1125.0000000000002 17.820000000000004 -1.4410000000000081 2410.0000000000005 58.230000000000025 912.26100000000008 -14.557923969366518 20.460000000000004 53.475000000000009 61.352000000000011 71.510000000000019 -22.476231488457113 89.714500000000001 -33.357215682648281 98.434000000000012 100.80550000000001 31.530000000000005 60.430699999999945 37.535000000000032 119.49150000000012
decision_type=1 2 2 2 2 2 2 2 2 2 2 2 2 2 2 2 2 2 2 2 2 2 2 2 2 2 2 2 2 2
left_child=3 -2 7 10 8 6 12 11 19 14 -1 -3 16 15 -7 -13 -5 -17 28 -4 21 -21 -10 -24 -22 27 -27 -6 -14 -19
right_child=1 2 4 5 25 9 -8 -9 22 -11 -12 13 18 -15 -16 17 -18 29 -20 20 24 -23 23 -25 -26 26 -28 -29 -30 -31
leaf_value=-2.4662668056223129 -13.408146768246056 0.91568537204045253 2.4782200744984664 -11.103952747842541 3.0508165399934586 -3.8421626470901153 1.6640757403771085 -5.1704865746464295 0.57198835135364234 -12.045610051915267 1.8566295127850028 -5.8024994099393803 -2.7938611206089217 -6.4630467414855959 -9.8758039427966615 -4.0558425027335625 -4.7615559093654154 -0.10882491973982887 -7.8138148180643716 -0.10998918164392997 4.0437063119350336 3.2435501178105675 -2.4253343067680624 0.64465832963349334 1.16072444871068 -1.2218920674324036 2.275842230473708 0.6962347900072734 -5.48332002394491 -4.1697041670481365
leaf_weight=225 53 211 526 46 1378 91 60 141 343 69 168 47 309 43 41 86 48 431 60 580 117 72 258 126 320 100 221 150 139 42
leaf_count=225 53 211 526 46 1378 91 60 141 343 69 168 47 309 43 41 86 48 431 60 580 117 72 258 126 320 100 221 150 139 42
internal_value=-0.041789 0.816522 0.9633 -3.60387 1.58882 -5.00521 -4.12962 -1.65564 0.840954 -7.88901 -0.618311 -1.07936 -4.70706 -1.72798 -5.71625 -1.392 -7.86528 -1.02117 -4.12266 1.43519 0.931393 0.26034 -0.479116 -1.41799 1.9326 2.53609 1.18621 2.81967 -3.62831 -0.46941
internal_weight=6501 5245 5192 1256 4191 863 662 1001 2342 201 393 860 602 649 132 606 94 559 508 1615 1089 652 727 384 437 1849 321 1528 448 473
internal_count=6501 5245 5192 1256 4191 863 662 1001 2342 201 393 860 602 649 132 606 94 559 508 1615 1089 652 727 384 437 1849 321 1528 448 473
cat_boundaries=0 1
cat_threshold=22
is_linear=0
shrinkage=0.05


Tree=14
num_leaves=31
num_cat=2
split_feature=3 37 34 14 3 37 18 33 40 6 37 10 40 20 11 33 18 34 12 16 20 37 18 11 18 18 11 6 12 37
split_gain=6.78173e+06 3.96256e+06 2.98413e+06 1.80073e+06 923020 786064 702387 660839 655223 761079 622987 709572 715180 610671 510532 429911 387011 385825 382578 330697 291471 280037 279391 269511 243030 197358 192449 186705 199100 207743
threshold=0 141.18860000000004 159.81000000000003 -1.085000000000093 1 17.820000000000004 0.54312507683355471 1037.4900000000002 3219.3300000000004 0.97087565714318314 51.030000000000008 -1.1404999999999972 1094.8550000000002 -16.284246737973628 5868.7981859410438 938.75500000000011 0.77837372005387095 175.36500000000004 2075.0000000000005 1.0000000180025095e-35 -21.480700724454035 22.775000000000002 0.63796801594014452 5921.3378684807258 0.51033190049351362 0.93440427178099028 4654.4444444444453 0.83431049937750246 915.00000000000011 24.260000000000002
decision_type=1 2 2 2 1 2 2 2 2 2 2 2 2 2 2 2 2 2 2 2 2 2 2 2 2 2 2 2 2 2
left_child=3 2 5 7 8 -2 -5 26 9 14 11 12 -8 16 24 -6 27 23 -17 20 -16 -14 -20 -13 -4 -23 -1 -7 -29 -30
right_child=1 -3 4 6 15 13 10 -9 -10 -11 -12 17 21 -15 19 18 -18 -19 22 -21 -22 25 -24 -25 -26 -27 -28 28 29 -31
leaf_value=-1.678910605282766 0.6921619828678508 -10.780214989022035 -0.56752828071092043 -8.4490232301414565 -0.94070318947490472 -4.5259104170240798 -11.139262075985179 1.6439785005186094 -3.0292047445891335 4.2215909576416015 -7.7717662716856104 -0.34320712042142554 -1.3126400136030638 0.35895388691913427 -2.2008734932430438 2.6401297724192574 -6.2730848532097019 -4.4361933715339452 -1.895688689649105 1.2596851340067605 -0.0035499047258781505 -8.4634317211988499 1.6169164949005652 -3.9824440702795982 3.4972308135420613 -3.6148976453514985 -5.199347535769145 -5.2462034497942245 -3.306116384588262 -0.22082314924760299
leaf_weight=203 233 73 47 109 117 111 51 176 122 145 101 202 52 127 214 1616 102 148 60 329 512 41 1002 68 169 43 48 42 93 132
leaf_count=203 233 73 47 109 117 111 51 176 122 145 101 202 52 127 214 1616 102 148 60 329 512 41 1002 68 169 43 48 42 93 132
internal_value=-0.00159681 0.786163 0.950904 -3.30865 1.47966 -1.77658 -4.71335 -0.705029 0.483564 0.789633 -4.1366 -3.52974 -6.08984 -2.72422 0.398104 2.01882 -3.53998 -2.38443 2.15566 -0.0553252 -0.651246 -4.19631 1.41846 -1.25976 2.61277 -5.98144 -2.35214 -2.80247 -2.08599 -1.49608
internal_weight=6488 5246 5173 1242 4333 840 815 427 1538 1416 706 605 187 607 1271 2795 480 418 2678 1055 726 136 1062 270 216 84 251 378 267 225
internal_count=6488 5246 5173 1242 4333 840 815 427 1538 1416 706 605 187 607 1271 2795 480 418 2678 1055 726 136 1062 270 216 84 251 378 267 225
cat_boundaries=0 1 2
cat_threshold=22 64
is_linear=0
shrinkage=0.05


Tree=15
num_leaves=31
num_cat=1
split_feature=10 13 38 39 47 3 11 37 14 15 15 18 15 10 15 37 15 12 12 39 12 37 35 18 40 14 37 10 15 14
split_gain=6.24038e+06 3.13554e+06 2.18452e+06 2.28362e+06 1.20834e+06 1.10004e+06 708602 678281 572840 618536 529768 421043 411552 380160 375878 369290 363906 358355 332056 327632 326398 278790 277422 277002 304929 260785 299808 326315 255207 247887
threshold=1.0000000180025095e-35 -225.66999999999993 912.26100000000008 105.74285000000005 23.22000000000001 0 5265.0000000000009 42.655000000000008 58.230000000000025 149.47499999999999 -60.780000000000079 0.61391277453510373 -214.20000000000013 33.261500000000019 211.24000000000004 23.340000000000003 -116.95000000000003 835.00000000000011 3390.0000000000005 120.84675000000003 2155.0000000000005 16.190000000000001 1181.3050000000003 0.88762368685508208 1111.45 -3.4099999999999677 34.510000000000005 129.27450000000002 57.02999999999998 -4.2649999999999855
decision_type=2 2 2 2 2 1 2 2 2 2 2 2 2 2 2 2 2 2 2 2 2 2 2 2 2 2 2 2 2 2
left_child=4 -2 17 10 8 6 -5 12 9 15 11 16 -8 -7 18 -1 29 28 -9 -6 -12 -14 -17 24 -11 -15 27 -27 -3 -4
right_child=1 2 3 5 19 13 7 14 -10 23 20 -13 21 25 -16 22 -18 -19 -20 -21 -22 -23 -24 -25 -26 26 -28 -29 -30 -31
leaf_value=-3.1526886401476562 -12.074683598109655 -1.208653593324978 -1.6757393159712386 3.1902533236852628 -11.821565410069057 3.224700194837562 -2.924952129716123 -0.41388608334516586 -9.0810934621234267 -3.1432649014790854 -2.4317535278265892 0.59956789448295 4.5271369986338161 1.0795630498962083 -5.6689232921600343 -9.6138891112129645 1.3143344218914326 -5.811917956424999 -4.221083004243912 -6.6218762082583984 -6.821632779728283 1.2132738565692656 -4.6686163323824523 -4.3745297662673464 0.81759137565108098 1.5249037000664416 2.5331980528717009 -3.0224319438934328 -4.0427021578738565 -5.0143519916317683
leaf_weight=143 49 262 151 194 56 510 54 751 43 75 184 318 73 943 40 53 65 77 62 66 55 486 61 62 138 187 1057 50 114 88
leaf_count=143 49 262 151 194 56 510 54 751 43 75 184 318 73 943 40 53 65 77 62 66 55 486 61 62 138 187 1057 50 114 88
internal_value=-0.0201532 0.519671 0.627541 0.91405 -4.489 1.37419 0.348384 -0.0253123 -3.53005 -3.08138 -1.44116 -0.672356 1.24337 1.98558 -0.937037 -4.84497 -2.00285 -2.70431 -0.704226 -9.00862 -3.44198 1.64603 -6.96773 -1.43323 -0.577076 1.71196 2.17282 0.56555 -2.06791 -2.90502
internal_weight=6467 5770 5721 5268 697 4407 1660 1466 575 532 861 622 613 2747 853 257 304 453 813 122 239 559 114 275 213 2237 1294 237 376 239
internal_count=6467 5770 5721 5268 697 4407 1660 1466 575 532 861 622 613 2747 853 257 304 453 813 122 239 559 114 275 213 2237 1294 237 376 239
cat_boundaries=0 1
cat_threshold=70
is_linear=0
shrinkage=0.05


end of trees

feature_importances:
cand_ovl=51
words_vs_alias_score_margin=48
base_cutoff_to_next_anchor_ms=37
base_pre_to_expected_ms=35
cand_cons=35
local_peak_db=23
expected_anchor_ms=21
local_valley_db=21
energy_mean=20
alias_group=19
mapping_confidence=19
cand_cons_gap=16
cand_offset=14
wav_duration_ms=12
cand_cutoff_abs=12
cand_cut_gap=11
prev_phone_gap_ms=10
cand_cutoff_to_next_anchor_ms=10
cand_delta_from_base_total=9
base_offset_to_expected_ms=8
cand_overlap_margin=8
cand_pre=6
cand_pre_abs=6
db_silence_ratio=4
mora_position=4
alias_type=3
onset_class=3
voicing_class=3
cand_ovl_ratio=3
mel_window_energy_mean=2
cand_pre_to_expected_ms=2
cand_pre_cons_margin=2
cand_leak_risk=2
cand_delta_from_base_anchor=1

parameters:
[boosting: gbdt]
[objective: regression]
[metric: l2]
[tree_learner: serial]
[device_type: cpu]
[data_sample_strategy: bagging]
[data: ]
[valid: ]
[num_iterations: 400]
[learning_rate: 0.05]
[num_leaves: 31]
[num_threads: 0]
[seed: 0]
[deterministic: 0]
[force_col_wise: 0]
[force_row_wise: 0]
[histogram_pool_size: -1]
[max_depth: -1]
[min_data_in_leaf: 40]
[min_sum_hessian_in_leaf: 0.001]
[bagging_fraction: 0.85]
[pos_bagging_fraction: 1]
[neg_bagging_fraction: 1]
[bagging_freq: 1]
[bagging_seed: 3]
[bagging_by_query: 0]
[feature_fraction: 0.85]
[feature_fraction_bynode: 1]
[feature_fraction_seed: 2]
[extra_trees: 0]
[extra_seed: 6]
[early_stopping_round: 0]
[early_stopping_min_delta: 0]
[first_metric_only: 0]
[max_delta_step: 0]
[lambda_l1: 0]
[lambda_l2: 0]
[linear_lambda: 0]
[min_gain_to_split: 0]
[drop_rate: 0.1]
[max_drop: 50]
[skip_drop: 0.5]
[xgboost_dart_mode: 0]
[uniform_drop: 0]
[drop_seed: 4]
[top_rate: 0.2]
[other_rate: 0.1]
[min_data_per_group: 100]
[max_cat_threshold: 32]
[cat_l2: 10]
[cat_smooth: 10]
[max_cat_to_onehot: 4]
[top_k: 20]
[monotone_constraints: ]
[monotone_constraints_method: basic]
[monotone_penalty: 0]
[feature_contri: ]
[forcedsplits_filename: ]
[refit_decay_rate: 0.9]
[cegb_tradeoff: 1]
[cegb_penalty_split: 0]
[cegb_penalty_feature_lazy: ]
[cegb_penalty_feature_coupled: ]
[path_smooth: 0]
[interaction_constraints: ]
[verbosity: -1]
[saved_feature_importance_type: 0]
[use_quantized_grad: 0]
[num_grad_quant_bins: 4]
[quant_train_renew_leaf: 0]
[stochastic_rounding: 1]
[linear_tree: 0]
[max_bin: 255]
[max_bin_by_feature: ]
[min_data_in_bin: 3]
[bin_construct_sample_cnt: 200000]
[data_random_seed: 1]
[is_enable_sparse: 1]
[enable_bundle: 1]
[use_missing: 1]
[zero_as_missing: 0]
[feature_pre_filter: 1]
[pre_partition: 0]
[two_round: 0]
[header: 0]
[label_column: ]
[weight_column: ]
[group_column: ]
[ignore_column: ]
[categorical_feature: 0,1,2,3,4,24,25,26,27,28,29,30,31,32]
[forcedbins_filename: ]
[precise_float_parser: 0]
[parser_config_file: ]
[objective_seed: 5]
[num_class: 1]
[is_unbalance: 0]
[scale_pos_weight: 1]
[sigmoid: 1]
[boost_from_average: 1]
[reg_sqrt: 0]
[alpha: 0.9]
[fair_c: 1]
[poisson_max_delta_step: 0.7]
[tweedie_variance_power: 1.5]
[lambdarank_truncation_level: 30]
[lambdarank_norm: 1]
[label_gain: ]
[lambdarank_position_bias_regularization: 0]
[eval_at: ]
[multi_error_top_k: 1]
[auc_mu_weights: ]
[num_machines: 1]
[local_listen_port: 12400]
[time_out: 120]
[machine_list_filename: ]
[machines: ]
[gpu_platform_id: -1]
[gpu_device_id: -1]
[gpu_use_dp: 0]
[num_gpu: 1]

end of parameters

pandas_categorical:[["japanese"], ["cvvc"], ["cv", "cv_head"], ["cv_fricative", "cv_head_fricative", "cv_head_other", "cv_head_plosive", "cv_head_sonorant", "cv_other", "cv_plosive", "cv_sonorant"], ["anchor_soft", "anchor_tight", "base", "cv_guard", "ja_cvvc_cv_forward", "ja_cvvc_cv_hold", "next_safe"], ["none"], ["", "a", "e", "i", "n", "o", "u"], [""], ["head", "mid", "tail"], ["fricative", "other", "plosive", "sonorant"], ["unknown", "voiced", "voiceless"], ["unknown"], ["", "cv", "cv_head", "vc", "vv"], [""]]
