tree
version=v4
num_class=1
num_tree_per_iteration=1
label_index=0
max_feature_idx=74
objective=regression_l1
feature_names=language format_type alias_type alias_group row_index_in_wav row_ratio_in_wav is_head_row is_tail_row wav_duration_ms base_offset base_cons base_cutoff_abs base_pre base_ovl base_cons_gap base_cut_gap base_ovl_ratio curr_phone_start_ms curr_phone_end_ms curr_phone_len_ms curr_vowel_start_ms curr_vowel_end_ms curr_vowel_len_ms syllable_start_ms syllable_end_ms syllable_len_ms prev_phone_gap_ms next_phone_gap_ms expected_anchor_ms base_offset_to_expected_ms base_pre_to_expected_ms base_cutoff_to_next_anchor_ms energy_mean energy_min energy_max energy_slope_pre energy_slope_post valley_energy valley_dist_from_cutoff_ms db_mean db_min db_silence_ratio f0_voicing_mean f0_voicing_near_pre zcr_mean spectral_flux_mean onset_class voicing_class is_tense is_diphthong coda_type vowel_class mora_position bridge_type is_nasal_or_sonorant prev_alias_type next_alias_type prev_base_pre next_base_pre prev_base_offset next_base_offset prev_base_cutoff_abs next_base_cutoff_abs mapping_confidence used_alias_occurrence_mapping used_exact_vowel_fix used_nuclei_fallback used_alias_based_syllables words_vs_alias_score_margin jump_blocked_flag mapping_reason_code local_peak_db local_valley_db mel_window_energy_mean mel_window_silence_ratio
feature_infos=none none -1:0:1 -1:1:0:3:2 [0:39] [0:1] [0:1] [0:1] [3636.8253968253966:12360.294784580499] [37.75:11216.309999999999] [138.84999999999999:272.13] [314.95999999999998:11490.41] [27.809999999999999:175.21000000000001] [0:130.63] [76.329999999999998:150.14999999999998] [8:311.07000000000005] [0:0.82525743887800873] [70:11260] [420:11290] [10:4754.4699999999993] [70:11290] [420:11360] [29.999999999999091:4754.4699999999993] [0:11210] [420:12150] [30:4754.4699999999993] [0:320] [0:2150] [70:11290] [-176.59000000000017:41.509999999999991] [-35.700000000000045:166.25999999999999] [-2737.6400000000003:2456.5700000000002] [0.27333290299239799:1] [0:1] [0.46668452153324302:1] [-0.70887824468595007:1] [-0.7444309601900263:0.95557281141629158] [0:1] [0.0040362811789691:479.83712018140608] [-62.685141072849696:-7.4360091880644568] [-96.888252737959206:-8.7785598918622547] [0:0.55384615384615388] [0:1] [0:1] [0.0082222852282391994:0.2461015026935072] [0:0.054220212527439499] -1:1:3:2:0 -1:1:2:0 [0:1] [0:1] none -1:1:5:10:2:7:12:6:16:15:0:9:17:18:14:3:11:4 -1:1:0:2 none [0:1] -1:1:0:4:2:5 none [0:360] [0:360.31] [0:11099.530000000001] [0:10349.85] [0:11367.5] [0:10642.889999999999] [0.75031053025493821:1] none [0:1] none none [-15.722000000000005:1596.9359999999999] none none [-62.685141072849696:-7.4360091880644568] [-96.888252737959206:-8.7785598918622547] [0.27333290299239799:1] [0:0.55384615384615388]
tree_sizes=2696 2716 2738 2741 2730 2752 2761 2787 2725 2763 2767 2782 2770 2744 2759 2753 2771 2770 2778 2768 2803 2760 2758 2795

Tree=0
num_leaves=31
num_cat=3
split_feature=2 5 47 8 39 8 51 19 29 73 48 58 58 12 35 38 31 62 40 11 68 4 36 15 15 29 19 38 62 8
split_gain=245.058 337.344 128.929 93.2268 74.2314 63.3594 56.5945 48.4817 46.4147 34.8111 32.2817 29.4592 28.8099 19.6639 18.7798 17.5647 16.9059 16.3972 13.4898 13.3183 13.1065 12.1342 11.3718 10.8889 15.9059 10.8128 10.1521 10.1176 9.3537 9.2368
threshold=0 0.35897435897435898 1 5292.6984126984134 -18.681851050745312 5873.1065759637195 2 205.00000000000003 -64.750000000000099 0.83712546494433593 1.0000000180025095e-35 63.770000000000003 49.32500000000001 64.910000000000011 0.058439674430657708 180.27572562358299 -181.69500000000016 2405.4900000000007 -33.083253875893483 3037.7200000000003 129.28100000000003 3.5000000000000004 -0.0093873945581739986 64.925000000000011 61.070000000000029 -45.514999999999979 319.99999999999994 239.91071428571425 2034.3450000000003 4469.2743764172346
decision_type=1 2 1 2 2 2 9 2 2 2 2 2 2 2 2 2 2 2 2 2 2 2 2 2 2 2 2 2 2 2
left_child=1 3 6 9 7 14 8 15 -3 -1 18 13 -2 -11 -5 20 -8 -6 26 28 -4 -16 -10 24 -17 -13 -7 -14 -9 -18
right_child=12 2 4 5 17 10 16 19 22 11 -12 25 27 -15 21 23 29 -19 -20 -21 -22 -23 -24 -25 -26 -27 -28 -29 -30 -31
leaf_value=-16.554500293731689 -15.133000183105469 -17.223250293731688 -14.639750218391418 -15.459500217437744 -14.172000217437745 -17.363500213623048 -14.87850022315979 -12.373000240325927 -14.711500215530396 -14.525000214576721 -14.716500234603881 -15.715250205993652 -14.431500220298767 -16.104500293731689 -13.634000205993653 -13.904500222206115 -15.604000186920166 -15.859750270843506 -18.173500156402589 -14.191250219568611 -15.564500236511231 -14.459500223398209 -14.068000221252442 -13.366250228881835 -15.38950023651123 -16.806000232696533 -15.380500221252442 -13.512250208854676 -13.941500210762024 -17.302500247955322
leaf_weight=497 47 62 40 53 47 42 44 135 87 65 51 86 43 48 80 45 91 94 93 54 44 46 115 48 51 152 59 402 381 137
leaf_count=497 47 62 40 53 47 42 44 135 87 65 51 86 43 48 80 45 91 94 93 54 44 46 115 48 51 152 59 402 381 137
internal_value=-15.0106 -15.0164 -15.0001 -15.0353 -14.989 -15.0161 -15.0197 -14.9831 -15.0031 -15.0448 -15.0327 -15.0328 -14.9781 -15.0118 -14.9935 -15.0025 -15.0352 -15.0224 -15.042 -14.9753 -15.0207 -14.983 -14.9912 -14.9919 -15.0017 -15.0428 -15.0293 -14.9742 -14.9728 -15.0416
internal_weight=3239 2747 1475 1272 939 424 536 798 264 848 245 351 492 113 179 228 272 141 194 570 84 126 202 144 96 238 101 445 516 228
internal_count=3239 2747 1475 1272 939 424 536 798 264 848 245 351 492 113 179 228 272 141 194 570 84 126 202 144 96 238 101 445 516 228
cat_boundaries=0 1 2 3
cat_threshold=1 2 495616
is_linear=0
shrinkage=1


Tree=1
num_leaves=31
num_cat=5
split_feature=2 5 47 8 39 8 51 51 29 42 4 47 33 57 68 23 60 22 31 35 11 14 8 15 62 42 8 38 4 21
split_gain=202.761 313.533 126.453 100.982 82.9985 72.3879 54.0612 43.8066 41.6915 35.1152 29.301 28.8114 27.4792 27.3747 25.9848 23.7081 22.8452 20.8368 18.4692 17.686 16.948 15.5437 14.9234 12.1689 11.2763 10.9486 10.2747 10.0164 9.62749 8.82
threshold=0 0.35897435897435898 1 5292.6984126984134 -20.3579979232012 5873.1065759637195 2 3 -64.750000000000099 0.94734404888688017 5.5000000000000009 4 0.54964379850971978 61.285000000000004 85.492000000000019 2645.0000000000005 2097.5600000000004 405.00000000000006 -1.0000000180025095e-35 0.058439674430657708 1188.6100000000004 120.16500000000002 4803.6734693877561 105.75000000000001 2422.4450000000002 0.99703233797031021 4849.7732426303864 204.2340476190474 3.5000000000000004 2545.0000000000005
decision_type=1 2 1 2 2 2 9 9 2 2 2 1 2 2 2 2 2 2 2 2 2 2 2 2 2 2 2 2 2 2
left_child=1 3 6 7 9 19 8 13 -3 10 18 -7 -13 14 -1 24 -6 -8 23 -5 -2 29 -15 -4 -11 -26 -23 -18 -21 -10
right_child=20 2 4 5 16 11 17 -9 21 15 -12 12 -14 22 -16 -17 27 -19 -20 28 -22 26 -24 -25 25 -27 -28 -29 -30 -31
leaf_value=0.63600001186132438 1.2788625133037568 -2.1025875616073608 0.041475020647048937 -0.40827498912811278 0.98010000228881844 -2.8353248548507692 -1.7087999296188354 -1.5367750310897828 0.50648750543594367 1.9935750257968903 0.9814874994754792 0.43132500410079955 -1.6633250188827515 -1.4182625216245652 -0.55900624513626107 0.69231251113116743 -0.046643712520599359 -0.17829999446868899 0.47207501053810125 1.32770001411438 -0.14842496991157531 1.1613875067234041 -0.22427499294281006 -0.23592498183250427 0.87782501101493837 0.76307501018047341 0.25857501268386845 -0.85001251697540292 0.61147501021623618 -0.81920000314712527
leaf_weight=40 448 64 50 48 51 133 160 581 50 303 99 71 44 120 44 62 54 77 57 93 41 86 71 40 52 74 48 83 45 40
leaf_count=40 448 64 50 48 51 133 160 581 50 303 99 71 44 120 44 62 54 77 57 93 41 86 71 40 52 74 48 83 45 40
internal_value=-0.000108393 -0.00540146 0.0105517 -0.0233333 0.0216757 -0.00368664 -0.00904762 -0.0332944 0.0057047 0.0292402 0.0138211 -0.021371 -0.00304348 -0.0149123 0.00833333 0.0369654 -0.00797872 -0.0261134 -0.000340136 0.0198925 0.0295501 0.0160714 -0.0259162 -0.0144444 0.0411422 0.0285714 0.0268657 -0.0186131 0.0289855 0
internal_weight=3229 2740 1450 1290 925 434 525 856 288 737 246 248 115 275 84 491 188 237 147 186 489 224 191 90 429 126 134 137 138 90
internal_count=3229 2740 1450 1290 925 434 525 856 288 737 246 248 115 275 84 491 188 237 147 186 489 224 191 90 429 126 134 137 138 90
cat_boundaries=0 1 2 3 4 5
cat_threshold=1 2 497152 50176 2
is_linear=0
shrinkage=0.05


Tree=2
num_leaves=31
num_cat=5
split_feature=2 5 47 8 39 8 51 51 8 31 47 8 11 68 60 61 11 10 22 41 54 29 16 4 22 44 60 10 8 12
split_gain=200.025 299.261 104.089 81.3518 75.3487 65.1098 53.9116 43.5721 37.1538 33.8965 31.8887 27.0858 21.2104 19.8146 18.9328 18.5404 18.466 16.3966 16.3027 15.3363 14.9795 11.2976 11.0266 10.838 10.6795 9.54267 9.20909 7.92384 9.17039 7.90413
threshold=0 0.35897435897435898 1 5292.6984126984134 -20.3579979232012 5873.1065759637195 2 3 5857.6643990929715 -6.6399999999999855 4 4520.6349206349214 3037.7200000000003 56.296000000000014 2097.5600000000004 1180.2400000000002 1188.6100000000004 186.93500000000003 379.99999999999994 0.11696306429548561 1.0000000180025095e-35 -44.994999999999997 0.66547161059864657 3.5000000000000004 299.99999999999994 0.038134391834420155 1755.2750000000003 181.57000000000002 4839.6145124716559 79.495000000000019
decision_type=1 2 1 2 2 2 9 9 2 2 1 2 2 2 2 2 2 2 2 2 2 2 2 2 2 2 2 2 2 2
left_child=1 3 6 7 9 20 8 11 13 19 -7 -1 26 -3 -6 27 25 -12 -8 22 23 -20 24 -5 -4 -2 -11 -13 -29 -15
right_child=16 2 4 5 14 10 18 -9 -10 12 17 15 -14 29 -16 -17 -18 -19 21 -21 -22 -23 -24 -25 -26 -27 -28 28 -30 -31
leaf_value=-1.3668493650257589 0.92940063410997387 1.2156281564533711 0.88690063303709032 1.1978149905204774 0.89584500598907479 -2.7215586092472077 -1.764534999370575 -1.4573987238407136 -2.058708107233048 2.5324712836146355 0.23825873863697053 0.60420001126825817 0.47298813600465661 0.41291813415288936 -0.64977436304092417 -0.91756125092506413 0.05905251020193103 -0.83024120795726786 0.35044000005722048 -0.083628759443759915 -0.9541849598884582 -1.0243724849224092 -0.030598741114139561 0.47165125064551838 1.1370693761706352 1.7096693390011788 1.0719087596386672 -0.70268046778440485 0.32367534792423247 -0.57198995530605312
leaf_weight=126 234 100 63 95 46 131 130 536 57 137 55 40 49 100 141 46 48 53 42 49 41 80 55 42 76 215 332 44 49 46
leaf_count=126 234 100 63 95 46 131 130 536 57 137 55 40 49 100 141 46 48 53 42 49 41 80 55 42 76 215 332 44 49 46
internal_value=0.000276243 -0.00498008 0.0100798 -0.022973 0.0201477 -0.00491607 -0.00711712 -0.0319263 0.0071885 0.0271353 -0.0219665 -0.0150794 0.0343629 0.0158537 -0.00828877 -0.00307263 0.0294769 -0.00185185 -0.0236641 0.0117284 0.0179775 -0.0114754 0.0180412 0.0259124 0.0255396 0.0326281 0.0376333 0.00639098 -0.0016129 0.00410959
internal_weight=3258 2761 1503 1258 948 417 555 841 303 761 239 305 518 246 187 179 497 108 252 243 178 122 194 137 139 449 469 133 93 146
internal_count=3258 2761 1503 1258 948 417 555 841 303 761 239 305 518 246 187 179 497 108 252 243 178 122 194 137 139 449 469 133 93 146
cat_boundaries=0 1 2 3 4 5
cat_threshold=1 2 497152 181248 2
is_linear=0
shrinkage=0.05


Tree=3
num_leaves=31
num_cat=5
split_feature=2 5 47 8 39 8 51 42 51 47 63 33 58 10 31 60 28 15 49 35 8 63 57 15 44 17 44 4 25 45
split_gain=200.871 279.931 119.383 69.7152 63.84 59.8121 51.5251 47.5135 37.4186 29.5142 27.5092 22.0711 21.405 20.5484 20.2452 18.8721 17.4744 14.3202 13.6165 13.312 13.0227 12.7676 12.3495 20.5651 12.0788 11.2122 10.4086 8.78653 9.16721 8.59342
threshold=0 0.35897435897435898 1 5292.6984126984134 -18.9682463673028 5873.1065759637195 2 0.88947075880538062 3 4 0.99939097951417899 0.54964379850971978 49.32500000000001 177.11500000000004 -189.22499999999999 2084.9350000000009 2125.0000000000005 92.970000000000041 1.0000000180025095e-35 0.058439674430657708 4813.8321995464858 0.96881805884046679 61.580000000000005 61.550000000000004 0.027360362914658303 1285.0000000000002 0.038701445988091811 5.5000000000000009 314.99999999999994 0.018263807069823404
decision_type=1 2 1 2 2 2 9 2 9 1 2 2 2 2 2 2 2 2 2 2 2 2 2 2 2 2 2 2 2 2
left_child=1 3 6 8 7 19 16 27 10 -7 20 -11 -2 -9 -8 -6 -3 22 -16 -5 -1 -20 -15 -24 -21 -12 -14 28 -4 -19
right_child=12 2 4 5 15 9 14 13 -10 11 25 -13 26 17 18 -17 -18 29 21 24 -22 -23 23 -25 -26 -27 -28 -29 -30 -31
leaf_value=-1.1439447320804002 -0.14163138311803342 0.81195950755476964 0.24689800257720057 -0.44090196115970604 0.93005275187492387 -2.4594807870268824 0.50631801469326021 0.2265660169385374 -1.4270288067221644 0.226345801705122 0.51426624326445169 -1.6068966960966584 0.94969935593307009 1.3563386871486902 -1.3950950916290283 -0.80127315390110021 -0.10928588785827156 1.9808008098222318 -0.97891834212541584 0.28642425434589391 -0.33010813802480699 0.089575352767109886 1.2438301373276861 -0.0011741836749017409 1.4866214676532896 -0.30923999681659042 1.6728835485160349 0.49383207673132423 -0.3192107204671949 0.69558832283988603
leaf_weight=129 42 73 46 51 40 130 41 74 548 73 40 44 249 41 168 116 63 261 107 41 79 68 64 79 78 46 188 57 56 114
leaf_count=129 42 73 46 51 40 130 41 74 548 73 40 44 249 41 168 116 63 261 107 41 79 68 64 79 78 46 188 57 56 114
internal_value=-0.000530256 -0.00577558 0.00905995 -0.0230739 0.0196203 -0.00635492 -0.0101923 0.0253788 -0.0313539 -0.0220648 -0.0151316 -0.00384615 0.0293319 0.0315166 -0.0192893 -0.00961538 0.0157534 0.0347943 -0.0237609 0.0164706 -0.0254808 -0.014 0.0233696 0.0164336 0.0256303 0.00813953 0.0326087 0.000943396 -0.00784314 0.0404
internal_weight=3206 2727 1468 1259 948 417 520 792 842 247 294 117 479 633 384 156 136 559 343 170 208 175 184 143 119 86 437 159 102 375
internal_count=3206 2727 1468 1259 948 417 520 792 842 247 294 117 479 633 384 156 136 559 343 170 208 175 184 143 119 86 437 159 102 375
cat_boundaries=0 1 2 3 4 5
cat_threshold=1 2 360448 181248 2
is_linear=0
shrinkage=0.05


Tree=4
num_leaves=31
num_cat=5
split_feature=55 8 14 46 20 12 30 8 10 51 39 63 8 39 39 47 8 14 68 51 14 22 58 38 10 13 18 39 35 14
split_gain=175.426 135.263 113.919 98.8953 97.5677 100.143 66.3783 60.1328 31.3426 29.1419 26.1875 30.6548 24.446 23.0695 22.4526 25.4186 17.8677 33.3029 16.4478 14.2203 13.7004 11.7491 11.4648 18.8423 11.2982 10.5231 9.15638 8.91387 7.46753 6.64741
threshold=0 4469.2743764172346 130.99500000000003 1 1645.0000000000002 66.470000000000013 49.284999999999975 5934.8299319727894 169.08000000000001 2 -20.507031762610495 0.99698995942563051 4683.1746031746034 -48.231694286851791 -19.591768584656851 3 5873.1065759637195 116.94500000000001 98.711000000000027 4 119.92000000000002 215.00000000000003 95.38000000000001 47.780895691609892 176.30500000000004 9.0200000000000014 2575.0000000000005 -13.902247343859175 0.38840000585642631 113.53500000000003
decision_type=9 2 2 1 2 2 2 2 2 9 2 2 2 2 2 1 2 2 2 9 2 2 2 2 2 2 2 2 2 2
left_child=1 2 13 8 28 14 7 10 -3 18 16 26 -7 -1 15 24 21 -18 -8 22 -9 -5 23 -15 -6 -4 -12 -13 -2 -25
right_child=4 3 25 6 5 12 9 20 -10 -11 11 27 -14 19 -16 -17 17 -19 -20 -21 -22 -23 -24 29 -26 -27 -28 -29 -30 -31
leaf_value=-0.091715737546337731 -1.2245185668389873 -0.043799787259250871 -1.5154115281796456 -0.063677728071808742 -1.9383669706991313 2.2468001076054573 0.30486013399541378 -1.1381952617285493 1.1352325912514796 -1.8362634965790066 -0.42549343595154598 0.010201992247048786 -0.0034434798620827326 -0.27131779534921052 -1.644553506264687 0.33753446494147188 0.4267887901298516 -2.0236081745749899 -0.77271483434259902 1.2590417365869879 -2.4016567916399243 0.82659533003925356 1.203260784589909 1.6487610092209093 -0.30526599634647378 -0.58637843240261078 -1.4284594618737698 0.66400804508917044 -0.80521485341608534 0.79814359232269227
leaf_weight=42 308 43 59 41 42 103 63 48 166 280 177 53 48 60 78 60 49 57 41 526 83 284 57 40 44 40 41 58 92 188
leaf_count=42 308 43 59 41 42 103 63 48 166 280 177 53 48 60 78 60 49 57 41 526 83 284 57 40 44 40 41 58 92 188
internal_value=0.000565576 0.00702314 0.0211462 -0.00256065 -0.0200637 -0.002 -0.00782101 -0.000392817 0.0285388 -0.0252604 0.005 -0.0056231 0.0294702 0.0266703 -0.0232143 -0.0116438 0.013109 -0.00471698 -0.000877193 0.0284156 -0.0316794 0.0189231 0.0184507 0.0149306 -0.0290698 -0.029798 -0.0165138 0.0157658 -0.0375 0.0214912
internal_weight=3271 2496 1012 1484 775 375 1275 891 209 384 760 329 151 913 224 146 431 106 104 871 131 325 345 288 86 99 218 111 400 228
internal_count=3271 2496 1012 1484 775 375 1275 891 209 384 760 329 151 913 224 146 431 106 104 871 131 325 345 288 86 99 218 111 400 228
cat_boundaries=0 1 2 3 4 5
cat_threshold=35 1 201216 2 22088
is_linear=0
shrinkage=0.05


Tree=5
num_leaves=31
num_cat=4
split_feature=2 5 51 38 39 30 55 33 38 12 68 47 60 4 58 32 63 39 48 39 44 40 60 11 33 12 63 10 4 44
split_gain=161.045 259.594 80.3634 57.26 49.7549 40.9813 35.5419 51.0649 32.1722 26.1527 26.2597 23.9715 23.5244 22.2511 20.2291 19.4255 18.4182 14.7911 13.8505 13.5317 13.5005 12.4493 11.8605 11.8214 11.7366 11.7174 11.3844 10.1979 9.72408 9.17643
threshold=0 0.35897435897435898 1 187.25104308389999 -22.448590280318978 -6.9600000000000355 2 0.10624734149370287 240.48539682539686 66.640000000000015 68.25800000000001 3 2166.9000000000005 3.5000000000000004 49.32500000000001 0.70655709087540763 0.99996822332188595 -37.059820232302634 1.0000000180025095e-35 -29.427080035357019 0.038701445988091811 -30.586206039872341 2121.6550000000002 1533.8600000000004 0.52378178794974517 58.830000000000005 0.95949047000284116 182.55500000000004 4.5000000000000009 0.031046214913524203
decision_type=1 2 9 2 2 2 9 2 2 2 2 1 2 2 2 2 2 2 2 2 2 2 2 2 2 2 2 2 2 2
left_child=1 3 4 17 8 19 7 -5 11 10 28 25 -6 18 -2 -13 -9 -1 29 -4 26 -19 -17 -8 -20 -3 -16 -15 -7 -11
right_child=14 2 5 6 12 9 23 16 -10 13 -12 15 -14 27 20 22 -18 21 24 -21 -22 -23 -24 -25 -26 -27 -28 -29 -30 -31
leaf_value=-1.2221357099388692 -0.22310985130205002 -0.035268628066165153 -1.7033079237214925 0.71363359547212246 0.19801769778496398 0.75566174247284235 -1.2954540458954276 -0.90788561307328575 1.720935237835169 -0.13581746414616874 -0.46061517836165433 -0.087206434723115053 -1.3154714170887472 0.28725977794594088 0.97201228795562677 1.1595252333662138 0.12476341064656947 -0.6909889517770168 0.49759449023586511 0.51056340264591293 1.5115896230547579 -1.9685790239609184 0.26134487565638598 -1.0349714530598551 1.9190318420412096 -1.2391441002273895 0.44360657651339469 1.5771582463011669 0.014351722046613703 0.59601506946504401
leaf_weight=219 45 66 48 116 75 113 61 243 76 60 75 73 188 47 168 74 101 255 40 50 203 203 57 74 65 72 80 203 41 82
leaf_count=219 45 66 48 116 75 113 61 243 76 60 75 73 188 47 168 74 101 255 40 50 203 203 57 74 65 72 80 203 41 82
internal_value=0.000168042 -0.00451927 0.00953488 -0.0211478 -0.00325615 0.0199041 -0.00983193 -0.00276596 0.00741627 0.0242424 0.010262 0.000877193 -0.0203422 0.0306841 0.0264113 0.0117647 -0.0125 -0.0310931 0.0200405 -0.0102041 0.0296009 -0.0259825 0.0232824 -0.0313793 0.0338095 -0.0152174 0.0217742 0.0412 0.0220779 0.00985915
internal_weight=3273 2777 1505 1272 681 824 595 460 418 726 229 342 263 497 496 204 344 677 247 98 451 458 131 135 105 138 248 250 154 142
internal_count=3273 2777 1505 1272 681 824 595 460 418 726 229 342 263 497 496 204 344 677 247 98 451 458 131 135 105 138 248 250 154 142
cat_boundaries=0 1 2 3 4
cat_threshold=1 6748 35 2
is_linear=0
shrinkage=0.05


Tree=6
num_leaves=31
num_cat=3
split_feature=55 8 12 51 8 40 14 65 16 68 21 38 23 58 8 32 47 15 43 8 68 29 39 38 19 19 11 16 15 45
split_gain=134.325 146.393 160.589 119.017 62.0778 56.9907 38.5511 38.4827 36.6601 29.4121 25.7602 45.2244 24.995 22.063 20.3118 17.2344 17.2078 16.9009 16.4224 14.9731 14.7768 14.7264 13.2064 12.25 12.1726 11.7036 9.51828 9.5049 9.40093 8.91901
threshold=0 4480.0000000000009 40.150000000000006 1 5934.8299319727894 -36.170003771204648 121.17500000000003 1.0000000180025095e-35 0.21675668724279831 101.477 1985.0000000000002 180.27572562358299 1585.0000000000002 94.285000000000011 5873.1065759637195 0.65420838176154861 2 95.885000000000005 0.39544195733431647 5292.6984126984134 68.25800000000001 -49.200000000000038 -16.58989128849203 211.34673469387761 234.99999999999991 269.99999999999994 1147.3500000000001 0.70867342232100194 84.590000000000003 0.011730042224253152
decision_type=9 2 2 9 2 2 2 2 2 2 2 2 2 2 2 2 1 2 2 2 2 2 2 2 2 2 2 2 2 2
left_child=24 2 -2 4 9 17 10 19 -8 -3 11 12 15 22 23 -4 -12 18 -5 -7 -10 -19 -11 -9 -1 -20 -13 -28 -18 -6
right_child=1 3 6 5 29 7 8 14 20 13 16 26 -14 -15 -16 -17 28 21 25 -21 -22 -23 -24 -25 -26 -27 27 -29 -30 -31
leaf_value=-1.1713128390530823 -1.2175604963736593 0.58705268601860272 -0.47943945841179886 0.27111120916650183 -2.5904669994178873 -1.8459782837855567 -0.63120335080377721 -0.47445669886404263 0.77855506628137228 -0.011563157474053655 0.49087532446777082 1.2642960748346834 0.50765208081295488 0.80780223155350017 -2.3179185107148323 -0.016886312044315899 0.79960521257299699 0.72685047019129811 -1.4483761369093144 -1.2272400183527754 -0.11986472510234868 -0.07530395871803508 -0.93939298659792103 0.083280231910287938 -0.73666078182835804 0.068149660693247863 0.70070658267840891 1.139911693585006 1.7750802003480843 -1.372761636470698
leaf_weight=181 102 364 46 44 40 288 50 85 73 126 63 256 63 77 62 56 41 90 104 98 68 61 44 131 76 41 138 40 267 46
leaf_count=181 102 364 46 44 40 288 50 85 73 126 63 256 63 77 62 56 41 90 104 98 68 61 44 131 76 41 138 40 267 46
internal_value=7.76156e-05 0.0031271 0.0160333 -0.00643739 0.00940594 -0.017357 0.0213178 -0.0260542 0.00078534 0.0151391 0.0253608 0.0189482 -0.00333333 0.00182186 -0.0118705 -0.0186275 0.0357143 -0.000882353 -0.0108466 -0.0362694 0.0138298 0.0115894 -0.00823529 -0.00462963 -0.0338951 -0.0189655 0.0274194 0.0185393 0.0405844 -0.0302326
internal_weight=3221 2964 1263 1701 697 1004 1161 664 191 611 970 599 165 247 278 102 371 340 189 386 141 151 170 216 257 145 434 178 308 86
internal_count=3221 2964 1263 1701 697 1004 1161 664 191 611 970 599 165 247 278 102 371 340 189 386 141 151 170 216 257 145 434 178 308 86
cat_boundaries=0 1 2 3
cat_threshold=4 478209 2
is_linear=0
shrinkage=0.05


Tree=7
num_leaves=31
num_cat=3
split_feature=55 8 12 51 33 49 8 38 31 8 14 31 68 10 5 14 54 14 42 57 12 58 22 21 51 17 39 68 29 39
split_gain=148.474 137.024 141.301 103.806 52.9498 54.6539 46.611 41.5205 38.888 34.2478 25.8039 22.7667 21.3145 20.1733 26.2688 20.3407 18.8894 17.3187 16.7582 15.8944 12.84 12.7562 13.6469 11.6471 10.5191 10.2084 10.1171 9.91011 9.68596 14.9692
threshold=0 4480.0000000000009 40.835000000000008 1 0.091964068242263372 1.0000000180025095e-35 5934.8299319727894 46.196383219954562 -1.0000000180025095e-35 5292.6984126984134 115.32000000000001 -184.30000000000004 103.67200000000003 178.50500000000002 0.45227272727272733 115.32000000000001 1.0000000180025095e-35 111.33000000000001 0.92756606033787448 93.475000000000009 60.915000000000006 94.285000000000011 349.99999999999994 3005.0000000000005 2 815.00000000000011 -34.661936466801258 76.215000000000018 -45.999999999999993 -21.037996214723027
decision_type=9 2 2 9 2 2 2 2 2 2 2 2 2 2 2 2 2 2 2 2 2 2 2 2 9 2 2 2 2 2
left_child=-1 2 -2 13 11 9 12 8 18 17 -9 -5 24 15 -15 -3 -11 -6 -4 25 -10 22 -14 28 -7 -12 -27 -22 29 -13
right_child=1 3 7 4 5 6 -8 10 20 16 19 23 21 14 -16 -17 -18 -19 -20 -21 27 -23 -24 -25 -26 26 -28 -29 -30 -31
leaf_value=-1.0788164098865012 -1.0987095048384494 -0.58902956717613053 -0.35853785830725204 1.3459583794880028 -0.67259891161900076 -0.041419743896763977 -2.1586336270407016 1.6862487172033991 -0.11515175254433832 0.053741791729866151 1.681295341974983 0.59037917553637642 -0.94484886934368628 0.20510847107295815 1.2747523579718534 0.7398515439192761 -2.3745119895776292 -1.9510066836883375 0.19651323219271388 -0.01783351023670816 0.97620091752407046 0.19934262122915772 0.13983229230171954 -0.96806025081336533 0.39899370785075949 0.32132038952620051 0.94946245136623508 0.34202496745396288 -0.48545189596076865 -0.38213903209149169
leaf_weight=263 106 40 75 80 55 120 101 305 49 103 47 104 155 73 128 59 40 236 66 74 89 56 54 71 158 175 194 89 44 44
leaf_count=263 106 40 75 80 55 120 101 305 49 103 47 104 155 73 128 59 40 236 66 74 89 56 54 71 158 175 194 89 44 44
internal_value=-4.61113e-05 0.00316667 0.0156422 -0.00601395 -0.0116352 -0.0171614 -0.00791925 0.0206793 0.00679348 -0.0308756 0.0271069 0.00539359 -0.00211786 0.0203226 0.0300995 0.00252525 -0.0108392 -0.0407216 -0.0138298 0.02 0.0196035 -0.0122642 -0.0179426 -0.00171103 0.00755396 0.0237981 0.0210027 0.0258427 0.0046875 0.0108108
internal_weight=3253 2990 1269 1721 1421 1078 644 1163 368 434 795 343 543 300 201 99 143 291 141 490 227 265 209 263 278 416 369 178 192 148
internal_count=3253 2990 1269 1721 1421 1078 644 1163 368 434 795 343 543 300 201 99 143 291 141 490 227 265 209 263 278 416 369 178 192 148
cat_boundaries=0 1 2 3
cat_threshold=4 65537 36880
is_linear=0
shrinkage=0.05


Tree=8
num_leaves=31
num_cat=6
split_feature=3 5 51 8 8 51 8 31 47 32 31 47 32 32 18 31 39 35 11 58 62 8 4 51 29 63 8 10 39 10
split_gain=133.35 268.511 84.1093 55.4696 52.5859 52.3798 49.2786 43.8085 30.1734 30.493 28.1638 28.1092 20.4444 19.8304 24.0853 21.7542 19.5978 18.4835 17.8748 16.733 14.8983 12.9981 12.4059 12.3006 14.195 10.2003 9.24593 8.20023 9.39527 8.18326
threshold=0 0.35897435897435898 1 4500.3174603174621 4973.2199546485272 2 5873.1065759637195 -200.91000000000005 3 0.68681643959736849 -1.0000000180025095e-35 4 0.91593625846612714 0.95575204261482283 3325.0000000000005 -171.53999999999994 -34.415780044099073 0.058439674430657708 1142.8100000000004 94.285000000000011 2393.4800000000009 5713.9002267573705 3.5000000000000004 5 -58.759999999999984 0.98552344483165188 4813.8321995464858 177.64500000000001 -18.681851050745312 184.74500000000003
decision_type=1 2 9 2 2 9 2 2 1 2 2 1 2 2 2 2 2 2 2 2 2 2 2 9 2 2 2 2 2 2
left_child=18 4 10 8 5 16 17 -5 -4 -10 19 -8 -13 14 15 -9 -2 -6 -1 21 -11 29 -19 24 -20 26 -18 -12 -29 -3
right_child=1 2 3 7 6 -7 11 13 9 20 27 12 -14 -15 -16 -17 25 22 23 -21 -22 -23 -24 -25 -26 -27 -28 28 -30 -31
leaf_value=1.1351884918787085 -1.0786786695726533 0.91785127386424148 -0.20027306539802919 0.97742637783888253 -0.39796948587299669 -1.1518756351685435 -2.0507019456886666 -1.4233139581924679 -0.038169312127215263 1.541711662342059 0.35964814405397533 0.38136697179031143 -0.7995952537700366 -1.7214123951021687 -1.3805899291370514 0.047303683066810764 -0.63014308250087225 1.2349311489874037 1.1858161640810472 0.84661402879779724 0.65936727204536572 -1.6866775134405239 0.42433573565679883 0.71631561824702628 -0.40761720635539833 0.26849509163860236 -0.052180924654829576 1.1775161063075039 0.41695913003074597 -0.29854579391019859
leaf_weight=242 92 47 107 42 56 513 141 76 58 148 67 63 53 61 68 250 60 85 41 71 40 47 41 136 60 111 75 317 43 41
leaf_count=242 92 47 107 42 56 513 141 76 58 148 67 63 53 61 68 250 60 85 41 71 40 47 41 136 60 111 75 317 43 41
internal_value=0.000153752 -0.00407833 0.0104181 0 -0.0207752 -0.0280259 -0.00671982 -0.0107646 0.0151558 0.0247967 0.024028 -0.0208171 -0.00258621 -0.0152747 -0.0111675 -0.00552147 -0.0114943 0.0131868 0.0242331 0.0092233 0.0345745 -0.00111111 0.0238095 0.0149789 0.00045045 -0.00447154 -0.0137037 0.031733 0.0347222 0.0102273
internal_weight=3252 2773 1483 850 1290 851 439 497 353 246 633 257 116 455 394 326 338 182 479 206 188 135 126 237 101 246 135 427 360 88
internal_count=3252 2773 1483 850 1290 851 439 497 353 246 633 257 116 455 394 326 338 182 479 206 188 135 126 237 101 246 135 427 360 88
cat_boundaries=0 1 2 3 4 5 6
cat_threshold=12 378017 443392 2 2 68682
is_linear=0
shrinkage=0.05


Tree=9
num_leaves=31
num_cat=4
split_feature=2 5 47 39 39 35 31 55 51 63 10 37 60 11 11 58 49 68 38 36 58 63 22 39 29 15 29 39 63 60
split_gain=129.304 244.745 72.0856 52.7515 41.2199 46.4742 33.3724 33.2415 31.6385 26.5106 21.4141 21.3621 20.7465 17.8444 16.5335 20.6722 14.8115 14.7698 13.2171 12.3642 12.2922 13.4806 12.2885 12.2704 11.3882 11.3636 10.6396 9.8 9.35534 7.93651
threshold=0 0.35897435897435898 1 -18.9682463673028 -38.646990890950846 0.088562698723084365 -1.0000000180025095e-35 2 3 0.95872970145967207 180.20500000000001 0.044150587719663605 2077.3050000000007 1142.8100000000004 1531.1950000000002 90.750000000000014 1.0000000180025095e-35 89.367000000000019 227.68848072562358 0.030047084113957553 52.685000000000009 0.9754870517395231 205.00000000000003 -25.202960645159695 -58.055000000000057 76.440000000000012 -26.909999999999965 -24.115968459738614 0.99939097951417899 1248.0150000000001
decision_type=1 2 1 2 2 2 2 9 9 2 2 2 2 2 2 2 2 2 2 2 2 2 2 2 2 2 2 2 2 2
left_child=1 4 8 6 -1 16 18 11 9 -3 -8 -7 -5 -2 -9 -16 23 26 22 -10 -15 29 -4 -6 -21 27 -18 -12 -13 -22
right_child=13 2 3 12 5 7 10 14 19 -11 25 28 -14 20 15 -17 17 -19 -20 24 21 -23 -24 -25 -26 -27 -28 -29 -30 -31
leaf_value=-1.1182664709390799 1.138062855847892 -0.33285518294560607 -0.29645904556059843 0.8016351277384548 -1.0301639007220076 0.71285993484542542 0.13815752432915512 -0.95719413097250683 -0.86705030348465972 0.63271099746414228 0.10154050053630988 -0.34667072426976164 -0.64019666375754336 -0.25510621945767603 -0.72372205624385466 0.093322680687698875 -0.55598532253271493 -1.1110791356763332 1.1873978961982179 -1.2806063216688695 1.3670628324166068 -0.090994277900198706 0.23597351522105481 -1.8825372293506089 0.3504147827481312 1.4497869854669159 0.23724168773484094 0.69072758159242964 0.5266728530660143 0.51851700789387001
leaf_weight=204 233 129 67 42 79 87 90 70 209 115 40 161 118 48 80 64 46 191 40 40 60 52 165 169 45 360 56 40 58 84
leaf_count=204 233 129 67 42 79 87 90 70 209 115 40 161 118 48 80 64 46 191 40 40 60 52 165 169 45 360 56 40 58 84
internal_value=-0.000246761 -0.00439421 0.00926667 0.0174636 -0.0205929 -0.0166352 0.0226933 -0.00596154 -0.00539033 0.00787402 0.03 0.00474684 -0.00875 0.0237945 -0.0205357 -0.0118056 -0.0268946 -0.0192833 0.00845588 -0.0161184 0.0143443 0.019898 0.00387931 -0.0358871 -0.000588235 0.0345455 -0.00392157 0.0175 -0.00342466 0.0277778
internal_weight=3242 2765 1500 962 1265 1061 802 520 538 244 530 306 160 477 214 144 541 293 272 294 244 196 232 248 85 440 102 80 219 144
internal_count=3242 2765 1500 962 1265 1061 802 520 538 244 530 306 160 477 214 144 541 293 272 294 244 196 232 248 85 440 102 80 219 144
cat_boundaries=0 1 2 3 4
cat_threshold=1 2 35 493072
is_linear=0
shrinkage=0.05


Tree=10
num_leaves=31
num_cat=4
split_feature=2 5 47 8 35 39 51 32 29 58 51 62 62 40 58 33 68 38 44 29 10 4 32 68 23 21 61 33 25 14
split_gain=142.984 217.209 64.9329 61.0821 55.0449 42.1667 41.3333 40.971 24.1298 19.0527 18.8744 17.5926 17.4841 16.224 16.0789 15.7923 15.5904 15.4504 15.2786 14.0926 12.1526 11.9126 11.3199 9.99536 9.78638 15.2388 9.11569 8.97226 8.51829 8.42776
threshold=0 0.35897435897435898 1 4839.6145124716559 0.13639755712096649 -18.872783335938561 2 0.85732814081267417 -64.750000000000099 57.800000000000004 3 2415.7800000000002 2352.9250000000006 -27.490112713015389 49.32500000000001 0.036458746412109354 104.67500000000003 243.90595238095241 0.025659200453643304 -27.400000000000087 176.02000000000001 7.5000000000000009 0.87164300717824106 75.688500000000019 2445.0000000000005 2035.0000000000002 1159.9450000000004 0.68679942457765952 334.99999999999994 114.26500000000003
decision_type=1 2 1 2 2 2 9 2 2 2 9 2 2 2 2 2 2 2 2 2 2 2 2 2 2 2 2 2 2 2
left_child=1 3 6 9 10 7 8 20 -3 -1 16 -9 -7 -12 -2 -6 -5 -8 -16 -13 -4 24 -20 -10 25 28 -11 -14 -22 -17
right_child=14 2 5 4 15 12 17 11 23 26 13 19 27 -15 18 29 -18 -19 22 -21 21 -23 -24 -25 -26 -27 -28 -29 -30 -31
leaf_value=-0.20095600526709045 -0.24235090848479218 -1.3796308549172616 -0.26828981343481301 0.46350902294158125 0.57647594578379291 0.55411341728157293 -1.0242735849206561 1.4875668154691277 0.64931518167534197 -0.77430350967022932 -0.75621496609676564 1.0160759212038053 -0.34535934112745342 -1.8119065961142118 0.46200973878865348 0.34044236086130114 -0.74738364460964868 0.11861594614386864 1.2622046126393176 -0.25374371850755262 0.24205630222091715 0.80456920377707764 0.50464220207598298 0.068747552511058713 -0.37831751686954429 0.85275828061091286 -0.97950740716683038 -0.84562807280720309 -0.20631906926837013 -0.23983850702239523
leaf_weight=47 41 52 64 41 101 40 235 282 132 259 131 66 74 128 122 45 87 55 235 41 65 76 96 63 58 83 316 40 62 121
leaf_count=47 41 52 64 41 101 40 235 282 132 259 131 66 74 128 122 45 87 55 235 41 65 76 96 63 58 83 316 40 62 121
internal_value=-0.000890117 -0.00531838 0.00766129 -0.0204545 -0.00978593 0.01551 -0.00623836 0.020138 0.00875486 -0.031672 -0.0218346 0.0317481 -0.00844156 -0.0291822 0.0238866 0.0076779 -0.00434783 -0.0186667 0.0266004 0.014486 0.00906863 0.0127907 0.0321752 0.0171795 0.00783582 0.0128571 -0.0341739 -0.0184211 0.0019685 -0.00180723
internal_weight=3258 2764 1488 1276 654 951 537 797 247 622 387 389 154 259 494 267 128 290 453 107 408 344 331 195 268 210 575 114 127 166
internal_count=3258 2764 1488 1276 654 951 537 797 247 622 387 389 154 259 494 267 128 290 453 107 408 344 331 195 268 210 575 114 127 166
cat_boundaries=0 1 2 3 4
cat_threshold=1 2 493072 1536
is_linear=0
shrinkage=0.05


Tree=11
num_leaves=31
num_cat=4
split_feature=3 5 8 15 35 51 68 51 38 68 47 8 18 58 58 39 31 44 54 10 31 16 33 10 22 73 54 20 31 49
split_gain=115.928 199.6 77.475 61.5272 60.1994 30.2299 39.7752 27.5844 26.5842 24.7063 24.362 22.8178 20.7004 20.418 20.3478 17.3832 15.7517 14.84 14.1576 14.5132 13.9751 12.3192 11.6485 10.2761 10.2 10.1427 9.33353 13.1095 9.03518 9.1964
threshold=0 0.46291208791208799 4825.396825396826 77.459999999999994 0.084059486075366605 1 119.83600000000001 2 118.97704081632652 81.304500000000019 3 5934.8299319727894 3325.0000000000005 54.705000000000005 56.525000000000013 -19.795218715907879 -1.0000000180025095e-35 0.025659200453643304 1.0000000180025095e-35 179.71000000000001 -172.23499999999987 0.67557151384156822 0.11594526489660777 177.64500000000001 314.99999999999994 0.90406728543697235 1.0000000180025095e-35 1655.0000000000002 -53.46000000000015 1.0000000180025095e-35
decision_type=1 2 2 2 2 9 2 9 2 2 1 2 2 2 2 2 2 2 2 2 2 2 2 2 2 2 2 2 2 2
left_child=13 2 14 5 7 6 -3 9 16 -4 -10 22 20 -1 -2 26 -5 -15 19 -18 -7 -21 -6 -22 -12 -19 27 -9 -16 -30
right_child=1 3 4 8 11 12 -8 15 10 -11 24 -13 -14 17 28 -17 18 25 -20 21 23 -23 -24 -25 -26 -27 -28 -29 29 -31
leaf_value=0.11461293394293369 0.18539744755019119 0.77879668289215465 0.49391318463100636 -0.061886698314403257 0.64839314081396449 -1.3567475463828176 -0.69434214346942291 -0.86447079979734953 0.21887504355428386 -0.70149530181366693 0.81037425416027953 -1.1724139421047444 -1.4085178624323114 0.55965060967118019 -0.93677322260996032 -2.0002325281089703 -0.032928762985441694 1.2832071888161303 -0.095693217707861863 0.87911802558534269 0.30796388116072015 0.42540686036735126 0.12819888138892957 -0.30700629914504951 1.5673108339859416 0.30626414284149028 -2.0996549911670037 0.14466656868170277 -1.0728911073223899 -0.50739293830952636
leaf_weight=104 44 101 50 123 165 67 46 57 108 120 51 78 52 108 130 103 52 230 59 120 72 66 165 129 204 51 56 52 208 255
leaf_count=104 44 101 50 123 165 67 46 57 108 120 51 78 52 108 130 103 52 230 59 120 72 66 165 129 204 51 56 52 208 255
internal_value=-0.000898946 -0.00493985 -0.0173635 0.00976 -0.00744681 -0.00460385 0.0136943 -0.0203196 0.0183269 -0.00333333 0.0282369 0.00637255 -0.0130303 0.021173 -0.0305338 -0.0298561 0.0097619 0.0268638 0.0159933 0.0214286 -0.00783582 0.027957 0.0121212 -0.00124378 0.0366667 0.0329181 -0.0209091 -0.0123853 -0.032968 -0.0296976
internal_weight=3226 2733 1483 1250 846 467 147 438 783 170 363 408 320 493 637 268 420 389 297 238 268 186 330 201 255 281 165 109 593 463
internal_count=3226 2733 1483 1250 846 467 147 438 783 170 363 408 320 493 637 268 420 389 297 238 268 186 330 201 255 281 165 109 593 463
cat_boundaries=0 1 2 3 4
cat_threshold=12 262657 67072 2
is_linear=0
shrinkage=0.05


Tree=12
num_leaves=31
num_cat=3
split_feature=2 61 12 51 8 39 8 32 72 61 38 8 30 22 60 17 51 72 58 54 8 19 45 30 15 57 39 58 15 31
split_gain=114.423 158.17 78.6294 54.0927 47.3158 33.9434 32.9368 29.3858 27.0745 23.6491 19.884 19.6544 26.4852 18.7793 16.7656 15.8313 15.4763 15.3821 13.9108 13.1547 15.4158 12.5327 12.0751 12.72 11.5591 11.5548 11.2854 10.1676 9.69624 11.9207
threshold=0 1431.3300000000002 66.640000000000015 1 5934.8299319727894 -19.029145200463869 5873.1065759637195 0.83712546494433593 -25.175722805408455 2688.3950000000004 147.71986394557828 5934.8299319727894 70.240000000000137 329.99999999999994 2080.2550000000006 865.00000000000011 2 -28.023312027152176 85.955000000000013 1.0000000180025095e-35 4875.5555555555566 339.99999999999994 0.027624468808041553 21.165000000000081 110.25000000000001 61.285000000000004 -39.921932329866628 101.51000000000001 59.475000000000001 -198.99999999999997
decision_type=1 2 2 9 2 2 2 2 2 2 2 2 2 2 2 2 9 2 2 2 2 2 2 2 2 2 2 2 2 2
left_child=1 7 3 8 5 10 9 22 -3 17 27 12 13 -9 -7 -2 24 -5 -6 20 -12 -19 -1 -24 -17 -15 -18 -4 -22 -30
right_child=15 2 4 6 18 14 -8 11 -10 -11 19 -13 -14 25 -16 16 26 21 -20 -21 28 -23 23 -25 -26 -27 -28 -29 29 -31
leaf_value=-0.94472224821847672 1.2646333814764104 -0.38956213549253099 0.2460355599170696 0.84519195805682834 -2.0755658619139274 0.65482907451077532 -1.3165054541855039 -0.35010556869694814 -1.4444222186086 -0.25475946025784496 1.7784234779281736 -1.9146003239668503 -1.8094736149528163 0.45328699538145306 -0.60592343841016938 0.5916121227445571 0.057858034738301714 -0.41084169703997042 0.11600513334488066 0.14684635834462423 0.90216492448716501 0.45998296161385471 -0.70682737740084445 0.073197698700164793 -0.44367179931188422 -0.63920003989616514 0.67304059455706877 0.65195380700163974 1.4526236519863349 0.24301218730430185
leaf_weight=263 124 249 225 117 57 41 72 190 104 51 165 71 63 118 98 42 49 82 40 53 62 92 144 49 75 60 181 124 41 102
leaf_count=263 124 249 225 117 57 41 72 190 104 51 165 71 63 118 98 42 49 82 40 53 62 92 144 49 75 60 181 124 41 102
internal_value=-0.000998752 -0.00492133 0.00391549 -0.00814863 0.0130952 0.0166301 0.00424528 -0.0212944 -0.0221763 0.0108187 0.0207254 -0.0129482 -0.00893271 -0.00380435 -0.00611511 0.0217622 0.0162824 0.016323 -0.0201031 0.0280142 0.0313514 0.00689655 -0.0304825 -0.0209845 0.000393701 0.00786517 0.0233333 0.0118911 0.0221951 0.015035
internal_weight=3204 2733 1775 767 1008 911 414 958 353 342 772 502 431 368 139 471 347 291 97 423 370 174 456 193 117 178 230 349 205 143
internal_count=3204 2733 1775 767 1008 911 414 958 353 342 772 502 431 368 139 471 347 291 97 423 370 174 456 193 117 178 230 349 205 143
cat_boundaries=0 1 2 3
cat_threshold=1 206 3146
is_linear=0
shrinkage=0.05


Tree=13
num_leaves=31
num_cat=6
split_feature=14 55 39 51 51 39 22 42 38 46 19 5 47 44 57 49 33 58 51 58 58 38 18 61 49 44 33 23 49 14
split_gain=96.7741 75.723 88.8059 55.5189 55.486 45.2814 42.545 36.2628 34.2028 40.8929 28.9801 30.3993 23.8291 19.9548 18.1725 16.0347 15.9372 15.364 14.9903 20.3337 14.3702 14.2912 14.2066 14.0662 12.3964 11.0356 10.4846 10.0581 9.6229 9.58062
threshold=120.58500000000002 0 -22.448590280318978 1 2 -26.175471085197994 379.99999999999994 0.89394294507771488 147.71986394557828 3 224.99999999999991 0.35897435897435898 4 0.026509781684150805 78.000000000000014 1.0000000180025095e-35 0.82125790032479096 90.360000000000014 5 55.740000000000002 62.595000000000006 3.7578231292517335 1895.0000000000002 1157.575 1.0000000180025095e-35 0.025375673376807451 0.52998071600158569 1265.0000000000002 1.0000000180025095e-35 111.33000000000001
decision_type=2 9 2 9 9 2 2 2 2 1 2 2 1 2 2 2 2 2 9 2 2 2 2 2 2 2 2 2 2 2
left_child=1 23 8 -4 5 10 17 -5 9 22 -2 27 -10 18 20 -7 -17 28 19 -14 -15 -11 -3 -1 29 -8 -20 -12 -6 -9
right_child=4 2 3 7 6 15 25 24 12 21 11 -13 13 14 -16 16 -18 -19 26 -21 -22 -23 -24 -25 -26 -27 -28 -29 -30 -31
leaf_value=-0.36120332123212873 -1.2437660991091892 -0.068357415180962014 0.32973984344409601 0.45981805777566259 -1.181599389066291 1.1738314842331223 -0.85397625795530208 -0.60032660843021268 1.3629010763686891 0.046092954679065559 -0.20951428960349938 1.0673045142252873 -0.13107628501648852 0.42589607860831596 -0.066481562493656998 0.26184392248844179 -0.33865759103635595 -0.59222941764298032 0.051382532763611134 0.96855970356486731 1.1770657636021 -0.66275477420347684 0.5850787470323322 -0.92212316650717685 -0.47836984947237254 0.27436768113926657 -0.59815769902876681 -1.8214404224166474 -0.90709246145139988 -1.4727357418239455
leaf_weight=80 94 64 229 73 180 49 74 58 251 65 56 53 44 131 54 237 83 130 69 70 191 111 238 78 90 81 40 45 78 148
leaf_count=80 94 64 229 73 180 49 74 58 251 65 56 53 44 131 54 237 83 130 69 70 191 111 238 78 90 81 40 45 78 148
internal_value=-0.000924784 0.00551823 0.00826446 -0.00769231 -0.0125 -0.00199362 -0.0239602 -0.0193931 0.015512 0.00481172 -0.0185484 -0.00519481 0.0215294 0.0161102 0.0231383 0.00907859 0.005 -0.0332474 0.00426009 0.016129 0.0276398 -0.0139785 0.0157051 -0.0267857 -0.0277027 -0.00225806 -0.00882353 -0.0212871 -0.0403101 -0.034466
internal_weight=3244 2084 1926 598 1160 617 543 369 1328 478 248 154 850 599 376 369 320 388 223 114 322 176 302 158 296 155 109 101 258 206
internal_count=3244 2084 1926 598 1160 617 543 369 1328 478 248 154 850 599 376 369 320 388 223 114 322 176 302 158 296 155 109 101 258 206
cat_boundaries=0 1 2 3 4 5 6
cat_threshold=4 465409 513025 2 4 464897
is_linear=0
shrinkage=0.05


Tree=14
num_leaves=31
num_cat=5
split_feature=5 2 8 39 35 49 12 8 55 51 39 68 51 33 8 40 11 14 44 57 44 17 39 33 45 14 51 45 19 63
split_gain=90.814 196.513 67.2149 46.3814 54.3372 39.5189 39.498 30.9042 30.7489 28.2284 19.8546 19.1323 18.0619 15.8943 14.9647 14.3851 14.0962 16.001 12.946 12.5164 12.3552 11.8974 11.6522 11.5574 11.5716 10.4417 11.6106 10.4174 10.0764 9.80616
threshold=0.46291208791208799 0 5934.8299319727894 -37.896718659038463 0.10882148016352901 1.0000000180025095e-35 66.640000000000015 5934.8299319727894 1 2 -23.078906674474769 72.855000000000004 3 0.07409814729765872 4973.2199546485272 -52.941258989359213 1533.8600000000004 118.30500000000002 0.042103770910121859 76.165000000000006 0.029912106606180853 805.00000000000011 -20.507031762610495 0.29972781964330858 0.0074696259757746509 112.825 4 0.022023538420700154 314.99999999999994 0.99996822332188595
decision_type=2 1 2 2 2 2 2 2 9 9 2 2 9 2 2 2 2 2 2 2 2 2 2 2 2 2 9 2 2 2
left_child=1 3 6 -1 5 14 12 11 13 15 20 -7 22 -6 -5 -8 -10 -18 -14 -12 -11 -3 23 -2 -25 -23 -27 -22 -13 -15
right_child=2 21 -4 4 8 7 9 -9 16 10 19 28 18 29 -16 -17 17 -19 -20 -21 27 25 -24 24 -26 26 -28 -29 -30 -31
leaf_value=-0.77792445213845107 0.18575107519905265 1.3306730677251257 -1.4435994170652517 -1.3646104186058949 0.77315702356988192 0.43273401108841231 0.2377569283114721 -2.1516732683027402 -0.69438693096804127 0.33726261901918148 0.17534842491933339 -0.59831088557663425 0.12289218858326448 -0.073262774731541747 -0.79901889287466921 1.2962193051499609 0.10816046776925888 -0.63940140379265342 1.4739465758399952 -0.62597736472597376 1.0004085920946324 1.1683802301745931 -0.58639458538312084 0.3097007086631518 -0.63757761891487841 0.044027254213463742 0.6030718987471082 0.21969598368953022 6.1678965604627941e-05 0.62645668995853898
leaf_weight=226 92 45 81 229 130 83 83 56 67 111 44 133 138 173 92 248 82 66 49 68 144 95 68 41 65 123 211 55 97 57
leaf_count=226 92 45 81 229 130 83 83 56 67 111 44 133 138 173 92 248 82 66 49 68 144 95 68 41 65 123 211 55 97 57
internal_value=-0.000184502 -0.00694656 0.0101399 -0.0158618 -0.0121344 -0.0215942 0.0131012 -0.0104336 -0.000782609 0.0201195 0.0106481 -0.0043131 0.00143488 0.00810811 -0.0344237 0.0309384 -0.0153333 -0.00743243 0.0129442 -0.00714286 0.0174194 0.021097 -0.00688406 -0.0010101 -0.0122642 0.0185315 0.0143713 0.0248744 -0.0117391 0.000434783
internal_weight=3252 1965 1287 1491 1265 690 1206 369 575 753 422 313 453 360 321 331 215 148 187 112 310 474 266 198 106 429 334 199 230 230
internal_count=3252 1965 1287 1491 1265 690 1206 369 575 753 422 313 453 360 321 331 215 148 187 112 310 474 266 198 106 429 334 199 230 230
cat_boundaries=0 1 2 3 4 5
cat_threshold=1 35 98471 223 328770
is_linear=0
shrinkage=0.05


Tree=15
num_leaves=31
num_cat=4
split_feature=2 5 15 8 37 12 51 14 14 22 54 68 8 31 49 29 40 51 17 14 51 36 12 14 25 60 5 49 31 59
split_gain=91.8112 174.784 61.1291 42.9008 40.133 35.3575 26.7823 22.8514 22.6619 22.0694 23.0315 21.9329 20.7484 21.6796 23.5183 21.7681 15.3523 15.1789 14.3908 13.5816 13.4101 12.8745 12.5388 12.132 11.2418 11.0817 10.985 10.9697 10.3894 10.187
threshold=0 0.35897435897435898 78.394999999999996 4825.396825396826 0.19906867433216738 66.640000000000015 1 115.08500000000002 111.855 314.99999999999994 1.0000000180025095e-35 52.956500000000013 5968.3900226757378 148.04499999999999 1.0000000180025095e-35 -25.434999999999999 -65.17040346555369 2 825.00000000000011 112.825 3 0.0021292140084220508 94.435000000000016 122.34500000000001 294.99999999999994 1769.4600000000003 0.72077922077922085 1.0000000180025095e-35 36.129999999999889 1680.1000000000001
decision_type=1 2 2 2 2 2 9 2 2 2 2 2 2 2 2 2 2 9 2 2 9 2 2 2 2 2 2 2 2 2
left_child=1 3 6 16 -5 7 11 -4 -8 24 -11 -3 13 14 -6 -16 -1 21 -2 -20 -21 -9 26 -18 -7 -19 -13 -25 -22 -27
right_child=18 2 5 4 12 9 8 17 -10 10 -12 22 -14 -15 15 -17 23 25 19 20 28 -23 -24 27 -26 29 -28 -29 -30 -31
leaf_value=-0.91258054754947704 1.2378187236845333 0.74327504739116146 -0.84949440848018443 0.22113403399785306 -1.3383328649991888 0.76353548602011001 0.099473545370543537 -0.48019424736008176 -1.0923078338087646 1.2754153033198532 -0.0045840035403808882 -0.88706024624979174 -2.0238794725199249 0.28019580240395037 -0.60903713117790681 0.22994022125166255 -0.69869668387393069 0.82485344195635535 1.0339490174856287 -0.086113473283886813 -0.034041750116073778 0.46895147841917223 0.55006004483011228 -0.44829907345370928 0.080043249129489222 0.41726745469243931 0.11940872583261225 -0.0054788955214175594 0.57291830380975284 -0.055531392114806316
leaf_weight=185 62 74 46 209 140 45 94 77 226 314 54 72 55 85 143 42 267 41 104 107 41 41 49 52 170 82 68 90 161 44
leaf_count=185 62 74 46 209 140 45 94 77 226 314 54 72 55 85 143 42 267 41 104 107 41 41 49 52 170 82 68 90 161 44
internal_value=-0.000833333 -0.00432188 0.00724783 -0.0179811 -0.00934718 0.0153173 -0.00540309 0.00226586 -0.0148485 0.0227273 0.030163 0.00641026 -0.0175269 -0.0136585 -0.0195385 -0.00783784 -0.0277778 0.00754386 0.0194737 0.0161017 0.0108414 -0.00625 -0.00238095 -0.0223716 0.01 0.0166667 -0.01 -0.0105634 0.0179245 0.0103175
internal_weight=3240 2765 1497 1268 674 914 583 331 320 583 368 263 465 410 325 185 594 285 475 413 309 118 189 409 215 167 140 142 202 126
internal_count=3240 2765 1497 1268 674 914 583 331 320 583 368 263 465 410 325 185 594 285 475 413 309 118 189 409 215 167 140 142 202 126
cat_boundaries=0 1 2 3 4
cat_threshold=1 459265 4118 328770
is_linear=0
shrinkage=0.05


Tree=16
num_leaves=31
num_cat=4
split_feature=8 60 51 58 29 40 11 68 47 47 12 23 31 43 57 44 25 14 40 58 68 44 68 57 61 68 57 12 46 30
split_gain=79.4415 89.6681 85.6728 64.5484 42.4576 37.665 60.8027 40.6182 29.9901 23.7543 21.4128 20.8776 16.5344 26.9769 16.4092 15.8736 15.4771 14.0703 12.4559 12.0892 11.7301 11.6797 11.1415 11.0748 10.4029 10.2181 9.50003 12.8702 12.6785 16.723
threshold=5934.8299319727894 977.19000000000017 0 152.68000000000004 -45.514999999999979 -52.941258989359213 1927.4150000000002 64.635500000000022 1 2 69.090000000000018 805.00000000000011 48.580000000000048 0.37540540466709627 71.625000000000014 0.025659200453643304 499.99999999999994 110.25500000000001 -17.600874123396924 59.315000000000005 83.160000000000011 0.038134391834420155 102.81850000000001 76.555000000000021 1567.1950000000002 113.14450000000001 81.995000000000019 104.99500000000002 3 25.215000000000035
decision_type=2 2 9 2 2 2 2 2 1 1 2 2 2 2 2 2 2 2 2 2 2 2 2 2 2 2 2 2 1 2
left_child=1 8 3 4 12 6 14 10 -1 -2 21 -10 13 -3 -4 -13 17 -6 19 25 -17 24 -20 -15 -7 -9 28 -28 -21 -30
right_child=9 2 5 -5 16 7 -8 18 11 -11 -12 15 -14 23 -16 20 -18 -19 22 26 -22 -23 -24 -25 -26 -27 27 -29 29 -31
leaf_value=1.7222472071263373 -1.8807422932798397 0.58185814872984365 0.0023759614944566022 0.37365067230794757 -0.1725455333449194 -0.12127588525051269 0.25731687032942913 0.022438191464055901 1.0382758191921526 -0.38180980589135666 1.2027532385341737 -0.33180949942912502 0.24999459007448485 -0.15756151231733317 -0.65496854300307916 0.68500170848012276 0.096235418972105802 -0.82079517523369594 0.090731075480652915 0.64890310311371158 -0.16998275409892047 0.84397132804721342 -0.77726249064919939 -1.1033012426203814 0.44275627591038663 -1.0982380351409486 -0.077480363136071165 1.0281420931191161 -0.36170219538434151 0.44095698004766248
leaf_weight=148 141 61 47 160 83 66 121 155 58 115 127 81 113 61 165 104 50 520 47 112 45 72 44 90 100 42 159 43 79 58
leaf_count=148 141 61 47 160 83 66 121 155 58 115 127 81 113 61 165 104 50 520 47 112 45 72 44 90 100 42 159 43 79 58
internal_value=-0.000994796 0.00127864 -0.00227184 -0.0124564 -0.0173824 0.00583967 -0.00885886 0.0103261 0.0222477 -0.0277344 0.0239726 0.0128472 -0.00261538 -0.0108491 -0.025 0.00608696 -0.024732 -0.0269486 0.00358593 0.00601852 0.0157718 0.0151261 -0.0137363 -0.0221854 0.00783133 -0.00431472 0.0105322 0.00247525 0.0170683 0.00510204
internal_weight=3267 3011 2575 1138 978 1437 333 1104 436 256 365 288 325 212 212 230 653 603 739 648 149 238 91 151 166 197 451 202 249 137
internal_count=3267 3011 2575 1138 978 1437 333 1104 436 256 365 288 325 212 212 230 653 603 739 648 149 238 91 151 166 197 451 202 249 137
cat_boundaries=0 1 2 3 4
cat_threshold=750 4 2 2
is_linear=0
shrinkage=0.05


Tree=17
num_leaves=31
num_cat=3
split_feature=38 8 5 71 8 14 3 51 45 47 9 58 40 40 8 14 31 40 11 10 14 32 36 15 38 10 57 71 44 34
split_gain=83.6959 96.0191 91.5402 42.3057 48.5846 46.0267 37.9362 30.8127 27.8362 21.4758 21.0721 19.406 17.04 20.9583 15.9324 14.7314 14.7112 14.6679 14.5903 13.4728 11.1534 10.9716 10.9302 10.7779 15.258 9.56516 9.45432 9.42616 9.20479 9.80401
threshold=112.09936507936483 4459.1156462585041 0.35897435897435898 -20.027051533407221 5873.1065759637195 119.63500000000001 0 1 0.026615894257970302 2 824.5100000000001 52.300000000000004 -53.198621488678008 -32.609380003281785 5292.6984126984134 118.20500000000001 4.4349999999999463 -19.449244391468241 1624.9600000000003 183.11000000000004 122.73500000000001 0.95401961699524407 0.057245900786254862 93.620000000000019 24.84599773242633 182.30000000000004 95.340000000000018 -36.188227643870967 0.028494471222001654 0.72252705090856295
decision_type=2 2 2 2 2 2 1 9 2 1 2 2 2 2 2 2 2 2 2 2 2 2 2 2 2 2 2 2 2 2
left_child=2 8 12 4 14 -6 11 21 9 10 -2 -5 18 -14 20 25 23 -8 -1 -18 -3 -4 -13 -9 -25 -11 27 -12 29 -16
right_child=1 3 7 6 5 -7 17 16 -10 15 26 22 13 -15 28 -17 19 -19 -20 -21 -22 -23 -24 24 -26 -27 -28 -29 -30 -31
leaf_value=-0.78321820235353035 0.8102376457431657 -0.073606344979267574 0.21113593128342176 0.61399849581498933 0.1881462498070138 -1.4128027650435664 -0.74589910848259777 -1.0574784197858613 -0.63801634651209627 0.61914017237337371 -0.034632989860376218 -0.40701579848209879 -0.080880011849963296 -1.2471738636560676 -0.1732662345515868 0.20875929299084475 -0.25425928520672919 -1.3865405025184758 -0.11105754687839671 0.50208222986047013 0.47499939752345305 1.0223777876331839 0.31656852029906335 0.13074850714493433 -0.35217214137790065 1.2980870239018376 -0.19146300259012936 0.48557401041691223 0.89469270164154424 0.76698814797701564
leaf_weight=245 143 115 206 41 158 127 118 68 50 40 94 184 185 206 40 43 60 87 45 82 40 55 52 86 42 215 42 152 136 124
leaf_count=245 143 115 206 41 158 127 118 68 50 40 94 184 185 206 40 43 60 87 45 82 40 55 52 86 42 215 42 152 136 124
internal_value=-1.52393e-05 0.00637181 -0.01 -0.00237316 0.00513514 -0.0110526 -0.0139004 0.0042571 0.0200899 0.0225652 0.0154292 -0.00121951 -0.0225404 -0.0157289 0.0152747 0.0328859 -0.00574713 -0.0295349 -0.0317241 0.00633803 0.00225806 0.0167897 -0.00677966 -0.0147959 -0.00625 0.037451 0.00763889 0.0113821 0.022 0.0140244
internal_weight=3281 2001 1280 1222 740 285 482 599 779 729 431 277 681 391 455 298 338 205 290 142 155 261 236 196 128 255 288 246 300 164
internal_count=3281 2001 1280 1222 740 285 482 599 779 729 431 277 681 391 455 298 338 205 290 142 155 261 236 196 128 255 288 246 300 164
cat_boundaries=0 1 2 3
cat_threshold=2 492706 2
is_linear=0
shrinkage=0.05


Tree=18
num_leaves=31
num_cat=3
split_feature=55 8 12 51 8 40 44 62 29 18 8 54 8 10 63 40 40 18 54 60 47 40 57 8 12 71 32 10 63 58
split_gain=73.8174 91.9685 103.062 72.9833 56.4644 50.6485 25.1788 20.4789 16.6855 15.8876 15.2942 14.9988 14.712 19.922 17.1427 15.82 14.2073 13.7776 17.2661 15.7395 13.5083 13.7792 13.3084 13.0989 12.3729 12.2864 10.9288 12.7482 9.64286 9.33779
threshold=0 4459.1156462585041 40.835000000000008 1 5934.8299319727894 -36.170003771204648 0.038134391834420155 2757.2550000000006 -8.3750000000001119 905.00000000000011 4973.2199546485272 1.0000000180025095e-35 5292.6984126984134 169.08000000000001 0.98358802773930731 -25.175722805408455 -53.474785082167308 2015.0000000000002 1.0000000180025095e-35 1267.5000000000002 2 -42.747007168436198 84.745000000000019 5713.9002267573705 59.955000000000005 -21.42812826675793 0.92446926004478192 177.97000000000003 0.99996822332188595 89.50500000000001
decision_type=9 2 2 9 2 2 2 2 2 2 2 2 2 2 2 2 2 2 2 2 1 2 2 2 2 2 2 2 2 2
left_child=16 2 -2 5 11 10 7 17 22 -8 -3 12 14 -14 25 26 -1 19 29 28 -11 -22 -7 -12 -25 -5 27 -15 -4 -19
right_child=1 3 6 4 -6 8 9 -9 -10 20 23 -13 13 15 -16 -17 -18 18 -20 -21 21 -23 -24 24 -26 -27 -28 -29 -30 -31
leaf_value=-0.69883179080167501 -0.56028796949662996 -0.60217882622215413 0.75865759811678934 0.14768346151459097 -1.1964277993317791 -0.86946446277237421 1.4293116791088387 -0.38392963661569879 -1.4771919167594159 0.36050573428252247 1.0070960259811819 -0.17540209846399285 -0.33256312494833956 0.0043604959335670655 0.28040515495297846 1.0382146751187056 -0.081186956394525833 1.2724384535135493 0.051458461513987253 -0.034286263745738975 0.23700152076396216 1.2331826727067459 -0.39676098855846736 -0.28552484090665192 0.36908943368849539 -0.33285561027854715 -0.11850631989091431 0.695766995376083 -0.1252242707158269 0.58923925627325391
leaf_weight=184 106 61 112 99 121 156 60 52 174 189 56 196 42 57 115 86 75 87 61 182 89 171 136 52 77 179 44 138 48 70
leaf_count=184 106 61 112 99 121 156 60 52 174 189 56 196 42 57 115 86 75 87 61 182 89 171 136 52 77 179 44 138 48 70
internal_value=0.000381679 0.00261071 0.0131622 -0.00461151 0.00363385 -0.0168975 0.0176182 0.0107843 -0.026824 0.025835 0.00121951 0.00774059 0.0109211 0.0181199 0.00419847 0.0223077 -0.0247212 0.0135714 0.0233945 0.00730994 0.0226058 0.03 -0.0195205 0.00837838 -0.000387597 -0.00251799 0.0156904 0.0207692 0.01875 0.0321656
internal_weight=3275 3016 1227 1789 1077 712 1121 612 466 509 246 956 760 367 393 325 259 560 218 342 449 260 292 185 129 278 239 195 160 157
internal_count=3275 3016 1227 1789 1077 712 1121 612 466 509 246 956 760 367 393 325 259 560 218 342 449 260 292 185 129 278 239 195 160 157
cat_boundaries=0 1 2 3
cat_threshold=4 32942 2
is_linear=0
shrinkage=0.05


Tree=19
num_leaves=31
num_cat=5
split_feature=8 38 5 8 8 49 47 8 57 51 23 51 68 17 48 40 39 22 44 30 60 47 30 44 40 44 51 15 29 39
split_gain=77.88 82.6944 87.6866 48.3207 59.0183 50.2503 30.8533 27.8804 25.2645 22.1698 28.7032 21.224 20.853 15.9672 13.9171 17.0328 13.7712 13.6236 12.6703 13.5055 14.5307 12.6464 12.627 12.6099 12.3077 11.9723 11.9518 11.2667 10.8753 10.6673
threshold=5934.8299319727894 182.94325396825414 0.35897435897435898 4459.1156462585041 5292.6984126984134 1.0000000180025095e-35 0 5873.1065759637195 93.475000000000009 1 1155.0000000000002 2 82.847500000000011 815.00000000000011 1.0000000180025095e-35 -36.170003771204648 -20.144999896267315 224.99999999999991 0.053161326906719562 49.799999999999848 2477.3900000000003 3 13.630000000000111 0.04380493337113691 -25.525591103119528 0.019988658916926503 4 107.40500000000002 -44.994999999999997 -15.109414634957895
decision_type=2 2 2 2 2 2 1 2 2 9 2 9 2 2 2 2 2 2 2 2 2 1 2 2 2 2 9 2 2 2
left_child=1 2 9 6 5 24 8 25 13 -1 -11 -4 23 -3 15 -2 -14 -12 19 20 -13 -9 -8 29 -5 -6 27 -15 -19 -7
right_child=14 3 11 4 7 12 22 21 -10 10 17 18 16 26 -16 -17 -18 28 -20 -21 -22 -23 -24 -25 -26 -27 -28 -29 -30 -31
leaf_value=-0.73983078930807378 -0.62772718076559197 1.057328339582281 0.35475509009197226 -0.68146286093172348 0.15470701911830825 -0.22396062855772519 0.18882019176546752 -1.7765384461771498 -0.33660941518405885 0.27328067789345545 -0.69538845296806961 0.45310754736558023 0.28654042049119949 0.68245952388617881 -0.25651769290938081 -1.5268785348269895 -0.52454060637164412 0.40344644531617641 0.29457193268194487 -0.2693704198122413 -0.34606409871280974 0.15590251079958117 1.2608245702710363 0.78652821357501779 -1.1197481840545451 0.79068668412091536 0.58358491030129844 -0.25456571251480586 -0.57657392264515084 0.57828784783478238
leaf_weight=242 84 50 228 100 71 54 42 50 59 83 141 81 53 40 48 131 109 57 43 221 59 83 230 46 117 252 217 80 149 42
leaf_count=242 84 50 228 100 71 54 42 50 59 83 141 81 53 40 48 131 109 57 43 221 59 83 230 46 117 252 217 80 149 42
internal_value=-0.000337216 0.00195065 -0.00751534 0.00923304 0.00199591 -0.00950096 0.0190808 0.0151316 0.0109865 -0.0200893 -0.0122727 0.00585443 0.00361842 0.0156331 -0.0264259 -0.0318605 -0.00864198 -0.0188761 -0.00120773 -0.00429363 0.00785714 -0.00413534 0.0323529 0.0176056 -0.0278802 0.023065 0.0117211 -0.00153846 -0.0106796 0.00729167
internal_weight=3262 2999 1304 1695 977 521 718 456 446 672 430 632 304 387 263 215 162 347 404 361 140 133 272 142 217 323 337 120 206 96
internal_count=3262 2999 1304 1695 977 521 718 456 446 672 430 632 304 387 263 215 162 347 404 361 140 133 272 142 217 323 337 120 206 96
cat_boundaries=0 1 2 3 4 5
cat_threshold=2 4298 361634 2 281606
is_linear=0
shrinkage=0.05


Tree=20
num_leaves=31
num_cat=1
split_feature=38 5 60 8 5 14 29 61 22 44 51 14 49 22 8 22 58 44 35 5 73 14 12 13 61 39 57 63 29 58
split_gain=60.7269 87.983 42.9 28.1184 25.5771 22.5554 26.4266 20.4587 19.6891 19.1773 18.9916 23.7167 18.1497 21.3406 26.7997 16.4658 15.229 14.9374 14.4067 13.6592 12.3409 11.7521 11.6154 14.1039 11.1082 9.70698 15.053 11.8994 10.5872 9.52654
threshold=237.82376417233561 0.45227272727272733 1281.9150000000002 5873.1065759637195 0.46291208791208799 114.26500000000003 -23.524999999999974 1584.8700000000001 349.99999999999994 0.039552027218599302 0 99.335000000000022 1.0000000180025095e-35 224.99999999999991 5934.8299319727894 279.99999999999994 63.155000000000008 0.064785937056988915 0.38840000585642631 0.62587412587412594 0.77123946352328254 115.64500000000001 71.195000000000007 25.660000000000004 1673.0250000000003 -20.507031762610495 74.100000000000009 0.89700429054464836 -67.009999999999977 88.545000000000016
decision_type=2 2 2 2 2 2 2 2 2 2 9 2 2 2 2 2 2 2 2 2 2 2 2 2 2 2 2 2 2 2
left_child=1 5 9 7 17 6 -1 20 -5 15 11 -9 18 -14 16 -2 -15 29 -7 -6 -3 -17 23 -13 -12 27 -27 28 -26 -4
right_child=2 3 4 8 19 12 -8 10 -10 -11 24 22 13 14 -16 21 -18 -19 -20 -21 -22 -23 -24 -25 25 26 -28 -29 -30 -31
leaf_value=0.1839598192466903 -0.39703982183052311 0.13557936507411222 -0.38160342309076634 0.095837028726812976 0.98377408059535731 -1.0903175699137109 -0.52974274019613399 -0.23827704714407993 -1.5491778686719648 0.9444402031883723 -0.34513576086158698 -0.3166226959805909 -0.61587922745714507 0.37189368520430893 -1.7457961449831936 1.0560719858498273 -0.19157747462517316 0.78470795729475951 -0.19812382506091472 0.14347898444569385 0.7343261711149458 0.30665644820359672 0.75802318576342376 0.7167956863521675 0.37893354122224354 0.18271752752137527 -0.85770046305969749 0.42638750434202533 -0.16676536537043637 0.07291442942089503
leaf_weight=143 50 59 347 59 62 267 90 41 64 243 40 42 125 66 40 70 189 41 46 99 94 195 129 69 43 75 95 125 110 123
leaf_count=143 50 59 347 59 62 267 90 41 64 243 40 42 125 66 40 70 189 41 46 99 94 195 129 69 43 75 95 125 110 123
internal_value=-0.000539957 -0.00589259 0.00821138 0.00416268 -0.000297619 -0.0167702 -0.00321888 0.00715835 -0.0182927 0.0184588 0.00383615 0.0139175 -0.0210778 -0.0142857 -0.00694915 0.0103175 -0.000980392 -0.00577299 -0.0301917 0.0170807 0.0238562 0.015283 0.0204167 0.00855856 -0.00220884 0 -0.00941176 0.0057554 -0.00359477 -0.00829787
internal_weight=3241 2011 1230 1045 672 966 233 922 123 558 769 281 733 420 295 315 255 511 313 161 153 265 240 111 488 448 170 278 153 470
internal_count=3241 2011 1230 1045 672 966 233 922 123 558 769 281 733 420 295 315 255 511 313 161 153 265 240 111 488 448 170 278 153 470
cat_boundaries=0 1
cat_threshold=295043
is_linear=0
shrinkage=0.05


Tree=21
num_leaves=31
num_cat=5
split_feature=8 60 51 55 51 58 8 9 8 25 68 10 47 23 44 14 21 58 57 14 28 44 46 28 68 27 71 10 71 32
split_gain=70.3978 64.3608 57.9124 42.0008 41.1318 38.8246 32.2511 29.2059 28.6257 24.6492 24.1337 24.6436 24.073 23.7113 20.0549 19.3109 18.0107 15.1403 14.9729 14.2259 13.1179 10.8956 10.8454 12.2456 12.8202 10.4244 10.2031 9.92543 9.49129 8.91876
threshold=5968.3900226757378 977.19000000000017 0 1 2 133.42500000000004 4973.2199546485272 874.19000000000017 5934.8299319727894 500.00000000000017 68.25800000000001 186.66500000000002 3 765.00000000000011 0.047207258293166958 111.33000000000001 1595.0000000000002 94.285000000000011 65.000000000000014 116.15500000000002 1715.0000000000002 0.039268500141763509 4 1695.0000000000002 119.83600000000001 29.99999999999989 -30.186034427340683 177.97000000000003 -24.468874069271116 0.93360777435564912
decision_type=2 2 9 9 9 2 2 2 2 2 2 2 1 2 2 2 2 2 2 2 2 2 1 2 2 2 2 2 2 2
left_child=1 4 3 -3 -1 6 7 13 10 15 11 18 -6 -4 -14 20 -8 22 28 -7 -9 -15 25 -24 -25 -12 -18 -20 -5 -27
right_child=-2 2 5 8 12 19 16 9 -10 -11 17 -13 14 21 -16 -17 26 -19 27 -21 -22 -23 23 24 -26 29 -28 -29 -30 -31
leaf_value=-0.22364125660912776 -1.768938967709528 -0.33457464171874857 -0.55884013735077931 0.039415286174311337 1.5715961937199507 0.5068506452924838 -0.41892740041119086 -0.47740699993988545 -0.99860831779765002 0.60519846658784249 0.25621156095067327 0.87506183843175922 0.28629975927306445 -0.19195598309189654 0.88427520936373194 -0.70111938027253284 -0.045870420358265877 0.584171490383392 -0.18117078880499016 -0.026729226717908561 0.24897961750569025 0.45907647144936892 0.20950123707019161 -0.30252349385400829 -1.6627220750077147 0.070227268058645542 0.94228067210199462 0.25554491898141501 0.59453499275880684 -0.36661247964046506
leaf_weight=106 108 188 57 42 123 99 88 76 58 42 188 127 156 52 63 526 92 145 59 100 52 55 89 75 53 95 88 66 103 53
leaf_count=106 108 188 57 42 123 99 88 76 58 42 188 127 156 52 63 526 92 145 59 100 52 55 89 75 53 95 88 66 103 53
internal_value=-0.00105459 0.000320924 -0.00262369 0.00470022 0.0178571 -0.00998504 -0.0136525 -0.0183721 0.00829751 -0.0228448 0.0101826 0.0200252 0.0258523 0.000609756 0.0166667 -0.0252294 0.00149254 0.00458453 0.0114815 0.0103015 -0.0078125 0.014486 0.000813743 -0.00770925 -0.0179688 0.00635838 0.0105556 -0.0012 0.0224138 -0.00337838
internal_weight=3224 3116 2668 1341 448 1327 1128 860 1153 696 1095 397 342 164 219 654 268 698 270 199 128 107 553 217 128 336 180 125 145 148
internal_count=3224 3116 2668 1341 448 1327 1128 860 1153 696 1095 397 342 164 219 654 268 698 270 199 128 107 553 217 128 336 180 125 145 148
cat_boundaries=0 1 2 3 4 5
cat_threshold=498705 4 7184 4 2
is_linear=0
shrinkage=0.05


Tree=22
num_leaves=31
num_cat=6
split_feature=5 2 35 47 73 39 15 51 51 29 10 51 45 29 14 10 58 20 44 20 10 51 10 25 59 68 44 39 25 44
split_gain=56.965 120.736 34.1914 34.0093 43.8852 32.9193 30.6258 26.9197 26.1184 22.3636 20.65 16.5842 15.3789 12.3277 12.1157 11.5557 12.7283 14.4992 11.4685 11.3623 11.0772 12.1511 14.6046 13.1979 10.9062 10.9208 10.8726 10.7762 9.99758 9.61539
threshold=0.46291208791208799 0 0.10882148016352901 1 0.85732814081267417 -34.936391386463178 81.960000000000008 2 3 -25.814999999999937 192.54500000000004 4 0.022265852872205002 -47.669999999999952 117.00500000000001 181.57000000000002 80.735000000000014 1695.0000000000002 0.048341366600510312 1305.0000000000002 175.90000000000001 5 187.17500000000004 304.99999999999994 2030.8050000000003 52.956500000000013 0.039268500141763509 -28.115886603163069 430.00000000000017 0.041536716756450202
decision_type=2 1 2 1 2 2 2 9 9 2 2 9 2 2 2 2 2 2 2 2 2 9 2 2 2 2 2 2 2 2
left_child=1 2 7 8 20 -4 -6 9 29 27 24 13 -9 -3 19 -8 -17 -18 -16 -7 -5 22 -22 -23 -10 -26 -13 -1 -25 -2
right_child=3 11 5 4 6 14 15 12 10 -11 -12 26 -14 -15 18 16 17 -19 -20 -21 21 23 -24 28 25 -27 -28 -29 -30 -31
leaf_value=-0.86529288095443424 0.42508632434609678 -0.12102357485529947 -0.48377025552048974 -0.33508605007214848 0.00091629939012012336 -0.087632132217318345 0.25491788831805262 -0.9759400824251685 0.12356077971605189 0.13661260495361277 -1.0876984433697434 0.45565815635833823 -0.41299534479356359 0.30038492034037961 -0.36995579312033772 1.2806557582641858 0.96724377460199484 0.22033018362754922 0.43072189868537747 0.47334225450262424 -0.012822822502643126 0.18055665855345293 0.84357079079555009 -0.2046612055028858 0.17636182496792099 -0.84919263279439738 0.79871244242009443 -0.21389566834530616 0.26441363705628634 1.4351781638548624
leaf_weight=86 64 73 168 75 94 70 40 411 101 106 107 208 72 45 242 163 65 42 74 133 43 46 61 150 47 67 157 125 64 40
leaf_count=86 64 73 168 75 94 70 40 411 101 106 107 208 72 45 242 163 65 42 74 133 43 46 61 150 47 67 157 125 64 40
internal_value=-0.000972522 -0.00629442 -0.013349 0.0072892 0.0131079 -0.00516739 0.025 -0.020375 -0.00422535 -0.00810398 -0.0111446 0.0154244 -0.0276876 -0.0015625 0.00105973 0.0325806 0.0362963 0.0228972 -0.00506329 0.0105911 0.00216401 0.00576923 0.0192982 -0.00037037 -0.00255814 -0.0131579 0.0204 -0.0177725 -0.00560748 0.0166667
internal_weight=3239 1970 1487 1269 843 687 404 800 426 317 322 483 483 118 519 310 270 107 316 203 439 364 104 260 215 114 365 211 214 104
internal_count=3239 1970 1487 1269 843 687 404 800 426 317 322 483 483 118 519 310 270 107 316 203 439 364 104 260 215 114 365 211 214 104
cat_boundaries=0 1 2 3 4 5 6
cat_threshold=1 2 69136 360964 328720 32771
is_linear=0
shrinkage=0.05


Tree=23
num_leaves=31
num_cat=2
split_feature=60 8 51 14 38 47 8 40 68 11 5 44 23 61 18 57 8 17 15 43 10 25 25 35 59 63 8 68 68 44
split_gain=56.4861 52.0206 49.4271 34.3517 32.888 31.8599 27.9063 25.0061 29.2422 24.3469 23.4275 23.2808 20.9947 17.3546 15.1744 13.9967 12.0854 11.64 31.5931 11.3048 11.1096 10.5451 9.88625 10.9884 9.86327 8.88193 8.66467 15.4011 10.2857 8.61802
threshold=1013.2400000000001 5873.1065759637195 0 110.25500000000001 258.38345804988666 1 5934.8299319727894 -54.017115351895583 64.635500000000022 1907.9800000000002 0.46291208791208799 0.058548341366600455 805.00000000000011 2249.8800000000006 1895.0000000000002 63.95000000000001 4371.609977324264 1125.0000000000002 76.440000000000012 0.98019253715673804 175.79500000000004 499.99999999999994 445.00000000000006 0.14617776853927322 1591.5150000000001 0.96977476540831675 4839.6145124716559 75.688500000000019 37.379500000000014 0.026226254607314956
decision_type=2 2 9 2 2 1 2 2 2 2 2 2 2 2 2 2 2 2 2 2 2 2 2 2 2 2 2 2 2 2
left_child=1 5 6 9 10 -1 7 14 15 -4 17 21 -7 16 -2 -9 -12 18 -5 -19 -21 -6 29 -24 -11 -17 27 28 -14 -10
right_child=2 -3 3 4 11 12 -8 8 22 24 13 -13 26 -15 -16 25 -18 19 -20 20 -22 -23 23 -25 -26 -27 -28 -29 -30 -31
leaf_value=1.3193765431707964 -0.33045581700073029 -1.4701479805956574 -0.23249404692463821 -1.1352471707969103 -0.16927279877094892 0.78913112089952619 -1.3174062253786791 0.82915754996303415 0.0048644464074431518 0.81341102426686041 0.23688366058243859 1.0696332505385449 -0.31785134942248572 -0.85242065963747471 0.12747077363682319 0.85766458563479331 -0.094855964031736753 -0.19009311895254621 0.31711935011676362 -0.75940298628351754 -0.67920606106807546 0.5400339997330702 0.12788602272796706 -0.50081655822391546 0.2731442260687249 0.0011651672275768911 0.49398772587503265 -0.46891565169067012 0.56134932915377111 0.29557737438743409
leaf_weight=146 116 50 99 72 309 62 68 150 114 62 87 48 62 125 83 41 165 133 53 134 308 54 89 56 106 65 44 52 105 151
leaf_count=146 116 50 99 72 309 62 68 150 114 62 87 48 62 125 83 41 165 133 53 134 308 54 89 56 106 65 44 52 105 151
internal_value=-0.000576504 0.0144914 -0.00349702 -0.0084136 -0.0114247 0.0196391 0.00577943 0.0082659 0.0129129 0.00805243 -0.0160167 0.000608273 0.0109231 -0.00596817 -0.00728643 0.0261719 0.0015873 -0.0214286 -0.0076 -0.0244348 -0.0282805 -0.00371901 0.00463415 -0.00586207 0.0196429 0.0122642 0.00475285 0.000684932 0.00808383 0.0103774
internal_weight=3209 521 2688 1755 1488 471 933 865 666 267 1077 411 325 377 199 256 252 700 125 575 442 363 410 145 168 106 263 219 167 265
internal_count=3209 521 2688 1755 1488 471 933 865 666 267 1077 411 325 377 199 256 252 700 125 575 442 363 410 145 168 106 263 219 167 265
cat_boundaries=0 1 2
cat_threshold=493585 4
is_linear=0
shrinkage=0.05


end of trees

feature_importances:
wav_duration_ms=65
vowel_class=46
db_mean=34
base_cons_gap=29
next_base_pre=28
zcr_mean=27
words_vs_alias_score_margin=27
voicing_class=25
base_cons=24
row_ratio_in_wav=21
valley_dist_from_cutoff_ms=20
base_offset_to_expected_ms=19
base_cutoff_to_next_anchor_ms=18
db_min=18
base_pre=17
base_cut_gap=16
next_base_offset=16
prev_base_pre=15
curr_vowel_len_ms=14
mapping_confidence=14
base_cutoff_abs=13
energy_min=12
energy_slope_pre=12
is_diphthong=12
alias_type=11
energy_mean=11
row_index_in_wav=9
syllable_len_ms=9
prev_alias_type=9
prev_base_cutoff_abs=9
syllable_start_ms=8
is_nasal_or_sonorant=8
curr_phone_start_ms=7
curr_phone_end_ms=7
curr_phone_len_ms=7
base_pre_to_expected_ms=7
spectral_flux_mean=7
next_base_cutoff_abs=7
curr_vowel_end_ms=5
f0_voicing_mean=5
local_peak_db=5
base_ovl_ratio=4
curr_vowel_start_ms=4
energy_slope_post=4
onset_class=4
mel_window_energy_mean=4
alias_group=3
expected_anchor_ms=3
f0_voicing_near_pre=3
is_tense=3
prev_base_offset=3
base_offset=2
base_ovl=2
valley_energy=2
local_valley_db=2
next_phone_gap_ms=1
energy_max=1
db_silence_ratio=1
used_exact_vowel_fix=1

parameters:
[boosting: gbdt]
[objective: regression_l1]
[metric: l1]
[tree_learner: serial]
[device_type: cpu]
[data_sample_strategy: bagging]
[data: ]
[valid: ]
[num_iterations: 500]
[learning_rate: 0.05]
[num_leaves: 31]
[num_threads: 0]
[seed: 0]
[deterministic: 0]
[force_col_wise: 0]
[force_row_wise: 0]
[histogram_pool_size: -1]
[max_depth: -1]
[min_data_in_leaf: 40]
[min_sum_hessian_in_leaf: 0.001]
[bagging_fraction: 0.85]
[pos_bagging_fraction: 1]
[neg_bagging_fraction: 1]
[bagging_freq: 1]
[bagging_seed: 3]
[bagging_by_query: 0]
[feature_fraction: 0.85]
[feature_fraction_bynode: 1]
[feature_fraction_seed: 2]
[extra_trees: 0]
[extra_seed: 6]
[early_stopping_round: 0]
[early_stopping_min_delta: 0]
[first_metric_only: 0]
[max_delta_step: 0]
[lambda_l1: 0]
[lambda_l2: 0]
[linear_lambda: 0]
[min_gain_to_split: 0]
[drop_rate: 0.1]
[max_drop: 50]
[skip_drop: 0.5]
[xgboost_dart_mode: 0]
[uniform_drop: 0]
[drop_seed: 4]
[top_rate: 0.2]
[other_rate: 0.1]
[min_data_per_group: 100]
[max_cat_threshold: 32]
[cat_l2: 10]
[cat_smooth: 10]
[max_cat_to_onehot: 4]
[top_k: 20]
[monotone_constraints: ]
[monotone_constraints_method: basic]
[monotone_penalty: 0]
[feature_contri: ]
[forcedsplits_filename: ]
[refit_decay_rate: 0.9]
[cegb_tradeoff: 1]
[cegb_penalty_split: 0]
[cegb_penalty_feature_lazy: ]
[cegb_penalty_feature_coupled: ]
[path_smooth: 0]
[interaction_constraints: ]
[verbosity: -1]
[saved_feature_importance_type: 0]
[use_quantized_grad: 0]
[num_grad_quant_bins: 4]
[quant_train_renew_leaf: 0]
[stochastic_rounding: 1]
[linear_tree: 0]
[max_bin: 255]
[max_bin_by_feature: ]
[min_data_in_bin: 3]
[bin_construct_sample_cnt: 200000]
[data_random_seed: 1]
[is_enable_sparse: 1]
[enable_bundle: 1]
[use_missing: 1]
[zero_as_missing: 0]
[feature_pre_filter: 1]
[pre_partition: 0]
[two_round: 0]
[header: 0]
[label_column: ]
[weight_column: ]
[group_column: ]
[ignore_column: ]
[categorical_feature: 0,1,2,3,46,47,50,51,52,53,55,56,70]
[forcedbins_filename: ]
[precise_float_parser: 0]
[parser_config_file: ]
[objective_seed: 5]
[num_class: 1]
[is_unbalance: 0]
[scale_pos_weight: 1]
[sigmoid: 1]
[boost_from_average: 1]
[reg_sqrt: 0]
[alpha: 0.9]
[fair_c: 1]
[poisson_max_delta_step: 0.7]
[tweedie_variance_power: 1.5]
[lambdarank_truncation_level: 30]
[lambdarank_norm: 1]
[label_gain: ]
[lambdarank_position_bias_regularization: 0]
[eval_at: ]
[multi_error_top_k: 1]
[auc_mu_weights: ]
[num_machines: 1]
[local_listen_port: 12400]
[time_out: 120]
[machine_list_filename: ]
[machines: ]
[gpu_platform_id: -1]
[gpu_device_id: -1]
[gpu_use_dp: 0]
[num_gpu: 1]

end of parameters

pandas_categorical:[["korean"], ["cvc"], ["cv", "cv_head"], ["cv", "cv_glide", "cv_head", "cv_head_glide"], ["other", "plosive", "sibilant", "sonorant"], ["unknown", "voiced", "voiceless"], ["none"], ["", "a", "e", "eo", "eui", "i", "o", "u", "ui", "wa", "we", "weo", "wi", "wo", "ya", "ye", "yeo", "yo", "yu"], ["head", "mid", "tail"], [""], ["", "cv", "cv_head", "mono", "vc", "vcv"], [""], ["unknown"]]
