tree
version=v4
num_class=1
num_tree_per_iteration=1
label_index=0
max_feature_idx=49
objective=regression
feature_names=language format_type alias_type alias_group candidate_mode candidate_index mapping_confidence jump_blocked_flag used_alias_based_syllables used_nuclei_fallback words_vs_alias_score_margin wav_duration_ms expected_anchor_ms base_offset_to_expected_ms base_pre_to_expected_ms base_cutoff_to_next_anchor_ms prev_phone_gap_ms next_phone_gap_ms energy_mean db_silence_ratio local_peak_db local_valley_db mel_window_energy_mean mel_window_silence_ratio coda_type vowel_class bridge_type mora_position onset_class voicing_class mapping_reason_code prev_alias_type next_alias_type cand_offset cand_cons cand_cutoff_abs cand_pre cand_ovl cand_pre_abs cand_cons_gap cand_cut_gap cand_ovl_ratio cand_offset_to_expected_ms cand_pre_to_expected_ms cand_cutoff_to_next_anchor_ms cand_delta_from_base_total cand_delta_from_base_anchor cand_overlap_margin cand_pre_cons_margin cand_leak_risk
feature_infos=none none -1:0:1 -1:1:0:3:2 -1:0:1:2:5:3:4 [0:5] [0.75031053025493821:1] none none none [-15.722000000000005:1596.9359999999999] [3636.8253968253966:12360.294784580499] [70:11290] [-176.59000000000017:41.509999999999991] [-35.700000000000045:166.25999999999999] [-2737.6400000000003:2456.5700000000002] [0:320] [0:2150] [0.27333290299239799:1] [0:0.55384615384615388] [-62.685141072849696:-7.4360091880644568] [-96.888252737959206:-8.7785598918622547] [0.27333290299239799:1] [0:0.55384615384615388] none -1:1:5:10:2:7:12:6:16:15:0:9:17:18:14:3:11:4:8 none -1:1:0:2 -1:1:3:2:0 -1:1:2:0 none -1:1:0:4:2:5 none [37.75:11216.309999999999] [138.84999999999999:272.13] [314.95999999999998:11425.93] [22.714499999999958:175.83100000000005] [0:130.63] [81.582999999999998:11282.0085] [76.329999999999998:154.56999999999999] [145.26999999999998:11266.309999999999] [0:0.87793344561490294] [-176.59000000000017:41.509999999999991] [-38.87519999999995:166.25999999999999] [-4878.1000000000004:2456.5700000000002] [0:2143.2466000000004] [0:10.51260000000002] [10:78.381000000000043] [76.329999999999998:154.56999999999999] [0:4878.1000000000004]
tree_sizes=2732 2801 2764 2791 2775 2801 2752 2834 2743 2789 2771 2784 2792 2762 2780 2762 2753 2757 2788 2765

Tree=0
num_leaves=31
num_cat=10
split_feature=49 14 15 6 21 11 25 29 10 19 29 25 33 37 31 25 31 6 35 20 10 6 27 21 6 20 10 27 37 25
split_gain=9.41978e+07 1.21647e+07 5.48258e+06 3.73784e+06 3.26783e+06 2.83562e+06 2.1613e+06 1.61412e+06 1.63244e+06 1.46334e+06 1.19629e+06 1.10161e+06 933504 839904 777804 763270 755885 697087 620078 591935 573911 529023 735179 628691 523414 506093 500647 529767 499769 479695
threshold=1383.6699999999998 49.01499999999988 40.83499999999993 0.84414123233145844 -22.935039265254716 5857.6643990929715 0 1 105.492 0.054299754299754262 2 3 823.61500000000012 14.375000000000002 4 5 6 0.85403582109865728 1154.0850000000003 -38.301280969056741 186.92150000000001 0.99719021380526018 7 -36.499042869768338 0.96926737679191521 -23.408686741778606 43.864500000000014 8 39.315000000000005 9
decision_type=2 2 2 2 2 2 9 1 2 2 1 9 2 2 9 9 9 2 2 2 2 2 1 2 2 2 2 1 2 9
left_child=1 2 6 12 7 9 24 8 14 10 15 -6 -4 -9 -3 -5 -8 -15 -12 -14 -21 22 23 -18 26 -19 -1 -28 -7 -24
right_child=-2 4 3 5 11 28 16 13 -10 -11 18 -13 19 17 -16 -17 21 25 -20 20 -22 -23 29 -25 -26 -27 27 -29 -30 -31
leaf_value=-189.86727470776606 -248.6622687432812 -192.07130406978362 -185.09809451569498 -186.1876307619203 -187.95534129580534 -187.56563441160259 -191.95468696736776 -194.75289285988734 -192.42080478299917 -188.74199553702215 -184.70598526313228 -190.51411282519814 -194.43669811959595 -192.96699806849907 -188.1642961624361 -189.01944627789143 -196.66019031326627 -191.65360142338105 -186.04258747542409 -189.64817367347311 -195.30544473634325 -188.19981383604662 -191.46345141957624 -191.05532244433121 -187.00607549070139 -189.31466040963963 -190.66702197167106 -187.96999423950382 -190.12297166358096 -189.30373398658199
leaf_weight=557 66 143 58 468 1112 279 437 282 482 540 1258 663 148 924 753 484 69 1307 2797 264 54 469 306 182 711 281 199 2141 606 1427
leaf_count=557 66 143 58 468 1112 279 437 282 482 540 1258 663 148 924 753 484 69 1307 2797 264 54 469 306 182 711 281 199 2141 606 1427
internal_value=-189.03 -188.827 -187.995 -187.019 -190.71 -186.688 -189.039 -191.475 -190.074 -186.269 -186.002 -188.913 -191.08 -192.166 -188.812 -187.597 -190.056 -191.875 -185.628 -191.825 -190.609 -189.707 -190.067 -192.596 -188.224 -191.24 -188.52 -188.199 -189.317 -189.701
internal_weight=19467 19401 13454 6956 5947 6432 6498 4172 1378 5547 5007 1775 524 2794 896 952 2890 2512 4055 466 318 2453 1984 251 3608 1588 2897 2340 885 1733
internal_count=19467 19401 13454 6956 5947 6432 6498 4172 1378 5547 5007 1775 524 2794 896 952 2890 2512 4055 466 318 2453 1984 251 3608 1588 2897 2340 885 1733
cat_boundaries=0 1 2 3 4 5 6 7 8 9 10
cat_threshold=479314 2 1 202404 32 86017 32 4 4 2056
is_linear=0
shrinkage=1


Tree=1
num_leaves=31
num_cat=6
split_feature=49 14 6 40 6 25 11 15 21 15 47 25 28 11 41 34 21 21 14 37 35 25 22 47 25 44 35 11 11 27
split_gain=8.91176e+07 1.06235e+07 4.95477e+06 3.53741e+06 2.89384e+06 2.80203e+06 1.53824e+06 1.64185e+06 1.48004e+06 1.23584e+06 1.19651e+06 1.17535e+06 1.20231e+06 824111 681915 645619 612428 593212 566800 565368 532290 522189 519364 516112 508266 506100 494706 480511 479627 446746
threshold=1383.6699999999998 49.500000000000007 0.98984669328714137 1394.1250000000002 0.96666693922874203 0 5292.6984126984134 40.83499999999993 -22.935039265254716 40.83499999999993 35.720000000000006 1 2 4480.0000000000009 0.09234591642872382 213.71000000000001 -57.634740431857033 -37.504658194334667 103.76000000000001 85.695000000000007 1603.7400000000002 3 0.64768732428292675 48.808600000000006 4 -159.97999999999999 1154.0850000000003 4813.8321995464858 5873.1065759637195 5
decision_type=2 2 2 2 2 9 2 2 2 2 2 9 1 2 2 2 2 2 2 2 2 9 2 2 9 2 2 2 2 1
left_child=1 2 3 6 8 10 7 21 11 14 13 12 27 -5 -4 -12 -11 29 -10 22 -13 -1 -15 -22 -6 28 -9 -3 -8 -7
right_child=-2 4 9 5 24 17 25 26 18 16 15 20 -14 19 -16 -17 -18 -19 -20 -21 23 -23 -24 -25 -26 -27 -28 -29 -30 -31
leaf_value=1.4243188196148069 -57.574623722816582 1.5683171139382885 -1.1277953720182405 -0.99706550881728662 -0.79490797631351473 -6.3691142139434822 -2.7074110533509934 3.5907173282215279 -0.21868156732580679 1.1878013442289912 -1.1836436886489392 -2.1705962552357994 -2.4920522867263828 0.11327148090508493 1.7878075498292807 -6.0213798105716707 3.3765307076501418 -1.3238734642724292 -3.9971090386130594 -4.6955421981423404 -3.5180715257267035 -0.3412488722502785 1.5865828169840221 -5.8530106611251833 1.3990647218708627 -1.7218459300143749 2.0252629815834529 -2.1833660491410156 3.7090506032893531 -2.7843307493515428
leaf_weight=963 67 331 266 645 399 100 42 970 1016 371 500 543 1089 908 815 80 2307 832 110 43 1121 734 1753 300 748 458 1052 115 95 664
leaf_count=963 67 331 266 645 399 100 42 970 1016 371 500 543 1089 908 815 80 2307 832 110 43 1121 734 1753 300 748 458 1052 115 95 664
internal_value=-0.00882965 0.190288 0.953184 0.363248 -1.60699 -0.474495 1.43616 1.81381 -2.16452 2.49731 0.245134 -2.67192 -1.59918 0.608873 1.07037 -1.85092 3.07331 -2.23361 -0.5878 0.991946 -3.48445 0.667044 1.08385 -4.01102 0.641128 -0.924297 2.77625 0.587776 1.74196 -3.25354
internal_weight=19437 19370 13598 9839 5772 5525 4314 3719 4625 3759 3929 3499 1535 3349 1081 580 2678 1596 1126 2704 1964 1697 2661 1421 1147 595 2022 446 137 764
internal_count=19437 19370 13598 9839 5772 5525 4314 3719 4625 3759 3929 3499 1535 3349 1081 580 2678 1596 1126 2704 1964 1697 2661 1421 1147 595 2022 446 137 764
cat_boundaries=0 1 2 3 4 5 6
cat_threshold=479429 464528 9 250946 34831 4
is_linear=0
shrinkage=0.05


Tree=2
num_leaves=31
num_cat=6
split_feature=49 14 15 21 19 11 25 29 10 36 14 37 29 37 34 35 10 31 12 31 37 12 20 47 10 15 21 38 12 27
split_gain=8.36754e+07 1.00057e+07 4.64522e+06 2.83152e+06 2.28687e+06 2.839e+06 1.78347e+06 1.32199e+06 1.37469e+06 1.13396e+06 976969 969407 955504 740965 734335 704047 622564 602998 589582 583519 572084 556102 525487 516948 589890 451796 448697 446900 444248 416332
threshold=1383.6699999999998 49.01499999999988 40.83499999999993 -22.935039265254716 0.076340326340326323 5739.6825396825398 0 1 114.89250000000003 113.0245 76.729999999999805 43.785000000000004 2 14.940000000000001 163.74000000000004 1154.0850000000003 135.81100000000004 3 2085.0000000000005 4 39.315000000000005 4265.0000000000009 -24.10708936202084 43.151300000000006 52.956500000000013 -1.0000000180025095e-35 -70.468608697497203 1327.0050000000003 1705.0000000000002 5
decision_type=2 2 2 2 2 2 9 1 2 2 2 2 1 2 2 2 2 9 2 9 2 2 2 2 2 2 2 2 2 1
left_child=1 2 6 7 5 9 23 8 17 12 16 -6 18 -9 -8 -14 -5 -3 28 -16 -7 -21 -17 24 -1 -12 -15 -26 -4 -28
right_child=-2 3 4 10 11 20 14 13 -10 -11 25 -13 15 26 19 22 -18 -19 -20 21 -22 -23 -24 -25 27 -27 29 -29 -30 -31
leaf_value=-0.24074408778590808 -57.08156681060791 -2.7800881363550825 0.92326252347551252 1.4114522341708264 0.26079457216015273 1.4966482361190094 2.3517016203136918 -5.27226173376215 -3.3246011393171209 -3.5356397806803388 -6.1389926093596001 -4.14268623975219 3.949898683092206 -4.3423884144388367 -2.7449454625447594 1.7521821016414816 -1.1667557954788208 0.68115562492471826 2.5616944567300379 -0.66209862617598414 -1.0843907507715607 -5.3526777062049282 3.1094783508209773 -1.0590364741258425 2.2463032764248667 -1.27708591174828 -3.9909625865541969 0.82493991146821399 -2.4990301876533323 -2.0492952466342582
leaf_weight=815 64 140 414 1019 369 307 161 290 422 75 54 189 1307 322 455 1204 304 772 472 2268 714 65 1749 365 841 415 325 1615 123 1834
leaf_count=815 64 140 414 1019 369 307 161 290 422 75 54 189 1307 322 455 1204 304 772 472 2268 714 65 1749 365 841 415 325 1615 123 1834
internal_value=-0.00420778 0.18404 0.934204 -1.53433 1.83849 2.10756 -0.0165034 -2.25822 -0.965016 2.56913 0.123928 -1.23071 2.65602 -2.88079 -0.928469 2.98371 0.81903 0.12681 1.27252 -1.12122 -0.308309 -0.7894 2.55608 0.723715 0.924859 -1.83688 -2.60126 1.31165 0.139385 -2.34158
internal_weight=19469 19405 13508 5897 6923 6365 6585 4105 1334 5344 1792 558 5269 2771 2949 4260 1323 912 1009 2788 1021 2333 2953 3636 3271 469 2481 2456 537 2159
internal_count=19469 19405 13508 5897 6923 6365 6585 4105 1334 5344 1792 558 5269 2771 2949 4260 1323 912 1009 2788 1021 2333 2953 3636 3271 469 2481 2456 537 2159
cat_boundaries=0 1 2 3 4 5 6
cat_threshold=479314 2 1 32 32 4
is_linear=0
shrinkage=0.05


Tree=3
num_leaves=31
num_cat=6
split_feature=49 14 6 40 25 36 11 15 19 15 25 21 35 10 15 15 41 37 28 25 41 11 37 3 21 21 25 11 21 44
split_gain=7.30101e+07 9.12776e+06 4.30787e+06 2.80687e+06 2.76889e+06 2.06871e+06 1.38538e+06 1.48536e+06 1.0299e+06 1.01102e+06 993065 928797 766592 732749 675753 621160 620265 591016 562615 531856 530202 529294 504362 488074 487409 451331 434197 442443 415431 385580
threshold=1383.6699999999998 51.905000000000094 0.98984669328714137 1384.9600000000003 0 64.056800000000024 5292.6984126984134 40.83499999999993 0.16823899371069176 40.83499999999993 1 -45.425249377812193 1603.7400000000002 186.92150000000001 27.459999999999926 -220.74999999999952 0.49442494679243992 34.285000000000004 2 3 0.09234591642872382 4443.4920634920645 87.090000000000018 4 -57.634740431857033 -24.575718996421475 5 5292.6984126984134 -23.559988053357962 -164.70000000000002
decision_type=2 2 2 2 9 2 2 2 2 2 9 2 2 2 2 2 2 2 1 9 2 2 2 1 2 2 9 2 2 2
left_child=1 2 3 6 -5 11 7 19 15 20 18 -3 13 -12 -13 17 -14 -6 -7 -1 -4 23 26 -17 -11 -18 27 -23 -20 -8
right_child=-2 5 9 4 8 10 29 -9 -10 24 12 14 16 -15 -16 21 25 -19 28 -21 -22 22 -24 -25 -26 -27 -28 -29 -30 -31
leaf_value=-0.49179638546537352 -51.713805075252758 -3.331500077999674 -0.94052951005514207 -2.3945519341154156 -0.90915703476941967 0.36782845792773555 1.9444864924305802 2.5794364895501589 -2.6649014841499978 1.0768512952373657 -0.9716427437241576 -0.96925044349371392 -5.5040401686609322 -4.940760754195737 1.0799493344535269 -0.017912327880836975 -3.5779017492499272 -7.3120184762137272 -2.3255563328660136 1.2870056076795346 1.6069725258012224 2.6447621916712021 -4.2306761439965701 -3.3820551559434713 3.0376856251420796 -1.0769533363089228 0.24780030485852828 0.90708474250738158 1.0224292244551316 -1.4968301869222063
leaf_weight=700 68 213 267 1334 254 414 97 1972 295 365 642 718 339 142 915 469 864 42 736 1032 869 518 49 131 2406 228 1504 1251 106 506
leaf_count=700 68 213 267 1334 254 414 97 1972 295 365 642 718 339 142 915 469 864 42 736 1032 869 518 49 131 2406 228 1504 1251 106 506
internal_value=0.00474291 0.18623 0.853533 0.310662 -0.40282 -1.57848 1.27926 1.64107 0.1908 2.26441 -2.29772 -0.226098 -2.93398 -1.69054 0.178954 0.390976 -3.63572 -1.81767 -1.14319 0.572682 1.00822 0.557666 0.80452 -0.809083 2.7794 -3.05573 0.879902 1.40795 -1.88173 -0.943252
internal_weight=19446 19378 14061 10154 5847 5317 4307 3704 4513 3907 3471 1846 2215 784 1633 4218 1431 296 1256 1732 1136 3922 3322 600 2771 1092 3273 1769 842 603
internal_count=19446 19378 14061 10154 5847 5317 4307 3704 4513 3907 3471 1846 2215 784 1633 4218 1431 296 1256 1732 1136 3922 3322 600 2771 1092 3273 1769 842 603
cat_boundaries=0 1 2 3 4 5 6
cat_threshold=35386 464400 9 264876 2 200709
is_linear=0
shrinkage=0.05


Tree=4
num_leaves=31
num_cat=7
split_feature=15 14 15 6 6 11 25 21 25 21 34 29 10 21 28 33 44 6 35 37 25 10 11 19 45 29 20 34 20 25
split_gain=6.37467e+07 8.33423e+06 3.85477e+06 2.8685e+06 2.10094e+06 2.11904e+06 1.48844e+06 1.3615e+06 1.0995e+06 1.01713e+06 988128 922909 766477 635390 751189 603289 573441 710485 663686 567980 527803 512622 503674 484673 497752 483100 506873 470449 431576 427510
threshold=-443.49500000000029 46.005000000000003 40.83499999999993 0.9683402526565178 0.84414123233145844 5857.6643990929715 0 -70.468608697497203 1 -57.634740431857033 167.87500000000003 2 128.26700000000002 -26.064724395403417 3 823.61500000000012 -137.95500000000024 0.99719021380526018 1963.0150000000001 61.780000000000008 4 38.389500000000005 5934.8299319727894 0.18957771787960462 115.53529999999999 5 -22.927537561412738 183.49500000000003 -21.728231977103146 6
decision_type=2 2 2 2 2 2 9 2 9 2 2 1 2 2 1 2 2 2 2 2 9 2 2 2 2 1 2 2 2 9
left_child=-1 2 6 7 15 9 21 -3 25 -6 -8 20 13 14 -10 -4 23 18 29 -13 -11 -2 -5 24 28 -9 -27 -14 -12 -18
right_child=1 3 4 22 5 -7 10 8 12 11 16 19 27 -15 -16 -17 17 -19 -20 -21 -22 -23 -24 -25 -26 26 -28 -29 -30 -31
leaf_value=-46.321454287219694 -0.62390657259640825 -4.4555790042955108 3.407560070211237 0.99774907311839522 0.8002174140776801 -0.29085631257927363 1.9530840033095105 0.16331442552210962 -0.64017883124538422 2.4280637815409793 0.4637149147554368 3.2637402541895137 -1.2428090724184417 -0.44553323890540808 -3.4781986026189315 -2.173322139456868 -2.9892682986909698 0.29916546053977477 -3.9478456719605819 1.3644333710504903 -0.1295822737170827 1.0260604986697275 -2.5902477680231044 5.0162673187255864 -2.5890774558705978 -2.0348641490657648 0.26533495895452686 -4.1853485400194517 -1.7804828843649696 -0.07985227312133604
leaf_weight=74 567 459 55 1266 857 868 294 868 387 393 828 3142 172 630 650 405 210 288 445 450 410 2773 106 40 249 853 333 646 289 309
leaf_count=74 567 459 55 1266 857 868 294 868 387 393 828 3142 172 630 650 405 210 288 445 450 410 2773 106 40 249 853 333 646 289 309
internal_value=-0.00348158 0.174646 0.906668 -1.30457 1.75278 1.99772 0.0218278 -1.86048 -1.59806 2.37596 -0.794791 2.68322 -2.30379 -1.69793 -2.45879 -1.50604 -1.10172 -1.87999 -2.53102 3.0258 1.15079 0.743735 0.720542 -0.408701 -0.567558 -0.72947 -1.38902 -3.56662 -0.116924 -1.31621
internal_weight=19316 19242 12872 6370 6580 6120 6292 4998 4539 5252 2952 4395 2485 1667 1037 460 2658 1252 964 3592 803 3340 1372 1406 1366 2054 1186 818 1117 519
internal_count=19316 19242 12872 6370 6580 6120 6292 4998 4539 5252 2952 4395 2485 1667 1037 460 2658 1252 964 3592 803 3340 1372 1406 1366 2054 1186 818 1117 519
cat_boundaries=0 1 2 3 4 5 6 7
cat_threshold=479824 464528 1 12 86017 2 2188
is_linear=0
shrinkage=0.05


Tree=5
num_leaves=31
num_cat=3
split_feature=49 14 6 40 20 21 28 10 47 12 10 15 14 40 12 14 31 14 19 41 21 35 20 21 35 14 14 31 15 37
split_gain=5.83428e+07 7.24354e+06 3.52448e+06 2.45105e+06 2.05802e+06 1.99646e+06 991416 1.67424e+06 1.00516e+06 837178 781620 753182 722724 751222 682125 629171 561036 557767 468437 462486 442097 425192 419264 376579 439959 417826 375261 350895 565880 350231
threshold=1383.6699999999998 49.01499999999988 0.98984669328714137 1394.1250000000002 -36.848094348093774 -22.935039265254716 0 114.89250000000003 37.893500000000053 4265.0000000000009 135.81100000000004 40.83499999999993 28.915000000000081 866.20500000000027 935.00000000000011 27.574999999999935 1 68.05999999999996 0.16515151515151513 0.09234591642872382 -59.337342410597394 2442.5050000000006 -14.381434059923791 -40.757719591959251 2652.9950000000003 32.394999999999989 98.875000000000014 2 149.47000000000017 90.460000000000022
decision_type=2 2 2 2 2 2 1 2 2 2 2 2 2 2 2 2 9 2 2 2 2 2 2 2 2 2 2 9 2 2
left_child=1 2 3 12 15 6 7 21 18 16 17 19 13 -1 -15 -5 22 -7 -8 -4 -13 -3 23 25 29 -6 -12 -16 -29 -25
right_child=-2 5 11 4 9 10 8 -9 -10 -11 26 20 -14 14 27 -17 -18 -19 -20 -21 -22 -23 -24 24 -26 -27 -28 28 -30 -31
leaf_value=-0.69714932830253651 -46.229359525792745 0.73922676812487043 -0.8137884826091254 -1.3062560424216976 0.93548218852904741 1.5199843228734995 -1.8359652583718269 -3.0661565928275198 -4.8117391392991351 -5.4814715329338526 -1.2944021197046316 0.82631673206566669 -0.010073905047786746 2.5572681943473454 0.61837034390712309 -3.9868062402848978 -1.7984984984223762 -0.54107506521546467 -4.3177879229117684 1.5850420085791856 2.7876133262950651 -1.6541805138190586 1.8397570075689202 0.35814589285673198 -1.2641478515997928 -1.9414988180865411 -6.2378835190174193 3.3671197329239364 -2.6093496623246568 -4.1255402713351783
leaf_weight=335 68 855 269 447 1476 812 1843 601 407 68 358 327 959 1490 1167 429 346 551 212 794 2368 237 386 1355 786 138 43 285 46 45
leaf_count=335 68 855 269 447 1476 812 1843 601 407 68 358 327 959 1490 1167 429 346 551 212 794 2368 237 386 1355 786 138 43 285 46 45
internal_value=0.00348043 0.165242 0.804025 0.302963 -0.397778 -1.29342 -1.89174 -0.94114 -2.53132 0.0252182 0.115913 2.10508 1.1991 1.54806 1.79978 -2.61899 0.107843 0.68679 -2.092 0.978 2.54964 0.219778 0.269068 0.110227 -0.317467 0.689495 -1.8245 1.04634 2.46217 0.214027
internal_weight=19503 19435 13516 9758 5476 5919 4155 1693 2462 4600 1764 3758 4282 3323 2988 876 4532 1363 2055 1063 2695 1092 4186 3800 2186 1614 401 1498 331 1400
internal_count=19503 19435 13516 9758 5476 5919 4155 1693 2462 4600 1764 3758 4282 3323 2988 876 4532 1363 2055 1063 2695 1092 4186 3800 2186 1614 401 1498 331 1400
cat_boundaries=0 1 2 3
cat_threshold=12 18 5
is_linear=0
shrinkage=0.05


Tree=6
num_leaves=31
num_cat=6
split_feature=49 14 15 6 21 11 17 29 10 19 47 14 33 29 6 27 35 33 14 29 41 3 10 35 10 20 29 34 33 20
split_gain=5.60784e+07 6.79384e+06 3.09465e+06 2.24847e+06 1.9188e+06 1.78405e+06 1.09563e+06 933461 1.05296e+06 914250 780328 700956 675641 648033 600370 592123 531790 528712 515975 641873 487479 475985 460901 456911 437071 424302 422959 367270 423808 364552
threshold=1383.6699999999998 49.01499999999988 40.83499999999993 0.84414123233145844 -22.935039265254716 5857.6643990929715 29.99999999999989 0 114.89250000000003 0.074772886093640759 54.430499999999995 76.729999999999805 823.61500000000012 1 0.87434569326397293 2 3392.5000000000005 2039.4050000000002 22.53000000000009 3 0.48838956274194972 4 126.79050000000002 1150.9850000000004 31.885999999999992 -38.301280969056741 5 174.59500000000003 2039.4050000000002 -13.323044738967743
decision_type=2 2 2 2 2 2 2 1 2 2 2 2 2 1 2 1 2 2 2 1 2 1 2 2 2 2 1 2 2 2
left_child=1 2 6 12 7 9 10 8 20 13 16 22 -4 17 -9 -16 18 -5 24 -20 -3 -21 -6 -15 -1 -14 -18 -23 -29 -25
right_child=-2 4 3 5 11 -7 -8 14 -10 -11 -12 -13 25 23 15 -17 26 -19 19 21 -22 27 -24 29 -26 -27 -28 28 -30 -31
leaf_value=-0.6336489611489331 -45.65888129846374 -1.9930516276094652 3.367413890967935 0.023625398645577396 1.2176310478508248 -0.29229260234663457 -2.5092858425396329 -3.1550305178732492 -2.7919369304762434 -0.19607528047682601 -2.1563085620354348 -1.566482606530597 -4.5076288241668037 3.3833129242387465 -3.5960417183705524 -1.1548233592752801 -3.876065063805092 2.3846407796966433 0.93729034835383129 -0.15975615189899861 0.74821329863918562 0.89519417036825155 -0.96727611899988952 1.9831962254986881 0.95077904119258216 -1.2540647858205964 -0.28940101338814256 -2.1256596072677123 -6.2105250156626983 3.4753528951132888
leaf_weight=501 67 207 59 517 1022 903 408 1285 444 401 341 457 149 1181 316 1161 127 438 603 546 749 67 316 2539 3317 306 233 251 85 488
leaf_count=501 67 207 59 517 1022 903 408 1285 444 401 341 457 149 1181 316 1161 127 438 603 546 749 67 316 2539 3317 306 233 251 85 488
internal_value=0.00602885 0.163599 0.785796 1.51617 -1.24227 1.76915 -0.00117304 -1.83159 -0.779836 2.10371 0.167384 0.124166 -1.66674 2.28233 -2.3647 -1.67712 0.30567 1.10648 0.430387 -0.338335 0.154655 -1.14887 0.701614 2.54919 0.74287 -2.31952 -1.5547 -2.42484 -3.15903 2.22376
internal_weight=19484 19417 13460 6981 5957 6467 6479 4162 1400 5564 6071 1795 514 5163 2762 1477 5730 955 5370 1552 956 949 1338 4208 3818 455 360 403 336 3027
internal_count=19484 19417 13460 6981 5957 6467 6479 4162 1400 5564 6071 1795 514 5163 2762 1477 5730 955 5370 1552 956 949 1338 4208 3818 455 360 403 336 3027
cat_boundaries=0 1 2 3 4 5 6
cat_threshold=2 1 4 2 2 2
is_linear=0
shrinkage=0.05


Tree=7
num_leaves=31
num_cat=2
split_feature=49 14 6 15 25 6 11 25 18 19 35 35 15 34 33 6 20 10 21 34 37 15 11 33 33 11 34 11 33 18
split_gain=4.378e+07 5.97765e+06 3.86863e+06 2.36776e+06 1.52856e+06 1.25687e+06 1.02325e+06 1.01786e+06 849226 811202 686580 632855 628650 616144 592398 570226 520257 501908 496370 435407 503188 431340 397233 388508 378911 373102 371356 386834 314089 298429
threshold=1383.6699999999998 33.925000000000075 0.9683402526565178 43.92999999999973 0 0.86743020040980723 5857.6643990929715 1 0.98268462923984357 0.079682539682539674 1603.7400000000002 1150.9850000000004 14.864999999999897 167.87500000000003 823.61500000000012 0.88395999436928041 -21.119539005970491 39.873500000000014 -27.139909451700682 213.18000000000004 58.255000000000003 64.849999999999923 5724.0589569161011 2072.8750000000005 1646.6500000000003 7863.9682539682553 240.49500000000003 5873.1065759637195 1697.6650000000002 0.7095564455497031
decision_type=2 2 2 2 9 2 2 9 2 2 2 2 2 2 2 2 2 2 2 2 2 2 2 2 2 2 2 2 2 2
left_child=1 3 4 7 9 14 11 17 10 26 15 -7 -4 -9 -5 -6 -13 -1 28 25 -21 -12 -20 -23 -11 -15 27 -3 -14 -19
right_child=-2 2 12 5 8 6 -8 13 -10 24 21 16 18 19 -16 -17 -18 29 22 20 -22 23 -24 -25 -26 -27 -28 -29 -30 -31
leaf_value=-0.62970842732289412 -42.287695537629673 -0.057607130497455888 -0.43803627296935677 2.6722495906721289 -2.5930676723080399 3.2458530378719801 0.069352827100053485 1.7442954260311769 -0.57049444123390669 -0.81102420288108057 -3.7288155198688351 1.3588869741538945 -0.72584099697401638 -0.51197004516447719 -1.2003067490121699 0.10177211566514173 2.7467456843299529 0.47603725520411572 2.1787755294152311 -7.232893592339976 -1.3215817764677384 -2.8207170693471042 -2.6664466535503215 0.089564898021911324 -3.9527601942420008 -5.2710317838759657 -4.4594881675861506 -2.0556040420825852 1.7731424770599755 1.6059805715112856
leaf_weight=485 61 2284 645 123 452 1131 626 267 607 155 1210 1892 354 2119 501 347 1050 1004 1096 54 108 467 44 152 252 42 54 271 195 1398
leaf_count=485 61 2284 645 123 452 1131 626 267 607 155 1210 1892 354 2119 501 347 1050 1004 1096 54 108 467 44 152 252 42 54 271 195 1398
internal_value=0.00454013 0.137624 -0.847168 0.920442 -1.49573 1.67141 1.95139 0.190591 -2.24917 -0.677878 -2.64546 2.24065 0.889844 -0.528395 -0.436966 -1.42272 1.85421 0.834551 1.39694 -0.791888 -3.29202 -3.17962 1.99177 -2.10608 -2.75628 -0.604465 -0.35625 -0.269528 0.161776 1.13368
internal_weight=19446 19385 8585 10800 6251 5323 4699 5477 3235 3016 2628 4073 2334 2590 624 799 2942 2887 1689 2323 162 1829 1140 619 407 2161 2609 2555 549 2402
internal_count=19446 19385 8585 10800 6251 5323 4699 5477 3235 3016 2628 4073 2334 2590 624 799 2942 2887 1689 2323 162 1829 1140 619 407 2161 2609 2555 549 2402
cat_boundaries=0 1 2
cat_threshold=464528 479808
is_linear=0
shrinkage=0.05


Tree=8
num_leaves=31
num_cat=7
split_feature=49 6 14 25 33 44 25 23 20 44 40 11 28 11 17 25 11 10 35 25 40 10 10 29 20 12 35 29 17 18
split_gain=4.64458e+07 5.32702e+06 4.37089e+06 1.56759e+06 1.5166e+06 1.14788e+06 1.11564e+06 911858 838147 860730 739972 679006 660901 568609 484335 483266 477270 473160 462646 572195 428248 407433 374872 461968 593606 388882 361628 358493 369187 351416
threshold=2676.7200000000007 0.97699227272444922 33.005000000000003 0 1275.4850000000004 25.325000000000049 1 0.079682539682539674 -22.852888565686275 18.025000000000095 866.20500000000027 5292.6984126984134 2 5857.6643990929715 135.00000000000003 3 5857.6643990929715 29.974000000000007 1145.9250000000002 4 1752.865 125.12250000000002 146.47850000000003 5 -22.508238542543655 2375.0000000000005 1984.9800000000002 6 65.000000000000014 0.96503849131116193
decision_type=2 2 2 9 2 2 9 2 2 2 2 2 1 2 2 9 2 2 2 9 2 2 2 1 2 2 2 1 2 2
left_child=1 2 4 7 10 15 26 22 12 -10 -1 -12 -5 18 -11 -3 -13 -8 -7 -20 -9 -18 23 -4 25 -25 -6 -19 -29 -15
right_child=-2 5 3 8 6 13 17 20 9 14 11 16 -14 29 -16 -17 21 27 19 -21 -22 -23 -24 24 -26 -27 -28 28 -30 -31
leaf_value=-0.77935127104335655 -45.064468116091007 -0.45855195859120895 0.95092901368977645 -1.2781938179276411 -0.40449696136873314 3.5786462709433415 -1.5332838119112928 -1.0728551874881569 -2.9307142549738252 0.25468395916447045 1.9207610423634429 -3.0906375399879789 -3.238246387565102 1.3104513480718065 -4.090007886886597 1.2731870058768322 2.273402324952126 1.267610696656682 0.53168866168823126 2.2519658949823564 -4.2071912482178595 -2.3363526423772174 -1.1545772385172051 -1.0252955515456954 0.92410762569221994 -5.0963682730216533 -2.8080123943242059 0.28657739248224301 -1.91975170778886 -1.789770159572363
leaf_weight=367 57 875 952 667 238 474 345 215 399 767 2326 115 1489 234 70 732 157 889 635 2372 221 69 776 703 449 64 457 2043 209 150
leaf_count=367 57 875 952 667 238 474 345 215 399 767 2326 115 1489 234 70 732 157 889 635 2372 221 69 776 703 449 64 457 2043 209 150
internal_value=0.00376435 0.13578 -0.381663 -1.29399 0.47465 1.45842 -0.142875 -0.526002 -2.05167 -1.01967 1.32563 1.61529 -2.65281 1.92538 -0.108671 0.335337 -0.46835 0.223734 2.1268 1.89795 -2.66159 0.865999 -0.211513 0.126042 -0.519758 -1.36499 -1.95678 0.417432 0.0818159 0.0994273
internal_weight=19516 19459 13987 6772 7215 5472 4181 3380 3392 1236 3034 2667 2156 3865 837 1607 341 3486 3481 3007 436 226 2944 2168 1216 767 695 3141 2252 384
internal_count=19516 19459 13987 6772 7215 5472 4181 3380 3392 1236 3034 2667 2156 3865 837 1607 341 3486 3481 3007 436 226 2944 2168 1216 767 695 3141 2252 384
cat_boundaries=0 1 2 3 4 5 6 7
cat_threshold=464528 34858 12 101933 16988 2 1
is_linear=0
shrinkage=0.05


Tree=9
num_leaves=31
num_cat=5
split_feature=49 6 43 25 40 35 21 15 25 19 40 28 10 35 44 15 34 12 38 41 17 34 38 25 35 20 37 21 25 43
split_gain=4.00075e+07 4.74499e+06 4.0556e+06 1.54514e+06 1.39131e+06 821924 983118 808551 758208 746634 649251 503380 497629 479539 473128 441928 425661 429004 490377 414657 404940 402655 362069 445230 349930 448877 322964 310854 308394 304198
threshold=2676.7200000000007 0.97937383319723226 24.340000000000035 0 1374.9500000000005 1613.9150000000002 -32.059300840404127 25.325000000000049 1 0.074772886093640759 866.20500000000027 2 24.55850000000002 1918.4400000000003 -174.85999999999987 79.594999999999928 240.49500000000003 2375.0000000000005 2127.8550000000005 0.09234591642872382 105.00000000000001 181.22500000000005 951.13475000000005 3 1132.3550000000002 -25.460553276205363 42.655000000000008 -43.547827105605087 4 31.590599999999885
decision_type=2 2 2 9 2 2 2 2 9 2 2 1 2 2 2 2 2 2 2 2 2 2 2 9 2 2 2 2 9 2
left_child=1 2 4 9 10 11 -7 14 -6 16 -1 -5 27 -11 -3 26 17 18 21 -16 24 -4 -12 -24 -9 28 -8 -10 -26 -21
right_child=-2 7 3 5 8 6 15 20 12 13 22 -13 -14 -15 19 -17 -18 -19 -20 29 -22 -23 23 -25 25 -27 -28 -29 -30 -31
leaf_value=-0.68789899498670404 -44.216795738070623 -4.8595808830203087 1.3183619281380239 -0.25853581645862683 -1.6761750944228078 -3.32025843220192 -0.45362830424308775 3.4439491411413949 0.11513916208155897 -0.6649087894211213 2.1825817051501128 -2.6494416515810153 0.43853768844636698 -3.6367041352467662 -1.1088695511169966 -0.026068620585969517 -4.259143543627955 -1.9713638733049017 1.273720910944492 1.7033490484627873 -0.29931210178299256 -0.54396445028025864 -1.5715735578848646 1.3585516212719613 1.6280561812118652 2.2799699284963579 -2.8812124969561896 -2.9240660455352381 -0.022326669213464607 0.037322687145362625
leaf_weight=334 51 41 343 936 609 1354 200 355 151 270 1425 281 2968 273 287 420 62 273 683 667 211 1887 143 941 801 1853 435 190 444 465
leaf_count=334 51 41 343 936 609 1354 200 355 151 270 1425 281 2968 273 287 420 62 273 683 667 211 1887 143 941 801 1853 435 190 444 465
internal_value=0.00971867 0.126575 -0.344711 -1.1521 0.541014 -1.88839 -2.42866 1.43061 -0.0699742 -0.441701 1.38303 -0.83448 0.230007 -2.15902 0.435617 -1.28436 -0.155961 -0.0761123 0.101507 0.588614 1.82709 -0.257517 1.65871 0.970048 1.95702 1.78664 -2.11662 -1.57826 1.05238 1.01898
internal_weight=19353 19302 14178 7417 6761 3626 2409 5124 3918 3791 2843 1217 3309 543 1460 1055 3248 3186 2913 1419 3664 2230 2509 1084 3453 3098 635 341 1245 1132
internal_count=19353 19302 14178 7417 6761 3626 2409 5124 3918 3791 2843 1217 3309 543 1460 1055 3248 3186 2913 1419 3664 2230 2509 1084 3453 3098 635 341 1245 1132
cat_boundaries=0 1 2 3 4 5
cat_threshold=480912 34858 6 2561 495778
is_linear=0
shrinkage=0.05


Tree=10
num_leaves=31
num_cat=6
split_feature=49 14 6 25 36 14 6 34 19 25 37 39 20 15 21 29 35 10 15 15 11 12 25 38 10 28 20 25 49 34
split_gain=3.65704e+07 4.71596e+06 2.19404e+06 1.67185e+06 1.28979e+06 891667 860581 822914 642994 602469 601411 561193 558757 536944 487369 589894 469105 513733 464266 463346 449231 390104 376914 373563 359011 347777 430921 346956 395063 325501
threshold=1383.6699999999998 49.01499999999988 0.98984669328714137 0 64.780000000000015 33.005000000000003 0.86619550445974025 213.46500000000003 0.26894374282433986 1 55.670000000000009 120.07960000000001 -27.268313848614451 62.220000000000034 -57.634740431857033 2 1627.5550000000001 115.49700000000001 -20.655000000000083 54.575000000000053 5968.3900226757378 2655.0000000000005 3 955.62300000000016 46.428000000000004 4 -22.927537561412738 5 148.6700000000001 170.37500000000003
decision_type=2 2 2 9 2 2 2 2 2 9 2 2 2 2 2 1 2 2 2 2 2 2 9 2 2 1 2 9 2 2
left_child=1 2 3 6 8 7 11 13 20 25 -9 -1 18 27 -4 21 17 -11 -7 -18 22 -16 -3 -15 -8 -6 -27 -5 -29 -30
right_child=-2 4 14 5 9 12 24 10 -10 16 -12 -13 -14 23 15 -17 19 -19 -20 -21 -22 -23 -24 -25 -26 26 -28 28 29 -31
leaf_value=-1.0366956835513521 -36.599710307401772 0.98436399994156609 0.39514993547699617 0.21146109924517559 0.35418456222550904 -0.63003512557750474 0.38785488374601562 -6.067105616401224 -5.0647285179486357 -0.086351549414323214 -1.1363818101289513 0.95202453221306738 -0.28154489942087729 2.549109585763524 -0.68653517314160362 2.2103731145067704 -3.3550268054459789 -2.5909473077866179 -3.4498000645316775 -1.5362499196871529 -3.0513152221962812 2.4764282924788343 -0.38199796821866172 0.54347730917323622 1.724485754758581 -1.9841374858047651 0.42820948391578534 -2.1869014501571655 3.7401767272949225 -0.50064991237986989
leaf_weight=714 68 902 623 1719 457 217 636 85 63 473 227 705 476 313 321 2679 908 361 446 570 110 140 1123 899 2391 690 253 397 50 476
leaf_count=714 68 902 623 1719 457 217 636 85 63 473 227 705 476 313 321 2679 908 361 446 570 110 140 1123 899 2391 690 253 397 50 476
internal_value=0.003718 0.13186 0.647074 0.251304 -1.04624 -0.348153 0.965192 -0.00986304 -0.086345 -1.61463 -2.47969 -0.0486423 -1.58854 0.190081 1.67263 1.92609 -2.10948 -1.17048 -2.52689 -2.6536 0.0605581 0.274018 0.229598 1.06143 1.44365 -0.776818 -1.32289 -0.209646 -0.985531 -0.0975295
internal_weight=19492 19424 13514 9751 5910 5305 4446 4166 2198 3712 312 1419 1139 3854 3763 3140 2312 834 663 1478 2135 461 2025 1212 3027 1400 943 2642 923 526
internal_count=19492 19424 13514 9751 5910 5305 4446 4166 2198 3712 312 1419 1139 3854 3763 3140 2312 834 663 1478 2135 461 2025 1212 3027 1400 943 2642 923 526
cat_boundaries=0 1 2 3 4 5 6
cat_threshold=512016 464400 1 497280 9 1605
is_linear=0
shrinkage=0.05


Tree=11
num_leaves=31
num_cat=5
split_feature=45 14 44 6 11 36 45 25 25 21 34 21 33 29 10 25 10 35 21 12 44 12 12 28 17 10 21 14 44 18
split_gain=2.75515e+07 4.07743e+06 2.14158e+06 1.48315e+06 1.23202e+06 1.22594e+06 1.1542e+06 915744 589036 587266 584596 559933 495421 479061 467798 423905 414181 548196 525769 412490 398912 369748 549270 343078 340731 313993 310034 303012 301719 295084
threshold=1072.7799000000002 49.01499999999988 40.83499999999993 0.86619550445974025 5857.6643990929715 64.780000000000015 261.06999999999999 0 1 -57.634740431857033 167.87500000000003 -70.468608697497203 823.61500000000012 2 52.956500000000013 3 201.61550000000003 1603.7400000000002 -30.924579720526001 4265.0000000000009 20.199999999999935 2145.0000000000005 1685.0000000000002 4 29.99999999999989 96.864500000000007 -23.559988053357962 16.919999999999963 169.43499999999997 0.98206392456786851
decision_type=2 2 2 2 2 2 2 9 9 2 2 2 2 1 2 9 2 2 2 2 2 2 2 1 2 2 2 2 2 2
left_child=1 2 6 12 9 11 7 14 23 27 -9 -3 -4 15 -1 -11 17 28 -19 24 -13 22 -14 25 -12 -7 -25 -5 -10 -6
right_child=-2 5 3 4 29 8 -8 10 16 13 19 20 21 -15 -16 -17 -18 18 -20 -21 -22 -23 -24 26 -26 -27 -28 -29 -30 -31
leaf_value=-0.39340033592164447 -39.95914118567179 -3.4366444407287862 2.0973274212449788 1.1946598164715714 0.18515278409199104 1.7773024368007577 -7.7847815290093427 1.5491676426495768 -0.29340804954133148 2.0576165230464691 -0.51187493789524774 -0.69956221052883294 -0.7081222712445786 2.2266448268568966 0.98877454456113556 -0.23904352917972008 -3.7254851701098772 -3.106864790198069 -1.021311308380463 -5.4722269348476251 0.70591094789540187 0.30020622755580706 -4.222744823453275 -1.6416873587451022 -2.1633005082944972 -0.93314785756966456 0.81439697322575688 -0.85705254847944234 -4.0355016934669621 -2.1166130284468334
leaf_weight=837 43 116 125 552 697 222 48 297 619 378 2712 853 272 3634 2279 419 315 853 468 46 1237 233 188 802 353 206 153 267 59 174
leaf_count=837 43 116 125 552 697 222 48 297 619 378 2712 853 272 3634 2279 419 315 853 468 46 1237 233 188 802 353 206 153 267 59 174
internal_value=0.0195285 0.108077 0.587036 1.19966 1.46689 -0.988181 -0.0597988 -0.00296267 -1.54478 1.75582 -0.568598 -0.0553787 -0.799965 1.98317 0.615528 0.873031 -2.03157 -1.77481 -2.368 -0.772604 0.13229 -1.32256 -2.14453 -0.710479 -0.702072 0.461947 -1.23526 0.525787 -0.619047 -0.274672
internal_weight=19457 19414 13511 6939 6121 5903 6572 6524 3697 5250 3408 2206 818 4431 3116 797 2314 1999 1321 3111 2090 693 460 1383 3065 428 955 819 678 871
internal_count=19457 19414 13511 6939 6121 5903 6572 6524 3697 5250 3408 2206 818 4431 3116 797 2314 1999 1321 3111 2090 693 460 1383 3065 428 955 819 678 871
cat_boundaries=0 1 2 3 4 5
cat_threshold=479312 464400 1 86033 9
is_linear=0
shrinkage=0.05


Tree=12
num_leaves=31
num_cat=4
split_feature=49 43 21 44 21 35 36 44 25 25 20 37 44 25 10 35 13 11 11 47 20 40 44 28 10 37 35 11 12 43
split_gain=2.88126e+07 3.63085e+06 2.05924e+06 1.47443e+06 894598 875849 794847 738968 728450 714286 711308 862332 462773 465427 450547 403368 339000 337292 333688 332081 460707 394952 328667 322650 320726 315787 313494 308358 296272 290753
threshold=1383.6699999999998 30.497700000000012 -22.935039265254716 43.92999999999973 -73.811217111219719 1154.0850000000003 65.669200000000004 22.930000000000067 0 1 -24.10708936202084 85.695000000000007 302.77500000000003 2 150.84450000000001 2014.0500000000002 -89.710000000000022 5292.6984126984134 5699.0476190476193 37.893500000000053 -22.927537561412738 1362.6050000000002 360.55000000000007 3 50.390500000000003 26.335000000000004 1953.5650000000003 6030.7029478458053 2565.0000000000005 93.480000000000032
decision_type=2 2 2 2 2 2 2 2 9 9 2 2 2 9 2 2 2 2 2 2 2 2 2 1 2 2 2 2 2 2
left_child=1 3 4 9 26 27 -6 29 18 16 14 -12 13 -9 22 17 -1 -10 23 21 -21 25 -7 -8 28 -11 -3 -5 -23 -4
right_child=-2 2 7 5 6 10 8 12 15 19 11 -13 -14 -15 -16 -17 -18 -19 -20 20 -22 24 -24 -25 -26 -27 -28 -29 -30 -31
leaf_value=-3.9633145874454865 -32.984870922204223 -2.0631519484729433 -0.71157205753205788 2.5566021526555098 -0.10355093245693439 0.68077425258207547 1.3131225587740543 1.7865993037226084 -0.80007485598677164 3.1779131819906925 1.8983969445746649 -5.2749244823012242 -2.1012861182547025 0.19959034519672983 -1.9485374973318781 -2.8873106553186916 -0.67774966186999874 -2.539925297964448 -2.5362588758378761 -0.2583473764087369 -5.5437819332546665 -1.7179686118935256 -3.0445637739584095 -0.67066848669814494 0.5621792193891747 0.99683163220400339 -4.4708393118962517 -1.1999414893618803 0.69824847021413539 -4.9253861457109451
leaf_weight=84 66 313 588 1313 1723 2013 240 1124 742 194 1632 43 117 799 194 835 1201 446 194 492 45 344 61 1144 1750 1148 238 57 201 44
leaf_count=84 66 313 588 1313 1723 2013 240 1124 742 194 1632 43 117 799 194 835 1201 446 194 492 45 344 61 1144 1750 1148 238 57 201 44
internal_value=-0.00499273 0.107677 -0.661848 0.718254 -1.18525 1.31121 -0.986756 0.48896 -1.40935 0.141159 0.932799 1.71425 0.951775 1.13753 0.355672 -2.0351 -0.885634 -1.45325 -0.590494 0.458289 -0.701261 0.630756 0.571205 -0.322016 0.232323 1.31213 -3.10313 2.40031 -0.82685 -1.00494
internal_weight=19385 19319 8547 10772 5875 5313 5324 2672 3601 5459 3943 1675 2040 1923 2268 2023 1285 1188 1578 4174 537 3637 2074 1384 2295 1342 551 1370 545 632
internal_count=19385 19319 8547 10772 5875 5313 5324 2672 3601 5459 3943 1675 2040 1923 2268 2023 1285 1188 1578 4174 537 3637 2074 1384 2295 1342 551 1370 545 632
cat_boundaries=0 1 2 3 4
cat_threshold=464400 34876 234656 8
is_linear=0
shrinkage=0.05


Tree=13
num_leaves=31
num_cat=8
split_feature=49 14 44 36 11 19 25 20 14 37 25 35 11 10 25 10 37 29 35 44 40 11 25 25 14 39 18 38 25 27
split_gain=2.64737e+07 3.45271e+06 1.85777e+06 1.11401e+06 930396 1.11444e+06 862252 667343 693153 588414 463479 529612 452584 420162 367186 357082 403989 353392 575338 349763 343069 311903 311878 293191 287790 335164 279588 273609 268896 268056
threshold=2676.7200000000007 46.005000000000003 40.83499999999993 59.84020000000001 5292.6984126984134 0.074772886093640759 0 -22.852888565686275 103.76000000000001 31.895000000000003 1 1523.1700000000003 5739.6825396825398 137.96800000000002 2 35.347000000000016 61.780000000000008 3 2260.9200000000005 415.79000000000002 1750.2550000000003 4703.4920634920645 4 5 14.620000000000006 126.47600000000001 0.90586853548533131 2183.3834000000002 6 7
decision_type=2 2 2 2 2 2 9 2 2 2 9 2 2 2 9 2 2 1 2 2 2 2 9 9 2 2 2 2 9 1
left_child=1 2 6 22 5 15 23 10 12 -6 17 -12 21 14 -11 19 -17 -5 -19 28 -7 -9 -3 -1 25 -8 -26 -20 -4 -25
right_child=-2 3 4 7 9 20 24 8 -10 13 11 -13 -14 -15 -16 16 -18 18 27 -21 -22 -23 -24 29 26 -27 -28 -29 -30 -31
leaf_value=1.2203992215541541 -33.723257643600988 1.1068917238390685 -0.78817926661546034 -2.2761076516947711 1.6479307657046136 -0.054664861977100382 0.069916774163891457 -1.2126412230310963 -3.3991583079776984 0.89873402033904881 -0.32379023751196878 -2.7354088923961641 -3.4334535233517913 -2.1480532780956354 -1.0516241506778365 2.2275847129229174 0.86691513523155506 -1.3937657164464221 2.2406813521683215 -2.4290626898166039 -3.3159491510674508 0.57123456701866038 -0.2718098095183325 0.50613085515616041 -1.9459078626452255 -1.9582440103566356 -0.25618471350240452 -0.55527977468570078 1.6680807184191453 -0.53578165295764035
leaf_weight=904 58 634 140 409 484 400 1162 320 176 563 277 1278 94 271 407 2975 668 684 210 77 101 1046 1124 2057 716 247 372 150 494 882
leaf_count=904 58 634 140 409 484 400 1162 320 176 563 277 1278 94 271 407 2975 668 684 210 77 101 1046 1124 2057 716 247 372 150 494 882
internal_value=0.00641449 0.107663 0.578153 -0.841843 1.16668 1.52108 -0.0326525 -1.24765 -0.434921 0.169231 -1.68968 -2.29108 -0.077588 -0.407474 0.0788117 1.77805 1.97809 -1.02325 -0.542227 0.753091 -0.712129 0.153343 0.230151 0.437061 -0.754293 -0.285623 -1.36817 1.0757 1.13957 0.192795
internal_weight=19380 19322 12920 6402 6580 4855 6340 4644 1636 1725 3008 1555 1460 1241 970 4354 3643 1453 1044 711 501 1366 1758 3843 2497 1409 1088 360 634 2939
internal_count=19380 19322 12920 6402 6580 4855 6340 4644 1636 1725 3008 1555 1460 1241 970 4354 3643 1453 1044 711 501 1366 1758 3843 2497 1409 1088 360 634 2939
cat_boundaries=0 1 2 3 4 5 6 7 8
cat_threshold=479826 480792 33989 4 234624 20480 12 2
is_linear=0
shrinkage=0.05


Tree=14
num_leaves=31
num_cat=5
split_feature=49 6 14 49 25 33 25 23 11 35 11 18 14 6 35 15 31 15 34 34 12 25 6 33 35 49 27 37 10 15
split_gain=2.31436e+07 3.23036e+06 2.33397e+06 2.0407e+06 1.04865e+06 971983 671141 604394 595072 584021 519331 504705 486476 436707 563108 435810 375729 349843 387009 324379 338507 356264 322883 319162 314592 305466 303811 293518 389760 287518
threshold=2776.2400000000002 0.99071333421627827 33.005000000000003 188.51500000000013 0 1268.2750000000003 1 0.079682539682539674 5292.6984126984134 1052.0800000000002 5857.6643990929715 0.98123929525757869 3.8550000000000755 0.88395999436928041 1574.2950000000003 20.199999999999935 2 -189.22499999999999 213.71000000000001 240.49500000000003 2280.0000000000005 3 0.84570219155220983 1644.3600000000004 1984.9800000000002 148.6700000000001 4 61.780000000000008 91.197500000000019 302.77500000000003
decision_type=2 2 2 2 9 2 9 2 2 2 2 2 2 2 2 2 9 2 2 2 2 9 2 2 2 2 1 2 2 2
left_child=1 2 3 5 7 8 22 19 9 -1 -10 13 -12 -6 -15 16 -3 18 -8 20 21 -4 25 -9 -23 -7 -24 -11 -29 -17
right_child=-2 15 4 -5 11 6 17 23 10 27 12 -13 -14 14 -16 29 -18 -19 -20 -21 -22 24 26 -25 -26 -27 -28 28 -30 -31
leaf_value=-0.35426944161213386 -36.207823978770868 -0.062421279934256585 -0.36951696397681416 -10.913698202371599 -2.4453299534401483 -4.5037363417877634 -0.418726077810266 -0.27446742217186132 -3.1728170194487646 2.0006191443718162 3.1692599184878238 -0.3305807791275005 -0.94393515018746266 0.37458829808237903 -1.7920780174798763 1.7156892416554941 1.9657762651435864 0.49076833713073437 -4.6649100807405288 -3.8996485065530848 -1.692278134266832 -0.08946615229780075 -0.47705499179698907 -3.1057609470360341 1.4120890432054196 -0.31546034251942356 -3.7506542026222527 -2.4343662834131576 1.2155067795095362 -0.98393458101679299
leaf_weight=432 44 850 1507 40 1358 121 399 158 138 1687 111 742 204 409 1124 2983 303 2966 62 54 268 633 891 269 777 68 77 83 616 102
leaf_count=432 44 850 1507 40 1358 121 399 158 138 1687 111 742 204 409 1124 2983 303 2966 62 54 268 633 891 269 777 68 77 83 616 102
internal_value=0.0137878 0.0958046 -0.244667 0.351183 -0.889171 0.408547 -0.0612864 -0.289152 1.06698 1.33737 -0.615063 -1.48974 0.505476 -1.79241 -1.21402 1.31646 0.487082 0.290754 -0.989796 -0.0568409 0.00831188 0.164554 -1.09705 -2.05812 0.73279 -2.99684 -0.737455 1.64365 0.782117 1.62643
internal_weight=19476 19432 15194 7895 7299 7855 4584 3666 3271 2818 453 3633 315 2891 1533 4238 1153 3427 461 3239 3185 2917 1157 427 1410 189 968 2386 699 3085
internal_count=19476 19432 15194 7895 7299 7855 4584 3666 3271 2818 453 3633 315 2891 1533 4238 1153 3427 461 3239 3185 2917 1157 427 1410 189 968 2386 699 3085
cat_boundaries=0 1 2 3 4 5
cat_threshold=464528 35002 35 1664 2
is_linear=0
shrinkage=0.05


Tree=15
num_leaves=31
num_cat=6
split_feature=45 14 15 25 19 11 21 45 37 10 21 14 36 10 11 28 10 40 35 11 31 10 37 15 35 25 21 31 25 14
split_gain=2.22811e+07 2.78563e+06 1.58202e+06 935945 922699 1.01273e+06 860894 741955 546955 514941 512587 495977 422642 420548 394288 436159 486155 444701 361563 443674 349843 347354 340425 327118 324268 322701 392917 322356 313175 285711
threshold=1072.7799000000002 49.01499999999988 40.83499999999993 0 0.076340326340326323 5292.6984126984134 -22.935039265254716 123.3599999999998 24.235000000000003 233.30350000000001 -70.468608697497203 15.475000000000138 58.534600000000005 137.96800000000002 5292.6984126984134 1 148.25600000000014 1822.9000000000003 1150.9850000000004 4459.1156462585041 2 29.751500000000011 43.785000000000004 -189.22499999999999 1937.9000000000003 3 -80.223305886199469 4 5 5.2599999999999918
decision_type=2 2 2 9 2 2 2 2 2 2 2 2 2 2 2 1 2 2 2 2 9 2 2 2 2 9 2 9 9 2
left_child=1 2 3 7 5 18 10 -1 -7 -8 -3 20 -12 -10 15 17 -17 -14 -4 21 23 24 -6 -5 -20 -22 -27 -13 -16 -21
right_child=-2 6 4 11 22 8 9 -9 13 -11 12 27 14 -15 28 16 -18 -19 19 29 25 -23 -24 -25 -26 26 -28 -29 -30 -31
leaf_value=-1.2744980860125772 -34.739587883327317 -2.8397697976677549 2.2801827986006229 4.1938112090031305 -0.070264727158060716 2.3236923123027866 0.38041941773621146 -8.0148648126180788 0.22670073761446319 -2.689662443251418 0.11163175181837132 0.046073935351206831 -0.8213813994951793 -1.8775502688298791 -1.4203962702678066 0.53934041774946018 -2.2594845756737874 -2.6727495627802988 0.15624577995158931 -1.5083634165466808 0.8187914080435692 1.0606059593344639 -2.6994394959171832 1.0816879793799639 -3.5309381666742725 2.0940927804812142 -0.51757914542060202 -1.2551603569427987 -3.6420107668106443 1.9753013789406908
leaf_weight=808 46 421 1330 96 385 254 1639 43 1217 149 697 1230 910 295 518 717 198 504 226 61 1346 1249 181 701 81 161 1365 769 259 1675
leaf_count=808 46 421 1330 96 385 254 1639 43 1217 149 697 1230 910 295 518 717 198 504 226 61 1346 1249 181 701 81 161 1365 769 259 1675
internal_value=0.0178541 0.0999092 0.499264 -0.0603265 1.02385 1.19529 -0.795052 -1.59632 0.176804 0.124579 -1.18433 0.172801 -1.00107 -0.183851 -1.25076 -0.925373 -0.0655901 -1.47087 1.58444 1.30335 0.518344 0.690233 -0.911043 1.4385 -0.816594 0.25709 -0.24046 -0.460549 -2.22609 1.85289
internal_weight=19531 19485 13473 6519 6954 6388 6012 851 1766 1788 4224 5668 3803 1512 3106 2329 915 1414 4622 3292 3669 1556 566 797 307 2872 1526 1999 777 1736
internal_count=19531 19485 13473 6519 6954 6388 6012 851 1766 1788 4224 5668 3803 1512 3106 2329 915 1414 4622 3292 3669 1556 566 797 307 2872 1526 1999 777 1736
cat_boundaries=0 1 2 3 4 5 6
cat_threshold=2088 2 20 217729 6 71819
is_linear=0
shrinkage=0.05


Tree=16
num_leaves=31
num_cat=7
split_feature=45 6 14 33 47 11 21 25 15 14 25 28 35 11 10 29 27 25 20 15 11 6 10 11 11 6 33 21 29 18
split_gain=1.77662e+07 2.71678e+06 2.35479e+06 871410 827777 641733 704570 592267 580436 546826 525176 425408 401178 366599 691112 583479 370784 462545 366918 345170 341421 319738 318866 306396 527603 305438 294173 281659 268001 265543
threshold=1072.7799000000002 0.97097973868489751 28.599999999999969 1268.2750000000003 28.22075000000001 5724.0589569161011 -55.066209538912979 0 -8.1549999999999709 103.76000000000001 1 2 1052.0800000000002 4642.5396825396829 324.22450000000009 3 4 5 -24.24949069479695 10.235000000000015 6468.1632653061233 0.81690714121644459 29.974000000000007 5616.2358276643999 5857.6643990929715 0.99304527071632898 850.43000000000018 -27.684628771966754 6 0.43273155245129907
decision_type=2 2 2 2 2 2 2 9 2 2 9 1 2 2 2 1 1 9 2 2 2 2 2 2 2 2 2 2 1 2
left_child=1 2 3 12 5 6 8 25 -4 13 27 -6 -1 15 -15 18 17 -17 -8 -9 26 -18 -12 -14 -25 -3 -21 -5 -24 -30
right_child=-2 7 4 10 11 -7 9 19 -10 -11 22 -13 23 14 -16 16 21 -19 -20 20 -22 -23 28 24 -26 -27 -28 -29 29 -31
leaf_value=-0.37960054777260566 -31.032802100803544 -0.69356557228465066 -0.17168025672836329 -1.4092883477282574 -0.58133847493502611 -1.9571726211813847 1.4020779362760571 0.52881953235185453 -2.6722058038597076 -2.7991888153254987 -1.3565494872100174 -3.0970589649758731 1.5484323383647007 0.63641496960086585 -3.5222516260513999 -0.19979191869497301 -2.9365727984479495 -4.1552915865214084 -1.5792832461496196 3.1190444305393519 -2.0953872697968641 -0.39774574228325726 1.0155646737486268 -3.0874147521514521 1.3958849245115468 0.66839933491681258 1.4843794640703896 -5.8325372505187989 -3.7139658391475678 0.045727863401597214
leaf_weight=407 46 610 372 359 255 931 473 1061 617 200 343 612 1967 1737 106 134 140 181 132 307 62 1086 834 102 184 1266 2659 40 48 2177
leaf_count=407 46 610 372 359 255 931 473 1061 617 200 343 612 1967 1737 106 134 140 181 132 307 62 1086 834 102 184 1266 2659 40 48 2177
internal_value=0.00383124 0.0774157 -0.316795 0.370983 -0.953798 -0.748612 -0.531314 0.965431 -1.73166 -0.247918 -0.114778 -2.39957 1.06511 -0.120003 0.39723 -0.564206 -1.08079 -2.61089 0.751599 1.3017 1.57682 -0.687661 0.0887936 1.3261 -0.203054 0.224347 1.65358 -1.80742 0.251147 -0.0353801
internal_weight=19448 19402 13437 6461 6976 6109 5178 5965 989 4189 3801 867 2660 3989 1843 2146 1541 315 605 4089 3028 1226 3402 2253 286 1876 2966 399 3059 2225
internal_count=19448 19402 13437 6461 6976 6109 5178 5965 989 4189 3801 867 2660 3989 1843 2146 1541 315 605 4089 3028 1226 3402 2253 286 1876 2966 399 3059 2225
cat_boundaries=0 1 2 3 4 5 6 7
cat_threshold=3676 2104 12 2 4 199176 1
is_linear=0
shrinkage=0.05


Tree=17
num_leaves=31
num_cat=8
split_feature=49 6 14 49 20 29 25 33 25 15 25 37 13 15 15 17 25 14 25 15 39 18 34 19 15 34 39 21 29 25
split_gain=1.77014e+07 2.61611e+06 1.81912e+06 1.84053e+06 968513 929969 707018 668448 519625 508398 375841 354564 327740 320874 308378 351284 306726 304684 301273 289450 289442 298649 280080 278934 290930 258903 404903 251048 240860 225390
threshold=2776.2400000000002 0.99071333421627827 26.800000000000072 188.51500000000013 -22.927537561412738 0 1 1265.5150000000003 2 -35.700000000000038 3 88.285000000000011 -28.774999999999974 62.220000000000034 14.864999999999897 135.00000000000003 4 103.76000000000001 5 -1.0000000180025095e-35 115.90340000000002 0.64768732428292675 168.25500000000002 0.049390243902439006 302.77500000000003 171.82500000000002 110.77640000000001 -33.74351190627921 6 7
decision_type=2 2 2 2 2 1 9 2 9 2 9 2 2 2 2 2 9 2 9 2 2 2 2 2 2 2 2 2 1 9
left_child=1 2 3 7 5 12 14 18 -7 -10 -9 20 -4 29 -6 -16 -14 -8 25 22 -12 -22 -3 24 28 -1 -27 -13 -21 -11
right_child=-2 19 4 -5 6 8 17 10 9 13 11 27 16 -15 15 -17 -18 -19 -20 23 21 -23 -24 -25 -26 26 -28 -29 -30 -31
leaf_value=2.4654795388171546 -33.220148620605471 1.9648172098928722 0.64946018473646294 -10.201054967322001 -0.59149648931131449 -0.41760051628915634 -0.59955132187792892 -1.2948765125156563 -0.60425937401098118 -3.654499689352054 0.82662819373807395 -0.58373786169907138 0.45870981956181461 -1.554173887040105 1.2774854989373126 -2.6768540820138433 -1.3267355106450851 -3.0954031825942154 1.2940267702112964 0.33705496196164175 -0.90525571282239137 0.33870847990095959 -0.23853675974295785 -0.42695979243692234 -1.176662206172943 1.5276963191375854 -1.3375154043985171 -5.6252508562664651 1.7173951881748111 -2.1439548588663602
leaf_weight=95 40 191 685 41 352 744 1212 472 570 510 1421 58 355 897 1168 59 726 136 2181 356 741 1383 589 204 100 187 362 43 2815 782
leaf_count=95 40 191 685 41 352 744 1212 472 570 510 1421 58 355 897 1168 59 726 136 2181 356 741 1383 589 204 100 187 362 43 2815 782
internal_value=0.00735202 0.075739 -0.231389 0.361554 -0.73665 -1.14176 -0.00740319 0.423929 -1.6134 -1.92737 0.0175826 0.190518 -0.206211 -2.2807 0.708598 1.08734 -0.748426 -0.845089 1.01626 1.17144 0.274267 -0.0952734 0.301002 1.36682 1.47869 0.0546165 -0.361569 -2.73012 1.56243 -2.7851
internal_weight=19475 19435 15180 6984 8196 5269 2927 6943 3503 2759 4118 3646 1766 2189 1579 1227 1081 1348 2825 4255 3545 2124 780 3475 3271 644 549 101 3171 1292
internal_count=19475 19435 15180 6984 8196 5269 2927 6943 3503 2759 4118 3646 1766 2189 1579 1227 1081 1348 2825 4255 3545 2124 780 3475 3271 644 549 101 3171 1292
cat_boundaries=0 1 2 3 4 5 6 7 8
cat_threshold=2 234660 135696 2106 463008 2215 1 228
is_linear=0
shrinkage=0.05


Tree=18
num_leaves=31
num_cat=6
split_feature=49 6 14 21 11 25 44 28 25 11 10 11 44 25 13 18 19 10 34 18 34 37 10 35 31 11 49 10 37 25
split_gain=1.60262e+07 2.42919e+06 1.38663e+06 1.04124e+06 753757 622495 600642 533622 534296 518791 491710 445035 439204 433601 358089 279057 279053 274215 247599 239169 260507 347678 238221 233953 648352 261420 237049 224015 220732 219501
threshold=1383.6699999999998 0.86743020040980723 31.635000000000222 -26.919830858970922 5739.6825396825398 0 62.220000000000034 1 2 4865.396825396826 108.45100000000012 5857.6643990929715 54.575000000000053 3 -68.480000000000004 0.96783473613733861 0.074772886093640759 81.338999999999999 183.49500000000003 0.52815898633614811 205.12000000000003 56.155000000000008 324.22450000000009 1583.8150000000003 4 5724.0589569161011 169.75499999999991 52.956500000000013 84.700000000000003 5
decision_type=2 2 2 2 2 9 2 1 9 2 2 2 2 9 2 2 2 2 2 2 2 2 2 2 9 2 2 2 2 9
left_child=1 5 6 7 10 19 13 9 -9 -4 -5 16 -10 27 17 28 -8 -7 -11 -1 -21 -22 -12 24 26 -25 -15 -3 -16 -20
right_child=-2 2 3 4 -6 14 11 8 12 18 22 -13 -14 23 15 -17 -18 -19 29 20 21 -23 -24 25 -26 -27 -28 -29 -30 -31
leaf_value=-3.2551680355307888 -24.049206211255946 0.032571992756504763 0.92062012800851312 1.1910641488506262 -3.1632314860936286 -0.91937062296137384 1.6297970125818801 0.040132780398483635 -2.4665990511135854 0.67596619514594414 0.081665465988422919 0.0019975041069955515 -0.81866470834832983 0.14473899854174288 -1.1313957226349802 0.48247724650145485 -0.10198529775948283 0.55334451746888713 -0.073968838503325945 -0.91828051034930491 -4.978100419963928 -1.7000858241576573 -2.3396711959803507 -0.82867278253343035 2.9977633225169327 0.8370488408121739 -3.649057881776677 1.4297245790472297 -3.8721539171436166 -2.7374513411585326
leaf_weight=187 69 380 780 1914 129 445 3176 665 826 133 730 577 792 970 1048 264 251 1091 127 1145 94 580 118 1012 207 307 43 1171 79 225
leaf_count=187 69 380 780 1914 129 445 3176 665 826 133 730 577 792 970 1048 264 251 1091 127 1145 94 580 118 1012 207 307 43 1171 79 225
internal_value=0.00504596 0.0903097 0.415727 -0.131849 0.572527 -0.868394 0.851338 -0.705792 -1.15949 0.121218 0.747006 1.28666 -1.64975 0.42517 -0.398246 -0.980754 1.50296 0.126679 -1.16192 -1.54471 -1.37736 -2.15726 -0.255266 0.020541 0.519674 -0.440973 -0.0161414 1.08045 -1.32352 -1.85635
internal_weight=19535 19466 14533 6439 2891 4933 8094 3548 2283 1265 2762 4004 1618 4090 2927 1391 3427 1536 485 2006 1819 674 848 2539 1220 1319 1013 1551 1127 352
internal_count=19535 19466 14533 6439 2891 4933 8094 3548 2283 1265 2762 4004 1618 4090 2927 1391 3427 1536 485 2006 1819 674 848 2539 1220 1319 1013 1551 1127 352
cat_boundaries=0 1 2 3 4 5 6
cat_threshold=2223 12 397840 479233 5 102530
is_linear=0
shrinkage=0.05


Tree=19
num_leaves=31
num_cat=4
split_feature=49 6 14 44 20 10 29 33 35 20 11 11 21 36 29 10 35 40 11 27 13 11 14 6 29 15 11 14 11 11
split_gain=1.60727e+07 2.2257e+06 1.68392e+06 831586 624730 635692 586940 530052 528063 447686 373624 363970 476379 440601 386381 327289 324782 322046 292150 291061 286413 372366 285623 268626 257310 250660 240841 222097 222048 490477
threshold=2776.2400000000002 0.97097973868489751 28.599999999999969 -183.90499999999994 -22.852888565686275 258.85100000000006 0 1268.2750000000003 1991.24 -27.268313848614451 5739.6825396825398 5292.6984126984134 -57.634740431857033 58.534600000000005 1 25.297500000000007 1039.1600000000001 1394.1250000000002 4703.4920634920645 2 -26.53999999999996 5713.9002267573705 82.805000000000078 0.85211153701892128 3 75.194999999999951 5677.9591836734699 41.13999999999988 5616.2358276643999 5857.6643990929715
decision_type=2 2 2 2 2 2 1 2 2 2 2 2 2 2 1 2 2 2 2 1 2 2 2 2 1 2 2 2 2 2
left_child=1 2 3 -1 6 10 20 16 -8 25 18 12 17 -13 -14 23 -5 -3 -6 24 21 -4 -20 -9 -17 -10 -25 -16 -18 -30
right_child=-2 11 4 7 5 -7 8 15 9 -11 -12 13 14 -15 27 19 28 -19 22 -21 -22 -23 -24 26 -26 -27 -28 -29 29 -31
leaf_value=-6.736645021608898 -30.196327469565656 0.6404164333738066 1.5010489236929867 -0.62651852001436059 -0.82762381263931128 -2.6175065808774285 -1.0192568124980976 -4.1781603608812601 -3.0987021733551923 -0.43670639588041049 -3.3187316315514703 0.66112797650287325 -0.032561686320574511 -1.411787175260441 1.7814395112389603 0.97417026631986714 1.2549131150476356 -1.503937015626434 0.95173808913821833 -1.6548488985849632 -0.93996036343375844 -1.1648091618629064 -0.66650204715329453 -1.6733881336976848 -0.041417401962329167 -0.98397926641515943 1.0637404489315163 0.93102120982646552 -3.0772026725489687 1.29158458635211
leaf_weight=42 44 554 366 320 493 240 1919 70 899 255 77 1006 479 344 2201 856 2036 256 1165 218 750 204 356 252 2298 166 118 1179 99 183
leaf_count=42 44 554 366 320 493 240 1919 70 899 255 77 1006 479 344 2201 856 2036 256 1165 218 750 204 356 252 2298 166 118 1179 99 183
internal_value=-0.0109869 0.0574711 -0.301693 0.276126 -0.846133 -0.180293 -1.18657 0.32179 -1.54875 -2.31851 0.0994449 0.855997 1.06507 0.132918 1.29646 -0.0552697 0.866654 -0.0373052 0.23013 0.112086 -0.297884 0.546952 0.572978 -1.33783 0.234215 -2.76908 -0.800466 1.4848 1.07279 -0.242139
internal_weight=19445 19401 13382 6492 6890 2331 4559 6450 3239 1320 2091 6019 4669 1350 3859 3812 2638 810 2014 3372 1320 570 1521 440 3154 1065 370 3380 2318 282
internal_count=19445 19401 13382 6492 6890 2331 4559 6450 3239 1320 2091 6019 4669 1350 3859 3812 2638 810 2014 3372 1320 570 1521 440 3154 1065 370 3380 2318 282
cat_boundaries=0 1 2 3 4
cat_threshold=2 1 2 1
is_linear=0
shrinkage=0.05


end of trees

feature_importances:
vowel_class=62
wav_duration_ms=48
words_vs_alias_score_margin=41
base_pre_to_expected_ms=38
local_valley_db=36
base_cutoff_to_next_anchor_ms=35
cand_cutoff_abs=33
mapping_confidence=31
cand_ovl=23
local_peak_db=22
voicing_class=22
cand_leak_risk=21
cand_cons=19
cand_cutoff_to_next_anchor_ms=18
cand_offset=17
expected_anchor_ms=13
db_silence_ratio=13
onset_class=12
cand_cut_gap=12
energy_mean=10
prev_alias_type=10
mora_position=9
cand_pre=8
cand_overlap_margin=7
next_phone_gap_ms=6
cand_ovl_ratio=6
cand_delta_from_base_total=6
cand_pre_abs=5
base_offset_to_expected_ms=4
cand_cons_gap=4
cand_pre_to_expected_ms=4
alias_group=2
mel_window_silence_ratio=2
mel_window_energy_mean=1

parameters:
[boosting: gbdt]
[objective: regression]
[metric: l2]
[tree_learner: serial]
[device_type: cpu]
[data_sample_strategy: bagging]
[data: ]
[valid: ]
[num_iterations: 400]
[learning_rate: 0.05]
[num_leaves: 31]
[num_threads: 0]
[seed: 0]
[deterministic: 0]
[force_col_wise: 0]
[force_row_wise: 0]
[histogram_pool_size: -1]
[max_depth: -1]
[min_data_in_leaf: 40]
[min_sum_hessian_in_leaf: 0.001]
[bagging_fraction: 0.85]
[pos_bagging_fraction: 1]
[neg_bagging_fraction: 1]
[bagging_freq: 1]
[bagging_seed: 3]
[bagging_by_query: 0]
[feature_fraction: 0.85]
[feature_fraction_bynode: 1]
[feature_fraction_seed: 2]
[extra_trees: 0]
[extra_seed: 6]
[early_stopping_round: 0]
[early_stopping_min_delta: 0]
[first_metric_only: 0]
[max_delta_step: 0]
[lambda_l1: 0]
[lambda_l2: 0]
[linear_lambda: 0]
[min_gain_to_split: 0]
[drop_rate: 0.1]
[max_drop: 50]
[skip_drop: 0.5]
[xgboost_dart_mode: 0]
[uniform_drop: 0]
[drop_seed: 4]
[top_rate: 0.2]
[other_rate: 0.1]
[min_data_per_group: 100]
[max_cat_threshold: 32]
[cat_l2: 10]
[cat_smooth: 10]
[max_cat_to_onehot: 4]
[top_k: 20]
[monotone_constraints: ]
[monotone_constraints_method: basic]
[monotone_penalty: 0]
[feature_contri: ]
[forcedsplits_filename: ]
[refit_decay_rate: 0.9]
[cegb_tradeoff: 1]
[cegb_penalty_split: 0]
[cegb_penalty_feature_lazy: ]
[cegb_penalty_feature_coupled: ]
[path_smooth: 0]
[interaction_constraints: ]
[verbosity: -1]
[saved_feature_importance_type: 0]
[use_quantized_grad: 0]
[num_grad_quant_bins: 4]
[quant_train_renew_leaf: 0]
[stochastic_rounding: 1]
[linear_tree: 0]
[max_bin: 255]
[max_bin_by_feature: ]
[min_data_in_bin: 3]
[bin_construct_sample_cnt: 200000]
[data_random_seed: 1]
[is_enable_sparse: 1]
[enable_bundle: 1]
[use_missing: 1]
[zero_as_missing: 0]
[feature_pre_filter: 1]
[pre_partition: 0]
[two_round: 0]
[header: 0]
[label_column: ]
[weight_column: ]
[group_column: ]
[ignore_column: ]
[categorical_feature: 0,1,2,3,4,24,25,26,27,28,29,30,31,32]
[forcedbins_filename: ]
[precise_float_parser: 0]
[parser_config_file: ]
[objective_seed: 5]
[num_class: 1]
[is_unbalance: 0]
[scale_pos_weight: 1]
[sigmoid: 1]
[boost_from_average: 1]
[reg_sqrt: 0]
[alpha: 0.9]
[fair_c: 1]
[poisson_max_delta_step: 0.7]
[tweedie_variance_power: 1.5]
[lambdarank_truncation_level: 30]
[lambdarank_norm: 1]
[label_gain: ]
[lambdarank_position_bias_regularization: 0]
[eval_at: ]
[multi_error_top_k: 1]
[auc_mu_weights: ]
[num_machines: 1]
[local_listen_port: 12400]
[time_out: 120]
[machine_list_filename: ]
[machines: ]
[gpu_platform_id: -1]
[gpu_device_id: -1]
[gpu_use_dp: 0]
[num_gpu: 1]

end of parameters

pandas_categorical:[["korean"], ["cvc"], ["cv", "cv_head"], ["cv", "cv_glide", "cv_head", "cv_head_glide"], ["anchor_soft", "anchor_tight", "base", "cv_guard", "kr_cvc_body_hold", "next_safe"], ["none"], ["", "a", "e", "eo", "eui", "i", "o", "u", "ui", "wa", "we", "weo", "wi", "wo", "ya", "ye", "yeo", "yo", "yu"], [""], ["head", "mid", "tail"], ["other", "plosive", "sibilant", "sonorant"], ["unknown", "voiced", "voiceless"], ["unknown"], ["", "cv", "cv_head", "mono", "vc", "vcv"], [""]]
