tree
version=v4
num_class=1
num_tree_per_iteration=1
label_index=0
max_feature_idx=74
objective=regression_l1
feature_names=language format_type alias_type alias_group row_index_in_wav row_ratio_in_wav is_head_row is_tail_row wav_duration_ms base_offset base_cons base_cutoff_abs base_pre base_ovl base_cons_gap base_cut_gap base_ovl_ratio curr_phone_start_ms curr_phone_end_ms curr_phone_len_ms curr_vowel_start_ms curr_vowel_end_ms curr_vowel_len_ms syllable_start_ms syllable_end_ms syllable_len_ms prev_phone_gap_ms next_phone_gap_ms expected_anchor_ms base_offset_to_expected_ms base_pre_to_expected_ms base_cutoff_to_next_anchor_ms energy_mean energy_min energy_max energy_slope_pre energy_slope_post valley_energy valley_dist_from_cutoff_ms db_mean db_min db_silence_ratio f0_voicing_mean f0_voicing_near_pre zcr_mean spectral_flux_mean onset_class voicing_class is_tense is_diphthong coda_type vowel_class mora_position bridge_type is_nasal_or_sonorant prev_alias_type next_alias_type prev_base_pre next_base_pre prev_base_offset next_base_offset prev_base_cutoff_abs next_base_cutoff_abs mapping_confidence used_alias_occurrence_mapping used_exact_vowel_fix used_nuclei_fallback used_alias_based_syllables words_vs_alias_score_margin jump_blocked_flag mapping_reason_code local_peak_db local_valley_db mel_window_energy_mean mel_window_silence_ratio
feature_infos=none none -1:1:3:0:2 -1:3:2:5:1:4:0 [0:16] [0:1] [0:1] [0:1] [3120:7166.5079365079364] [0:4555.8900000000003] [141.41:454.69] [275.38:5067.3000000000002] [48.490000000000002:331.79000000000002] [8.3300000000000001:254.03] [79.279999999999987:161.70999999999998] [49.29000000000002:216.19] [0.1058046487996951:0.95913180296122957] [0:4770] [110:6050] [10:2510] [0:4770] [0:6050] [0:2510] [0:4100] [470:6393.2200000000003] [90:5930] none none [0:4770] [-343.79000000000002:36.419999999999959] [-19.349999999999909:337.00999999999999] [-337.16000000000008:2277.4099999999999] [0.35802370996828542:1] [0:1] [0.4846922111787712:1] [-0.67683684056131355:1] [-0.52843924000837106:0.96660618743171955] [0:1] [0.038911564625891501:375.3214058956919] [-36.843429140065822:-8.1115021538819665] [-85.909353932085665:-10.373942349188429] [0:0.29729729729729731] [0.52921292313282087:1] [0:1] [0.0093563935355826001:0.2078253473206691] [0:0.057246312996616498] -1:1:3:2:0 -1:1:2:0 [0:1] [0:1] none -1:10:0:13:15:14:12:6:1:16:17:2:7:9:5:11:8 -1:0:1:2 -1:0:1 [0:1] -1:0:4:2:5:1 none [0:336.80000000000001] [0:383.33999999999997] [0:4572.6700000000001] [0:4383.6800000000003] [0:5060.4099999999999] [0:5022.4400000000005] [0.7200984478274316:0.99259504915113839] none [0:1] none none [-34.322000000000003:5537.0230000000001] none none [-36.843429140065822:-8.1115021538819665] [-85.909353932085665:-10.373942349188429] [0.35802370996828542:1] [0:0.29729729729729731]
tree_sizes=2657 2720 2712 2745 2717 2744 2700 2759 2762 2741 2740 2751 2744 2747 2707 2708 2703 2727 2723 2743 2734 2737 2756

Tree=0
num_leaves=31
num_cat=0
split_feature=9 25 21 23 8 23 8 65 48 45 20 45 14 18 25 68 30 40 9 17 30 24 12 13 63 45 38 13 14 9
split_gain=534.238 161.32 58.7321 45.7767 38.9043 30.7134 19.2089 30.4658 18.1818 16.778 15.1155 14.7859 13.179 12.5069 6.37913 6.21747 4.70982 4.44776 3.5471 3.47063 2.0353 2.61324 1.85736 2.16832 2.63215 3.28789 2.54986 1.8 1.51905 1.5
threshold=167.34500000000003 935.00000000000011 1295.0000000000002 525.00000000000011 4096.6553287981869 245.00000000000003 5873.287981859411 1.0000000180025095e-35 1.0000000180025095e-35 0.021785306110232154 635.00000000000011 0.018339486753697103 97.235000000000014 985.00000000000011 2745.0000000000005 3558.1435000000006 11.674999999999999 -33.697096156093075 1292.5050000000003 245.00000000000003 12.735000000000044 4224.4650000000011 108.55000000000003 74.480000000000004 0.77045036410112033 0.022467282868770404 254.8714399092971 69.695000000000007 101.21500000000002 1275.6450000000002
decision_type=2 2 2 2 2 2 2 2 2 2 2 2 2 2 2 2 2 2 2 2 2 2 2 2 2 2 2 2 2 2
left_child=8 4 6 5 -2 -4 14 28 19 12 -9 -5 -10 -6 17 -13 -16 -3 -7 20 22 -22 -1 24 25 -24 -26 -21 -8 -15
right_child=1 2 3 11 13 18 7 10 9 -11 -12 15 -14 29 16 -17 -18 -19 -20 27 21 -23 23 -25 26 -27 -28 -29 -30 -31
leaf_value=2.024000036716461 -3.5034999728202818 -3.041000020503998 -1.7040000081062316 -3.8255000472068788 0.60250002145767212 -6.650000131130219 -7.1995000243186951 -1.8340000271797181 -1.5740000128746032 -2.6790000081062315 -3.6309999823570251 0.60949999094009399 0.96874986886978176 2.9734999299049383 -6.5367499709129335 -1.7590000271797179 -4.7565000891685489 -4.5212499976158149 -6.9294999480247501 0.79125000238418597 1.7920000672340395 2.489500105381012 1.7490000367164615 0.8639998078346256 0.0060000061988834119 0.55849996805191049 0.98799997568130493 0.058999979496002553 -5.6857499480247498 2.9994999527931219
leaf_weight=73 56 43 42 40 63 52 71 56 45 45 69 42 64 48 362 50 40 48 63 40 40 42 99 73 40 51 41 40 40 48
leaf_count=73 56 43 42 40 63 52 71 56 45 45 69 42 64 48 362 50 40 48 63 40 40 42 99 73 40 51 41 40 40 48
internal_value=-2.48984 -2.50959 -2.5179 -2.49882 -2.47023 -2.51707 -2.52546 -2.51373 -2.45472 -2.46987 -2.4968 -2.47712 -2.45927 -2.45761 -2.53108 -2.46609 -2.53378 -2.51912 -2.53043 -2.45039 -2.44871 -2.45585 -2.44716 -2.44888 -2.45126 -2.44733 -2.45852 -2.46 -2.53279 -2.44625
internal_weight=1926 1233 1018 289 215 157 729 236 693 154 125 132 109 159 493 92 402 91 115 539 459 82 377 304 231 150 81 80 111 96
internal_count=1926 1233 1018 289 215 157 729 236 693 154 125 132 109 159 493 92 402 91 115 539 459 82 377 304 231 150 81 80 111 96
is_linear=0
shrinkage=1


Tree=1
num_leaves=31
num_cat=0
split_feature=9 25 10 8 23 24 14 23 68 39 12 58 18 18 14 13 42 23 19 39 63 9 10 24 23 60 19 45 43 43
split_gain=508.438 172.08 49.8668 35.8022 25.6658 20.3337 23.3362 17.8731 26.7405 17.8513 12.1249 12.4635 9.85748 9.02894 6.41475 13.9162 5.38842 4.91169 4.66689 4.15758 3.82381 2.22962 2.16778 1.75439 1.71471 4.97362 1.36979 1.24441 0.870513 0.839141
threshold=167.34500000000003 935.00000000000011 309.19000000000011 4096.6553287981869 775.00000000000011 5650.0000000000009 97.710000000000022 515.00000000000011 3649.5945000000006 -19.038831730430861 159.97500000000002 206.92500000000004 985.00000000000011 1105.0000000000002 97.235000000000014 53.355000000000011 0.85489958165726343 305.00000000000006 345.00000000000006 -17.412585064984867 0.76924104358258172 1246.0150000000001 245.04000000000005 4855.0000000000009 435.00000000000006 788.79500000000019 285.00000000000006 0.026230208048472255 0.83503578481442897 0.67365517625120341
decision_type=2 2 2 2 2 2 2 2 2 2 2 2 2 2 2 2 2 2 2 2 2 2 2 2 2 2 2 2 2 2
left_child=10 3 4 -2 5 7 -7 16 13 -4 11 18 -5 -9 15 19 -3 -18 -1 -13 -17 -14 28 -10 27 -26 -24 -19 29 -16
right_child=1 2 9 12 -6 6 -8 8 23 -11 -12 14 21 -15 22 20 17 24 -20 -21 -22 -23 26 -25 25 -27 -28 -29 -30 -31
leaf_value=2.9025625318288806 -0.99832496702671047 -2.4318062120676043 0.69261249184608464 3.0316250294446947 0.70590001285076154 -2.6574499398469928 0.33454999625682835 -1.0005562645196915 -2.48466247856617 -2.2202999347448347 1.4170624798536302 1.2467375051975251 6.0678250950574881 0.77055001437664039 3.6464314049482347 4.1070498484373088 -4.1216623717546463 -4.5278436070680614 1.8766999548673633 2.0935749924182896 2.6370687693357469 5.1135248345136652 3.3818000096082685 -4.0814125472307206 -0.97166246712207804 -3.2935251551866531 2.4765750092267993 -3.5989124709367752 3.8034311836957935 3.3688687413930896
leaf_weight=42 49 40 78 62 40 71 67 78 64 52 41 40 47 42 42 97 40 228 45 44 46 54 53 50 45 77 67 40 132 40
leaf_count=42 49 40 78 62 40 71 67 78 64 52 41 40 47 42 42 97 40 228 45 44 46 54 53 50 45 77 67 40 132 40
internal_value=0.000548876 -0.0187908 -0.0273715 0.0221698 -0.0316327 -0.0334917 -0.015942 -0.0369318 -0.025641 0.00153846 0.0349057 0.0365741 0.0334356 -0.00916667 0.0393048 0.0328194 -0.0425532 -0.044186 0.0189655 0.0166667 0.0423077 0.0430693 0.0437126 -0.0429825 -0.0458974 -0.0409836 0.0383333 -0.0481343 0.046729 0.0426829
internal_weight=1913 1224 1012 212 882 842 138 704 234 130 689 648 163 120 561 227 470 430 87 84 143 101 334 114 390 122 120 268 214 82
internal_count=1913 1224 1012 212 882 842 138 704 234 130 689 648 163 120 561 227 470 430 87 84 143 101 334 114 390 122 120 268 214 82
is_linear=0
shrinkage=0.05


Tree=2
num_leaves=31
num_cat=0
split_feature=9 25 8 16 23 68 48 8 68 35 57 19 58 22 8 16 58 33 18 44 60 11 35 68 8 43 21 21 45 45
split_gain=506.088 125.766 42.8571 40.7936 31.1371 37.7083 20.6202 18.4569 16.4858 18.932 16.2021 11.5654 11.0353 10.5209 10.397 8.70032 8.45 6.72886 6.13005 5.31694 9.60947 3.35967 3.10889 2.17778 1.96681 1.9029 1.83989 1.32201 0.782093 0.9858
threshold=192.44000000000003 935.00000000000011 4096.6553287981869 0.50534334931276392 525.00000000000011 3840.3125000000009 1.0000000180025095e-35 4517.0975056689358 2566.8945000000003 0.27564563250970281 148.87000000000003 264.99999999999994 206.92500000000004 435.00000000000006 4595.2607709750582 0.61621794445702349 188.87500000000003 0.26971285478571372 1005.0000000000001 0.040402608449106862 621.37500000000011 455.17000000000002 0.29057169989112958 3649.5945000000006 4334.2403628117927 0.96497963520701691 1655.0000000000002 555.00000000000011 0.019232272792945503 0.016943004582714503
decision_type=2 2 2 2 2 2 2 2 2 2 2 2 2 2 2 2 2 2 2 2 2 2 2 2 2 2 2 2 2 2
left_child=6 2 -2 8 5 15 12 17 9 -3 -6 -12 16 19 18 26 -1 -8 -4 20 -10 24 27 -22 25 -14 -5 -23 29 -26
right_child=1 3 14 4 10 -7 7 -9 13 -11 11 -13 21 -15 -16 -17 -18 -19 -20 -21 23 22 -24 -25 28 -27 -28 -29 -30 -31
leaf_value=3.2254219402372843 -1.7429087835252286 -1.9730577981173996 4.5497936101257803 -3.7650470436513426 -1.6074076938778163 0.31278311935067182 1.2135020629614592 -0.47140310260653495 -1.5988649646937849 -0.058022037833929077 -0.1619025006890297 2.6178194225430489 3.618913033396006 -2.7452114953696731 1.962433794528246 -2.3991475886404516 1.1447774746716022 2.5950437377989295 5.1158487758934506 -4.6385793981254109 -1.4736132573187353 2.9129464872181416 2.7933656986057755 -3.1809284395873547 3.8176974599659448 3.7052878407537939 -4.0081329595744606 2.7052938313782215 3.759628271132708 4.4346725480854507
leaf_weight=40 60 50 40 68 56 67 42 41 50 68 50 57 40 60 41 63 40 76 69 179 60 41 72 120 77 42 65 45 105 41
leaf_count=40 60 50 40 68 56 67 42 41 50 68 50 57 40 60 41 63 40 76 69 179 60 41 72 120 77 42 65 45 105 41
internal_value=-7.79221e-05 -0.0195012 0.0157143 -0.0268016 -0.0150235 -0.0256654 0.0337607 0.0179245 -0.0353492 -0.0186441 0.00214724 0.0135514 0.0383978 -0.0395522 0.03 -0.0367347 0.02125 0.0279661 0.0380734 -0.0424205 -0.0373913 0.0413607 0.035443 -0.0427778 0.0444262 0.0378049 -0.043985 0.0418605 0.046861 0.0440678
internal_weight=1925 1223 210 1013 426 263 702 159 587 118 163 107 543 469 150 196 80 118 109 409 230 463 158 180 305 82 133 86 223 118
internal_count=1925 1223 210 1013 426 263 702 159 587 118 163 107 543 469 150 196 80 118 109 409 230 463 158 180 305 82 133 86 223 118
is_linear=0
shrinkage=0.05


Tree=3
num_leaves=31
num_cat=1
split_feature=9 25 9 23 8 48 12 33 44 29 31 51 29 12 8 58 63 36 17 8 62 17 25 43 14 12 25 33 45 36
split_gain=453.358 135.779 42.6066 35.8641 33.1923 26.1852 21.2801 18.3117 18.0045 22.8739 17.0671 13.6311 13.1135 11.2472 10.7283 9.74212 8.71558 8.31495 7.76737 7.53878 6.88319 6.47369 4.27475 3.88134 3.50649 2.71951 1.62217 2.16077 1.53846 0.4824
threshold=192.44000000000003 935.00000000000011 755.12000000000012 525.00000000000011 4159.1609977324269 1.0000000180025095e-35 141.31000000000003 0.26527430505044752 0.040402608449106862 -88.95499999999997 -233.82000000000002 0 -104.14999999999998 158.44000000000003 5818.3333333333348 206.92500000000004 0.79505915856494225 0.032689452113282912 535.00000000000011 4526.8934240362823 1504.3350000000003 235.00000000000003 2975.0000000000005 0.88533744171743767 97.960000000000022 186.59500000000003 4065.3950000000004 0.21183023305168605 0.015089329886773252 0.026102427896237252
decision_type=2 2 2 2 2 2 2 2 2 2 2 9 2 2 2 2 2 2 2 2 2 2 2 2 2 2 2 2 2 2
left_child=5 4 8 10 -2 15 12 17 9 11 -4 14 24 16 -3 -1 29 -5 -10 25 -20 26 -12 -23 -7 -6 27 -17 -29 -13
right_child=1 2 3 7 19 6 -8 -9 18 -11 22 13 -14 -15 -16 21 -18 -19 20 -21 -22 23 -24 -25 -26 -27 -28 28 -30 -31
leaf_value=2.5715260610744362 -0.94376335579305892 -1.9840257689028982 -0.97276669056564558 0.57167300807535648 5.7336414015099413 1.3580156699996442 -0.28358296702653174 -1.6884563745331023 -4.5891505045130847 -0.040799155725538716 -3.6828019261613494 -2.7402453613236548 0.39744396633878348 -2.0251821695540104 0.035515740863978885 3.6752520219191909 -0.98316851334273814 1.6857106933847072 -1.64736292783767 2.7023040440604094 -2.6780296964112669 2.3839402079805732 -3.7459368870571255 2.4914242395684121 3.2479138399615888 3.822998785953224 3.8087161379620436 3.1583633139744403 3.5124639241144062 -1.7709461169093847
leaf_weight=79 59 40 43 52 46 40 40 44 183 71 55 151 41 46 61 75 62 41 41 67 48 44 44 76 44 40 135 52 65 40
leaf_count=79 59 40 43 52 46 40 40 44 183 71 55 151 41 46 61 75 62 41 41 67 48 44 44 76 44 40 135 52 65 40
internal_value=-0.000805195 -0.0189627 -0.0265166 -0.00985663 0.0174528 0.0316208 0.0142424 0.00839416 -0.0327725 -0.0268577 -0.0274648 -0.0315 0.0244 -0.0367314 -0.0112613 0.0370722 -0.0420949 0.0209677 -0.0430147 0.0297386 -0.0308989 0.0399329 -0.0388889 0.03 0.0357143 0.0395349 0.043578 0.040625 0.0448718 -0.0473822
internal_weight=1925 1234 1022 279 212 691 165 137 743 471 142 400 125 299 101 526 253 93 272 153 89 447 99 120 84 86 327 192 117 191
internal_count=1925 1234 1022 279 212 691 165 137 743 471 142 400 125 299 101 526 253 93 272 153 89 447 99 120 84 86 327 192 117 191
cat_boundaries=0 1
cat_threshold=205824
is_linear=0
shrinkage=0.05


Tree=4
num_leaves=31
num_cat=0
split_feature=20 25 16 8 19 48 25 35 61 68 14 14 44 45 49 21 17 14 8 36 18 60 16 23 42 62 62 44 8 13
split_gain=435.349 124.791 52.8211 33.866 28.341 24.4714 20.6777 18.6713 18.4353 13.2118 12.9366 12.7651 11.656 11.5618 11.2046 19.7961 11.5728 9.30247 6.62387 4.89149 4.32412 5.68533 5.36502 4.26348 3.28605 3.07282 1.8 1.51515 1.33721 1.29518
threshold=305.00000000000006 935.00000000000011 0.50534334931276392 4096.6553287981869 235.00000000000003 1.0000000180025095e-35 2875.0000000000005 0.27564563250970281 954.38000000000011 3844.6965000000005 108.28500000000004 94.765000000000015 0.040402608449106862 0.021605786584500655 1.0000000180025095e-35 975.00000000000011 635.00000000000011 112.89500000000002 4474.2290249433108 0.043289815068956558 515.00000000000011 476.62500000000006 0.43180660471875992 465.00000000000006 0.94383216344433929 969.68500000000006 869.96500000000015 0.040686135525942711 4482.9931972789127 107.05000000000001
decision_type=2 2 2 2 2 2 2 2 2 2 2 2 2 2 2 2 2 2 2 2 2 2 2 2 2 2 2 2 2 2
left_child=5 3 6 -2 9 19 7 -3 -6 10 23 -5 -10 18 -8 27 -17 28 -7 20 25 -22 -23 29 -21 26 -1 -16 -13 -4
right_child=1 2 4 11 8 13 14 -9 12 -11 -12 17 -14 -15 15 16 -18 -19 -20 24 21 22 -24 -25 -26 -27 -28 -29 -30 -31
leaf_value=3.4026855376941714 -0.91057517465196547 -1.7373926401453468 -3.6358509386002269 0.059357483388856026 -1.5882757595125494 2.1441936680809595 -4.4110938117461655 -0.018629434540644297 0.54664287478499118 0.18997771928587001 -1.1686503639180772 5.2296829332823309 2.6627249233143782 -0.1853747058064491 -2.4504964005800338 0.085634559227842869 -1.153566586686857 1.9804428951162845 0.89753250845829025 3.0252551903016123 3.4082543663270024 1.040874801126793 2.2953957791613044 -2.1278057087351754 3.4734940591729435 3.0272776980889589 2.7881456923968346 -3.670383673381135 4.5881828417295969 -3.7630641559472213
leaf_weight=40 56 60 43 40 74 64 251 73 53 44 71 46 42 43 44 41 46 40 45 57 75 47 56 54 147 67 40 88 40 40
leaf_count=40 56 60 43 40 74 64 251 73 53 44 71 46 42 43 44 41 46 40 45 57 75 47 56 54 147 67 40 88 40 40
internal_value=-0.000648677 -0.0182183 -0.0255859 0.0157658 -0.0119952 0.0314978 -0.0350746 -0.0176692 0.00384615 -0.022619 -0.0278846 0.0271084 0.0184211 0.0138158 -0.04 -0.0317352 -0.0132184 0.0349206 0.0224771 0.0365784 0.0327692 0.0275281 0.0199029 -0.0368613 0.0426471 0.0391156 0.0325 -0.0439394 0.044186 -0.0439759
internal_weight=1927 1246 1024 222 421 681 603 133 169 252 208 166 95 152 470 219 87 126 109 529 325 178 103 137 204 147 80 132 86 83
internal_count=1927 1246 1024 222 421 681 603 133 169 252 208 166 95 152 470 219 87 126 109 529 325 178 103 137 204 147 80 132 86 83
is_linear=0
shrinkage=0.05


Tree=5
num_leaves=31
num_cat=1
split_feature=23 25 23 16 8 51 8 48 24 58 13 8 68 17 24 10 35 40 38 62 19 44 23 8 22 25 42 31 17 8
split_gain=373.099 131.256 41.833 41.9361 34.1877 30.0143 25.604 23.9694 20.8677 19.0798 15.5526 13.7441 13.6387 12.4089 12.3526 11.296 10.0762 8.64227 8.29951 8.12638 7.83029 7.42672 4.85243 4.32032 3.28567 2.88095 2.6489 2.3913 1.86808 1.02361
threshold=245.00000000000003 935.00000000000011 455.00000000000006 0.53038987304677676 4096.6553287981869 0 5282.5396825396838 1.0000000180025095e-35 3375.0000000000005 206.27500000000003 63.605000000000011 4612.2562358276655 3649.5945000000006 235.00000000000003 4745.0000000000009 208.66000000000003 0.1955111578807304 -23.19624613392476 253.46027210884355 2556.1450000000004 274.99999999999994 0.019705131840090703 1145.0000000000002 4349.5804988662139 274.99999999999994 5385.0000000000009 0.95695662919229718 92.050000000000011 215.00000000000003 4455.4648526077108
decision_type=2 2 2 2 2 9 2 2 2 2 2 2 2 2 2 2 2 2 2 2 2 2 2 2 2 2 2 2 2 2
left_child=7 4 6 5 -2 18 21 9 -5 17 15 22 16 23 19 -9 -7 -1 -4 -10 -15 -3 -6 26 -23 -14 -11 -22 -17 -25
right_child=1 2 3 8 11 12 -8 10 14 13 -12 -13 25 20 -16 28 -18 -19 -20 -21 27 24 -24 29 -26 -27 -28 -29 -30 -31
leaf_value=-0.065155959150899181 -1.0705463987532295 -1.7400227835048625 -0.61092581062708051 -1.9709173468129841 4.344885574703258 -1.7032232810665182 0.0074203025045017973 -0.10586835173826295 1.4315698882046977 2.5449532412812377 -0.36788510579622913 1.7581183397680933 -3.2657974159787488 1.6827081991140469 -0.72630358794111627 2.9992613851244703 -0.094518496726464465 2.4183649658345097 0.62545822967408515 0.31820848999655615 2.3155862458951195 -2.1893258110487572 4.3353521833026223 3.2904329065882081 -4.2550780342365204 -2.7184391224171356 3.1366928440610731 2.2549868308071717 0.85265588303537576 3.3749879375082368
leaf_weight=52 59 51 60 45 78 40 40 40 58 46 41 40 135 57 42 45 56 42 41 49 46 69 51 123 238 40 52 44 43 121
leaf_count=52 59 51 60 45 78 40 40 40 58 46 41 40 135 57 42 45 56 42 41 49 46 69 51 123 238 40 52 44 43 121
internal_value=-5.14403e-05 -0.0174497 -0.0255187 -0.0167845 0.0166667 -0.0266129 -0.0379397 0.0275266 0.00206186 0.0323328 0.0109467 0.0281065 -0.0346975 0.0362986 0.0110738 0.0195312 -0.0208333 0.0117021 -0.00135135 0.0200935 0.0241497 -0.0421788 0.0360465 0.0415205 -0.045114 -0.0442857 0.0326531 0.0333333 0.0295455 0.045082
internal_weight=1944 1192 964 566 228 372 398 752 194 583 169 169 271 489 149 128 96 94 101 107 147 358 129 342 307 175 98 90 88 244
internal_count=1944 1192 964 566 228 372 398 752 194 583 169 169 271 489 149 128 96 94 101 107 147 358 129 342 307 175 98 90 88 244
cat_boundaries=0 1
cat_threshold=222208
is_linear=0
shrinkage=0.05


Tree=6
num_leaves=31
num_cat=2
split_feature=9 23 53 12 48 51 44 24 23 22 24 29 12 19 20 58 10 57 20 30 10 10 10 35 32 33 35 10 43 14
split_gain=397.707 84.3897 75.6822 37.7279 27.1845 27.1284 26.2603 25.5503 30.2176 16.6415 16.1525 15.2164 13.5549 12.9563 11.8269 11.0483 10.6152 8.71261 18.8664 13.5139 6.66667 4.84663 5.96998 7.84 2.76496 2.71607 2.79774 3.9909 2.54986 2.05084
threshold=167.34500000000003 475.00000000000006 0 320.21500000000009 1.0000000180025095e-35 1 0.019138077686419005 5745.0000000000009 235.00000000000003 345.00000000000006 3505.0000000000005 -100.8 138.20500000000001 355.00000000000006 505.00000000000006 200.06000000000003 208.66000000000003 263.73000000000008 845.00000000000011 0.50499999999999556 284.52500000000003 244.715 261.96000000000009 0.2660538838076984 0.7538494092330662 0.63807179223944144 0.45414840838639442 213.51000000000002 0.83665347223659448 97.710000000000022
decision_type=2 2 9 2 2 9 2 2 2 2 2 2 2 2 2 2 2 2 2 2 2 2 2 2 2 2 2 2 2 2
left_child=4 7 5 6 15 9 -4 8 -2 -3 14 29 16 -13 -10 -1 -6 18 -8 -20 -16 25 23 -23 -12 26 -17 -28 -18 -7
right_child=1 2 3 -5 12 11 17 -9 10 -11 24 13 -14 -15 20 21 28 -19 19 -21 -22 22 -24 -25 -26 -27 27 -29 -30 -31
leaf_value=2.1903625781445224 0.088511639866517181 -0.715019033039201 -2.1128704171816026 -2.5395578509289964 0.10114471298240615 -2.7108381679155324 4.9682309060351644 0.11690678754851269 -0.07561822784596646 0.76048365870604739 -3.5044150524894877 0.099517245661628728 -0.20118867224525352 -2.9126859945482879 -2.2870792445482722 3.4959604285611721 2.8492983158682468 3.3836068493977742 -0.69973313169966533 1.9237238896140221 -3.5356851865143657 2.7829087870072158 2.1287181281381655 1.2106214742551644 -3.9931108321408773 2.2218451001959747 3.0690922511352405 3.7248317536694575 1.4392472040309188 -1.5612913856333646
leaf_weight=58 58 53 46 40 40 98 66 48 46 53 81 40 40 44 80 190 41 68 50 54 40 50 63 50 207 40 47 43 40 62
leaf_count=58 58 53 46 40 40 98 66 48 46 53 81 40 40 44 80 190 41 68 50 54 40 50 63 50 207 40 47 43 40 62
internal_value=0.00072314 -0.0163695 -0.00445104 0.012963 0.0307692 -0.0205714 0.0193662 -0.0307143 -0.0339844 0.00172414 -0.038326 -0.0291339 0.0127329 -0.0130952 -0.0259036 0.0361368 0.0210744 0.0260504 0.02 0.00673077 -0.0341667 0.0386128 0.0315951 0.024 -0.0454861 0.0421875 0.0439286 0.0366667 0.0314815 -0.039375
internal_weight=1936 1234 674 324 702 350 284 560 512 106 454 244 161 84 166 541 121 238 170 104 120 483 163 100 288 320 280 90 81 160
internal_count=1936 1234 674 324 702 350 284 560 512 106 454 244 161 84 166 541 121 238 170 104 120 483 163 100 288 320 280 90 81 160
cat_boundaries=0 1 2
cat_threshold=1 238592
is_linear=0
shrinkage=0.05


Tree=7
num_leaves=31
num_cat=1
split_feature=9 25 9 46 8 48 23 31 8 58 44 19 16 62 45 65 14 45 9 23 68 14 25 13 43 45 23 31 45 37
split_gain=352.552 99.3311 34.6885 35.2542 31.5852 29.8375 17.0594 16.3839 15.1242 14.8252 14.7574 13.3243 13.1876 12.2112 11.9118 9.2947 11.9397 9.02018 8.27901 11.3038 7.57639 6.37059 3.96508 3.78283 3.28831 5.08148 3.90912 3.96369 2.01486 1.92859
threshold=167.34500000000003 935.00000000000011 389.99500000000006 0 4159.1609977324269 1.0000000180025095e-35 805.00000000000011 -235.47999999999999 4526.8934240362823 207.46500000000003 0.028210944145165805 44.999999999999893 0.50921483691590785 1283.0500000000002 0.017397908712116956 1.0000000180025095e-35 98.260000000000005 0.021684148806452152 740.2700000000001 495.00000000000006 3729.0960000000005 99.040000000000006 4171.0300000000016 119.91000000000001 0.96798606274244614 0.011436921363781402 95.000000000000014 92.050000000000011 0.025248180734453205 0.24111816320148152
decision_type=2 2 2 1 2 2 2 2 2 2 2 2 2 2 2 2 2 2 2 2 2 2 2 2 2 2 2 2 2 2
left_child=5 4 10 12 -2 9 7 11 23 -1 -3 -5 -4 14 -9 18 -17 21 29 -20 -14 -7 24 -6 26 -26 -11 -28 -12 -15
right_child=1 2 3 6 8 17 -8 13 -10 22 28 -13 20 15 -16 16 -18 -19 19 -21 -22 -23 -24 -25 25 -27 27 -29 -30 -31
leaf_value=2.0778790289643942 -1.6775031244052554 -0.43438797569613885 -1.4503657975444282 0.60541825483749112 4.7558354043462439 0.76722208691335636 0.2155291028648052 -1.9783812434612558 2.0064339549844052 1.615709348333622 -4.0709552523868613 -0.83522915886850102 -0.57823175940664828 -3.0853718656774571 0.033275218061764901 -1.5848652810038035 -0.16907363546768375 -0.33943141689415501 -3.1784382922967995 -0.99184098610609606 1.3276466823217155 3.0194506302305419 3.0100331148158617 2.8807241774316674 1.8047762565446381 2.6649469757963371 3.3108382667076599 2.5986670154794678 -2.7668878142622511 -3.3816459844368745
leaf_weight=72 52 43 57 42 51 68 42 45 69 41 162 47 53 62 40 65 45 47 79 46 60 40 107 40 54 135 52 76 40 97
leaf_count=72 52 43 57 42 51 68 42 45 69 41 162 47 53 62 40 65 45 47 79 46 60 40 107 40 54 135 52 76 40 97
internal_value=-0.000544323 -0.0165319 -0.0229756 -0.0178205 0.0146226 0.0280347 -0.0232258 -0.0258803 0.025625 0.0336127 -0.0393878 -0.00617978 0.00277778 -0.0295407 -0.0123529 -0.0332487 -0.0209091 0.00870968 -0.0380282 -0.0284 0.0128319 0.0166667 0.0368817 0.039011 0.0343575 0.0388889 0.0292899 0.0335937 -0.0450495 -0.0455975
internal_weight=1929 1237 1025 780 212 692 610 568 160 537 245 89 170 479 85 394 110 155 284 125 113 108 465 91 358 189 169 128 202 159
internal_count=1929 1237 1025 780 212 692 610 568 160 537 245 89 170 479 85 394 110 155 284 125 113 108 465 91 358 189 169 128 202 159
cat_boundaries=0 1
cat_threshold=5
is_linear=0
shrinkage=0.05


Tree=8
num_leaves=31
num_cat=1
split_feature=17 68 51 16 23 68 48 68 63 49 44 57 58 16 8 42 38 33 32 58 19 44 17 29 38 44 35 68 42 49
split_gain=312.293 74.9747 48.6052 43.4857 29.7472 38.5428 29.6168 24.7519 29.8823 15.3551 18.9216 14.5432 12.7854 10.0594 8.513 8.44261 8.20508 7.49317 7.18194 6.92641 6.91475 5.36502 5.04296 6.83049 3.5807 3.579 3.34047 2.77478 2.74805 2.55164
threshold=295.00000000000006 1111.4985000000001 0 0.50534334931276392 525.00000000000011 3887.3030000000003 1.0000000180025095e-35 2617.9175000000005 0.77829100454163247 1.0000000180025095e-35 0.026226254607314956 148.87000000000003 207.96500000000003 0.61621794445702349 4493.3106575963729 0.93107169405315149 182.05965986394565 0.46095909335672952 0.86494278227931787 312.49500000000006 75.000000000000014 0.034165012758718409 235.00000000000003 -147.22499999999997 258.44977324263056 0.025375673376807451 0.42954137209640469 3826.8710000000005 0.9601065091874833 1.0000000180025095e-35
decision_type=2 2 9 2 2 2 2 2 2 2 2 2 2 2 2 2 2 2 2 2 2 2 2 2 2 2 2 2 2 2
left_child=6 2 19 7 5 13 12 8 -3 26 -11 -6 18 24 17 -12 -4 -8 -1 -2 -18 -13 25 -24 -5 -14 -9 28 29 -27
right_child=1 3 16 4 11 -7 14 9 -10 10 15 21 22 -15 -16 -17 20 -19 -20 -21 -22 -23 23 -25 -26 27 -28 -29 -30 -31
leaf_value=2.3443194818629984 2.2368101716658439 -1.3861405323775389 -2.3027241889026264 -3.0195163776819594 -0.9723388990446985 0.54286452931929186 0.38641316240608103 -3.9544107373652921 0.11550236427385095 0.030963989864495334 -1.3407102855972843 0.66066503188079562 2.1532010426442159 -1.7478384239962363 -0.2179598145781948 -2.579342088015224 -0.76913732651866784 2.7237222728409827 0.058289728143666335 3.71591893226738 0.64301550112249006 1.4889958940687571 1.358659687613798 2.4638467440873395 -2.9865865498132576 3.0901697029057353 -3.0381725513461921 2.91474827061292 2.7356926023835109 1.8961775963911263
leaf_weight=43 48 55 40 43 51 60 62 149 52 56 56 47 45 64 51 109 42 44 42 84 40 56 40 76 97 61 92 79 126 44
leaf_count=43 48 55 40 43 51 60 62 149 52 56 56 47 45 64 51 109 42 44 42 84 40 56 40 76 97 61 92 79 126 44
internal_value=0.000767656 -0.0143836 0.00984252 -0.020618 -0.00837321 -0.0185606 0.0271388 -0.0296134 -0.00794393 -0.034632 -0.0251131 0.00909091 0.032554 -0.0289216 0.00796178 -0.0336364 -0.0128788 0.0160377 0.0147059 0.0295775 -0.00487805 0.0199029 0.0357749 0.0267241 -0.0364286 0.0387324 -0.043361 0.0406452 0.0378788 0.0319048
internal_weight=1954 1241 254 987 418 264 713 569 107 462 221 154 556 204 157 165 122 106 85 132 82 103 471 116 140 355 241 310 231 105
internal_count=1954 1241 254 987 418 264 713 569 107 462 221 154 556 204 157 165 122 106 85 132 82 103 471 116 140 355 241 310 231 105
cat_boundaries=0 1
cat_threshold=45569
is_linear=0
shrinkage=0.05


Tree=9
num_leaves=31
num_cat=3
split_feature=9 68 16 24 12 51 48 47 19 24 31 51 58 36 30 40 38 40 58 29 25 58 19 49 42 43 38 44 44 11
split_gain=312.536 86.6865 33.8922 35.161 39.2467 33.4059 29.7124 28.7302 23.6409 19.8406 17.6243 17.0276 12.4268 11.0479 9.34375 9.13867 8.83539 8.55816 7.77827 6.86674 6.28655 5.64149 3.93007 3.92799 6.21609 3.7572 2.72727 3.31392 5.25489 3.606
threshold=167.34500000000003 1111.4985000000001 0.50534334931276392 3475.0000000000005 118.68500000000002 0 1.0000000180025095e-35 1 155.00000000000003 1965.0000000000002 -234.11999999999992 2 207.96500000000003 0.015320707683489402 3.4850000000000141 -14.285525058082831 261.43154195011351 -29.041851226356915 312.49500000000006 -88.60499999999999 2105.0000000000005 279.78500000000008 325.00000000000006 1.0000000180025095e-35 0.94762757329917224 0.9409915678425218 262.65087301587306 0.055713070598242105 0.046356677062659453 464.13500000000005
decision_type=2 2 2 2 2 9 2 1 2 2 2 9 2 2 2 2 2 2 2 2 2 2 2 2 2 2 2 2 2 2
left_child=6 5 3 4 -3 18 12 8 10 21 -4 16 13 -1 -13 19 -9 -8 -2 23 22 -7 -14 -5 -25 -19 27 28 29 -22
right_child=1 2 7 15 -6 9 17 11 -10 -11 -12 14 20 -15 -16 -17 -18 25 -20 -21 26 -23 -24 24 -26 -27 -28 -29 -30 -31
leaf_value=-0.23096267569117376 2.3106591850479141 0.12670004025836598 -0.67466960492754235 -3.5794428026823684 -1.3458375999114869 -0.23668360431196345 -0.096305078933692764 0.18393462808558297 0.41329629495873732 2.1231503913676089 -3.0062604603368466 -1.3387134927422819 2.0584377984998818 2.0156049214042677 -0.22271809171917348 -0.68822799686333502 1.7129053094429569 2.6948190168781174 4.0517476698975514 -2.6587844400810918 3.2235355099907057 -2.0853466623036425 1.1137550737665911 -1.3512561723024916 -2.3080370764116274 0.39670920052839415 1.774326270770805 3.2108685856899726 2.2467782804682779 2.7169976345744988
leaf_weight=41 53 50 48 182 70 42 66 56 43 46 111 46 75 45 63 46 55 42 70 71 113 50 41 60 87 45 66 65 45 41
leaf_count=41 53 50 48 182 70 42 66 56 43 46 111 46 75 45 63 46 55 42 70 71 113 50 41 60 87 45 66 65 45 41
internal_value=-0.000206825 -0.0150921 -0.0218623 -0.0298587 -0.00583333 0.0105364 0.0269343 -0.0111374 -0.0247525 -0.00675676 -0.0336478 0.00136364 0.0325188 0.0151163 -0.0121849 -0.0363229 0.0144628 0.00751634 0.0281955 -0.03875 0.0358744 -0.0206522 0.0258621 -0.0417933 -0.0357143 0.0178161 0.0393939 0.0371212 0.0339196 0.0383117
internal_weight=1934 1249 988 566 120 261 685 422 202 138 159 220 532 86 109 446 111 153 123 400 446 92 116 329 147 87 330 264 199 154
internal_count=1934 1249 988 566 120 261 685 422 202 138 159 220 532 86 109 446 111 153 123 400 446 92 116 329 147 87 330 264 199 154
cat_boundaries=0 1 2 3
cat_threshold=45057 2 61508
is_linear=0
shrinkage=0.05


Tree=10
num_leaves=31
num_cat=1
split_feature=9 25 8 48 46 25 24 63 9 60 8 58 38 36 40 30 68 63 40 9 10 35 11 29 40 33 36 29 11 68
split_gain=320.277 80.9583 35.7793 34.4921 28.8649 30.6072 27.094 29.203 21.6054 21.306 18.7401 12.7968 10.9101 10.6848 10.5551 9.37465 8 7.78846 7.21432 6.26516 10.1082 5.99738 4.69674 4.82561 3.57622 4.63594 3.1517 2.42134 2.3448 1.98062
threshold=167.34500000000003 935.00000000000011 4096.6553287981869 1.0000000180025095e-35 0 3796.8600000000001 3955.0000000000005 0.80184858332176756 400.86000000000007 1140.1250000000002 4526.8934240362823 207.96500000000003 263.81190476190471 0.015320707683489402 -27.704774201835864 1.3950000000000389 3778.4060000000004 0.76902067743101954 -16.099837334976169 621.67000000000019 290.82500000000005 0.63911314614333403 455.17000000000002 -149.81499999999997 -31.450512531548892 0.095876330623453257 0.032689452113282912 -148.94499999999996 475.5750000000001 1759.2355000000002
decision_type=2 2 2 2 1 2 2 2 2 2 2 2 2 2 2 2 2 2 2 2 2 2 2 2 2 2 2 2 2 2
left_child=3 2 -2 11 8 6 7 19 -3 18 -4 13 17 -1 -5 16 -11 -10 21 -6 -21 27 24 -24 25 -13 29 -7 -25 -26
right_child=1 4 10 14 5 9 -8 -9 12 15 -12 22 -14 -15 -16 -17 -18 -19 -20 20 -22 -23 23 28 26 -27 -28 -29 -30 -31
leaf_value=-0.21941454190661505 -1.2854894093095455 -1.9050989042851172 3.523447442270883 -0.23188787235649733 -0.93944822479400547 -2.4343110898261231 1.9057711406114928 0.1486257482876184 -0.85539880413635072 -2.5458168419876515 1.5404600875318253 3.0503251564054743 1.3193359528954254 2.4030055024871206 1.458395728884015 -0.12879896671776966 -0.95378728304495819 0.52382836713257663 -1.6672641285006815 -2.6618767021176923 -1.6521685038848446 -1.7684848062736895 1.2555773007293203 2.0690285357977034 1.9898532368236752 1.9786295256503941 2.7751177884759501 -3.4961919671940835 2.0084699872390699 2.9325332628010425
leaf_weight=41 57 64 80 74 79 45 40 47 64 50 76 41 55 44 76 52 40 40 55 76 40 51 42 51 43 42 91 240 57 79
leaf_count=41 57 64 80 74 79 45 40 47 64 50 76 41 55 44 76 52 40 40 55 76 40 51 42 51 43 42 91 240 57 79
internal_value=-0.00108696 -0.0161071 0.0119718 0.0265051 -0.021869 -0.0261212 -0.0131206 -0.0194215 -0.00493562 -0.0334897 0.024359 0.0324859 0.00471698 0.0147059 0.00533333 -0.0169014 -0.0266667 -0.00480769 -0.0395141 -0.0279487 -0.0353448 -0.0422619 0.0358744 0.0286667 0.039527 0.0307229 0.0429577 -0.0450877 0.0342593 0.0377049
internal_weight=1932 1251 213 681 1038 815 282 242 223 533 156 531 159 85 150 142 90 104 391 195 116 336 446 150 296 83 213 285 108 122
internal_count=1932 1251 213 681 1038 815 282 242 223 533 156 531 159 85 150 142 90 104 391 195 116 336 446 150 296 83 213 285 108 122
cat_boundaries=0 1
cat_threshold=5
is_linear=0
shrinkage=0.05


Tree=11
num_leaves=31
num_cat=1
split_feature=17 25 46 16 16 48 25 29 63 29 49 25 58 38 58 36 10 22 44 45 25 62 36 29 30 42 31 36 33 25
split_gain=282.112 76.8166 35.8111 26.936 26.0278 21.8099 19.9551 25.3031 22.0382 16.6238 15.5639 26.4779 13.5033 17.2513 13.0133 11.9882 11.5472 9.88431 8.26179 6.83051 6.00062 5.34115 5.27922 6.40959 4.76127 4.24381 3.50108 2.53068 2.26563 1.67644
threshold=295.00000000000006 935.00000000000011 0 0.66041629800845236 0.45546218220357843 1.0000000180025095e-35 3796.8600000000001 -216.79499999999993 0.78720560551063745 -158.05499999999995 1.0000000180025095e-35 4320.5800000000008 183.88500000000002 250.23682539682542 208.25500000000002 0.015320707683489402 242.34500000000003 325.00000000000006 0.039268500141763509 0.021605786584500655 4105.0000000000009 1565.5550000000001 -0.010011203614445097 -140.61499999999998 0.19499999999997894 0.94947771049103513 118.95 0.0076821562621606004 0.21577856738143633 2525.0000000000005
decision_type=2 2 1 2 2 2 2 2 2 2 2 2 2 2 2 2 2 2 2 2 2 2 2 2 2 2 2 2 2 2
left_child=5 3 9 4 -2 14 8 -8 12 24 21 18 -4 -14 15 -1 -11 -6 -12 25 22 -9 -16 -24 -3 -7 29 -19 -22 -25
right_child=1 2 6 -5 17 19 7 10 -10 16 11 -13 13 -15 20 -17 -18 27 -20 -21 28 -23 23 26 -26 -27 -28 -29 -30 -31
leaf_value=-0.28771707367968063 -0.4270450916731684 0.40220063586484223 -2.054797761338468 -3.6061291480706417 1.6076882980111531 1.4418261516541269 0.26806328631510329 -3.9874109148630539 0.066781654614433972 -0.027895822534921868 -0.77896525527861626 0.013289766103000833 -1.7622239951015677 0.43364428203574301 1.4389700748325198 2.0061729865752791 -1.6769564330065814 3.1470567592284997 -2.8025282300236416 -0.13359172132513927 2.2975678105876263 -1.5948344572221438 1.578937492328939 2.1467372801509863 1.8855257322126562 0.7179868426207543 2.3109508159247625 3.7244718577767246 2.5090285175783795 2.7869070070562341
leaf_weight=42 40 40 70 40 40 53 44 164 76 68 53 68 60 65 43 45 53 49 132 47 49 53 71 49 46 54 74 47 108 58
leaf_count=42 40 40 70 40 40 53 44 164 76 68 53 68 60 65 43 45 53 49 132 47 49 53 71 49 46 54 74 47 108 58
internal_value=-0.000394529 -0.0149834 -0.0208669 0.012037 0.0204545 0.0250361 -0.0255975 -0.0317121 -0.0149446 -0.0016129 -0.0351064 -0.0266798 -0.0238462 -0.014 0.0297774 0.012069 -0.0136364 0.0308824 -0.0364865 0.00844156 0.0331858 -0.0449309 0.0289831 0.031746 0.0151163 0.0154206 0.0367403 0.0395833 0.0410828 0.0425234
internal_weight=1901 1208 992 216 176 693 785 514 271 207 470 253 195 125 539 87 121 136 185 154 452 217 295 252 86 107 181 96 157 107
internal_count=1901 1208 992 216 176 693 785 514 271 207 470 253 195 125 539 87 121 136 185 154 452 217 295 252 86 107 181 96 157 107
cat_boundaries=0 1
cat_threshold=5
is_linear=0
shrinkage=0.05


Tree=12
num_leaves=31
num_cat=1
split_feature=17 25 29 8 48 30 47 58 8 49 25 58 45 29 8 25 20 58 36 8 10 31 29 36 38 49 39 30 36 36
split_gain=265.716 93.3853 29.8329 27.197 22.6041 20.774 17.2233 17.0594 15.9689 23.1376 21.4629 14.8454 11.9074 11.8015 26.609 10.2379 10.0428 7.78844 7.05294 6.96206 6.72752 5.67877 7.13817 6.46187 5.60733 5.10392 5.77358 7.76981 3.8401 3.80499
threshold=295.00000000000006 935.00000000000011 -213.715 4159.1609977324269 1.0000000180025095e-35 8.9700000000000149 0 207.46500000000003 5873.287981859411 1.0000000180025095e-35 3796.8600000000001 262.84500000000008 0.019107488472733202 -110.825 4159.1609977324269 4105.0000000000009 635.00000000000011 121.13500000000001 0.0052991912592815502 4494.546485260772 284.52500000000003 113.84999999999998 -144.30499999999998 0.06659275975288341 284.91626984126987 1.0000000180025095e-35 -16.676606132611795 2.7799999999999874 0.010584931180271101 0.019334146414143705
decision_type=2 2 2 2 2 2 1 2 2 2 2 2 2 2 2 2 2 2 2 2 2 2 2 2 2 2 2 2 2 2
left_child=4 3 11 -2 7 8 -7 29 10 17 13 -3 24 14 20 21 -11 -10 -8 28 -4 22 -9 -23 -5 -12 -27 -28 -6 -1
right_child=1 2 5 12 19 6 18 15 9 16 25 -13 -14 -15 -16 -17 -18 -19 -20 -21 -22 23 -24 -25 -26 26 27 -29 -30 -31
leaf_value=-0.27333121999569665 -0.92707369375697635 1.109238701919083 -1.8579255123399283 3.2036407567477996 0.64208772929324687 -1.8389221538091496 -0.15310359756806174 1.3993315280120369 -2.9398377543073337 0.53043469795952436 -3.5336981262270748 -0.39600325453398644 0.1950307306203338 0.045891314347599368 1.5060359507380303 2.3835770916994607 -0.52785594404954173 -1.0866596663796788 0.53919784004787097 -0.2992086988157272 -2.6568717318520285 0.83810576967736028 2.3633911564608705 2.352159566847948 3.5769840004429825 -1.3923213297868999 -2.8447528084628924 -1.5588793184132879 1.3065114346929374 1.4503792367115338
leaf_weight=40 64 59 99 71 49 45 43 69 56 43 132 43 40 50 42 164 67 49 41 48 42 52 125 40 48 49 94 54 48 42
leaf_count=40 64 59 99 71 49 45 43 69 56 43 132 43 40 50 42 164 67 49 41 48 42 52 125 40 48 49 94 54 48 42
internal_value=-0.000419287 -0.0142567 -0.0207341 0.0150224 0.0247415 -0.0236203 -0.00503876 0.0295113 -0.0267053 -0.0151163 -0.0311388 0.00490196 0.0261006 -0.0195279 -0.0254098 0.0333333 0.000909091 -0.0319048 0.00833333 0.00724138 -0.0358156 0.0276224 0.0324742 0.0173913 0.0340336 -0.0393617 -0.034264 -0.0391892 0.0149485 0.00853659
internal_weight=1908 1231 1008 223 677 906 129 532 777 215 562 102 159 233 183 450 110 105 84 145 141 286 194 92 119 329 197 148 97 82
internal_count=1908 1231 1008 223 677 906 129 532 777 215 562 102 159 233 183 450 110 105 84 145 141 286 194 92 119 329 197 148 97 82
cat_boundaries=0 1
cat_threshold=4
is_linear=0
shrinkage=0.05


Tree=13
num_leaves=31
num_cat=2
split_feature=9 25 16 9 46 29 44 30 31 65 51 12 32 23 39 15 14 14 33 14 16 25 25 62 62 25 16 14 40 23
split_gain=223.809 85.6804 34.5145 33.4671 25.2905 22.1608 17.1772 15.9769 15.4621 14.5085 13.3129 12.6925 12.1015 10.6592 10.1191 7.94301 7.47204 9.1 6.97132 6.93461 6.67763 6.62726 6.29965 4.59844 3.99604 3.91767 3.76434 7.45991 4.59643 3.3468
threshold=167.34500000000003 935.00000000000011 0.74828329421517237 407.12000000000006 0 -142.68999999999997 0.028777998298837502 7.6400000000000157 -233.82000000000002 1.0000000180025095e-35 1 156.67000000000004 0.91799795179382504 625.00000000000011 -12.131525501660704 118.45500000000003 100.91000000000001 92.855000000000032 0.28525437437934148 119.24000000000002 0.54953075969783327 4105.0000000000009 3796.8600000000001 838.82000000000016 1283.0500000000002 815.00000000000011 0.38694872080159531 106.12000000000002 -32.137882379155378 635.00000000000011
decision_type=2 2 2 2 1 2 2 2 2 2 9 2 2 2 2 2 2 2 2 2 2 2 2 2 2 2 2 2 2 2
left_child=10 2 5 6 12 25 -3 8 19 13 16 15 20 22 29 23 17 -1 -18 -6 -5 -17 -10 -12 -8 -2 28 -28 -25 -11
right_child=1 3 -4 4 7 -7 24 -9 9 14 11 -13 -14 -15 -16 21 18 -19 -20 -21 -22 -23 -24 26 -26 -27 27 -29 -30 -31
leaf_value=1.4741524050021015 2.6165596726151756 -0.4464891128492095 -3.6005417414831555 -0.78240411355383022 0.3055391047538154 -0.2224817764077768 -3.2372952205749601 0.099751604865566543 -2.2949791211652335 -0.58649802097209691 2.6635179054225042 0.65154718735249917 2.0589681427932791 -1.3860417415800823 0.069119062834002695 1.3034364168558714 1.0736835860423781 -0.21988909221875536 1.4806590441645697 -0.86054720103656313 0.61113686814023416 2.3869554672294244 -2.7065588918826946 2.3371697223040862 -2.4682590955701738 3.3780662270504984 2.4003608230326479 0.82373812555835357 2.3833853996625947 -1.2188959197167575
leaf_weight=63 82 62 40 59 68 52 162 62 69 46 52 41 43 64 42 69 49 65 58 42 57 40 132 41 53 49 116 50 45 45
leaf_count=63 82 62 40 59 68 52 162 62 69 46 52 41 43 64 42 69 49 65 58 42 57 40 132 41 53 49 116 50 45 45
internal_value=-0.000677789 -0.0134662 0.014574 -0.0196819 -0.0140604 0.0237705 -0.0344765 -0.0187931 -0.0220472 -0.0266332 0.0221335 0.0271552 0.00384615 -0.0333962 -0.0131579 0.0303874 0.0108163 0.003125 0.021028 -0.00545455 -0.00431034 0.0188073 -0.0390547 0.0345395 -0.0411628 0.0347328 0.031746 0.0361446 0.0232558 -0.0225275
internal_weight=1918 1229 223 1006 729 183 277 570 508 398 689 454 159 265 133 413 235 128 107 110 116 109 201 304 215 131 252 166 86 91
internal_count=1918 1229 223 1006 729 183 277 570 508 398 689 454 159 265 133 413 235 128 107 110 116 109 201 304 215 131 252 166 86 91
cat_boundaries=0 1 2
cat_threshold=5 229892
is_linear=0
shrinkage=0.05


Tree=14
num_leaves=31
num_cat=4
split_feature=20 25 46 8 25 12 8 29 48 19 51 8 24 47 65 58 63 29 33 15 47 39 30 14 11 60 35 14 9 35
split_gain=236.981 78.3169 35.9093 26.4723 24.4993 23.2042 20.6985 20.711 19.6571 19.2827 17.0121 16.2722 13.2558 12.5656 12.2226 11.9048 9.43648 7.15247 7.09055 6.70678 6.55245 8.90393 6.28912 6.10957 6.06898 4.97173 7.76167 4.75795 5.82082 4.2908
threshold=305.00000000000006 935.00000000000011 0 4096.6553287981869 3796.8600000000001 209.10500000000005 5873.287981859411 -158.05499999999995 1.0000000180025095e-35 235.00000000000003 1 4526.8934240362823 5650.0000000000009 2 1.0000000180025095e-35 208.49000000000004 0.77230665514863017 -149.38499999999996 0.51841869198013013 118.45 3 -17.874209511638089 14.004999999999997 106.20500000000001 414.50000000000006 397.19500000000005 0.20243392197788082 106.12000000000002 93.865000000000023 0.30821217842498794
decision_type=2 2 1 2 2 2 2 2 2 2 9 2 2 1 2 2 2 2 2 2 1 2 2 2 2 2 2 2 2 2
left_child=8 3 6 -2 9 12 7 -3 10 13 15 -5 20 17 -14 -1 -8 23 24 -17 21 -6 -9 -4 -10 -12 -27 28 -28 -11
right_child=1 2 4 11 5 -7 16 22 18 29 25 -13 14 -15 -16 19 -18 -19 -20 -21 -22 -23 -24 -25 -26 26 27 -29 -30 -31
leaf_value=-0.18107851606729533 -1.0473619364779612 1.781485778963539 -2.3919300277607163 3.00883288507376 -0.87353273058956005 -0.0089155994938134638 0.10633431634360609 -1.7180358602377284 0.87470177321657983 -0.31697711511081783 2.3696516013545725 1.7660122828431284 -2.2490443850804516 -0.051044361088473524 -0.20643062768749829 1.6482589151164406 1.9800494037346745 -0.40638309933871036 2.0983194595597392 0.86384427960602239 -3.2647342164518949 -2.6015835365056512 -0.53079193308914296 -1.5972648186115199 -0.32719636605110358 2.456085999820862 2.2000057275187692 0.61939613712162689 2.0009009608896835 0.25199381422935657
leaf_weight=42 53 45 55 89 72 54 53 56 58 40 105 63 52 61 55 68 40 43 59 100 137 152 42 40 47 66 68 47 41 46
leaf_count=42 53 45 55 89 72 54 53 56 58 40 105 63 52 61 55 68 40 43 59 100 137 152 42 40 47 66 68 47 41 46
internal_value=-0.00079528 -0.0138622 -0.0194151 0.0143902 -0.0242962 -0.0310345 -0.00162602 -0.0136364 0.0224679 -0.012807 0.027095 0.025 -0.0346154 -0.0213568 -0.0191589 0.0136364 0.0166667 -0.0297101 0.00731707 0.0202381 -0.0391967 -0.0339286 -0.0265306 -0.0373684 -0.00047619 0.034273 0.0310811 0.025 0.0307339 0.00697674
internal_weight=1949 1248 1043 205 807 522 236 143 701 285 537 152 468 199 107 210 93 138 164 168 361 224 98 95 105 327 222 156 109 86
internal_count=1949 1248 1043 205 807 522 236 143 701 285 537 152 468 199 107 210 93 138 164 168 361 224 98 95 105 327 222 156 109 86
cat_boundaries=0 1 2 3 4
cat_threshold=5 229956 2 2
is_linear=0
shrinkage=0.05


Tree=15
num_leaves=31
num_cat=2
split_feature=23 23 3 8 8 51 48 16 8 8 24 28 58 57 12 16 15 24 18 15 31 17 58 49 23 44 15 32 24 14
split_gain=231.649 87.2472 56.4364 36.8845 27.1913 26.3579 24.6617 21.8042 21.4856 16.1739 14.0341 25.7883 13.4323 12.2742 11.9373 12.4282 11.6364 10.4995 8.54251 8.40087 9.19213 7.64493 6.68939 6.47514 5.70483 4.82644 4.5829 4.05 3.84928 2.93333
threshold=245.00000000000003 455.00000000000006 0 4096.6553287981869 5353.6507936507942 1 1.0000000180025095e-35 0.73521824091193488 4526.8934240362823 4387.5170068027219 3505.0000000000005 495.00000000000006 204.30000000000004 246.92000000000004 145.31500000000003 0.36096985103429619 133.58500000000001 4204.5600000000013 565.00000000000011 118.45 92.050000000000011 645.00000000000011 182.24500000000003 1.0000000180025095e-35 645.00000000000011 0.050893110292032855 118.45 0.87793903563483677 5170.0000000000009 97.435000000000016
decision_type=2 2 9 2 2 9 2 2 2 2 2 2 2 2 2 2 2 2 2 2 2 2 2 2 2 2 2 2 2 2
left_child=6 4 5 16 10 21 12 8 -5 -7 11 -2 22 24 15 -8 -4 18 19 -14 -21 -3 -1 28 -10 26 -19 -20 -11 -28
right_child=1 2 3 7 -6 9 14 -9 13 23 -12 -13 17 -15 -16 -17 -18 25 27 20 -22 -23 -24 -25 -26 -27 29 -29 -30 -31
leaf_value=2.1474842597453434 0.1848964905438204 0.35838787348303069 -2.3811997700030019 3.1085778542077658 0.10122689035796228 0.022794309103868482 -0.19253481930526242 -0.93273685792575456 0.8331678725906001 -1.4144111094171425 -2.7158698069432727 -1.9578376793474612 1.8996032322671734 1.9221225366240675 -0.87245906531141859 2.1029144325393649 -0.32784145582102769 2.0144446623852859 -0.10636195579809159 1.7412536137202137 -0.029403994524875368 -0.13421700096596645 -0.39729493428720403 -0.53716008574249641 -0.42072881069141721 2.5005627107608763 1.7629995294568523 1.0073504922809489 -2.5814292455053955 1.9196793946928599
leaf_weight=40 40 46 44 93 41 43 63 42 51 71 251 87 121 45 40 59 44 58 40 64 44 59 47 60 49 66 40 40 90 48
leaf_count=40 40 46 44 93 41 43 63 42 51 71 251 87 121 45 40 59 44 58 40 64 44 59 47 60 49 66 40 40 90 48
internal_value=-0.000207684 -0.0143599 -0.00400271 0.00978836 -0.0325776 -0.0175462 0.021039 0.0189286 0.0247899 -0.0259124 -0.0367725 -0.0232283 0.0256579 0.0127586 0.0037037 0.0114754 -0.0181818 0.0286948 0.0228155 0.0277293 0.0175926 0.00391304 0.00747126 -0.0323529 0.003 0.0372642 0.0321918 0.00875 -0.0375776 0.025
internal_weight=1926 1156 737 368 419 369 770 280 238 264 378 127 608 145 162 122 88 521 309 229 108 105 87 221 100 212 146 80 161 88
internal_count=1926 1156 737 368 419 369 770 280 238 264 378 127 608 145 162 122 88 521 309 229 108 105 87 221 100 212 146 80 161 88
cat_boundaries=0 1 2
cat_threshold=13 225280
is_linear=0
shrinkage=0.05


Tree=16
num_leaves=31
num_cat=4
split_feature=11 25 51 9 46 18 48 58 31 8 44 8 31 51 8 40 10 51 19 33 42 11 12 15 42 62 31 58 49 68
split_gain=225.907 73.9391 27.6695 24.462 22.5789 21.636 18.8186 20.446 16.5897 14.3229 12.4608 12.0928 11.8547 23.7768 12.1179 11.7033 10.0939 8.79518 8.22378 6.81011 6.57921 5.80309 5.63333 5.3231 4.92356 3.75347 3.68943 3.46241 3.22547 3.16551
threshold=554.68500000000006 935.00000000000011 0 407.12000000000006 1 1335.0000000000002 1.0000000180025095e-35 207.96500000000003 -235.47999999999999 4493.3106575963729 0.032180323220867557 4369.7052154195017 -229.55499999999995 2 4534.3083900226766 -29.903923381124127 237.84500000000003 3 55.000000000000007 0.46095909335672952 0.90497294642508475 425.5750000000001 184.79500000000004 118.45 0.95434663409207809 1283.0500000000002 92.050000000000011 319.70500000000004 1.0000000180025095e-35 1452.7560000000001
decision_type=2 2 9 2 1 2 2 2 2 2 2 2 2 9 2 2 2 9 2 2 2 2 2 2 2 2 2 2 2 2
left_child=6 2 27 10 11 -4 7 21 18 19 -3 -5 22 16 -15 -13 -14 23 -6 -8 -16 -1 -10 29 -22 28 -25 -2 -12 -9
right_child=1 3 5 4 8 -7 9 17 12 -11 25 15 13 14 20 -17 -18 -19 -20 -21 24 -23 -24 26 -26 -27 -28 -29 -30 -31
leaf_value=2.568268429921392 2.2546900325307724 -0.72132205983424491 -1.5679733280195811 -1.0578980578304646 0.88693385169741179 2.3779349351522705 0.78320719422489826 1.0116666439652682 -2.1503989612709882 -0.40163286235725426 -3.5905112290264913 -0.12750615091766804 -0.40401544287696861 -0.093351238565502564 -2.4276608286446439 2.1133257511663643 0.89218765908725617 2.0171800474810397 -0.49582461198488359 2.2492696974478945 -1.5628600875691583 -0.17256287143272681 -1.7607027424677781 1.5663504494892031 -1.0542867648747505 -1.967552759896847 0.10791439435035032 2.6066938289446373 -1.6214269559581487 2.0658254875269542
leaf_weight=41 63 69 73 41 44 42 58 56 49 53 72 65 55 64 81 57 49 245 52 42 73 47 56 70 54 46 52 40 74 46
leaf_count=41 63 69 73 41 44 42 58 56 49 53 72 65 55 64 81 57 49 245 52 42 73 47 56 70 54 46 52 40 74 46
internal_value=-2.59202e-05 -0.0130845 0.0133028 -0.0188312 -0.0141892 -0.0044 0.0223944 0.0266607 -0.0186542 0.00686275 -0.0319923 0.00260116 -0.0227651 -0.018617 -0.0258865 0.0106557 0.00263158 0.0308102 0 0.018 -0.0326923 0.00454545 -0.037619 0.0200855 -0.0255906 -0.0385417 0.0139344 0.030531 -0.0424658 0.0294118
internal_weight=1929 1219 218 1001 740 115 710 557 577 153 261 163 481 376 272 122 104 469 96 100 208 88 105 224 127 192 122 103 146 102
internal_count=1929 1219 218 1001 740 115 710 557 577 153 261 163 481 376 272 122 104 469 96 100 208 88 105 224 127 192 122 103 146 102
cat_boundaries=0 1 2 3 4
cat_threshold=37377 5 253952 231044
is_linear=0
shrinkage=0.05


Tree=17
num_leaves=31
num_cat=2
split_feature=23 25 8 10 13 48 29 8 3 58 51 15 16 45 58 20 32 13 14 42 23 20 40 14 58 29 44 9 58 23
split_gain=209.429 92.5919 46.5814 65.2386 43.0128 39.6908 37.12 36.8438 33.3765 17.3597 15.9072 15.4449 14.3532 16.9419 12.483 10.4184 9.16786 7.92466 7.73364 7.39018 6.40133 5.98475 5.48347 6.4608 4.07771 3.79259 2.77333 2.60024 2.58753 2.55571
threshold=245.00000000000003 3762.3800000000006 4041.1111111111118 209.25000000000003 60.140000000000008 1.0000000180025095e-35 -198.68499999999997 5353.6507936507942 0 121.13500000000001 1 118.45 0.64908849601809393 0.021785306110232154 214.62500000000003 205.00000000000003 0.9085008494046859 65.000000000000014 101.40500000000002 0.88658068280898783 405.00000000000006 745.00000000000011 -22.570988698727131 106.12000000000002 210.32000000000002 -190.11499999999995 0.029912106606180853 96.965000000000018 191.65000000000003 155.00000000000003
decision_type=2 2 2 2 2 2 2 2 9 2 9 2 2 2 2 2 2 2 2 2 2 2 2 2 2 2 2 2 2 2
left_child=5 2 3 -2 -4 10 -5 20 18 -10 11 27 13 25 -13 -7 -16 -8 26 -11 -3 -21 23 29 -22 -6 -9 -1 -19 -12
right_child=1 7 4 6 12 15 17 8 9 19 22 14 -14 -15 16 -17 -18 28 -20 21 24 -23 -24 -25 -26 -27 -28 -29 -30 -31
leaf_value=1.5336937945345981 0.23177192718357409 -2.7042330937804291 -1.1151906457832319 1.1860629118506458 1.9842627650096116 0.92586409131018022 -0.22669312488358623 -2.440023280824092 0.64672308553442237 0.1850970640942145 2.2981318260790529 -0.37759328594817404 -0.012450406039718498 1.3002537515659829 0.33805862928448316 -0.46013842575755542 1.1340089254485946 -1.9700506408289205 -0.95272622134469032 -0.20056151731204563 -2.0035927241007783 -0.77949916011560072 2.1276392713128929 0.91258364752383303 -2.2433436490878882 3.4786009244392164 -1.4184111880556534 1.0673904772096212 -1.6498291885287111 1.9466675974606724
leaf_weight=77 61 176 63 46 45 78 46 52 60 40 126 58 40 43 51 76 44 66 54 50 47 47 79 73 44 90 48 40 64 44
leaf_count=77 61 176 63 46 45 78 46 52 60 40 126 58 40 43 51 76 44 66 54 50 47 47 79 73 44 90 48 40 64 44
internal_value=0.000570539 -0.0125212 0.00212766 -0.0121908 0.016548 0.0213137 -0.0247748 -0.02589 -0.0152422 -0.000724638 0.0271959 0.0160714 0.0270642 0.0331461 0.00620915 -0.0012987 0.0173684 -0.0352273 -0.0317073 -0.0105839 -0.0398876 -0.0180412 0.0349398 0.0323045 -0.0291209 0.0418519 -0.042 0.0303419 -0.0415385 0.0376471
internal_weight=1928 1182 564 283 281 746 222 618 351 197 592 270 218 178 153 154 95 176 154 137 267 97 322 243 91 135 100 117 130 170
internal_count=1928 1182 564 283 281 746 222 618 351 197 592 270 218 178 153 154 95 176 154 137 267 97 322 243 91 135 100 117 130 170
cat_boundaries=0 1 2
cat_threshold=4 230980
is_linear=0
shrinkage=0.05


Tree=18
num_leaves=31
num_cat=3
split_feature=17 68 38 46 25 38 16 48 51 13 8 8 65 22 10 13 18 38 10 30 8 33 11 10 47 32 45 22 40 25
split_gain=189.514 65.2361 29.2278 24.7733 21.1151 20.9058 20.48 18.4819 19.4643 17.0278 24.7681 15.7891 13.127 21.1336 12.1575 11.0368 9.49728 9.46591 8.61374 7.80219 6.41263 6.37143 5.49018 5.41331 5.234 4.49285 4.34501 4.19155 3.34865 3.52022
threshold=295.00000000000006 1111.4985000000001 249.45741496598637 0 3796.8600000000001 282.88458049886634 0.64908849601809393 1.0000000180025095e-35 1 49.755000000000003 4041.1111111111118 5905.8390022675749 1.0000000180025095e-35 330.00000000000017 287.36500000000007 61.770000000000003 1415.0000000000002 272.97649659863953 258.17500000000001 9.7949999999999751 4526.8934240362823 0.46095909335672952 406.64500000000004 227.08500000000004 2 0.91663141716600172 0.012845659767791251 395.00000000000006 -24.652255561378013 4220.420000000001
decision_type=2 2 2 1 2 2 2 2 9 2 2 2 2 2 2 2 2 2 2 2 2 2 2 2 1 2 2 2 2 2
left_child=7 2 -2 11 9 12 20 8 15 -5 14 18 16 -14 -11 -1 27 24 19 -3 25 22 -9 -15 -10 -4 -26 -6 29 -28
right_child=1 3 6 4 5 -7 -8 21 17 10 -12 -13 13 23 -16 -17 -18 -19 -20 -21 -22 -23 -24 -25 26 -27 28 -29 -30 -31
leaf_value=-0.29650289569704924 -0.87086414060050643 -1.4035929749764191 2.3214826250124823 0.090641347093795954 -2.7142106569497852 -0.27222800986904522 -1.854097410889743 0.63460374491784388 2.8428249674293085 -1.4737196205451464 0.62669842473450099 0.56109049905496045 -2.0580241258158756 0.30761548589157989 -0.74623537682959784 0.98918804524510606 -0.93889317730659172 0.4522440618365085 0.69355491610806286 -0.33882282171114275 1.7121340880582225 1.7969917143990544 -0.46913623598854814 -0.64799497886336477 1.1422346552616567 1.6177950201251496 1.6964152989802934 -1.8071739807368274 1.8900123229145682 1.7870554555276983
leaf_weight=49 67 41 50 67 159 79 40 41 49 87 53 70 67 40 40 58 52 46 61 42 63 71 40 41 40 47 171 78 87 40
leaf_count=49 67 41 50 67 159 79 40 41 49 87 53 70 67 40 40 58 52 46 61 42 63 71 40 41 40 47 171 78 87 40
internal_value=-0.000309917 -0.0119775 0.00992509 -0.0179632 -0.0220569 -0.0281008 0.0195 0.0206647 0.025 -0.0103239 -0.0183333 -0.00223214 -0.0323799 -0.0202703 -0.030315 0.00384615 -0.0385813 0.0294582 -0.0118056 -0.0222892 0.0275 0.00526316 -0.00432099 -0.00308642 0.0326873 0.035567 0.0304734 -0.042827 0.0325503 0.0291469
internal_weight=1936 1244 267 977 763 516 200 692 540 247 180 214 437 148 127 107 289 433 144 83 160 152 81 81 387 97 338 237 298 211
internal_count=1936 1244 267 977 763 516 200 692 540 247 180 214 437 148 127 107 289 433 144 83 160 152 81 81 387 97 338 237 298 211
cat_boundaries=0 1 2 3
cat_threshold=5 66052 1
is_linear=0
shrinkage=0.05


Tree=19
num_leaves=31
num_cat=1
split_feature=20 25 23 68 16 25 8 14 65 43 38 15 14 47 29 19 23 24 10 37 16 14 65 25 19 58 23 10 45 62
split_gain=185.209 63.5088 23.7231 38.6154 24.6255 21.1001 18.9595 19.5964 17.6427 15.4977 13.8051 13.8461 15.3996 17.9811 12.616 11.9714 10.0955 10.8342 17.8296 9.67219 8.62841 8.33003 6.96975 6.8859 6.71191 6.69767 5.9873 7.88463 6.99732 5.76304
threshold=305.00000000000006 935.00000000000011 455.00000000000006 3941.6285000000003 0.53038987304677676 3895.4750000000004 3942.4036281179146 94.460000000000022 1.0000000180025095e-35 0.99314600423994015 267.07679138322004 118.45 100.37500000000001 0 -201.38500000000008 235.00000000000003 245.00000000000003 3615.0000000000005 248.97000000000003 0.22695343677291999 0.5943979275368021 96.675000000000026 1.0000000180025095e-35 4210.8250000000007 325.00000000000006 221.84000000000003 105.00000000000001 228.22000000000003 0.020112226679267601 1565.5550000000001
decision_type=2 2 2 2 2 2 2 2 2 2 2 2 2 1 2 2 2 2 2 2 2 2 2 2 2 2 2 2 2 2
left_child=10 6 3 16 5 9 -2 -8 29 -4 11 23 13 -13 -9 20 -3 18 -18 -12 -6 -15 -19 26 -24 -17 -1 28 -28 -7
right_child=1 2 4 -5 15 8 7 14 -10 -11 19 12 -14 21 -16 25 17 22 -20 -21 -22 -23 24 -25 -26 -27 27 -29 -30 -31
leaf_value=0.7760665028114776 -1.0897345600693722 -1.0318155010231207 0.11095440823800902 0.21485379293543827 -1.52201611927234 -2.1948169378437252 -0.53724112682224856 1.2142341762711426 -0.29782281409260103 -0.84486702825806914 -0.36551486411806916 1.7605282259194202 1.6158375980544506 -0.88708774694954584 2.941779862297198 1.7211002411670617 0.029334509735184967 -2.814858263848099 -1.6975453707770065 0.60834596580364964 0.32288578717771732 0.60505457600498325 -2.0934252052298352 1.6977026827513129 -0.5528289323987029 0.21322947704546055 1.5265956961473224 2.0088553368560098 2.129184216128825 -1.0225239053879991
leaf_weight=60 57 41 92 61 46 94 40 57 81 47 49 90 92 54 65 43 40 140 69 65 54 79 67 56 44 43 59 51 45 52
leaf_count=60 57 41 92 61 46 94 40 57 81 47 49 90 92 54 65 43 40 140 69 65 54 79 67 56 44 43 59 51 45 52
internal_value=-0.00111226 -0.0127737 -0.0180473 -0.0264069 -0.0110507 -0.0185792 0.0116438 0.0203704 -0.0279736 -0.00323741 0.0194286 0.0225256 0.0153968 0.00829596 0.0303279 0.00376344 -0.0320449 -0.0347222 -0.0215596 0.00350877 -0.008 -0.00338346 -0.0404382 0.0308118 -0.0310811 0.0174419 0.0267442 0.0319355 0.0240385 -0.0383562
internal_weight=1933 1233 1014 462 552 366 219 162 227 139 700 586 315 223 122 186 401 360 109 114 100 133 251 271 111 86 215 155 104 146
internal_count=1933 1233 1014 462 552 366 219 162 227 139 700 586 315 223 122 186 401 360 109 114 100 133 251 271 111 86 215 155 104 146
cat_boundaries=0 1
cat_threshold=4
is_linear=0
shrinkage=0.05


Tree=20
num_leaves=31
num_cat=4
split_feature=23 23 68 8 51 48 51 3 24 20 54 51 32 68 33 24 68 17 33 45 14 45 63 29 68 65 22 68 45 24
split_gain=160.652 80.1488 50.1288 36.9637 33.4418 24.3076 22.3349 17.028 13.729 22.2602 10.6214 10.5487 13.9794 9.97376 9.52543 9.23499 9.6517 9.17435 8.69206 7.8354 7.70116 6.81818 8.19156 6.58503 6.25134 5.85798 5.98041 4.91816 5.41947 4.57619
threshold=225.00000000000003 455.00000000000006 3669.4845 5512.8004535147402 0 1.0000000180025095e-35 1 2 3445.0000000000005 495.00000000000006 1.0000000180025095e-35 3 0.92379067806060544 339.77050000000003 0.46455107920346161 2165.0000000000005 3638.0220000000004 175.00000000000003 0.24567979277131366 0.010729807876008501 100.21500000000002 0.015244617632069151 0.74215226993360139 -117.57999999999998 2533.5830000000005 1.0000000180025095e-35 330.00000000000017 3805.7295000000004 0.018711536585495254 5650.0000000000009
decision_type=2 2 2 2 9 2 9 9 2 2 2 9 2 2 2 2 2 2 2 2 2 2 2 2 2 2 2 2 2 2
left_child=5 3 4 8 13 6 15 20 9 -2 27 18 23 -3 17 -1 -17 -7 -6 -9 -4 -15 -23 -13 -11 -10 -27 28 -8 -21
right_child=1 2 7 -5 11 14 10 19 25 24 -12 12 -14 21 -16 16 -18 -19 -20 29 -22 22 -24 -25 -26 26 -28 -29 -30 -31
leaf_value=0.98959666429800319 0.19301373216886467 2.2422408058817136 -2.0683671546860585 0.54568013534576087 0.57921921413888999 0.55891222791937645 2.341563281951168 -0.58204022447738657 -2.6860150990737148 -1.6184644010421096 0.48163469428298317 -1.7693456370292751 0.23718525966849791 0.0098932033849926 1.3766725542679736 -0.37469975939781297 1.1079446111213984 -0.58623445098830518 -0.7122044181688576 -0.1386278613888059 -0.76419697634322292 0.84203802136780426 1.2795816611752751 -0.17642398373247034 -0.86354665535117681 -1.7851304271407953 -0.64637749089811758 1.7231507220225304 1.5359009207023957 0.24778145227776271
leaf_weight=133 41 51 75 40 63 43 60 42 148 42 79 56 50 44 67 40 69 52 42 56 40 48 84 42 40 77 45 104 106 40
leaf_count=133 41 51 75 40 63 43 60 42 148 42 79 56 50 44 67 40 69 52 42 56 40 48 84 42 40 77 45 104 106 40
internal_value=0.000390829 -0.011235 -0.00115962 -0.028291 0.00833333 0.0183931 0.0230964 -0.01917 -0.0329517 -0.0191057 0.0310585 -0.00437262 -0.0126582 0.02173 0.00123457 0.00992063 -0.000458716 -0.00894737 0.0073913 -0.00540541 -0.0324 0.0170455 0.0227273 -0.0244898 -0.0341463 -0.0392593 -0.0311475 0.0366667 0.0313253 0.00208333
internal_weight=1919 1166 733 433 480 753 591 253 393 123 349 253 148 227 162 242 109 95 105 138 115 176 132 98 82 270 122 270 166 96
internal_count=1919 1166 733 433 480 753 591 253 393 123 349 253 148 227 162 242 109 95 105 138 115 176 132 98 82 270 122 270 166 96
cat_boundaries=0 1 2 3 4
cat_threshold=143553 230916 4 49154
is_linear=0
shrinkage=0.05


Tree=21
num_leaves=31
num_cat=3
split_feature=17 25 13 16 3 25 46 19 42 38 48 51 31 31 25 19 38 11 35 10 19 25 32 29 63 16 38 38 43 44
split_gain=156.158 52.7122 27.784 26.8883 26.521 31.4273 20.0361 21.7384 24.6529 19.0423 18.705 18.9111 14.5037 11.2704 10.8736 10.2273 10.2036 9.25567 9.00798 8.86407 7.83728 8.63706 5.92939 5.90143 8.91901 5.48782 9.36323 7.51726 4.20324 4.18617
threshold=295.00000000000006 935.00000000000011 169.87500000000003 0.45295295363662919 0 3055.0000000000005 1 335.00000000000006 0.88433771592090515 278.26595238095246 1.0000000180025095e-35 2 -234.70500000000001 91.094999999999985 4110.0800000000008 44.999999999999893 266.39409297052151 805.81000000000006 0.18763975612383546 237.84500000000003 30.000000000000117 3895.4750000000004 0.9021118781953934 -142.27499999999998 0.75784394605054162 0.42484054425234458 253.92746031746034 247.60178004535149 0.5294440284235612 0.020272185993762352
decision_type=2 2 2 2 9 2 1 2 2 2 2 9 2 2 2 2 2 2 2 2 2 2 2 2 2 2 2 2 2 2
left_child=10 2 3 -2 5 -3 14 8 -8 -5 11 13 15 -1 18 -10 23 -7 -6 -9 29 -22 -12 24 -13 26 27 -25 -19 -14
right_child=1 4 -4 9 6 17 7 19 12 -11 22 16 20 -15 -16 -17 -18 28 -20 -21 21 -23 -24 25 -26 -27 -28 -29 -30 -31
leaf_value=0.93077225929523066 -0.39896736046932779 0.096418386510818979 -3.559216096658893 1.3535910974412326 -0.94812256319900756 -2.7317458805037917 0.2012246299457516 -0.3829736656947676 0.57132918612436823 2.5796802749620387 -0.24066918215575758 1.1016986605693313 -1.3822816339661679 -0.35096917423827745 1.5089900223732016 -0.96120580594102634 0.71795481599758171 -0.44989422826344705 0.40803431842981236 0.75832635088560663 -0.27620386820090365 -1.6255850066675857 0.76635054541132375 2.2903330618822078 0.075972603413017134 1.9258080245695242 2.2654144467302926 0.53085398075620205 -1.7516158006533542 -1.9330858098187378
leaf_weight=63 42 44 40 71 43 113 57 76 44 71 79 46 51 49 50 44 77 43 78 40 64 81 75 50 40 93 78 43 99 86
leaf_count=63 42 44 40 71 43 113 57 76 44 71 79 46 51 49 50 44 77 43 78 40 64 81 75 50 40 93 78 43 99 86
internal_value=-0.00103627 -0.0116815 0.0102679 0.0184783 -0.016535 -0.0289644 -0.0107735 -0.0154611 -0.0209602 0.0288732 0.0179654 0.0223562 -0.0256757 0.00245902 0.00414365 -0.00795455 0.0268879 -0.0366667 -0.00371901 0.00344828 -0.0312057 -0.0231034 0.0025974 0.0311429 0.0197674 0.0348485 0.0295322 0.0188172 -0.028169 -0.039781
internal_weight=1930 1237 224 184 1013 299 714 543 427 142 693 539 370 112 171 88 427 255 121 116 282 145 154 350 86 264 171 93 142 137
internal_count=1930 1237 224 184 1013 299 714 543 427 142 693 539 370 112 171 88 427 255 121 116 282 145 154 350 86 264 171 93 142 137
cat_boundaries=0 1 2 3
cat_threshold=4 5 66052
is_linear=0
shrinkage=0.05


Tree=22
num_leaves=31
num_cat=2
split_feature=17 23 3 14 16 38 42 38 51 25 31 65 42 37 30 68 35 68 9 16 16 38 63 10 37 40 45 38 11 37
split_gain=136.978 68.0418 51.6813 20.7817 22.5341 16.4833 17.3843 15.9231 17.2813 15.7328 12.5318 11.9347 11.8053 9.44428 9.39345 8.92678 8.91429 8.84766 7.88427 7.70084 7.62115 7.59955 16.4198 7.35296 7.28685 6.8424 6.56481 6.22303 5.43254 5.36236
threshold=295.00000000000006 515.00000000000011 0 93.02500000000002 0.74828329421517237 282.88458049886634 0.87221250877633805 266.39409297052151 1 935.00000000000011 -159.63499999999985 1.0000000180025095e-35 0.99347603465122203 0.31047082912159613 5.9650000000000185 3432.5270000000005 0.23634850485045186 3700.1400000000008 465.88500000000005 0.49937225850123679 0.42012396731148072 253.92746031746034 0.77449250129220415 287.36500000000007 0.36622582752090077 -26.28088172517467 0.018170842288205005 278.26595238095246 442.58500000000004 0.24111816320148152
decision_type=2 2 9 2 2 2 2 2 9 2 2 2 2 2 2 2 2 2 2 2 2 2 2 2 2 2 2 2 2 2
left_child=7 5 17 26 9 6 -2 8 20 27 16 15 14 -9 -13 18 -11 -3 -8 -12 25 22 28 -20 -22 29 -4 -5 -10 -1
right_child=1 2 3 4 -6 -7 11 13 21 10 19 12 -14 -15 -16 -17 -18 -19 23 -21 24 -23 -24 -25 -26 -27 -28 -29 -30 -31
leaf_value=0.27361263310236844 -0.095177945429434099 -0.26258743631833598 0.012947336854431769 1.5189431024596116 -1.4661050229710848 0.10133107491966609 -0.048076308602092291 -0.23368012286989234 1.7068060436587851 -1.0057391406091278 0.093087365291887547 -0.59490993306847317 -1.4326268787761629 0.79217775840646432 0.15251162428204978 -2.4382654167051676 0.53822339993727264 -1.2578639985661113 -1.5803830514405732 1.59256738945038 1.1534676620241737 1.7355578997166425 0.56160898287157746 -1.8009608130217605 0.25043664004684701 1.561187648554563 -0.91085524954622898 2.5716007103660652 1.2911314664432085 -0.80504120540457136
leaf_weight=40 76 40 41 57 49 71 42 64 81 40 46 61 71 53 55 161 65 91 51 70 41 110 99 44 54 47 43 60 63 41
leaf_count=40 76 40 41 57 49 71 42 64 81 40 46 61 71 53 55 161 65 91 51 70 41 110 99 44 54 47 43 60 63 41
internal_value=-0.000544888 -0.0105348 0.00149502 0.00925156 0.0143411 -0.0219937 -0.0248663 0.0172439 0.0206597 0.0189349 0.011086 -0.0283505 -0.0184492 0.00042735 -0.00862069 -0.0345638 -0.00142857 -0.0251773 -0.0251825 0.0224138 0.0083691 0.0274105 0.023251 -0.0331579 0.0194737 0.00078125 -0.0130952 0.0337607 0.0340278 -0.00802469
internal_weight=1927 1234 602 471 387 632 561 693 576 338 221 485 187 117 116 298 105 131 137 116 223 353 243 95 95 128 84 117 144 81
internal_count=1927 1234 602 471 387 632 561 693 576 338 221 485 187 117 116 298 105 131 137 116 223 353 243 95 95 128 84 117 144 81
cat_boundaries=0 1 2
cat_threshold=4 229924
is_linear=0
shrinkage=0.05


end of trees

feature_importances:
wav_duration_ms=44
syllable_len_ms=42
syllable_start_ms=32
next_base_pre=28
base_cons_gap=25
base_ovl_ratio=25
words_vs_alias_score_margin=25
base_offset=22
base_offset_to_expected_ms=21
valley_dist_from_cutoff_ms=21
spectral_flux_mean=21
base_cons=20
is_tense=19
vowel_class=19
syllable_end_ms=18
zcr_mean=18
curr_phone_len_ms=17
curr_phone_start_ms=15
base_cutoff_to_next_anchor_ms=15
energy_min=13
energy_slope_post=13
f0_voicing_mean=13
base_pre=12
base_pre_to_expected_ms=12
energy_slope_pre=12
db_min=12
base_ovl=11
mapping_confidence=11
base_cutoff_abs=10
curr_vowel_start_ms=10
next_base_cutoff_abs=10
f0_voicing_near_pre=9
is_diphthong=9
used_exact_vowel_fix=9
base_cut_gap=8
curr_phone_end_ms=8
energy_mean=8
onset_class=8
curr_vowel_len_ms=7
voicing_class=6
alias_group=5
valley_energy=5
db_mean=5
next_base_offset=5
curr_vowel_end_ms=4
prev_base_pre=4
expected_anchor_ms=1
bridge_type=1
is_nasal_or_sonorant=1
prev_base_cutoff_abs=1

parameters:
[boosting: gbdt]
[objective: regression_l1]
[metric: l1]
[tree_learner: serial]
[device_type: cpu]
[data_sample_strategy: bagging]
[data: ]
[valid: ]
[num_iterations: 500]
[learning_rate: 0.05]
[num_leaves: 31]
[num_threads: 0]
[seed: 0]
[deterministic: 0]
[force_col_wise: 0]
[force_row_wise: 0]
[histogram_pool_size: -1]
[max_depth: -1]
[min_data_in_leaf: 40]
[min_sum_hessian_in_leaf: 0.001]
[bagging_fraction: 0.85]
[pos_bagging_fraction: 1]
[neg_bagging_fraction: 1]
[bagging_freq: 1]
[bagging_seed: 3]
[bagging_by_query: 0]
[feature_fraction: 0.85]
[feature_fraction_bynode: 1]
[feature_fraction_seed: 2]
[extra_trees: 0]
[extra_seed: 6]
[early_stopping_round: 0]
[early_stopping_min_delta: 0]
[first_metric_only: 0]
[max_delta_step: 0]
[lambda_l1: 0]
[lambda_l2: 0]
[linear_lambda: 0]
[min_gain_to_split: 0]
[drop_rate: 0.1]
[max_drop: 50]
[skip_drop: 0.5]
[xgboost_dart_mode: 0]
[uniform_drop: 0]
[drop_seed: 4]
[top_rate: 0.2]
[other_rate: 0.1]
[min_data_per_group: 100]
[max_cat_threshold: 32]
[cat_l2: 10]
[cat_smooth: 10]
[max_cat_to_onehot: 4]
[top_k: 20]
[monotone_constraints: ]
[monotone_constraints_method: basic]
[monotone_penalty: 0]
[feature_contri: ]
[forcedsplits_filename: ]
[refit_decay_rate: 0.9]
[cegb_tradeoff: 1]
[cegb_penalty_split: 0]
[cegb_penalty_feature_lazy: ]
[cegb_penalty_feature_coupled: ]
[path_smooth: 0]
[interaction_constraints: ]
[verbosity: -1]
[saved_feature_importance_type: 0]
[use_quantized_grad: 0]
[num_grad_quant_bins: 4]
[quant_train_renew_leaf: 0]
[stochastic_rounding: 1]
[linear_tree: 0]
[max_bin: 255]
[max_bin_by_feature: ]
[min_data_in_bin: 3]
[bin_construct_sample_cnt: 200000]
[data_random_seed: 1]
[is_enable_sparse: 1]
[enable_bundle: 1]
[use_missing: 1]
[zero_as_missing: 0]
[feature_pre_filter: 1]
[pre_partition: 0]
[two_round: 0]
[header: 0]
[label_column: ]
[weight_column: ]
[group_column: ]
[ignore_column: ]
[categorical_feature: 0,1,2,3,46,47,50,51,52,53,55,56,70]
[forcedbins_filename: ]
[precise_float_parser: 0]
[parser_config_file: ]
[objective_seed: 5]
[num_class: 1]
[is_unbalance: 0]
[scale_pos_weight: 1]
[sigmoid: 1]
[boost_from_average: 1]
[reg_sqrt: 0]
[alpha: 0.9]
[fair_c: 1]
[poisson_max_delta_step: 0.7]
[tweedie_variance_power: 1.5]
[lambdarank_truncation_level: 30]
[lambdarank_norm: 1]
[label_gain: ]
[lambdarank_position_bias_regularization: 0]
[eval_at: ]
[multi_error_top_k: 1]
[auc_mu_weights: ]
[num_machines: 1]
[local_listen_port: 12400]
[time_out: 120]
[machine_list_filename: ]
[machines: ]
[gpu_platform_id: -1]
[gpu_device_id: -1]
[gpu_use_dp: 0]
[num_gpu: 1]

end of parameters

pandas_categorical:[["korean"], ["vcv"], ["cv", "cv_head", "mono", "vcv", "vv"], ["cv", "cv_glide", "cv_head", "cv_head_glide", "mono", "vcv", "vv"], ["other", "plosive", "sibilant", "sonorant"], ["unknown", "voiced", "voiceless"], ["none"], ["a", "e", "eo", "eu", "eui", "i", "o", "u", "ui", "wa", "we", "weo", "wi", "ya", "ye", "yeo", "yo", "yu"], ["head", "mid", "tail"], ["", "vcv", "vv"], ["", "cv", "cv_head", "vc", "vcv", "vv"], [""], ["unknown"]]
