tree
version=v4
num_class=1
num_tree_per_iteration=1
label_index=0
max_feature_idx=61
objective=regression_l1
feature_names=language format_type alias_type row_index_in_wav row_ratio_in_wav is_head_row is_tail_row wav_duration_ms base_offset base_cons base_cutoff_abs base_pre base_ovl base_cons_gap base_cut_gap base_ovl_ratio curr_phone_start_ms curr_phone_end_ms curr_phone_len_ms curr_vowel_start_ms curr_vowel_end_ms curr_vowel_len_ms syllable_start_ms syllable_end_ms syllable_len_ms prev_phone_gap_ms next_phone_gap_ms expected_anchor_ms base_offset_to_expected_ms base_pre_to_expected_ms base_cutoff_to_next_anchor_ms energy_mean energy_min energy_max energy_slope_pre energy_slope_post valley_energy valley_dist_from_cutoff_ms db_mean db_min db_silence_ratio f0_voicing_mean f0_voicing_near_pre zcr_mean spectral_flux_mean onset_class voicing_class is_tense is_diphthong coda_type vowel_class mora_position bridge_type is_nasal_or_sonorant prev_alias_type next_alias_type prev_base_pre next_base_pre prev_base_offset next_base_offset prev_base_cutoff_abs next_base_cutoff_abs
feature_infos=none -1:1:0 -1:1:5:2:4:6:3 [0:21] [0:1] [0:1] [0:1] [0:11276.190476190475] [0:10953.969999999999] [49:559.60000000000002] [206.53999999999999:11240.459999999999] [0:360] [0:221.97999999999999] [8.0099999999999909:311.23000000000002] [11.999999999999972:4192.04] [0:0.70374762808349145] [0:10530] [0:11133.969999999999] [0:5940] [0:10530] [0:11133.969999999999] [0:4600] [0:10030] [0:11133.969999999999] [0:5940] [0:2470] [0:4780] [0:10530] [-5578.0900000000001:3585.9400000000001] [-5456.5799999999999:3713.0599999999999] [-5318.4700000000003:5092.9400000000005] [0:1] [0:1] [0:1] [-0.99241356527548363:1] [-0.9810905406725664:1] [0:1] [-17.95875283446685:4270.606099773242] [-83.711279460848644:0] [-91.168690943174482:0] [0:1] [0:1] [0:1] [0:0.47383720930232559] [0:0.26927139400061839] -1:0:1:3:2 -1:0:1:2 [0:1] [0:1] -1:2:3:1:4:0 -1:0:1:4:3:5:8:10:7:15:11:6:13:17:19:16:12:14:18 -1:1:0:2 -1:0:2:1:3 [0:1] -1:2:6:3:0:5:7:4 none [0:360] [0:360] [0:10953.969999999999] [0:10953.969999999999] [0:11240.459999999999] [0:11240.459999999999]
tree_sizes=2378 2396 2479 2379 2504 2445 2559 2575 2643

Tree=0
num_leaves=31
num_cat=5
split_feature=16 50 4 2 2 10 28 4 3 10 3 1 41 59 48 16 7 60 50 19 7 4 4 15 4 60 15 8 19 18
split_gain=501.395 96.982 38.2664 38.0119 33.3379 29.948 27.5294 19.8299 14.3997 13.4489 13.2864 12.7776 16.8451 12.4 12.1698 10.9362 21.0412 9.96879 8.40557 11.8364 23.1303 7.26237 6.69785 5.00011 7.07816 5.79522 3.96628 3.01742 2.04167 2.22806
threshold=2785.0000000000005 0 0.42481203007518792 1 2 4876.045000000001 -12.999999999999998 0.60769230769230786 17.500000000000004 4805.9100000000008 7.5000000000000009 3 0.5861600184694008 3699.1200000000003 1.0000000180025095e-35 2325.0000000000005 6280.6802721088443 1309.1500000000003 4 4745.0000000000009 6030.7029478458053 0.55277777777777792 0.62828947368421062 0.37231828879034617 0.71008403361344552 4143.0600000000004 0.23608199176113043 4896.0750000000007 1845.0000000000002 39.99999999999978
decision_type=2 9 2 9 9 2 2 2 2 2 2 1 2 2 2 2 2 2 9 2 2 2 2 2 2 2 2 2 2 2
left_child=4 2 27 5 6 13 11 10 9 14 -7 12 17 23 -4 -6 -17 -1 19 20 -5 -15 -11 -3 -25 -26 -8 -2 -14 -30
right_child=1 3 8 18 15 7 26 -9 -10 22 -12 -13 28 21 -16 16 -18 -19 -20 -21 -22 -23 -24 24 25 -27 -28 -29 29 -31
leaf_value=-220 -198 -209.21915000081063 -220 -220 -198 -220 -220 -220 -209.84399995803832 -220 -207.70485000610353 -220 -209.22027500271798 -208.79995000362396 -203.70065002441407 -220 -198 -198.61445007324218 -220 -220 -202.79345016479493 -220 -220 -198 -220 -217.15534973144531 -220 -206.90104999542237 -210.87725000381471 -213.57075004577638
leaf_weight=45 171 42 40 70 1072 56 51 428 65 41 51 52 150 42 53 55 94 40 1943 162 61 88 153 70 61 51 95 43 74 46
leaf_count=45 171 42 40 70 1072 56 51 428 65 41 51 52 150 42 53 55 94 40 1943 162 61 88 153 70 61 51 95 43 74 46
internal_value=-219.98 -219.99 -219.972 -219.994 -219.958 -219.985 -219.971 -219.993 -219.981 -219.986 -219.973 -219.963 -219.96 -219.974 -219.97 -219.953 -219.965 -219.979 -219.998 -219.99 -219.978 -219.986 -219.994 -219.967 -219.97 -219.978 -219.989 -219.954 -219.954 -219.959
internal_weight=5465 3691 566 3125 1774 889 553 535 352 287 107 407 355 354 93 1221 149 85 2236 293 131 130 194 224 182 112 146 214 270 120
internal_count=5465 3691 566 3125 1774 889 553 535 352 287 107 407 355 354 93 1221 149 85 2236 293 131 130 194 224 182 112 146 214 270 120
cat_boundaries=0 1 2 3 4 5
cat_threshold=14352 32 20 2 96
is_linear=0
shrinkage=1


Tree=1
num_leaves=31
num_cat=5
split_feature=16 50 10 2 29 2 54 16 28 7 59 60 7 13 4 3 25 31 24 50 60 21 18 11 11 56 57 4 3 7
split_gain=486.534 82.1681 36.0869 34.6368 33.2797 22.0687 20.7447 21.4929 17.5854 13.8006 14.41 12.4044 14.2291 12.4024 11.5444 13.1791 10.2263 8.15155 8.01721 6.30642 10.744 25.2776 5.89628 5.23546 4.9718 4.25563 4.28425 11.8175 5.03033 4.19826
threshold=2725.0000000000005 0 4782.2900000000018 1 35.740000000000016 2 3 3235.0000000000005 -219.92499999999993 6468.1632653061233 7133.0000000000009 1827.8150000000003 6280.6802721088443 54.515000000000008 0.42481203007518792 3.5000000000000004 29.99999999999989 0.51757418516547549 435.00000000000006 4 4195.9450000000006 385.00000000000006 430.00000000000028 111.855 175.25500000000002 357.75500000000005 262.73000000000008 0.55277777777777792 9.5000000000000018 8155.5102040816337
decision_type=2 9 2 9 2 9 9 2 2 2 2 2 2 2 2 2 2 2 2 9 2 2 2 2 2 2 2 2 2 2
left_child=3 2 14 11 8 6 13 -8 -5 -4 29 -1 -13 22 -2 -16 23 -10 -6 20 21 -7 -3 -12 -20 26 27 -9 -28 -11
right_child=1 5 9 4 18 19 7 25 17 10 16 12 -14 -15 15 -17 -18 -19 24 -21 -22 -23 -24 -25 -26 -27 28 -29 -30 -31
leaf_value=20.900000000000002 20.900000000000002 0 0 0 1.6611814332008366 0 20.900000000000002 14.277099990844727 20.106811370849613 8.0968775224685672 0 0 20.900000000000002 9.7950425052642842 0 15.670632400512696 20.687199692726139 9.6997137346863767 0 0 0 15.656972541809083 1.8218673706054689 0 0 0 0 0 0 11.195500004291535
leaf_weight=999 158 59 77 40 76 88 86 61 64 56 45 83 107 99 40 45 45 194 125 1941 165 54 51 40 46 81 40 336 99 59
leaf_count=999 158 59 77 40 76 88 86 61 64 56 45 83 107 99 40 45 45 194 125 1941 165 54 51 40 46 81 40 336 99 59
internal_value=0.0185199 0.00833557 0.0257391 0.0403979 0.0278378 0.00512618 0.0116594 0.00729313 0.0395973 0.0152174 0.0210204 0.0455379 0.0342105 0.0253425 0.0407407 0.0258824 0.00961538 0.0443798 0.0147773 0.00243578 0.00899054 0.0193662 0.015 -0.000588235 0.00877193 0.0041329 0.00251866 0.00516373 -0.00503597 0.033913
internal_weight=5459 3725 565 1734 545 3160 912 703 298 322 245 1189 190 209 243 85 130 258 247 2248 307 142 110 85 171 617 536 397 139 115
internal_count=5459 3725 565 1734 545 3160 912 703 298 322 245 1189 190 209 243 85 130 258 247 2248 307 142 110 85 171 617 536 397 139 115
cat_boundaries=0 1 2 3 4 5
cat_threshold=14352 98 32 36 96
is_linear=0
shrinkage=0.05


Tree=2
num_leaves=31
num_cat=3
split_feature=16 2 50 17 14 48 4 3 8 4 22 7 8 50 7 4 15 11 8 7 58 61 4 3 7 33 9 11 32 44
split_gain=489.977 74.1261 62.0967 54.8755 33.8455 20.9856 20.9808 28.9528 18.3182 54.2347 13.1973 29.0928 12.9078 15.4253 17.0447 13.4193 15.0205 12.3693 9.66231 9.64445 16.2919 9.05093 8.73855 16.2 7.0147 6.00126 5.56573 6.42604 4.82943 4.74483
threshold=2725.0000000000005 0 1 4545.0000000000009 59.145000000000017 1.0000000180025095e-35 0.58578431372549034 17.500000000000004 1136.5200000000002 0.13809523809523808 1815.0000000000002 6405.6689342403633 4411.2750000000005 2 7718.0498866213156 0.97619047619047639 0.43681548473099907 163.02500000000003 1091.1850000000002 6030.7029478458053 2458.3950000000004 4516.9850000000015 0.42481203007518792 3.5000000000000004 7530.5668934240375 0.62334491261718095 427.43500000000006 326.42500000000001 0.45824441424077994 0.018129796716232903
decision_type=2 9 9 2 2 2 2 2 2 2 2 2 2 9 2 2 2 2 2 2 2 2 2 2 2 2 2 2 2 2
left_child=1 4 3 22 5 18 24 17 -6 -10 -3 28 13 14 15 19 -17 -8 -1 -4 -21 -22 -2 -24 -5 -16 27 -14 -12 -11
right_child=2 10 12 6 8 -7 7 -9 9 29 11 -13 26 -15 25 16 -18 -19 -20 20 21 -23 23 -25 -26 -27 -28 -29 -30 -31
leaf_value=0 19.855000000000004 19.855000000000004 0 12.218557322263718 9.1013530756086123 15.443972596585752 0 9.6482000398635872 0 20.976028063401582 0 19.855000000000004 0 0 18.291148280143741 7.2415052862763405 0 -0.40484387612342804 0 17.077600097656251 0 0 0 15.19282587814331 19.546375054717064 19.855000000000004 0 0 19.855000000000004 9.0717526218518625
leaf_weight=40 149 926 216 42 124 66 126 71 71 102 52 201 1905 579 42 87 49 57 102 41 42 47 40 40 59 60 41 45 46 40
leaf_count=40 149 926 216 42 124 66 126 71 71 102 52 201 1905 579 42 87 49 57 102 41 42 47 40 40 59 60 41 45 46 40
internal_value=0.0168028 0.0384746 0.00654093 0.0213805 0.0217117 0.00625 0.00943662 0.00177165 0.0318991 0.0230047 0.0453846 0.0366221 0.00371365 0.00791058 0.0135522 0.00985477 0.0231618 -0.00874317 -0.00457746 0.00462428 0.0153846 0.00337079 0.0408297 0.0275 0.0287129 0.0323529 0.00128076 0.000897436 0.0142857 0.0408451
internal_weight=5508 1770 3738 584 545 208 355 254 337 213 1225 299 3154 1163 584 482 136 183 142 346 130 89 229 80 101 102 1991 1950 98 142
internal_count=5508 1770 3738 584 545 208 355 254 337 213 1225 299 3154 1163 584 482 136 183 142 346 130 89 229 80 101 102 1991 1950 98 142
cat_boundaries=0 1 2 3
cat_threshold=20 14352 1377
is_linear=0
shrinkage=0.05


Tree=3
num_leaves=31
num_cat=5
split_feature=16 2 50 28 4 50 19 16 7 22 50 4 4 40 16 54 4 16 58 9 19 28 4 4 9 28 11 29 20 18
split_gain=456.621 79.2497 74.793 50.5841 50.4028 31.5765 25.6055 17.3399 29.2547 12.846 12.529 17.409 12.2995 10.9315 8.23647 15.7227 20.7568 17.2781 12.5689 8.26348 7.82345 7.79397 7.78023 7.6724 7.39725 7.38084 4.83155 4.61162 5.37209 3.63022
threshold=2725.0000000000005 0 1 -21.844999999999796 0.42481203007518792 2 1695.0000000000002 2325.0000000000005 6468.1632653061233 4945.0000000000009 3 0.71008403361344552 0.97619047619047639 0.4841229838709678 4455.0000000000009 4 0.52506265664160412 3295.0000000000005 4270.0250000000005 309.48000000000008 3925.0000000000005 -138.35999999999999 0.58578431372549034 0.74342105263157909 427.43500000000006 -66.945000000000149 333.84000000000009 332.435 1365.0000000000002 695.00000000000011
decision_type=2 9 9 2 2 9 2 2 2 2 9 2 2 2 2 9 2 2 2 2 2 2 2 2 2 2 2 2 2 2
left_child=1 3 4 5 9 6 -1 12 -9 -2 11 -6 -3 -13 15 16 17 -4 29 20 -19 -7 -12 -24 26 -25 -16 28 -5 -18
right_child=2 7 14 27 10 21 -8 8 -10 -11 22 13 -14 -15 24 -17 18 19 -20 -21 -22 -23 23 25 -26 -27 -28 -29 -30 -31
leaf_value=10.314744250816481 18.86225 18.86225 19.00111999511719 0 0 16.614953549888732 0 0 18.86225 11.170708704859019 0 10.630515026211739 18.86225 0 0 0 0 15.351469114303592 4.6989683602854608 0 0 9.1291604113377627 -0.38460168231725622 0.020242193806171829 0 0 0 0 -0.083059071660041187 0
leaf_weight=54 185 1033 74 44 42 56 80 48 80 42 62 63 40 51 1984 318 393 56 66 49 58 181 44 41 43 48 41 58 42 63
leaf_count=54 185 1033 74 44 42 56 80 48 80 42 62 63 40 51 1984 318 393 56 66 49 58 181 44 41 43 48 41 58 42 63
internal_value=0.0163357 0.0376748 0.00650013 0.0199048 0.0228741 0.0300539 0.00798611 0.0447564 0.0277344 0.04163 0.011396 0.0213855 0.0472041 0.0328947 0.00340729 0.00696379 0.0107932 0.0232068 0.00536398 0.0141104 0.0214912 0.0404858 0.00219512 -0.00451128 0.00157157 0.00393258 0.0011358 -0.00486111 -0.0122093 0.00241228
internal_weight=5439 1716 3723 515 578 371 134 1201 128 227 351 156 1073 114 3145 1077 759 237 522 163 114 237 195 133 2068 89 2025 144 86 456
internal_count=5439 1716 3723 515 578 371 134 1201 128 227 351 156 1073 114 3145 1077 759 237 522 163 114 237 195 133 2068 89 2025 144 86 456
cat_boundaries=0 1 2 3 4 5
cat_threshold=20 14352 32803 10240 100
is_linear=0
shrinkage=0.05


Tree=4
num_leaves=31
num_cat=6
split_feature=22 50 2 4 57 8 4 8 48 37 10 50 2 15 4 9 4 54 30 8 8 3 19 19 4 4 50 17 24 28
split_gain=462.46 88.0618 78.6664 65.0464 50.957 36.7296 47.2548 31.5703 23.048 16.4356 14.7627 12.3311 11.4772 17.3385 13.8034 12.7387 16.2516 10.3589 14.9719 11.5664 10.3586 16.0405 9.45563 9.13391 8.22239 7.26122 6.07126 9.35135 13.934 5.37511
threshold=2315.0000000000005 0 1 0.42481203007518792 84.040000000000006 989.84500000000014 0.13809523809523808 2537.0000000000005 1.0000000180025095e-35 127.33861678004543 4651.2750000000005 2 3 0.36680606081297085 0.26491228070175438 427.43500000000006 0.74342105263157909 4 -30.890000000000096 4390.0650000000014 4463.0650000000014 12.500000000000002 2775.0000000000005 1355.0000000000002 0.97619047619047639 0.41421568627450983 5 4561.045000000001 474.99999999999994 -22.045000000000069
decision_type=2 9 9 2 2 2 2 2 2 2 2 9 9 2 2 2 2 9 2 2 2 2 2 2 2 2 9 2 2 2
left_child=2 3 4 10 -1 -6 23 8 9 -3 -2 20 13 -9 -15 17 -17 25 -19 -20 -5 -22 -14 -7 -4 -16 27 28 -24 -13
right_child=1 7 24 11 5 6 -8 12 -10 -11 -12 29 22 14 15 16 -18 18 19 -21 21 -23 26 -25 -26 -27 -28 -29 -30 -31
leaf_value=-0.083059071660041187 17.919137500000001 0 17.919137500000001 13.661333858865502 8.3289627915414144 0 19.411489447690681 6.9080801150411366 6.2740187863080585 17.919137500000001 14.294595191065969 0 0 17.990386586236951 -0.5600024998188019 18.940442585992812 0 8.8756403594017037 1.2115955440645287 -0.091093368530273722 0 5.8229892520129685 0 0 17.919137500000001 0 0 0 14.424020170307159 -0.36537159820139353
leaf_weight=67 216 40 1077 44 112 85 61 59 70 50 73 149 70 41 53 52 43 72 40 43 56 53 78 42 54 493 1894 183 43 54
leaf_count=67 216 40 1077 44 112 85 61 59 70 50 73 149 70 41 53 52 43 72 40 43 56 53 78 42 54 493 1894 183 43 54
internal_value=0.0162155 0.00728143 0.0398865 0.0240458 0.0180371 0.0273333 0.0138298 0.00394421 0.025625 0.00888889 0.0420415 0.0101124 0.0028603 0.00761589 0.00585424 0.00439698 0.0215789 0.00206847 0.0130303 -0.00060241 0.0202454 0.0133028 0.00094381 -0.00354331 0.0464067 -0.00125899 0.00152411 0.00796178 0.0190083 0.00140845
internal_weight=5467 3969 1498 645 367 300 188 3324 160 90 289 356 3164 896 837 796 95 701 155 83 153 109 2268 127 1131 546 2198 304 121 203
internal_count=5467 3969 1498 645 367 300 188 3324 160 90 289 356 3164 896 837 796 95 701 155 83 153 109 2268 127 1131 546 2198 304 121 203
cat_boundaries=0 1 2 3 4 5 6
cat_threshold=14352 4 10240 32 64 96
is_linear=0
shrinkage=0.05


Tree=5
num_leaves=31
num_cat=5
split_feature=16 2 50 10 33 29 60 7 3 22 48 11 44 51 10 48 7 2 61 10 7 15 56 9 28 18 44 24 50 21
split_gain=495.074 62.6638 62.202 68.9639 36.6456 24.0834 23.804 22.7637 20.165 17.0031 16.0657 13.7963 13.5928 14.8368 13.2293 11.3772 21.2736 10.6245 12.7129 25.4896 12.5879 10.3931 8.10749 12.4455 7.71883 5.8851 5.09643 4.91306 4.83116 8.9612
threshold=2655.0000000000005 0 1 4782.2900000000018 0.86297283127383895 36.684999999999953 1789.7000000000003 6280.6802721088443 17.500000000000004 1985.0000000000002 1.0000000180025095e-35 103.78500000000001 0.022016257838691402 2 5780.9850000000015 1.0000000180025095e-35 6280.6802721088443 3 4173.8100000000004 4805.9100000000008 6468.1632653061233 0.37613446210597795 210.16500000000002 280.98000000000008 -133.85000000000011 745.00000000000011 0.011554767127715851 185.00000000000003 4 450.00000000000017
decision_type=2 9 9 2 2 2 2 2 2 2 2 2 2 1 2 2 2 9 2 2 2 2 2 2 2 2 2 2 9 2
left_child=1 4 3 15 12 24 -3 9 10 -8 14 -12 13 -1 -5 16 -2 18 19 21 -20 -4 23 -22 -6 -23 -21 -24 29 -19
right_child=2 6 17 8 5 -7 7 -9 -10 -11 11 -13 -14 -15 -16 -17 -18 28 20 26 22 25 27 -25 -26 -27 -28 -29 -30 -31
leaf_value=17.797202219082113 0 17.023180625000002 10.328878248666674 16.057036327799931 7.0272456941574806 0.0020764767915011362 18.068180625 17.023180625000002 8.9112023946751666 0 0 -0.29114946260064872 0 0 0 17.023180625000002 17.023180625000002 0 -0.060579777203226118 0 0 13.938745570009701 0 9.8234583422899249 7.9117042376516302 0 0 0 0 0
leaf_weight=68 41 1003 43 41 40 108 40 96 66 43 92 65 70 74 69 168 55 207 49 62 99 130 53 66 167 41 77 304 1948 93
leaf_count=68 41 1003 43 41 40 108 40 96 66 43 92 65 70 74 69 168 55 207 49 62 99 130 53 66 167 41 77 304 1948 93
internal_value=0.0157996 0.0381217 0.0056779 0.020346 0.0222533 0.0334921 0.0446309 0.0282123 0.00555556 0.00903614 -0.000561798 -0.010828 0.00660377 0.015493 0.0140909 0.0397727 0.0260417 0.00284412 0.00733405 0.0148725 0.0028021 0.0257009 0.00507663 0.0142424 0.0434783 0.0201754 -0.00179856 0.000840336 0.000974314 0.00677419
internal_weight=5478 1709 3769 597 527 315 1182 179 333 83 267 157 212 142 110 264 96 3172 924 353 571 214 522 165 207 171 139 357 2248 300
internal_count=5478 1709 3769 597 527 315 1182 179 333 83 267 157 212 142 110 264 96 3172 924 353 571 214 522 165 207 171 139 357 2248 300
cat_boundaries=0 1 2 3 4 5
cat_threshold=20 14352 2 32 96
is_linear=0
shrinkage=0.05


Tree=6
num_leaves=31
num_cat=4
split_feature=16 50 2 10 8 51 3 4 8 48 12 4 24 3 21 29 24 17 7 50 8 7 57 22 21 31 16 31 14 28
split_gain=449.131 100.514 99.7114 70.5906 59.4954 40.7166 31.1771 26.1081 20.5807 25.2761 21.4885 18.3118 17.6193 15.4387 14.8024 14.5468 12.5 10.4036 9.34664 8.83254 12.1564 19.4773 16.8652 13.9706 9.47185 8.05488 7.9151 7.73678 7.57638 7.47183
threshold=2325.0000000000005 0 1 4782.2900000000018 977.73000000000013 2 14.500000000000002 0.58578431372549034 2537.0000000000005 1.0000000180025095e-35 54.495000000000005 0.42481203007518792 610.00000000000023 4.5000000000000009 74.999999999999901 83.90499999999976 980.5550000000004 2835.0000000000005 5831.7006802721098 3 4411.2750000000005 7718.0498866213156 195.90500000000003 4065.0000000000009 450.00000000000017 0.65835927774438729 4565.0000000000009 0.40120012213928707 103.83499999999999 136.89000000000001
decision_type=2 9 9 2 2 1 2 2 2 2 2 2 2 2 2 2 2 2 2 9 2 2 2 2 2 2 2 2 2 2
left_child=2 3 4 11 -1 14 7 25 9 10 -3 -2 -9 -13 -6 -7 -8 -10 -19 20 21 22 23 -20 -23 -5 -22 -24 -25 -17
right_child=1 8 -4 6 5 15 16 12 17 -11 -12 13 -14 -15 -16 29 -18 18 19 -21 26 24 27 28 -26 -27 -28 -29 -30 -31
leaf_value=7.1075544400817625 16.172021593749999 -0.89595687500000032 16.172021593749999 13.532573893893748 17.90195098084541 -0.52844461942620458 6.0486671507123635 0 -0.32146249771118107 5.9441687204970215 16.326243346499517 0 -0.3865752962133584 12.488296043896856 17.465342228843777 0.0041529535830022724 8.7022238442180093 -0.17896115536540763 0 0 0 11.187574373412884 -0.057550788343064596 0 17.067978468749999 10.18831403327264 0 0 5.7649723947174225 0
leaf_weight=122 239 40 1129 48 42 54 50 105 47 74 57 57 53 48 40 40 40 44 148 1640 57 46 41 41 53 43 854 91 77 66
leaf_count=122 239 40 1129 48 42 54 50 105 47 74 57 57 53 48 40 40 40 44 148 1640 57 46 41 41 53 43 854 91 77 66
internal_value=0.0153846 0.00663661 0.038781 0.0239538 0.0145722 0.000619835 0.00811209 -0.00100402 0.00298193 0.019883 0.00309278 0.0402616 -0.0132911 0.0228571 0.0292683 -0.0140625 0.0333333 0.00207072 0.00242561 0.00275591 0.00564175 0.0119718 0.00703518 0.0142857 0.0318182 0.0203297 0.00225027 -0.00757576 0.0271186 -0.00330189
internal_weight=5486 3993 1493 683 364 242 339 249 3310 171 97 344 158 105 82 160 90 3139 3092 3048 1408 497 398 266 99 91 911 132 118 106
internal_count=5486 3993 1493 683 364 242 339 249 3310 171 97 344 158 105 82 160 90 3139 3092 3048 1408 497 398 266 99 91 911 132 118 106
cat_boundaries=0 1 2 3 4
cat_threshold=14352 4 2 353
is_linear=0
shrinkage=0.05


Tree=7
num_leaves=31
num_cat=4
split_feature=16 2 29 50 58 3 14 24 60 7 2 58 7 18 10 38 44 20 3 50 14 61 12 60 38 60 34 3 39 8
split_gain=434.85 121.233 60.4209 49.8307 67.0747 29.778 28.3149 32.857 24.408 32.5763 23.7176 20.8004 19.8724 17.7809 10.1341 9.02537 8.98726 7.69488 21.7716 6.17105 6.77958 10.9959 9.49346 6.57547 6.12393 5.89369 5.62245 5.25064 4.62637 3.96222
threshold=2805.0000000000005 0 36.684999999999953 1 3716.1600000000003 17.500000000000004 109.96500000000002 425.00000000000006 1688.2100000000003 6343.1746031746043 2 1117.5500000000002 6280.6802721088443 500.00000000000017 2372.1950000000006 -42.73724392780283 0.020546037695481006 3535.0000000000005 4.5000000000000009 3 132.98000000000008 4728.1650000000009 145.41500000000005 2678.6700000000005 -37.228448664365331 4661.4650000000011 0.0087025311132646523 11.500000000000002 -65.479103687765189 3821.5000000000005
decision_type=2 9 2 9 2 2 2 2 2 2 9 2 2 2 2 2 2 2 2 9 2 2 2 2 2 2 2 2 2 2
left_child=1 8 6 4 12 10 7 16 -1 14 15 13 17 24 -10 25 -3 -2 -19 20 22 26 23 -5 28 -6 -22 -12 -4 -25
right_child=3 2 11 19 5 -7 -8 -9 9 -11 27 -13 -14 -15 -16 -17 -18 18 -20 -21 21 -23 -24 29 -26 -27 -28 -29 -30 -31
leaf_value=15.363420514062501 15.363420514062501 8.8946297697676204 0.0019726529519260793 13.743744378466609 0 7.8859838089123713 7.413491295181891 -0.64640255144774417 15.859795514062501 15.363420514062501 -0.32777425348065636 16.961453141428596 15.363420514062501 -0.35132859226066132 0 0.019230084115862668 6.5241336772758745 0 11.437293208881194 0 0 0 -0.072044744223412491 0 0.0040491297434272159 0 5.4201475275000703 -0.28416477762554848 -0.00020764767915011363 0
leaf_weight=1002 75 67 42 48 44 68 152 43 40 135 59 62 175 63 72 73 57 56 41 1675 78 217 60 100 42 50 49 41 51 787
leaf_count=1002 75 67 42 48 44 68 152 43 40 135 59 62 175 63 72 73 57 56 41 1675 78 217 60 100 42 50 49 41 51 787
internal_value=0.0148172 0.0347648 0.0149406 0.0049513 0.017052 0.00134328 0.0297806 0.0155689 0.0434869 0.0297571 -0.00617978 -0.00269231 0.0327089 -0.0106061 0.00982143 0.00564972 0.028629 0.0206395 0.0113402 0.00214947 0.00467013 0.0107558 0.00261307 0.00385027 -0.00037037 -0.00425532 0.0224409 -0.0240909 -0.00752688 0.00287486
internal_weight=5524 1828 579 3696 682 335 319 167 1249 247 267 260 347 198 112 167 124 172 97 3014 1339 344 995 935 135 94 127 100 93 887
internal_count=5524 1828 579 3696 682 335 319 167 1249 247 267 260 347 198 112 167 124 172 97 3014 1339 344 995 935 135 94 127 100 93 887
cat_boundaries=0 1 2 3 4
cat_threshold=98 14416 2 289
is_linear=0
shrinkage=0.05


Tree=8
num_leaves=31
num_cat=6
split_feature=22 2 6 50 10 50 8 56 28 48 7 31 29 8 48 11 1 58 59 8 60 7 9 12 54 19 2 13 56 60
split_gain=482.364 78.713 70.2198 57.486 88.7092 46.7235 39.6957 37.5793 37.9771 24.9205 50.4417 20.774 27.5539 20.0867 27.1605 22.1833 15.7274 13.5982 14.2198 12.8121 12.2391 10.1039 9.93652 10.2457 5.84579 22.6688 21.0914 12.3499 10.5171 7.85481
threshold=2315.0000000000005 0 1.0000000180025095e-35 1 4782.2900000000018 2 989.84500000000014 116.02000000000002 -76.004999999999981 1.0000000180025095e-35 6030.7029478458053 0.82422028838630912 -13.795000000000526 2537.0000000000005 1.0000000180025095e-35 179.93500000000003 3 1497.7850000000001 2992.0000000000005 1346.6000000000001 1688.2100000000003 6093.1972789115653 446.39500000000004 162.26500000000001 4 3285.0000000000005 5 54.515000000000008 142.03500000000003 2733.8050000000007
decision_type=2 9 2 9 2 9 2 2 2 2 2 2 2 2 2 2 1 2 2 2 2 2 2 2 9 2 9 2 2 2
left_child=1 2 6 4 9 11 -1 8 -8 10 -2 12 -6 14 15 -5 -7 18 -15 -10 -3 -22 23 24 -19 -26 27 28 -27 -28
right_child=3 20 -4 13 5 16 7 -9 19 -11 -12 -13 -14 17 -16 -17 -18 22 -20 -21 21 -23 -24 -25 25 26 29 -29 -30 -31
leaf_value=6.7916875676312927 -0.76623628080644868 14.595249488359375 -0.50705769211331742 -0.85115903125000048 14.218586765880898 0 -0.85580450566873056 16.771554090667703 1.0382383958074116e-05 14.595249488359375 14.595249488359375 7.2249754459861322 -0.32825500558355292 -0.7668946421341879 5.3152912850165341 14.5875384007219 -0.26995653874427034 0 0 0.017566429613033563 15.363420514062501 14.595249488359375 16.189965533499812 -0.051071011714741134 14.995899642968419 -0.082936462892590157 0.043761570233598591 7.9255354018104072 0.73994095428172957 0
leaf_weight=113 42 984 52 40 57 55 46 53 74 219 62 58 82 42 81 48 73 1138 95 43 63 86 45 47 47 41 42 83 43 1557
leaf_count=113 42 984 52 40 57 55 46 53 74 219 62 58 82 42 81 48 73 1138 95 43 63 86 45 47 47 41 42 83 43 1557
internal_value=0.0142079 0.0382431 0.0170077 0.00510383 0.018617 0.000461538 0.0259878 0.0134259 0.00153374 0.0374613 0.0173077 0.0154589 0.0057554 0.00242632 0.0192308 0 -0.0221014 0.00154088 -0.0138686 0.0166667 0.0448381 0.0318792 0.00223464 0.00188459 0.00225347 0.00400439 0.00311438 0.0194915 0.00714286 0.00127408
internal_weight=5511 1514 381 3997 648 325 329 216 163 323 104 197 139 3349 169 88 128 3180 137 117 1133 149 3043 2998 2951 1813 1766 167 84 1599
internal_count=5511 1514 381 3997 648 325 329 216 163 323 104 197 139 3349 169 88 128 3180 137 117 1133 149 3043 2998 2951 1813 1766 167 84 1599
cat_boundaries=0 1 2 3 4 5 6
cat_threshold=4 14352 8208 2 200 32
is_linear=0
shrinkage=0.05


end of trees

feature_importances:
row_ratio_in_wav=25
vowel_class=20
wav_duration_ms=19
alias_type=15
base_offset=15
row_index_in_wav=13
curr_phone_start_ms=13
base_cutoff_abs=10
prev_base_cutoff_abs=10
base_offset_to_expected_ms=9
is_diphthong=8
base_pre=7
curr_vowel_start_ms=7
base_cons=6
syllable_start_ms=6
syllable_len_ms=6
base_pre_to_expected_ms=6
base_ovl_ratio=5
curr_phone_len_ms=5
prev_base_offset=5
base_cut_gap=4
curr_vowel_len_ms=4
energy_mean=4
spectral_flux_mean=4
prev_alias_type=4
prev_base_pre=4
base_ovl=3
curr_phone_end_ms=3
next_base_pre=3
next_base_offset=3
next_base_cutoff_abs=3
format_type=2
base_cons_gap=2
curr_vowel_end_ms=2
energy_max=2
db_mean=2
mora_position=2
is_tail_row=1
prev_phone_gap_ms=1
base_cutoff_to_next_anchor_ms=1
energy_min=1
energy_slope_pre=1
valley_dist_from_cutoff_ms=1
db_min=1
db_silence_ratio=1
f0_voicing_mean=1

parameters:
[boosting: gbdt]
[objective: regression_l1]
[metric: l1]
[tree_learner: serial]
[device_type: cpu]
[data_sample_strategy: bagging]
[data: ]
[valid: ]
[num_iterations: 500]
[learning_rate: 0.05]
[num_leaves: 31]
[num_threads: 0]
[seed: 0]
[deterministic: 0]
[force_col_wise: 0]
[force_row_wise: 0]
[histogram_pool_size: -1]
[max_depth: -1]
[min_data_in_leaf: 40]
[min_sum_hessian_in_leaf: 0.001]
[bagging_fraction: 0.85]
[pos_bagging_fraction: 1]
[neg_bagging_fraction: 1]
[bagging_freq: 1]
[bagging_seed: 3]
[bagging_by_query: 0]
[feature_fraction: 0.85]
[feature_fraction_bynode: 1]
[feature_fraction_seed: 2]
[extra_trees: 0]
[extra_seed: 6]
[early_stopping_round: 0]
[early_stopping_min_delta: 0]
[first_metric_only: 0]
[max_delta_step: 0]
[lambda_l1: 0]
[lambda_l2: 0]
[linear_lambda: 0]
[min_gain_to_split: 0]
[drop_rate: 0.1]
[max_drop: 50]
[skip_drop: 0.5]
[xgboost_dart_mode: 0]
[uniform_drop: 0]
[drop_seed: 4]
[top_rate: 0.2]
[other_rate: 0.1]
[min_data_per_group: 100]
[max_cat_threshold: 32]
[cat_l2: 10]
[cat_smooth: 10]
[max_cat_to_onehot: 4]
[top_k: 20]
[monotone_constraints: ]
[monotone_constraints_method: basic]
[monotone_penalty: 0]
[feature_contri: ]
[forcedsplits_filename: ]
[refit_decay_rate: 0.9]
[cegb_tradeoff: 1]
[cegb_penalty_split: 0]
[cegb_penalty_feature_lazy: ]
[cegb_penalty_feature_coupled: ]
[path_smooth: 0]
[interaction_constraints: ]
[verbosity: -1]
[saved_feature_importance_type: 0]
[use_quantized_grad: 0]
[num_grad_quant_bins: 4]
[quant_train_renew_leaf: 0]
[stochastic_rounding: 1]
[linear_tree: 0]
[max_bin: 255]
[max_bin_by_feature: ]
[min_data_in_bin: 3]
[bin_construct_sample_cnt: 200000]
[data_random_seed: 1]
[is_enable_sparse: 1]
[enable_bundle: 1]
[use_missing: 1]
[zero_as_missing: 0]
[feature_pre_filter: 1]
[pre_partition: 0]
[two_round: 0]
[header: 0]
[label_column: ]
[weight_column: ]
[group_column: ]
[ignore_column: ]
[categorical_feature: 0,1,2,45,46,49,50,51,52,54,55]
[forcedbins_filename: ]
[precise_float_parser: 0]
[parser_config_file: ]
[objective_seed: 5]
[num_class: 1]
[is_unbalance: 0]
[scale_pos_weight: 1]
[sigmoid: 1]
[boost_from_average: 1]
[reg_sqrt: 0]
[alpha: 0.9]
[fair_c: 1]
[poisson_max_delta_step: 0.7]
[tweedie_variance_power: 1.5]
[lambdarank_truncation_level: 30]
[lambdarank_norm: 1]
[label_gain: ]
[lambdarank_position_bias_regularization: 0]
[eval_at: ]
[multi_error_top_k: 1]
[auc_mu_weights: ]
[num_machines: 1]
[local_listen_port: 12400]
[time_out: 120]
[machine_list_filename: ]
[machines: ]
[gpu_platform_id: -1]
[gpu_device_id: -1]
[gpu_use_dp: 0]
[num_gpu: 1]

end of parameters

pandas_categorical:[["korean"], ["cvc", "cvvc"], ["br", "cv", "cv_head", "mono", "vc", "vcv", "vv"], ["other", "plosive", "sibilant", "sonorant"], ["unknown", "voiced", "voiceless"], ["liquid", "nasal", "none", "other", "stop"], ["", "a", "ae", "e", "eo", "eu", "eui", "i", "o", "oe", "u", "wa", "we", "weo", "wi", "ya", "ye", "yeo", "yo", "yu"], ["head", "mid", "tail"], ["", "vc", "vcv", "vv"], ["", "br", "cv", "cv_head", "mono", "vc", "vcv", "vv"], [""]]
