tree
version=v4
num_class=1
num_tree_per_iteration=1
label_index=0
max_feature_idx=61
objective=regression_l1
feature_names=language format_type alias_type row_index_in_wav row_ratio_in_wav is_head_row is_tail_row wav_duration_ms base_offset base_cons base_cutoff_abs base_pre base_ovl base_cons_gap base_cut_gap base_ovl_ratio curr_phone_start_ms curr_phone_end_ms curr_phone_len_ms curr_vowel_start_ms curr_vowel_end_ms curr_vowel_len_ms syllable_start_ms syllable_end_ms syllable_len_ms prev_phone_gap_ms next_phone_gap_ms expected_anchor_ms base_offset_to_expected_ms base_pre_to_expected_ms base_cutoff_to_next_anchor_ms energy_mean energy_min energy_max energy_slope_pre energy_slope_post valley_energy valley_dist_from_cutoff_ms db_mean db_min db_silence_ratio f0_voicing_mean f0_voicing_near_pre zcr_mean spectral_flux_mean onset_class voicing_class is_tense is_diphthong coda_type vowel_class mora_position bridge_type is_nasal_or_sonorant prev_alias_type next_alias_type prev_base_pre next_base_pre prev_base_offset next_base_offset prev_base_cutoff_abs next_base_cutoff_abs
feature_infos=none none -1:2:1:3:5:4 [0:8] [0:1] [0:1] [0:1] [2062.312925170068:5999.4557823129253] [183.44:5908.3100000000004] [73.390000000000001:480.88999999999999] [669.30999999999995:6239.1700000000001] [0:360] [0:221.97999999999999] [8.0100000000000051:202.86000000000001] [11.999999999999972:4192.04] [0:0.70374762808349145] [130:5990] [940:5999.46] [5.7100000000000364:3480] [0:5990] [0:5999.46] [0:2780] [80:5990] [940:5999.46] [5.7100000000000364:3480] [0:2470] [0:2630] [130:5990] [-1029.1700000000001:1848.6900000000001] [-894.7800000000002:1990] [-5318.4700000000003:2600.1199999999999] [0:1] [0:1] [0:1] [-0.95338406791326158:0.99928753076619103] [-0.94284507359342284:1] [0:1] [-17.95875283446685:4270.606099773242] [-74.028712925718082:0] [-88.008753934269478:0] [0:1] [0:1] [0:1] [0:0.47383720930232559] [0:0.086053788199905196] -1:1:0:3:2 -1:0:2:1 [0:1] [0:1] -1:2:3:4:1:0 -1:0:6:11:12:15:16:19:1:3:4:5:8:10:13:7:14:17:18 -1:1:0:2 -1:0:1:3:2 [0:1] -1:3:2:0:6:4:5 none [0:360] [0:360] [0:5904.3999999999996] [0:5908.3100000000004] [0:6238.4700000000003] [0:6239.1700000000001]
tree_sizes=2529 2592 2561 2400 2732 2637 2470 2773 2702 2732 2749 2737 2774 2743 2732 2760

Tree=0
num_leaves=30
num_cat=3
split_feature=2 12 46 12 12 46 19 11 29 13 12 12 12 8 35 58 57 11 56 14 42 9 9 56 33 44 34 13 22
split_gain=392.182 209.421 84.2683 51.9724 41.6799 35.2385 25.1933 22.6121 19.638 18.0715 14.8458 30.7187 14.45 7.6206 5.96348 5.60769 5.48163 3.53558 3.1326 2.7925 2.6713 1.27322 1.94329 0.697757 0.906294 0.43583 0.141176 0.2 0.0724138
threshold=0 33.985000000000007 1 115.88000000000001 51.295000000000009 2 2775.0000000000005 167.74500000000003 18.400000000000095 108.41500000000001 28.270000000000003 25.945000000000004 23.195000000000004 960.45500000000004 -0.029383711576983693 2364.5000000000005 109.23500000000001 86.245000000000019 159.75000000000003 96.644999999999996 0.85934120873095698 249.70000000000002 233.79000000000005 88.820000000000007 0.82179574637097075 0.0094475648708485516 -0.0065085842121766499 87.685000000000016 4305.0000000000009
decision_type=9 2 1 2 2 1 2 2 2 2 2 2 2 2 2 2 2 2 2 2 2 2 2 2 2 2 2 2 2
left_child=1 2 6 23 5 8 -1 10 15 16 11 14 -9 -6 -4 -3 -7 -16 21 -8 -12 22 -15 24 -2 -23 27 -25 -27
right_child=3 4 7 -5 13 9 19 12 -10 -11 20 -13 -14 18 17 -17 -18 -19 -20 -21 -22 25 -24 26 -26 28 -28 -29 -30
leaf_value=2.3022749900817869 4.289024984836578 1.6412249684333799 2.4272249817848204 2.2845499873161317 1.2742250084877014 1.7714249968528748 1.6559999823570251 2.4735749959945679 2.0186749905347825 2.4216750025749207 2.6458000063896181 2.1329249918460844 2.0024749904870989 0.73312498331069942 2.6887750029563904 1.4424499869346619 2.1374749898910523 2.4115249991416929 1.01767498254776 1.9027249932289123 2.9027749657630921 -0.75890001058578527 1.2704249739646911 4.3140249848365784 4.4309250473976132 0.60732494592666608 4.5070749878883358 5.0583500504493717 -0.63530009984970093
leaf_weight=40 65 40 43 76 41 41 40 40 74 49 40 59 40 44 66 90 58 67 77 51 75 74 40 40 45 105 192 40 40
leaf_count=40 65 40 43 76 41 41 40 40 74 49 40 59 40 44 66 90 58 67 77 51 75 74 40 40 45 105 192 40 40
internal_value=2.19761 2.18388 2.20704 2.23703 2.1669 2.1796 2.17193 2.21773 2.16613 2.19818 2.22321 2.21601 2.19375 2.15629 2.22648 2.15442 2.18588 2.23171 2.15408 2.15739 2.23793 2.15179 2.15702 2.24541 2.24205 2.14978 2.24676 2.245 2.14819
internal_weight=1792 1334 561 458 773 352 131 430 204 148 350 235 80 421 176 130 99 133 380 91 115 303 84 382 110 219 272 80 145
internal_count=1792 1334 561 458 773 352 131 430 204 148 350 235 80 421 176 130 99 133 380 91 115 303 84 382 110 219 272 80 145
cat_boundaries=0 1 2 3
cat_threshold=22 2 2
is_linear=0
shrinkage=1


Tree=1
num_leaves=29
num_cat=1
split_feature=2 12 15 12 12 15 12 29 60 29 13 12 15 20 18 15 58 15 16 18 33 14 35 61 39 31 24 9
split_gain=378.011 222.814 79.878 36.0542 35.8577 39.8653 40.3839 26.8959 26.5306 15.7792 14.331 12.6666 12.6388 9.18481 10.1981 8.1707 4.77364 4.28665 3.46923 3.2 2.4456 2.32164 2.46347 0.99915 0.793564 1.32832 0.465893 0.059596
threshold=0 32.410000000000004 0.65059030846225452 51.295000000000009 21.705000000000002 0.21565931819258663 28.270000000000003 18.400000000000095 1386.8350000000003 58.409999999999862 118.34500000000004 16.115000000000006 0.16351844320421019 1995.0000000000002 405.00000000000006 0.33598926137593993 1806.8450000000003 0.29373941156565631 1335.0000000000002 30.000000000000117 0.51474965444243603 107.84000000000005 -0.00051983483051689988 3131.9450000000002 -68.743435807538162 0.0011878705048305501 125.00000000000001 212.06000000000003
decision_type=9 2 2 2 2 2 2 2 2 2 2 2 2 2 2 2 2 2 2 2 2 2 2 2 2 2 2 2
left_child=1 4 24 7 11 12 10 8 -3 19 17 -1 -6 14 -5 -10 -8 -7 -11 -9 -13 26 -23 -24 25 -2 -15 -17
right_child=2 3 -4 13 5 6 16 9 15 18 -12 20 -14 21 -16 27 -18 -19 -20 -21 -22 22 23 -25 -26 -27 -28 -29
leaf_value=0.055211248993873599 2.6428224426507949 -0.026292499005794525 -0.7365524905920029 -1.1196725207567215 -0.020548750311136257 -0.029299999475479122 0.63133625209331523 0.25926625885069371 -0.6055975168943406 -0.12627874903380873 0.18590374201536181 0.31984250128269198 -0.37131375312805176 -1.0337949949502947 -0.32030499756336211 -0.6928724974393845 0.33401123702526098 -0.21153625309467317 -0.35745874747633932 0.026441253796219824 0.46086125671863559 -1.6520913296937942 -1.3983850270509721 -1.2584662610292436 2.2009962719678877 1.5356736820936203 -2.4283550101518632 -0.59739185690879826
leaf_weight=43 53 56 52 48 46 44 54 40 74 46 43 46 61 52 43 59 52 43 42 40 79 68 47 49 291 42 107 40
leaf_count=43 53 56 52 48 46 44 54 40 74 46 43 46 61 52 43 59 52 43 42 40 79 68 47 49 291 42 107 40
internal_value=0.000227273 -0.0131381 0.0399554 -0.0295314 0.0126223 0.00335277 0.0148305 -0.0187657 -0.0299127 -0.00357143 -0.00384615 0.0315476 -0.0219626 -0.0398551 -0.0258242 -0.0395954 0.0377358 -0.0155172 -0.0181818 0.0125 0.0396 -0.043808 -0.0396341 -0.0447917 0.0487047 0.0447368 -0.0481132 -0.0489899
internal_weight=1760 1322 438 811 511 343 236 397 229 168 130 168 107 414 91 173 106 87 88 80 125 323 164 96 386 95 159 99
internal_count=1760 1322 438 811 511 343 236 397 229 168 130 168 107 414 91 173 106 87 88 80 125 323 164 96 386 95 159 99
cat_boundaries=0 1
cat_threshold=22
is_linear=0
shrinkage=0.05


Tree=2
num_leaves=29
num_cat=4
split_feature=2 12 15 46 12 46 15 20 3 13 29 8 28 60 12 12 12 56 58 29 34 56 29 46 39 28 9 34
split_gain=394.713 179.577 89.2984 56.9931 33.8702 48.8093 26.8014 25.6253 22.5506 19.5294 17.0594 12.8341 8.84819 6.70477 6.52083 19.2149 5.06412 4.97256 5.39986 4.3949 4.24552 1.97562 1.94838 2.01416 1.29962 1.64207 0.839141 0.086711
threshold=0 32.410000000000004 0.65059030846225452 1 51.550000000000004 2 0.22528800493904833 2805.0000000000005 2.5000000000000004 106.80000000000003 15.48000000000002 974.98000000000013 -266.77500000000003 1305.8250000000003 28.270000000000003 22.005000000000006 39.475000000000009 159.75000000000003 2759.0000000000005 25.08500000000004 0.046425836246775508 139.10500000000005 15.065000000000284 3 -68.743435807538162 -77.789999999999949 211.66000000000003 -0.068716236848734388
decision_type=9 2 2 1 2 1 2 2 2 2 2 2 2 2 2 2 2 2 2 2 2 2 2 1 2 2 2 2
left_child=1 3 24 8 5 10 7 -5 -1 13 20 -6 -9 -7 15 -8 -12 21 -19 -14 -3 22 -13 -24 25 -2 -16 -26
right_child=2 4 -4 6 11 9 14 12 -10 -11 16 17 19 -15 26 -17 -18 18 -20 -21 -22 -23 23 -25 27 -27 -28 -29
leaf_value=0.017091059580445302 1.8556151566803458 -0.75804264143109323 -0.80719986072182659 -0.14761340527236461 -0.69202761790156364 0.02934019043669105 0.63121817156672488 -0.023185312431305657 -0.34300944444537163 0.20014917602390048 -0.22446081558614972 -1.2979429647624494 0.25019490453600884 -0.29671519406512381 0.40632694342732434 0.070558564260602016 -0.098641656577587125 -0.63913660493493085 -1.8473644535243512 0.14969615998864175 -0.52714664597809324 -2.3195384254157543 -1.8044054147899151 -1.0902429029643537 2.4775489554703238 2.0774650941193107 0.62676941373944284 2.124748967677355
leaf_weight=57 47 95 49 40 47 45 46 44 59 55 41 79 76 74 40 57 43 40 43 44 50 107 42 67 40 55 42 261
leaf_count=57 47 95 49 40 47 45 46 44 59 55 41 79 76 74 40 57 43 40 43 44 50 107 42 67 40 55 42 261
internal_value=-0.00047619 -0.0141847 0.0393939 0.00920792 -0.0286232 -0.0182382 0.0183805 0.00588235 -0.0215517 0.00172414 -0.0334061 -0.0384706 0.0146341 -0.00966387 0.0321622 0.0237864 -0.0154762 -0.0415344 -0.0307229 0.0216667 -0.0437931 -0.0445763 -0.0414894 -0.037156 0.0480149 0.0431373 0.0426829 0.0496678
internal_weight=1785 1333 452 505 828 403 389 204 116 174 229 425 164 119 185 103 84 378 83 120 145 295 188 109 403 102 82 301
internal_count=1785 1333 452 505 828 403 389 204 116 174 229 425 164 119 185 103 84 378 83 120 145 295 188 109 403 102 82 301
cat_boundaries=0 1 2 3 4
cat_threshold=22 2 2 1
is_linear=0
shrinkage=0.05


Tree=3
num_leaves=27
num_cat=2
split_feature=2 46 12 12 8 12 48 11 4 16 11 12 12 12 11 24 14 56 11 11 11 11 60 9 8 39
split_gain=359.978 173.621 99.7848 44.6497 45.6481 41.6698 51.1567 32.652 18.1363 11.6374 11.528 11.3109 16.6166 28.735 10.2587 7.75882 5.67945 5.67336 5.10503 5.06119 10.2058 2.80869 1.47089 1.32764 0.731269 0.284834
threshold=0 1 52.775000000000006 24.650000000000002 981.1350000000001 107.82000000000001 1.0000000180025095e-35 167.74500000000003 0.35416666666666669 4905.0000000000009 146.38000000000002 39.220000000000006 29.095000000000002 21.705000000000002 85.200000000000003 115.00000000000024 131.22 79.750000000000014 162.33000000000001 128.04500000000004 118.19000000000001 102.51000000000001 4646.6250000000009 186.16500000000002 3039.4750000000004 -68.743435807538162
decision_type=9 1 2 2 2 2 2 2 2 2 2 2 2 2 2 2 2 2 2 2 2 2 2 2 2 2
left_child=1 2 7 -3 -5 22 -7 11 10 16 19 12 13 14 -1 -9 24 -15 -12 20 -6 -14 25 -24 -10 -2
right_child=5 3 -4 4 8 6 -8 15 9 -11 18 -13 21 17 -16 -17 -18 -19 -20 -21 -22 -23 23 -25 -26 -27
leaf_value=0.42588287403732539 1.7625843454405665 0.14615744771286845 -0.84759133516103025 0.095036517282575395 -0.14870325175952168 -1.0131398497566582 2.6645581955119972 0.12227588337510825 -0.36913153996765619 -0.37368443137705326 -1.3347363966539503 -0.060675053708069027 0.41710828054994348 -0.072470011524483555 0.17482188795357945 -0.1935243268718943 -0.89757452422864736 0.046544336776435373 -0.53639133630543945 -0.075529452811274683 -0.51753774924837059 0.62305307934731247 1.9409613941714168 2.451193580876291 -1.1782581092715263 1.9782864903017878
leaf_weight=66 46 56 75 69 40 42 41 45 42 40 57 40 42 42 51 65 62 75 51 52 47 72 61 40 244 208
leaf_count=66 46 56 75 69 40 42 41 45 42 40 57 40 42 42 51 65 62 75 51 52 47 72 61 40 244 208
internal_value=2.82326e-05 -0.0129188 0.00776614 -0.0286842 -0.0321023 0.0388393 0.00783133 0.0158635 -0.0362992 -0.0430412 -0.0257085 0.0226804 0.0255747 0.0179487 0.0354701 -0.00818182 -0.045977 0.00042735 -0.037963 -0.0161871 -0.0235632 0.0412281 0.0471831 0.0420792 -0.048951 0.0492126
internal_weight=1771 1333 573 760 704 438 83 498 635 388 247 388 348 234 117 110 348 117 108 139 87 114 355 101 286 254
internal_count=1771 1333 573 760 704 438 83 498 635 388 247 388 348 234 117 110 348 117 108 139 87 114 355 101 286 254
cat_boundaries=0 1 2
cat_threshold=22 4
is_linear=0
shrinkage=0.05


Tree=4
num_leaves=31
num_cat=3
split_feature=2 12 46 15 12 46 15 12 29 59 8 18 12 57 59 15 12 12 18 34 60 60 44 12 48 32 56 28 9 15
split_gain=321.979 182.702 86.472 81.3763 30.0948 38.9505 22.9187 33.533 21.8698 20.238 12.3744 13.7602 10.8618 9.94571 10.6144 9.62669 5.85747 10.8824 4.82283 4.36825 3.80004 4.68263 3.37426 2.98186 4.80589 2.74042 2.59769 2.45999 2.04379 1.86657
threshold=0 33.985000000000007 1 0.67350539917264063 51.550000000000004 2 0.22968976773374108 24.185000000000006 15.48000000000002 3664.8000000000006 1270.1950000000004 405.00000000000006 16.320000000000004 100.39000000000001 3013.0000000000005 0.3728370300605181 22.005000000000006 28.270000000000003 60.000000000000234 0.083936235339508114 2741.6650000000004 1831.0250000000003 0.017641616514690605 51.750000000000007 1.0000000180025095e-35 0.11448471450949581 170.84000000000003 -64.005000000000209 249.70000000000002 0.44864637372182087
decision_type=9 2 1 2 2 1 2 2 2 2 2 2 2 2 2 2 2 2 2 2 2 2 2 2 2 2 2 2 2 2
left_child=1 2 9 23 5 8 7 12 19 -1 11 -6 -4 -7 -15 -10 -8 -18 -9 -3 21 29 -14 -2 26 -19 -25 -11 -22 -12
right_child=3 4 6 -5 10 13 16 18 15 27 20 -13 22 14 -16 -17 17 25 -20 -21 28 -23 -24 24 -26 -27 -28 -29 -30 -31
leaf_value=0.048908267860002824 1.8186458569640669 -0.69529498492025776 0.030948320694044254 -0.99358284429885446 -1.1636836784028262 -0.19114904108390679 0.54923812024019658 -0.0068677015810832522 -0.37201988192597407 -0.5446209192797542 -1.0422090010785312 0.029285712585523729 0.34858969050867483 -0.075149661848726693 0.46178026910159276 0.024000742182359106 0.11302111373864115 0.459353300338462 -0.14085287234873048 -0.42944413959912026 -0.98715334079081674 -0.81785752098706554 0.41319541977418589 0.6821075491661579 2.5620572708929332 0.67035331368990247 1.1291050534004718 -0.20240173944428563 -2.595432058526455 -0.69667267032625158
leaf_weight=47 196 86 42 42 40 40 48 43 41 45 45 41 46 42 58 43 55 63 50 40 40 40 44 64 103 41 41 42 166 49
leaf_count=47 196 86 42 42 40 40 48 43 41 45 45 41 46 42 58 43 55 63 50 40 40 40 44 64 103 41 41 42 166 49
internal_value=0.00053281 -0.0117669 0.00971731 0.0368421 -0.0276913 -0.0168571 0.0206019 0.00955556 -0.0304762 -0.0253731 -0.0366983 -0.0191358 0.0257576 0.00357143 0.012 -0.0107143 0.0326087 0.0279874 -0.0134409 -0.0436508 -0.0408824 -0.0343284 0.0355556 0.0445545 0.0403846 0.0375 0.0328571 -0.0396552 -0.0451456 -0.0404255
internal_weight=1783 1337 566 446 771 350 432 225 210 134 421 81 132 140 100 84 207 159 93 126 340 134 90 404 208 104 105 87 206 94
internal_count=1783 1337 566 446 771 350 432 225 210 134 421 81 132 140 100 84 207 159 93 126 340 134 90 404 208 104 105 87 206 94
cat_boundaries=0 1 2 3
cat_threshold=22 2 2
is_linear=0
shrinkage=0.05


Tree=5
num_leaves=30
num_cat=5
split_feature=2 12 46 12 33 60 46 29 59 45 46 28 24 24 29 22 14 12 12 24 34 14 56 14 9 35 29 38 17
split_gain=347.297 164.362 55.0171 47.7434 30.6848 30.2915 25.0711 17.8879 17.2175 16.4968 14.0234 10.9091 10.4773 13.677 9.21818 9.04224 9.02028 9.0074 17.5863 6.79171 5.10434 4.65432 1.94598 1.71431 1.29024 0.764179 0.273076 0.0805825 0.0783784
threshold=0 32.410000000000004 1 115.88000000000001 0.54648936488391631 2790.9100000000003 2 -92.214999999999904 3664.8000000000006 3 4 -103.07999999999991 89.999999999999901 525.00000000000011 58.409999999999862 4535.0000000000009 31.740000000000013 22.005000000000006 28.270000000000003 394.99999999999994 -1.0000000180025095e-35 99.899999999999991 84.315000000000012 130.36500000000007 172.65000000000001 0.0027750078991369003 99.349999999999937 -64.50792047885345 4925.0000000000009
decision_type=9 2 1 2 2 2 1 2 2 1 1 2 2 2 2 2 2 2 2 2 2 2 2 2 2 2 2 2 2
left_child=1 2 8 22 -5 9 -7 -4 -1 10 19 20 21 17 -13 23 -12 -14 -19 -3 -11 -9 24 28 -2 26 27 -24 -8
right_child=3 5 7 4 -6 6 15 12 -10 11 16 14 13 -15 -16 -17 -18 18 -20 -21 -22 -23 25 -25 -26 -27 -28 -29 -30
leaf_value=0.051020878947820508 1.8357461053908879 -0.46905327332794527 -0.076274137778060525 2.1553408499201647 -0.88172871429094313 -0.12519201082363796 -0.95732059849388895 0.21722886326737517 -0.26726732418007032 -1.0015746860696406 -0.16915964494138797 0.021012557548254734 0.26043848689925014 0.55170247729212796 -0.51216565845193118 -0.52793644193935818 0.20686057718373674 -0.052087790654955307 0.26426789729596861 -0.092143899503445023 -0.78650264737188447 0.42101780380294845 1.8945812987480573 -1.7258142629450433 1.4338948995650822 1.5645315899445378 1.2691905153779945 1.8052258745644503 -3.6036575186618478
leaf_weight=41 41 45 45 40 42 70 145 76 70 56 46 44 68 42 66 49 63 66 56 44 79 63 40 73 40 50 40 166 40
leaf_count=41 41 45 45 40 42 70 145 76 70 56 46 44 68 42 66 49 63 66 56 44 79 63 40 73 40 50 40 166 40
internal_value=0.000332226 -0.0124908 0.00920304 0.03742 0.00365854 -0.0265854 -0.0370027 0.0175481 -0.0220721 -0.0177201 -0.00576923 -0.0260784 0.021159 0.0146552 -0.0154545 -0.0431596 0.0059633 0.00894737 0.000819672 -0.0207865 -0.0366667 0.0320144 0.045756 -0.0468992 0.0388889 0.0476351 0.0487805 0.0495146 -0.0494595
internal_weight=1806 1347 527 459 82 820 377 416 111 443 198 245 371 232 110 307 109 190 122 89 135 139 377 258 81 296 246 206 185
internal_count=1806 1347 527 459 82 820 377 416 111 443 198 245 371 232 110 307 109 190 122 89 135 139 377 258 81 296 246 206 185
cat_boundaries=0 1 2 3 4 5
cat_threshold=22 2 4 3 2
is_linear=0
shrinkage=0.05


Tree=6
num_leaves=28
num_cat=4
split_feature=2 12 15 46 15 12 60 61 12 12 50 46 12 7 16 30 12 15 14 29 37 24 15 58 61 14 15
split_gain=338.58 162.398 61.6849 54.7915 27.6053 25.2992 23.8566 19.4444 15.7799 19.8918 15.5541 15.2691 13.0442 11.6535 11.3603 7.54694 7.2255 6.75584 4.26302 3.80721 3.77718 3.62586 3.31785 2.77056 1.0416 0.564517 0.0834025
threshold=0 33.985000000000007 0.65059030846225452 1 0.20912619465459079 24.650000000000002 2790.9100000000003 3825.8100000000009 21.320000000000004 28.270000000000003 2 3 61.290000000000006 5921.3378684807258 4555.0000000000009 -155.1899999999998 49.295000000000009 0.29670997598897159 131.22 110.83999999999993 192.85150793650794 95.000000000000014 0.45874579925500042 2979.0000000000005 4866.2250000000013 124.21999999999998 0.50928852994890017
decision_type=9 2 2 1 2 2 2 2 2 2 1 1 2 2 2 2 2 2 2 2 2 2 2 2 2 2 2
left_child=1 3 19 7 5 13 10 -1 -6 -10 16 -8 15 -5 18 -12 -3 -17 25 24 -21 -11 -14 -9 26 -13 -2
right_child=2 6 -4 4 8 -7 11 23 9 21 12 14 22 -15 -16 17 -18 -19 -20 20 -22 -23 -24 -25 -26 -27 -28
leaf_value=0.049911710100565276 1.7275011080493841 0.13254689520215904 -0.80596902016122685 0.26694631614159225 0.45153145199087535 -0.14375498768093975 -0.18194034414036078 -0.21061835781358856 0.0014206407666647381 0.45579421384664731 -0.45684948163144967 -1.1890149224417215 -1.1344561046320498 -0.0098223723329435644 -0.35231163952463435 -0.19863271652767001 -0.27411843213204651 0.015078158784149566 -1.096169078114289 0.60890907408270478 2.2937603598593164 0.45895473619381627 -1.0189412184265434 -0.33195194694260194 1.4935115949978741 -1.4596282750337339 2.505191383225112
leaf_weight=42 201 49 48 64 65 62 63 40 79 54 70 132 58 54 52 60 59 66 49 47 40 64 53 44 67 73 40
leaf_count=42 201 49 48 64 65 62 63 40 79 54 70 132 58 54 52 60 59 66 49 47 40 64 53 44 67 73 40
internal_value=0.000640669 -0.0118209 0.0380795 0.0084507 0.0167421 0.00166667 -0.0266582 -0.0206349 0.0270992 0.0200508 -0.0184337 -0.0359079 -0.023817 0.0152542 -0.0405229 -0.0168367 -0.000847458 -0.00952381 -0.0448819 0.045443 0.0362069 0.0330508 -0.0382883 -0.0345238 0.0480519 -0.0480488 0.0495851
internal_weight=1795 1352 443 568 442 180 784 126 262 197 415 369 307 118 306 196 108 126 254 395 87 118 111 84 308 205 241
internal_count=1795 1352 443 568 442 180 784 126 262 197 415 369 307 118 306 196 108 126 254 395 87 118 111 84 308 205 241
cat_boundaries=0 1 2 3 4
cat_threshold=22 2 557081 4
is_linear=0
shrinkage=0.05


Tree=7
num_leaves=31
num_cat=2
split_feature=2 12 15 47 60 12 4 15 45 12 12 11 12 10 4 11 16 35 34 12 12 20 7 36 58 12 39 34 15 44
split_gain=323.541 138.333 61.1817 34.255 37.0911 33.9316 35.4933 21.6314 17.1273 16.5418 12.8167 11.5334 9.75276 13.517 8.73004 8.36407 6.95821 6.91754 12.0655 6.45243 3.68673 3.44245 5.13929 3.10398 1.92261 2.38626 1.80045 1.54408 1.53797 0.670701
threshold=0 32.410000000000004 0.65059030846225452 1.0000000180025095e-35 2710.9550000000004 22.005000000000006 0.35416666666666669 0.22787006758229778 1 16.115000000000006 29.095000000000002 111.60000000000001 37.235000000000007 2147.2150000000006 0.58571428571428574 168.01500000000001 4555.0000000000009 0.060542724897527059 -0.0012963442356975997 75.705000000000013 100.75000000000001 3995.0000000000005 5901.7913832199547 0.25991059791465593 4170.6900000000014 51.750000000000007 -63.081746470598425 0.025277990583031405 0.32295735591934077 0.023283741065438502
decision_type=9 2 2 2 2 2 2 2 1 2 2 2 2 2 2 2 2 2 2 2 2 2 2 2 2 2 2 2 2 2
left_child=1 5 20 4 8 9 7 -7 12 -1 -9 -10 -3 -14 26 -5 21 18 -8 23 24 22 -6 -13 -2 -26 -11 29 -15 -23
right_child=2 3 -4 15 16 6 17 10 11 14 -12 19 13 28 -16 -17 -18 -19 -20 -21 -22 27 -24 -25 25 -27 -28 -29 -30 -31
leaf_value=-0.0012804579602338384 1.6302107851884573 -0.20077171856196091 -0.52839384206418405 0.59684757536466104 -0.72582570012341785 -0.070625173390241533 -0.11587892196666411 0.12123922428475134 -0.11704383582821534 0.54098421777620842 0.52841552613317067 -1.3480374954177234 0.52452002350844718 -0.0074140233831696996 0.11862588951355391 -0.13733271460009419 -0.34110085170683146 -0.24033970035216204 0.075185944997426868 -0.51936736165414155 1.8317389074920749 -2.1991964289458625 -0.38700636045803677 -0.80778049909539085 1.5748186709426291 1.41539140461663 0.34210275276036506 -0.75603783026622162 -0.54066020702870954 -0.92188069288550745
leaf_weight=41 199 48 50 40 62 50 51 66 41 50 56 44 40 41 41 44 60 76 48 42 70 117 41 71 79 48 43 50 40 40
leaf_count=41 199 48 50 40 62 50 51 66 41 50 56 44 40 41 41 44 60 76 48 42 70 117 41 71 79 48 43 50 40 40
internal_value=0.000866406 -0.0114191 0.0372807 -0.0242996 -0.0277476 0.00862069 -0.000432277 0.0156977 -0.016485 0.0265714 0.0270492 -0.0259615 -0.00363128 0.00371901 0.0350746 0.00595238 -0.0389189 -0.0162857 -0.00757576 -0.0334395 0.044697 -0.0419355 -0.034466 -0.0395652 0.0469325 0.042126 0.0435484 -0.0456522 -0.00802469 -0.0480892
internal_weight=1789 1343 446 821 737 522 347 172 367 175 122 198 169 121 134 84 370 175 99 157 396 310 103 115 326 127 93 207 81 157
internal_count=1789 1343 446 821 737 522 347 172 367 175 122 198 169 121 134 84 370 175 99 157 396 310 103 115 326 127 93 207 81 157
cat_boundaries=0 1 2
cat_threshold=22 3
is_linear=0
shrinkage=0.05


Tree=8
num_leaves=31
num_cat=3
split_feature=2 46 15 12 12 3 46 15 30 11 23 7 12 12 12 39 43 23 31 38 29 11 11 28 7 61 43 58 10 11
split_gain=314.552 171.154 66.615 60.9754 43.6071 47.1557 21.5963 20.7174 16.5815 15.2897 18.8679 14.622 12.5026 15.54 12.4916 7.7177 7.2 5.71058 5.00572 5.33742 4.39996 3.94272 3.45465 2.74735 2.37588 0.860902 0.526087 0.273112 0.0823009 0.0782609
threshold=0 1 0.61258877409407131 48.445 23.195000000000004 2.5000000000000004 2 0.19045299588780593 51.940000000000062 113.51000000000002 2315.0000000000005 5901.7913832199547 21.320000000000004 28.485000000000003 35.595000000000006 -59.877583417762501 0.037184630721450805 5015.0000000000009 0.85767528716841501 -37.256784713407164 2.9599999999998095 116.17500000000003 159.69000000000003 211.69000000000005 5940.6349206349214 4866.2250000000013 0.046917060936462258 4805.9000000000005 1434.4600000000003 341.15000000000003
decision_type=9 1 2 2 2 2 1 2 2 2 2 2 2 2 2 2 2 2 2 2 2 2 2 2 2 2 2 2 2 2
left_child=1 3 23 7 -3 6 -6 8 11 10 -8 -1 -9 15 21 -14 -16 24 19 22 -5 -15 -11 25 26 27 29 28 -2 -7
right_child=2 4 -4 20 5 17 9 12 -10 18 -12 -13 13 14 16 -17 -18 -19 -20 -21 -22 -23 -24 -25 -26 -27 -28 -29 -30 -31
leaf_value=0.20999631999314194 4.3426308325009755 0.11866267222575538 -0.1170526149280617 -0.68917539339842748 0.052899798962994793 -0.60420474820210046 0.092537220909461065 0.3736618519725603 -0.16268548788383055 -0.76739147414062125 -0.32980400853413339 -0.060450535914979259 -0.039335328017992256 0.49633688734660791 -0.044292904449048272 0.1192216193548308 0.19317202058982941 -0.7180920250697399 -0.76592698271319115 -0.51319596692457825 -0.41176786301102108 0.47506477819930792 -0.41141268597368169 1.8314352866284656 -0.64749433951867263 1.3647149905659464 -0.70747933343463965 1.4784377380058491 1.5575810317408558 -3.4637569537554711
leaf_weight=50 40 43 79 41 72 144 45 74 40 63 53 58 41 53 40 47 40 42 53 52 54 65 43 45 63 67 46 41 186 40
leaf_count=50 40 43 79 41 72 144 45 74 40 63 53 58 41 53 40 47 40 42 53 52 54 65 43 45 63 67 46 41 186 40
internal_value=0.00115385 -0.0109329 0.0365385 0.00887231 -0.0268116 -0.0297486 -0.0177165 0.015748 0 -0.0234628 -0.00714286 0.0101852 0.0222222 0.0174825 0.0252525 0 0.01 -0.0434328 -0.0310427 -0.0265823 -0.0278947 0.0355932 -0.0330189 0.0460422 -0.0459044 0.0476048 -0.0482609 0.0488764 0.0495575 -0.0494565
internal_weight=1820 1362 458 603 759 716 381 508 148 309 98 108 360 286 198 88 80 335 211 158 95 118 106 379 293 334 230 267 226 184
internal_count=1820 1362 458 603 759 716 381 508 148 309 98 108 360 286 198 88 80 335 211 158 95 118 106 379 293 334 230 267 226 184
cat_boundaries=0 1 2 3
cat_threshold=22 4 1
is_linear=0
shrinkage=0.05


Tree=9
num_leaves=31
num_cat=3
split_feature=2 12 15 46 12 46 59 59 15 12 19 15 12 12 13 35 18 14 28 12 15 44 32 20 14 33 22 13 34 13
split_gain=298.474 139.976 65.9144 45.7376 25.7528 28.8507 22.8882 22.7177 19.158 20.1722 18.5476 14.9422 10.7406 16.254 9.85156 10.2704 8.94806 6.04758 5.4645 5.41737 4.14615 3.5865 3.55748 3.36055 3.2328 2.28428 1.164 1.05316 0.251413 0.0726027
threshold=0 33.695000000000007 0.61258877409407131 1 51.550000000000004 2 3626.8400000000006 3664.8000000000006 0.21565931819258663 24.185000000000006 1830.0000000000002 0.36727588252037752 21.320000000000004 28.485000000000003 111.25000000000001 1.0000000180025095e-35 405.00000000000006 132.63500000000005 -64.005000000000209 16.115000000000006 0.46379939362029948 0.017791587288635256 0.12554038403663467 3985.0000000000005 108.97500000000004 0.0020212370899549506 4555.0000000000009 35.595000000000006 -0.0085330708258241472 100.83
decision_type=9 2 2 1 2 1 2 2 2 2 2 2 2 2 2 2 2 2 2 2 2 2 2 2 2 2 2 2 2 2
left_child=1 3 25 7 5 6 11 -1 9 19 16 -3 -10 18 15 -7 -6 20 -14 -5 24 -21 -15 -8 29 -2 28 -28 -27 -12
right_child=2 4 -4 8 10 14 23 -9 12 -11 17 -13 13 22 -16 -17 -18 -19 -20 21 -22 -23 -24 -25 -26 26 27 -29 -30 -31
leaf_value=0.026927017979495284 1.1216487490936904 -0.39682885345181584 -0.15640373669935875 0.0018060917335268158 -0.87470148427134797 -0.1794572907778792 -0.27685301619906799 -0.21275170278144362 0.39082598925298284 -0.11231547097987052 -1.7844148673895441 0.21553671663072793 0.17482153486398755 0.3499601896318294 0.20258785394517798 0.19783729367291314 -0.085950915050827068 -0.62094639806748242 -0.042336228850491112 0.1822578845714046 -0.93469600455591828 0.23202918179670393 0.53406421735205967 -0.42662599933714029 -1.1063453377349237 1.8332006278612356 1.3963949055723479 1.2708262784884621 1.5848052200269742 -0.83508381116122521
leaf_weight=46 47 50 75 43 45 59 48 77 59 71 106 40 40 66 41 45 64 59 41 43 40 42 42 68 74 49 64 46 164 40
leaf_count=46 47 50 75 43 45 59 48 77 59 71 106 40 40 66 41 45 64 59 41 43 40 42 42 68 74 49 64 46 164 40
internal_value=0.000891862 -0.0108536 0.0359341 0.00789474 -0.0247112 -0.0146724 -0.026699 -0.0191057 0.0153244 0.00376884 -0.0329439 -0.00777778 0.0245968 0.0187831 0.00241379 -0.00576923 -0.0151376 -0.0390282 0.00185185 0.015625 -0.0423077 0.0229412 0.0314815 -0.0413793 -0.045 0.0454054 0.046904 0.0427273 0.049061 -0.0493151
internal_weight=1794 1349 445 570 779 351 206 123 447 199 428 90 248 189 145 104 109 319 81 128 260 85 108 116 220 370 323 110 213 146
internal_count=1794 1349 445 570 779 351 206 123 447 199 428 90 248 189 145 104 109 319 81 128 260 85 108 116 220 370 323 110 213 146
cat_boundaries=0 1 2 3
cat_threshold=22 2 2
is_linear=0
shrinkage=0.05


Tree=10
num_leaves=31
num_cat=2
split_feature=2 12 15 46 60 12 59 15 12 11 29 3 12 12 12 12 18 35 11 41 15 28 17 33 56 61 18 15 38 8
split_gain=266.888 120.541 69.033 57.7308 31.7777 21.3477 17.0645 17.0144 18.3296 16.5326 23.165 14.4445 14.2567 15.5264 12.9593 11.9596 10.8561 8.46581 7.68627 6.38324 6.31279 6.07519 4.40205 4.07296 3.72881 3.03738 2.46933 1.33413 0.665815 0.0812207
threshold=0 33.985000000000007 0.59833869063138645 1 2778.5950000000007 47.570000000000007 4211.5900000000011 0.20912619465459079 24.650000000000002 169.12500000000003 20.325000000000049 3.5000000000000004 22.005000000000006 28.485000000000003 77.02000000000001 62.945000000000007 225.00000000000003 1.0000000180025095e-35 85.940000000000012 0.56628597568726458 0.30029308806135641 -64.005000000000209 3925.0000000000005 0.0020212370899549506 125.50000000000001 4866.2250000000013 39.99999999999978 0.45579406525449945 -64.389262131272218 4632.0000000000009
decision_type=9 2 2 1 2 2 2 2 2 2 2 2 2 2 2 2 2 2 2 2 2 2 2 2 2 2 2 2 2 2
left_child=1 3 23 6 5 17 -1 8 19 10 18 -4 -9 21 15 16 -7 20 -6 -5 -3 -14 -11 -2 -15 28 -24 -17 -25 -30
right_child=2 4 11 7 9 14 -8 12 -10 22 -12 -13 13 24 -16 27 -18 -19 -20 -21 -22 -23 26 25 -26 -27 -28 -29 29 -31
leaf_value=-0.016189828889534193 1.025396951895075 -0.09166807602022671 0.33723970323613151 0.16353375881524365 -0.39560114549107694 -0.45342326779662034 -0.26261953214516626 0.4105599857759229 -0.10969969456985405 -0.48040189431431746 0.12012274005835905 -0.81942630567672303 0.19976840205600788 0.42481918828095977 0.075087354278297769 -0.947787418830913 0.018969424729885609 0.1732224579526985 -0.23083118486238244 0.0017157871468504783 0.0019949323001489327 -0.029496914937950081 -0.58407230263936483 1.4726493562041867 0.32725036632132631 1.1575994636097213 -2.2422243763814058 -0.49496406034025875 1.6803503761519367 1.5767514070545126
leaf_weight=62 45 47 40 64 51 77 62 69 57 41 44 43 44 66 45 48 42 62 51 49 53 43 41 40 43 55 142 42 173 40
leaf_count=62 45 47 40 64 51 77 62 69 57 41 44 43 44 66 45 48 42 62 51 49 53 43 41 40 43 55 142 42 173 40
internal_value=8.42223e-05 -0.0109594 0.0336323 0.00670841 -0.0236641 -0.0141827 -0.0233871 0.0152874 0.00294118 -0.0343243 -0.0212329 -0.00662651 0.0232075 0.0163265 -0.0232283 -0.0284689 -0.0180672 0 -0.0343137 0.0146018 -0.009 0.000574713 -0.0428571 0.044051 0.0288991 0.0461039 -0.0461749 -0.0422222 0.048419 0.0495305
internal_weight=1781 1345 436 559 786 416 124 435 170 370 146 83 265 196 254 209 119 162 102 113 100 87 224 353 109 308 183 90 253 213
internal_count=1781 1345 436 559 786 416 124 435 170 370 146 83 265 196 254 209 119 162 102 113 100 87 224 353 109 308 183 90 253 213
cat_boundaries=0 1 2
cat_threshold=22 2
is_linear=0
shrinkage=0.05


Tree=11
num_leaves=31
num_cat=4
split_feature=2 46 15 15 11 29 58 11 11 30 58 12 43 47 53 30 50 12 9 33 57 9 46 11 11 48 8 9 10 4
split_gain=250.125 118.424 59.3807 40.379 36.6948 36.0413 25.6099 21.8316 12.3843 11.4054 11.2583 19.177 11.2032 8.47887 7.223 6.23109 6.08845 7.28632 14.2515 5.33634 3.84952 3.54074 3.74664 2.87339 1.28441 5.47911 1.0386 0.810045 0.809877 0.0512195
threshold=0 1 0.61258877409407131 0.38412257130162858 144.81000000000003 15.990000000000011 1086.3600000000004 155.92500000000004 114.70000000000002 71.710000000000278 2681.0000000000005 76.560000000000016 0.032180323220867557 1.0000000180025095e-35 1.0000000180025095e-35 104.70500000000017 2 29.705000000000002 174.52000000000001 0.0023129447863819504 140.23500000000004 325.41000000000003 3 85.940000000000012 151.42000000000004 1.0000000180025095e-35 4044.0000000000005 163.94000000000003 4736.3150000000014 0.53571428571428581
decision_type=9 1 2 2 2 2 2 2 2 2 2 2 2 2 2 2 1 2 2 2 2 2 1 2 2 2 2 2 2 2
left_child=1 3 19 7 5 6 -3 15 12 13 11 14 -7 -9 -6 16 20 18 -18 -2 -1 22 -12 28 27 -26 -23 -21 -8 -27
right_child=2 4 -4 -5 10 8 23 9 -10 -11 21 -13 -14 -15 -16 -17 17 -19 -20 24 -22 26 -24 -25 25 29 -28 -29 -30 -31
leaf_value=-0.026931062555769027 1.0142964640442522 -0.0072330438223338518 -0.10761223458055467 -0.31426692429555358 -0.30728827853370339 0.35933289224551557 -0.30165861737469402 -0.059245163418053061 -0.12317531479726296 -0.14275613878473323 -0.57757080002675998 0.07663075104354676 0.0026453126122853703 0.22197516657509744 -1.1454250451908248 0.30446757577764472 0.35872432028588852 0.62000601258867749 0.042631988775945033 1.1674247157777426 0.14548237989932389 -2.3921227071994089 -0.49061894314264531 -0.21928962561926332 1.5177796645182082 1.9051624200399222 -2.9631362769428278 1.2335548703869164 -0.26844710145913042 1.9358292279095757
leaf_weight=61 55 65 77 57 58 47 41 70 76 43 61 49 44 68 52 50 42 49 79 55 40 40 67 43 43 42 74 126 40 40
leaf_count=61 55 65 77 57 58 47 41 70 76 43 61 49 44 68 52 50 42 49 79 55 40 40 67 43 43 42 74 126 40 40
internal_value=0.000969213 -0.00995475 0.0332589 0.00742397 -0.0229194 -0.011236 -0.0261905 0.0119522 0.00568862 -0.0019337 -0.0332918 -0.022956 0.0181319 0.00507246 -0.0345455 0.0197819 0.0167897 0.0222222 0.0169421 0.0425208 0.00495495 -0.0400826 -0.034375 -0.0395161 0.045098 0.0412 -0.0464912 0.0477901 -0.0450617 0.0487805
internal_weight=1754 1316 438 559 757 356 189 502 167 181 401 159 91 138 110 321 271 170 121 361 101 242 128 124 306 125 114 181 81 82
internal_count=1754 1316 438 559 757 356 189 502 167 181 401 159 91 138 110 321 271 170 121 361 101 242 128 124 306 125 114 181 81 82
cat_boundaries=0 1 2 3 4
cat_threshold=22 4 952640 1
is_linear=0
shrinkage=0.05


Tree=12
num_leaves=31
num_cat=2
split_feature=2 46 19 28 47 11 11 29 48 29 44 47 59 57 13 19 3 32 11 47 59 30 13 13 61 57 58 30 37 61
split_gain=247.705 110.337 35.4154 33.1522 24.2587 22.7649 18.2217 16.5632 22.1775 15.2798 14.8523 12.9984 13.0762 9.59826 9.37799 9.32241 7.34034 6.58837 11.8236 6.24921 6.95859 5.14706 4.58781 4.57316 2.77686 1.97853 1.50825 1.44105 1.02934 0.825343
threshold=0 1 975.00000000000011 -149.30000000000015 1.0000000180025095e-35 122.89000000000001 169.12500000000003 110.83999999999993 1.0000000180025095e-35 15.990000000000011 0.021259804930945456 1.0000000180025095e-35 3685.8500000000004 141.04000000000005 98.50500000000001 2915.0000000000005 1.5000000000000002 0.0018132666950580001 167.74500000000003 1.0000000180025095e-35 4369.6500000000005 -128.89499999999995 103.25000000000001 133.31000000000003 4671.9400000000005 133.93000000000004 4821.2500000000009 38.509999999999998 203.02557823129249 4963.4550000000008
decision_type=9 1 2 2 2 2 2 2 2 2 2 2 2 2 2 2 2 2 2 2 2 2 2 2 2 2 2 2 2 2
left_child=1 5 23 -2 6 19 9 26 -9 16 13 17 14 -11 -13 -8 -4 18 -7 20 25 29 -21 -3 28 -1 27 -5 -17 -18
right_child=3 2 4 7 -6 11 15 8 -10 10 -12 12 -14 -15 -16 24 21 -19 -20 22 -22 -23 -24 -25 -26 -27 -28 -29 -30 -31
leaf_value=0.23101860047811029 -0.38807443588431817 -0.09195638856514475 -0.31186911307188497 1.2408808642243452 0.069933191909720055 0.05728104010875841 -0.60284207446364657 -0.057027870333826773 1.8702735289016343 0.10417342470437659 -0.33647544136071528 0.13836861051731369 0.33255572658862781 -0.24832928525739867 -0.16006411855789407 -2.396527891494622 -0.34818619128297651 -0.28335802606563854 -0.20910555912215045 0.30133348465913851 -0.0051172187945085603 -0.28657568650595933 0.58345908454632711 0.20524029541909483 -0.4209735554142075 0.091393958441622666 1.508215689210104 0.84934056259009771 -0.71032886669994788 -0.22430584374298648
leaf_weight=58 46 43 49 193 49 51 45 49 45 59 61 55 40 61 40 126 46 61 60 48 45 59 45 40 48 62 53 40 40 41
leaf_count=58 46 43 49 193 49 51 45 49 45 59 61 55 40 61 40 126 46 61 60 48 45 59 45 40 48 62 53 40 40 41
internal_value=5.68828e-05 -0.0105812 -0.0230117 0.0327982 -0.0267544 0.00610619 -0.0293701 0.0384211 0.0202128 -0.0223404 -0.0118785 -0.00309446 0.00851852 -0.00166667 -0.00157895 -0.0395753 -0.0320513 -0.0122093 -0.00495495 0.0170543 0.0112121 -0.0376712 0.0274194 0.00783133 -0.0439252 0.0175 0.0444056 0.0461373 -0.046988 -0.0454023
internal_weight=1758 1332 767 426 684 565 635 380 94 376 181 307 135 120 95 259 195 172 111 258 165 146 93 83 214 120 286 233 166 87
internal_count=1758 1332 767 426 684 565 635 380 94 376 181 307 135 120 95 259 195 172 111 258 165 146 93 83 214 120 286 233 166 87
cat_boundaries=0 1 2
cat_threshold=22 4
is_linear=0
shrinkage=0.05


Tree=13
num_leaves=31
num_cat=3
split_feature=2 12 12 9 46 12 59 19 46 12 32 19 12 13 11 12 11 12 12 11 10 31 28 12 59 59 44 31 9 9
split_gain=229.705 125.243 41.8172 65.9226 38.5565 28.3021 24.2058 19.8552 18.2605 16.3347 14.9426 14.857 13.6419 13.0432 8.51086 9.29873 8.28868 6.89465 6.09939 5.77588 12.8629 5.52741 9.97884 5.10741 3.39715 3.39231 2.84026 2.77315 2.64497 1.07107
threshold=0 33.985000000000007 100.75000000000001 258.89000000000004 1 51.550000000000004 3664.8000000000006 1455.0000000000002 2 21.320000000000004 0.0034196215295415502 2925.0000000000005 16.115000000000006 108.11500000000002 167.74500000000003 28.485000000000003 164.06000000000003 38.195000000000007 27.885000000000002 235.32000000000002 4643.0150000000003 0.0024007857401971001 -73.444999999999808 42.230000000000011 4346.2500000000009 4138.7450000000008 0.013348085085031052 0.45211160813463164 285.26000000000005 399.91500000000002
decision_type=9 2 2 2 1 2 2 2 1 2 2 2 2 2 2 2 2 2 2 2 2 2 2 2 2 2 2 2 2 2
left_child=1 4 21 -4 6 8 -1 16 11 12 14 -3 -6 23 15 -11 -7 -13 -12 20 28 22 -2 -10 -23 -14 -8 -5 -9 -21
right_child=2 5 3 27 9 7 26 19 13 10 18 17 25 -15 -16 -17 -18 -19 -20 29 -22 24 -24 -25 -26 -27 -28 -29 -30 -31
leaf_value=0.040266233062287361 1.0738176821288761 -0.076623645657629968 -0.7536706568696433 1.9231557238637145 0.035091785512951335 -0.60037298900647851 -0.17358980916578021 -0.77026887478678729 0.010262247820204641 -0.0401454965696348 0.063202462547655269 -0.31934705958793891 0.31622002333200822 0.1686377990381504 -0.19650126704523707 0.27763915413511359 0.07563309584940546 -0.14593076169174554 0.38455801070528317 -2.587372419104665 -0.10800937659149833 1.428067926262127 0.63193526153046087 -0.24890648031290652 0.84437506048770195 0.28396295100500152 -0.20635842214596367 0.55652992151430891 -0.56851173884319539 -2.8108548756010516
leaf_weight=44 48 79 45 47 40 62 40 109 55 65 49 56 72 45 44 66 40 61 59 81 40 179 50 43 41 45 44 42 49 40
leaf_count=44 48 79 45 47 40 62 40 109 55 65 49 56 72 45 44 66 40 61 59 81 40 179 50 43 41 45 44 42 49 40
internal_value=0.000561798 -0.00994021 0.0309524 0.00820896 0.00774648 -0.0232895 -0.0164063 -0.0319477 -0.0125369 0.0147727 0.00759717 -0.022449 0.027707 0.00104895 -0.00142857 0.00496183 -0.0127451 -0.0337607 0.0222222 -0.0380878 -0.0328283 0.0415094 0.0316327 -0.00918367 0.0459091 0.0363248 -0.0321429 0.0331461 -0.0392405 -0.0466942
internal_weight=1780 1328 452 134 568 760 128 421 339 440 283 196 157 143 175 131 102 117 108 319 198 318 98 98 220 117 84 89 158 121
internal_count=1780 1328 452 134 568 760 128 421 339 440 283 196 157 143 175 131 102 117 108 319 198 318 98 98 220 117 84 89 158 121
cat_boundaries=0 1 2 3
cat_threshold=22 2 2
is_linear=0
shrinkage=0.05


Tree=14
num_leaves=31
num_cat=2
split_feature=46 11 28 45 12 60 15 28 15 11 44 12 48 28 30 13 43 14 57 39 42 11 15 13 25 37 59 11 38 60
split_gain=149.372 161.215 64.3801 41.7887 24.5599 27.9297 23.4122 19.5292 19.489 16.3983 12.4025 12.2235 21.508 15.1979 12.0912 11.1456 15.9711 10.2071 8.65769 8.04336 6.52146 6.48761 6.36627 5.774 4.93234 4.34525 3.20483 3.2 2.78192 2.3505
threshold=0 243.35000000000002 -129.845 1 51.750000000000007 3201.0800000000004 0.38412257130162858 -103.07999999999991 0.33129914763462659 122.89000000000001 0.029971783327305903 51.295000000000009 1.0000000180025095e-35 -74.570000000000149 -1.6650000000000771 36.735000000000007 0.041755574808788602 93.945000000000007 161.91000000000005 -41.149029610678248 0.99983948713931425 85.200000000000003 0.56506958962446785 98.980000000000018 395.00000000000006 44.276451247165376 4366.795000000001 115.69000000000001 -35.122882172530758 2073.6100000000001
decision_type=1 2 2 1 2 2 2 2 2 2 2 2 2 2 2 2 2 2 2 2 2 2 2 2 2 2 2 2 2 2
left_child=7 2 4 11 5 24 9 19 -9 17 23 26 13 -13 21 -6 -17 20 28 29 -5 -10 -14 -11 25 -2 -4 -23 -19 -1
right_child=1 -3 3 6 15 -7 -8 8 14 10 -12 12 22 -15 -16 16 -18 18 -20 -21 -22 27 -24 -25 -26 -27 -28 -29 -30 -31
leaf_value=-0.43444142839866756 0.0056865691774036116 -2.556271503128567 1.3438630574827652 0.27900556869341059 -0.79243713814054095 0.44320068811097485 -0.14525168369591876 0.01636749098272584 -0.27389322834169766 0.12591415141573009 -0.16283140548819808 1.08158176133091 0.89939319182557387 -0.056243471371622313 -0.07279246337474847 0.11026290377196833 -0.59518917771263014 0.42519828019200001 0.11371188473360566 -0.51157224037110749 -0.042311742012068679 -0.06060955850180845 1.933077918279863 -0.019848498076606158 0.1202365240247274 -0.18882521781378109 0.77635772417230908 -0.73762545504529153 0.21042881181478457 -0.39250248987481878
leaf_weight=49 41 114 134 41 42 66 43 77 74 58 40 50 41 66 71 57 48 68 41 53 44 40 77 43 42 54 54 40 40 100
leaf_count=49 41 114 134 41 42 66 43 77 74 58 40 50 41 66 71 57 48 68 41 53 44 40 77 43 42 54 54 40 40 100
internal_value=0.000497788 0.00943252 0.0148739 0.022381 -0.00314286 0.00812808 0.0102804 -0.022619 -0.0145695 0.0145333 0.00106383 0.0333333 0.0264957 0.0112069 -0.022 -0.0187075 -0.01 0.0226496 0.0305369 -0.0346535 0.00882353 -0.0298701 0.0415254 0.010396 -0.00474453 -0.0110526 0.043617 -0.02 0.037963 -0.040604
internal_weight=1808 1304 1190 840 350 203 418 504 302 375 141 422 234 116 225 147 105 234 149 202 85 154 118 101 137 95 188 80 108 149
internal_count=1808 1304 1190 840 350 203 418 504 302 375 141 422 234 116 225 147 105 234 149 202 85 154 118 101 137 95 188 80 108 149
cat_boundaries=0 1 2
cat_threshold=2 1
is_linear=0
shrinkage=0.05


Tree=15
num_leaves=31
num_cat=2
split_feature=2 12 46 12 48 16 61 7 17 47 18 29 11 22 24 24 21 11 42 58 30 41 10 13 12 10 9 9 44 44
split_gain=224.701 107.362 54.0826 39.0549 67.7646 22.5795 18.7182 11.9577 12.3324 14.0167 10.1329 9.58279 7.47379 10.9941 7.42104 7.50517 7.97867 6.8339 6.91429 6.44983 7.75679 6.35185 6.19742 6.4311 5.42807 2.09096 1.96841 1.13906 0.982581 0.295425
threshold=0 47.82500000000001 1 100.75000000000001 1.0000000180025095e-35 1895.0000000000002 4436.920000000001 5921.3378684807258 1975.0000000000002 1.0000000180025095e-35 405.00000000000006 11.254999999999884 243.35000000000002 4315.0000000000009 89.999999999999901 185.00000000000003 265.00000000000006 118.19000000000001 0.9885388562315417 2474.0000000000005 -143.43499999999946 0.81591748088021554 5049.545000000001 36.735000000000007 52.775000000000006 4574.0700000000006 285.26000000000005 163.94000000000003 0.022375297872789253 0.0041774381573656512
decision_type=9 2 1 2 2 2 2 2 2 2 2 2 2 2 2 2 2 2 2 2 2 2 2 2 2 2 2 2 2 2
left_child=1 2 6 22 -5 10 17 8 -4 19 -3 -8 13 24 -9 -16 -17 18 -1 -10 -21 -11 27 -24 -7 -14 28 -2 -26 -29
right_child=3 5 7 4 -6 12 11 14 9 21 -12 -13 25 -15 15 16 -18 -19 -20 20 -22 -23 23 -25 26 -27 -28 29 -30 -31
leaf_value=0.1151023390278289 0.99898333635704517 -0.55657759584220645 -0.0097831117690939089 -0.32699175284635951 1.9890273340526052 -0.30755425064753716 -0.35869702795857061 0.20133634800593067 0.20968101888160398 0.39524184202739154 0.036673351227070584 -0.10485200816434759 -2.4830320508722656 -0.11809815692017232 -0.18767552355634098 0.20052696644109835 -0.051666963860172548 -0.26772332297200468 -0.085123246949512343 0.17932544295662978 -0.033643935143888352 0.22535488144817706 0.86501362826932116 0.79087298802766437 -0.63461170679469914 -2.3726502300816534 -0.57472064866553685 1.369105121079718 -0.69679531068944733 1.2740453757201955
leaf_weight=42 50 55 59 67 61 42 73 64 61 72 73 56 40 44 53 45 48 72 63 40 58 54 63 62 53 86 41 40 41 113
leaf_count=42 50 55 59 67 61 42 73 64 61 72 73 56 40 44 53 45 48 72 63 40 58 54 63 62 53 86 41 40 41 113
internal_value=0.00142379 -0.00895911 0.00151163 0.0313305 0.00859375 -0.0281053 -0.0153595 0.0108303 0.0165698 0.0208772 -0.0101563 -0.029845 -0.0347262 -0.0291855 0.00142857 -0.00479452 0.00376344 -0.00480226 0.00333333 0.0110063 0.00306122 0.0333333 0.0411585 0.0324 -0.0347458 -0.0444444 -0.0396296 0.0465517 -0.043617 0.0486928
internal_weight=1791 1335 860 456 128 475 306 554 344 285 128 129 347 221 210 146 93 177 105 159 98 126 328 125 177 126 135 203 94 153
internal_count=1791 1335 860 456 128 475 306 554 344 285 128 129 347 221 210 146 93 177 105 159 98 126 328 125 177 126 135 203 94 153
cat_boundaries=0 1 2
cat_threshold=22 2
is_linear=0
shrinkage=0.05


end of trees

feature_importances:
base_ovl=81
base_pre=34
base_ovl_ratio=34
voicing_class=25
base_pre_to_expected_ms=17
alias_type=15
base_cons=15
base_cons_gap=14
base_offset_to_expected_ms=12
next_base_offset=12
base_cut_gap=11
prev_base_cutoff_abs=11
prev_base_offset=10
spectral_flux_mean=9
curr_phone_len_ms=8
syllable_len_ms=8
base_cutoff_to_next_anchor_ms=8
energy_slope_pre=8
prev_base_pre=8
next_base_cutoff_abs=8
base_offset=7
base_cutoff_abs=6
curr_vowel_start_ms=6
energy_max=6
energy_slope_post=6
db_min=6
is_tense=6
is_diphthong=6
next_base_pre=6
wav_duration_ms=5
curr_phone_start_ms=5
row_index_in_wav=4
row_ratio_in_wav=4
curr_vowel_end_ms=4
syllable_start_ms=4
energy_mean=4
energy_min=4
db_mean=4
zcr_mean=4
curr_phone_end_ms=3
valley_dist_from_cutoff_ms=3
f0_voicing_near_pre=3
onset_class=3
syllable_end_ms=2
f0_voicing_mean=2
vowel_class=2
curr_vowel_len_ms=1
prev_phone_gap_ms=1
valley_energy=1
is_nasal_or_sonorant=1

parameters:
[boosting: gbdt]
[objective: regression_l1]
[metric: l1]
[tree_learner: serial]
[device_type: cpu]
[data_sample_strategy: bagging]
[data: ]
[valid: ]
[num_iterations: 500]
[learning_rate: 0.05]
[num_leaves: 31]
[num_threads: 0]
[seed: 0]
[deterministic: 0]
[force_col_wise: 0]
[force_row_wise: 0]
[histogram_pool_size: -1]
[max_depth: -1]
[min_data_in_leaf: 40]
[min_sum_hessian_in_leaf: 0.001]
[bagging_fraction: 0.85]
[pos_bagging_fraction: 1]
[neg_bagging_fraction: 1]
[bagging_freq: 1]
[bagging_seed: 3]
[bagging_by_query: 0]
[feature_fraction: 0.85]
[feature_fraction_bynode: 1]
[feature_fraction_seed: 2]
[extra_trees: 0]
[extra_seed: 6]
[early_stopping_round: 0]
[early_stopping_min_delta: 0]
[first_metric_only: 0]
[max_delta_step: 0]
[lambda_l1: 0]
[lambda_l2: 0]
[linear_lambda: 0]
[min_gain_to_split: 0]
[drop_rate: 0.1]
[max_drop: 50]
[skip_drop: 0.5]
[xgboost_dart_mode: 0]
[uniform_drop: 0]
[drop_seed: 4]
[top_rate: 0.2]
[other_rate: 0.1]
[min_data_per_group: 100]
[max_cat_threshold: 32]
[cat_l2: 10]
[cat_smooth: 10]
[max_cat_to_onehot: 4]
[top_k: 20]
[monotone_constraints: ]
[monotone_constraints_method: basic]
[monotone_penalty: 0]
[feature_contri: ]
[forcedsplits_filename: ]
[refit_decay_rate: 0.9]
[cegb_tradeoff: 1]
[cegb_penalty_split: 0]
[cegb_penalty_feature_lazy: ]
[cegb_penalty_feature_coupled: ]
[path_smooth: 0]
[interaction_constraints: ]
[verbosity: -1]
[saved_feature_importance_type: 0]
[use_quantized_grad: 0]
[num_grad_quant_bins: 4]
[quant_train_renew_leaf: 0]
[stochastic_rounding: 1]
[linear_tree: 0]
[max_bin: 255]
[max_bin_by_feature: ]
[min_data_in_bin: 3]
[bin_construct_sample_cnt: 200000]
[data_random_seed: 1]
[is_enable_sparse: 1]
[enable_bundle: 1]
[use_missing: 1]
[zero_as_missing: 0]
[feature_pre_filter: 1]
[pre_partition: 0]
[two_round: 0]
[header: 0]
[label_column: ]
[weight_column: ]
[group_column: ]
[ignore_column: ]
[categorical_feature: 0,1,2,45,46,49,50,51,52,54,55]
[forcedbins_filename: ]
[precise_float_parser: 0]
[parser_config_file: ]
[objective_seed: 5]
[num_class: 1]
[is_unbalance: 0]
[scale_pos_weight: 1]
[sigmoid: 1]
[boost_from_average: 1]
[reg_sqrt: 0]
[alpha: 0.9]
[fair_c: 1]
[poisson_max_delta_step: 0.7]
[tweedie_variance_power: 1.5]
[lambdarank_truncation_level: 30]
[lambdarank_norm: 1]
[label_gain: ]
[lambdarank_position_bias_regularization: 0]
[eval_at: ]
[multi_error_top_k: 1]
[auc_mu_weights: ]
[num_machines: 1]
[local_listen_port: 12400]
[time_out: 120]
[machine_list_filename: ]
[machines: ]
[gpu_platform_id: -1]
[gpu_device_id: -1]
[gpu_use_dp: 0]
[num_gpu: 1]

end of parameters

pandas_categorical:[["korean"], ["cvvc"], ["br", "cv", "cv_head", "vc", "vcv", "vv"], ["other", "plosive", "sibilant", "sonorant"], ["unknown", "voiced", "voiceless"], ["liquid", "nasal", "none", "other", "stop"], ["", "a", "ae", "e", "eo", "eu", "eui", "i", "o", "oe", "u", "wa", "we", "weo", "wi", "ya", "ye", "yeo", "yo", "yu"], ["head", "mid", "tail"], ["", "vc", "vcv", "vv"], ["", "br", "cv", "cv_head", "vc", "vcv", "vv"], [""]]
