tree
version=v4
num_class=1
num_tree_per_iteration=1
label_index=0
max_feature_idx=74
objective=regression_l1
feature_names=language format_type alias_type alias_group row_index_in_wav row_ratio_in_wav is_head_row is_tail_row wav_duration_ms base_offset base_cons base_cutoff_abs base_pre base_ovl base_cons_gap base_cut_gap base_ovl_ratio curr_phone_start_ms curr_phone_end_ms curr_phone_len_ms curr_vowel_start_ms curr_vowel_end_ms curr_vowel_len_ms syllable_start_ms syllable_end_ms syllable_len_ms prev_phone_gap_ms next_phone_gap_ms expected_anchor_ms base_offset_to_expected_ms base_pre_to_expected_ms base_cutoff_to_next_anchor_ms energy_mean energy_min energy_max energy_slope_pre energy_slope_post valley_energy valley_dist_from_cutoff_ms db_mean db_min db_silence_ratio f0_voicing_mean f0_voicing_near_pre zcr_mean spectral_flux_mean onset_class voicing_class is_tense is_diphthong coda_type vowel_class mora_position bridge_type is_nasal_or_sonorant prev_alias_type next_alias_type prev_base_pre next_base_pre prev_base_offset next_base_offset prev_base_cutoff_abs next_base_cutoff_abs mapping_confidence used_alias_occurrence_mapping used_exact_vowel_fix used_nuclei_fallback used_alias_based_syllables words_vs_alias_score_margin jump_blocked_flag mapping_reason_code local_peak_db local_valley_db mel_window_energy_mean mel_window_silence_ratio
feature_infos=none none -1:4:2:5:1:3 -1:10:4:2:5:3:11:9:7:1:6:8 [0:13] [0:1] [0:1] [0:1] [749.93197278911566:7561.8140589569157] [0:4875.8900000000003] [67.510000000000005:614.03999999999996] [255.77000000000001:5213.3299999999999] [41.189999999999998:327.89999999999998] [4.46:304.54000000000002] [0.60999999999998522:530.67999999999995] [0.069999999999993096:387.83999999999997] [0.042290915987104098:1] [0:5040] [0:6061.9500000000007] [0:4020] [0:5040] [0:6061.9500000000007] [0:4020] [0:5040] [0:6061.9500000000007] [0:4020] [0:1980] [0:1910] [0:5040] [-335.90000000000009:72.629999999999995] [-49.400000000000091:317] [-858.76999999999998:3794.1199999999999] [0.021392072953963899:1] [0:1] [0.073392102468232995:1] [-0.77549541927005694:1] [-0.89562368234226297:0.99524839586807101] [0:1] [-2.9927664399092464:515.55145124716546] [-54.194124498316363:-7.4346722733882658] [-89.053996984011633:-9.2767601920600615] [0:1] [0:1] [0:1] [0.0073717039977316996:0.50346666666666662] [0:0.085932324382069505] -1:2:0:3:1 -1:2:1:0 none none none -1:2:5:1:3:6:4 -1:1:0:2 -1:2:0:3 [0:1] -1:4:0:2:5:3 none [0:329.01999999999998] [0:356.66000000000003] [0:4813.6199999999999] [0:5777.3000000000002] [0:5135.7700000000004] [0:6049.9499999999998] [0.60002642292625752:1] [0:1] [0:1] none none [-29.34699999999998:2783.0080000000003] none none [-54.194124498316363:-7.4346722733882658] [-89.053996984011633:-9.2767601920600615] [0.021392072953963899:1] [0:1]
tree_sizes=3222 3342 3341 3359 3334 3338 3342 3331 3321 3342 3342 3332 3359 3378

Tree=0
num_leaves=31
num_cat=0
split_feature=8 74 62 39 15 28 15 8 15 8 22 25 8 22 8 38 15 15 22 22 15 22 40 73 30 44 13 8 44 22
split_gain=1251.63 398.555 336.848 238.938 190.71 149.72 130.136 90.2624 87.5834 78.3936 70.4398 89.3329 59.9435 48.9807 65.5349 47.3512 39.9005 39.793 37.9696 36.6872 34.7884 34.2697 30.6858 28.3567 28.0003 26.6496 24.9323 24.0042 23.5513 24.4521
threshold=3968.3900226757373 0.018693221523410155 892.72000000000014 -23.020394625945325 80.455000000000027 675.00000000000011 42.960000000000001 5405.7596371882091 62.514999999999993 3739.3650793650795 380.0000000000004 285.00000000000006 5530.7482993197291 409.99999999999994 5405.7596371882091 244.61558956916105 137.02500000000003 96.04500000000003 410.00000000000017 399.99999999999994 57.995000000000012 360.00000000000017 -56.141520555788603 0.70924950540618326 -3.8899999999998722 0.052007749952003808 121.15500000000002 5530.7482993197291 0.13992061241848594 225.00000000000003
decision_type=2 2 2 2 2 2 2 2 2 2 2 2 2 2 2 2 2 2 2 2 2 2 2 2 2 2 2 2 2 2
left_child=2 3 17 4 10 -5 -4 18 -7 -8 11 -2 -9 28 -15 24 22 -1 -6 20 23 -13 -3 -11 -14 -17 -12 -16 29 -10
right_child=1 16 6 5 7 8 9 12 13 19 26 21 15 14 27 25 -18 -19 -20 -21 -22 -23 -24 -25 -26 -27 -28 -29 -30 -31
leaf_value=132.70554885864257 130.20914916992189 128.44239883422853 129.87689895629882 132.43369903564454 126.90599899291992 128.27889862060547 127.95834884643554 124.71534881591796 125.96664886474609 127.61769866943359 127.75664901733398 126.75794906616211 127.83354873657227 128.55734863281251 124.31859893798828 126.175048828125 120.65219895630143 120.65154895628802 129.34614868164061 125.18579902648926 124.2223991394043 127.61289901733399 131.60399932861327 125.68904876708984 126.84549903869629 127.8046989440918 128.39014892578126 127.00654907226563 127.01404876708985 124.16629905700684
leaf_weight=168.90000200271606 189.10000190138817 240.60000094771385 52.30000039935112 114.29999819397926 119.60000044107437 166.90000116825104 56.000000208616257 168.80000054836273 93.70000034570694 35.900000423192978 207.80000081658363 268.50000348687172 95.700001001358032 145.10000079870224 172.10000115633011 90.099999308586121 18.800000011920929 17.300000101327896 169.09999990463257 152.90000087022781 1454.0000157654285 167.40000236034393 790.90000706911087 121.70000129938126 112.30000004172325 29.299999922513962 647.60000964999199 64.800000250339508 46.500000447034836 422.20000419020653
leaf_count=405 442 513 118 168 254 373 119 356 199 86 443 654 225 317 383 157 38 38 335 335 3437 414 1819 287 226 56 1619 138 108 985
internal_value=127.002 127.016 126.969 127.008 127.018 126.99 126.963 126.998 126.985 126.961 127.028 127.016 126.985 126.979 126.993 126.997 127.043 127.033 127.02 126.959 126.957 127.003 127.045 126.979 127.012 126.972 127.038 126.977 126.97 126.966
internal_weight=6600.2 4541.2 2059 3490.9 2265.3 1225.6 1872.8 784.9 1111.3 1820.5 1480.4 625 496.2 944.4 382 327.4 1050.3 186.2 288.7 1764.5 1611.6 435.9 1031.5 157.6 208 119.4 855.4 236.9 562.4 515.9
internal_count=15047 10222 4825 7852 5181 2671 4382 1609 2503 4264 3572 1510 1020 2130 838 664 2370 443 589 4145 3810 1068 2332 373 451 213 2062 521 1292 1184
is_linear=0
shrinkage=1


Tree=1
num_leaves=31
num_cat=1
split_feature=8 60 41 39 15 11 15 8 8 15 22 22 22 8 8 16 42 40 22 10 22 15 22 53 8 8 10 14 42 29
split_gain=1257.06 377.328 365.743 210.67 186.109 132.859 114.006 89.4614 76.6043 65.3302 60.6237 85.2329 49.6733 61.4637 44.6906 52.1931 46.423 38.7879 36.2109 33.74 33.4005 31.0895 30.9483 24.812 21.1361 41.7257 21.014 19.514 19.1815 18.9018
threshold=3968.3900226757373 669.94000000000017 0.016397849462365551 -22.575643811126017 81.065000000000012 1122.5300000000002 42.960000000000001 5405.7596371882091 3739.3650793650795 54.495000000000026 380.0000000000004 225.00000000000003 409.99999999999994 5405.7596371882091 5530.7482993197291 0.84754286267821277 0.92374763107586844 -57.904521653056044 350.00000000000017 248.21500000000003 410.00000000000017 57.995000000000012 409.99999999999994 0 5093.287981859411 5530.7482993197291 233.10500000000005 125.01000000000001 0.84939296694228505 -84.395000000000024
decision_type=2 2 2 2 2 2 2 2 2 2 2 2 2 2 2 2 2 2 2 2 2 2 2 9 2 2 2 2 2 2
left_child=1 23 3 4 10 -5 -3 20 -8 27 11 -2 -11 -14 -9 16 -16 29 28 24 -6 -10 -23 -1 -12 -26 -25 -7 -13 -4
right_child=2 6 17 5 7 9 8 14 21 12 19 18 13 -15 15 -17 -18 -19 -20 -21 -22 22 -24 26 25 -27 -28 -29 -30 -31
leaf_value=6.2180230331420905 2.6396928405761715 2.5073551559448251 1.4871299362182613 4.7010651397705079 -0.091199913024902213 2.1330048370361325 0.90853244781494169 -2.1388172912597656 -0.91565246582031257 -2.2602150535583498 1.5410173416137696 0.18220218658447251 1.525832824707031 -1.7727799987792972 0.58737516403198242 0.69572280883789051 -0.66060256958007812 4.343650283813477 0.39855274200439439 1.308892211914062 2.3481924438476569 -2.6415200424194341 -1.8320400428771977 1.0679726791381838 -0.57708263397216797 0.6798173904418946 -5.6644274520874021 -1.4746447753906253 -0.58714748382568371 0.10802989959716741
leaf_weight=144.00000214576721 226.50000205636024 46.800000339746475 173.0000017285347 135.09999814629555 122.70000046491623 93.000001072883606 53.800000220537186 162.00000062584877 157.30000165104866 539.80000486969948 66.900000125169754 54.300000786781311 140.60000097751617 218.70000118017197 44.699999660253525 115.40000158548355 182.39999905228615 809.20000723004341 242.60000339150429 682.4000101685524 176.09999978542328 1465.1000159084797 113.80000075697899 37.999999850988388 64.600000649690628 67.800000071525574 18.500000208616257 19.499999731779099 131.60000169277191 74.599999099969864
leaf_count=360 522 105 404 208 261 222 115 345 370 1243 138 135 314 477 78 284 333 1861 599 1706 345 3464 253 71 151 138 44 30 320 119
internal_value=9.87722e-05 -0.0325357 0.014732 0.00692202 0.0155256 -0.0106349 -0.039645 -0.00397734 -0.0416592 -0.0168545 0.0257207 0.0141985 -0.0213491 -0.00694406 -0.0168186 -0.00658394 -0.0204976 0.0404996 0.00108518 0.0342804 0.0177041 -0.04348 -0.0455919 0.0325935 0.0161816 0.00460725 0.00451327 0.0190667 -0.0155191 0.0231826
internal_weight=6580.8 2037.3 4543.5 3486.7 2340 1146.7 1836.8 803.3 1790 1011.6 1536.7 655 899.1 359.3 504.5 342.5 227.1 1056.8 428.5 881.7 298.8 1736.2 1578.9 200.5 199.3 132.4 56.5 112.5 185.9 247.6
internal_count=15015 4782 10233 7849 5355 2494 4307 1646 4202 2286 3709 1576 2034 791 1040 695 411 2384 1054 2133 606 4087 3717 475 427 289 115 252 455 523
cat_boundaries=0 1
cat_threshold=4
is_linear=0
shrinkage=0.05


Tree=2
num_leaves=31
num_cat=0
split_feature=8 41 62 39 15 28 15 8 15 22 22 22 31 8 38 15 22 17 10 22 15 40 8 39 8 30 44 44 8 8
split_gain=1208.86 361.105 314.843 206.484 157.924 140.921 122.601 101.168 79.5627 77.9376 62.616 85.3529 51.4913 50.2988 46.7824 40.9181 37.9905 37.6838 34.8356 34.2388 28.4438 27.2562 26.6933 26.0048 24.1239 23.3924 23.1186 22.4493 20.3547 35.6604
threshold=3968.3900226757373 0.020620748299319706 892.72000000000014 -23.020394625945325 81.280000000000001 675.00000000000011 42.960000000000001 5405.7596371882091 54.495000000000026 399.99999999999994 380.0000000000004 225.00000000000003 253.96500000000006 5593.2426303854882 243.82088435374149 57.995000000000012 429.99999999999994 3875.0000000000005 247.17500000000004 350.00000000000017 98.325000000000003 -56.141520555788603 5405.7596371882091 -26.91971723632734 5593.2426303854882 -3.8899999999998722 0.14332293734051602 0.044371987524808608 4982.7777777777783 5530.7482993197291
decision_type=2 2 2 2 2 2 2 2 2 2 2 2 2 2 2 2 2 2 2 2 2 2 2 2 2 2 2 2 2 2
left_child=2 3 20 4 10 -5 -4 16 -7 15 11 -2 17 -9 25 -8 -6 24 28 -13 -1 -3 -14 -11 26 -15 -10 -16 -12 -30
right_child=1 21 6 5 7 8 9 13 12 23 18 19 22 14 27 -17 -18 -19 -20 -21 -22 -23 -24 -25 -26 -27 -28 -29 29 -31
leaf_value=5.0969717350006114 2.5258577651977534 1.3348239154815673 2.5680874042510995 4.7781616935729971 -0.030239999771117711 1.4144374237060546 -0.84480232238769526 -2.0303265151977534 -2.4725041360855102 2.1823120508193967 1.543266401290893 -0.30274021339416496 1.7856514701843254 0.75418675231933607 -0.74307231903076176 -2.4743438663482671 2.7140332489013677 0.48680893707275391 1.246947967529296 0.37087745475769085 -5.8283560773557985 4.0477675132751472 -0.70450591278076191 -1.4516879644393925 0.037352790832519391 -0.10159482955932618 0.11240825939178478 0.5801548957824707 -0.45165337562561092 0.65772685050964419
leaf_weight=167.30000206828117 223.60000199079514 229.90000107884407 52.700000405311584 123.79999804496765 130.70000040531158 124.50000089406967 167.50000184774399 181.10000053048134 649.60000458359718 32.20000034570694 51.099999934434891 183.20000237226486 89.300000548362732 90.700000882148743 93.699999272823334 1466.8000157773495 181.39999961853027 52.200000643730164 714.70001062750816 238.90000340342522 16.200000107288361 758.30000761151314 82.400000780820847 152.3000006377697 65.000000298023224 102.60000005364418 46.200000464916229 27.499999850988388 63.600000500679016 54.599999874830246
leaf_count=404 514 496 119 182 275 279 397 380 1453 76 100 446 197 211 163 3463 350 126 1786 592 36 1772 191 326 140 207 108 50 144 105
internal_value=-0.000117939 0.0142346 -0.0319562 0.00683117 0.0155643 -0.00972425 -0.0380844 -0.00232141 -0.0153714 -0.0402628 0.0250082 0.0131718 -0.020133 -0.016364 -0.00427663 -0.0437404 0.0199776 -0.0253875 0.0336538 -5.92277e-05 0.030545 0.0409836 0.00474665 -0.00945799 -0.0282072 0.0109933 -0.0309284 -0.0286304 0.0132605 0.00186125
internal_weight=6613.6 4558.6 2055 3570.4 2337.4 1233 1871.5 807.7 1109.2 1818.8 1529.7 645.7 984.7 495.6 314.5 1634.3 312.1 813 884 422.1 183.5 988.2 171.7 184.5 760.8 193.3 695.8 121.2 169.3 118.2
internal_count=15088 10267 4821 7999 5323 2676 4381 1636 2494 4262 3687 1552 2215 1011 631 3860 625 1827 2135 1038 440 2268 388 402 1701 418 1561 213 349 249
is_linear=0
shrinkage=0.05


Tree=3
num_leaves=31
num_cat=1
split_feature=8 41 60 40 11 15 38 15 62 8 31 55 32 8 19 19 19 40 19 42 8 25 8 16 38 33 63 29 38 19
split_gain=1188.46 344.718 308.76 205.879 154.831 138.207 118.663 106.941 87.459 71.0278 61.2493 47.5666 44.4831 40.8808 38.1138 60.6373 40.712 35.4629 33.5666 33.0986 36.694 42.4329 25.6188 24.9586 20.9875 26.5869 20.8679 20.0603 21.8948 18.9243
threshold=3968.3900226757373 0.016397849462365551 669.94000000000017 -37.167990053032888 685.07000000000016 60.160000000000004 236.20472789115664 57.085000000000001 4150.2050000000008 3739.3650793650795 211.86000000000038 0 0.70924950540618326 5593.2426303854882 395.00000000000006 275.00000000000006 360.00000000000017 -57.904521653056044 399.99999999999994 0.87377679821105481 5405.7596371882091 560.00000000000023 5405.7596371882091 0.81968020963931176 230.65005668934228 0.68234382515725633 0.85894690206854152 -82.629999999999981 237.21196145124716 409.99999999999994
decision_type=2 2 2 2 2 2 2 2 2 2 2 9 2 2 2 2 2 2 2 2 2 2 2 2 2 2 2 2 2 2
left_child=2 3 23 6 -5 -6 14 12 10 -9 13 29 -4 19 15 -2 -17 27 -11 -7 21 -21 -8 -1 25 -15 -24 -3 -29 -12
right_child=1 17 7 4 5 8 22 9 -10 18 11 -13 -14 24 -16 16 -18 -19 -20 20 -22 -23 26 -25 -26 -27 -28 28 -30 -31
leaf_value=-0.022027089786529078 1.7199770179748541 1.399032121562958 1.9977376289367677 5.2513724712371843 1.4622006668090806 -0.25296213831901543 0.68398816380500804 0.93569022364616439 0.7350030048370364 -2.3516768591880806 -0.34871660413742095 -1.1333290788173678 -0.77292963790893554 0.71647741470336967 1.1937009109497054 -0.30085317220687885 0.6111333256721494 3.8107294794082649 -1.6572033892154701 -1.7309445432662962 -2.4541507579326636 3.4734662254810327 -0.12901516437530489 5.6304227087974557 -0.47773506355285633 -1.2935152101516723 -1.452860329818725 2.1707375201225276 -1.375212797260285 0.84183403739929197
leaf_weight=54.699999988079071 340.30000379681587 173.60000169277191 67.000000685453415 155.49999755620956 266.40000173449516 134.90000149607658 84.099999308586121 47.400000125169754 163.70000219345093 1460.9000157117844 81.400001168251038 124.19999966025352 140.0000014603138 64.70000085234642 543.20000684261322 154.70000219345093 196.40000274777412 810.70000740885735 135.80000072717667 253.20000144839287 398.60000374913216 49.600000292062759 93.099999666213989 140.40000209212303 70.29999977350235 35.700000464916229 65.799998879432678 36.999999612569809 36.799999475479126 192.60000219941139
leaf_count=109 808 404 157 229 591 320 145 99 401 3449 202 237 329 158 1316 383 485 1870 296 555 923 109 175 351 133 87 94 61 56 459
internal_value=-0.000192463 0.0141025 -0.0318151 0.00648137 -0.00401346 -0.00807225 0.0206213 -0.0381206 -0.0137262 -0.0423849 -0.0177555 -0.0011552 -0.00425121 -0.0243198 0.0269075 0.0191206 0.00454287 0.0390842 -0.0441755 -0.0288712 -0.0332335 -0.0201123 -0.0113169 0.0280113 -0.00202109 0.0126494 -0.0231278 0.0225141 0.000677507 0.010493
internal_weight=6572.7 4526.5 2046.2 3468.4 1990.8 1835.3 1477.6 1851.1 1568.9 1644.1 1405.2 398.2 207 1007 1234.6 691.4 351.1 1058.1 1596.7 836.3 701.4 302.8 243 195.1 170.7 100.4 158.9 247.4 73.8 274
internal_count=14991 10201 4790 7810 4404 4175 3406 4330 3584 3844 3183 898 486 2285 2992 1676 868 2391 3745 1907 1587 664 414 460 378 245 269 521 117 661
cat_boundaries=0 1
cat_threshold=28
is_linear=0
shrinkage=0.05


Tree=4
num_leaves=31
num_cat=1
split_feature=8 41 60 72 11 38 15 15 22 55 22 22 22 73 8 15 22 8 22 16 8 8 15 44 8 63 33 8 8 22
split_gain=1150.4 343.195 293.326 172.375 159.947 123.172 109.242 100.133 87.3116 99.7327 72.2808 66.4231 78.6751 45.2819 43.0553 35.2208 30.5938 28.8026 27.9332 27.7049 26.6162 61.7788 24.6281 24.5361 25.8704 22.2069 19.8479 19.79 37.0376 18.9121
threshold=3968.3900226757373 0.020204081632653054 669.94000000000017 -34.884530497355904 685.07000000000016 231.55078231292501 62.514999999999993 57.995000000000012 409.99999999999994 0 380.0000000000004 380.0000000000004 264.99999999999994 0.73853497419748526 5405.7596371882091 115.13499999999999 429.99999999999994 3739.3650793650795 350.00000000000017 0.81968020963931176 5593.2426303854882 5405.7596371882091 99.50500000000001 0.14332293734051602 5593.2426303854882 0.8544468736137294 0.12341976727151648 5405.7596371882091 5530.7482993197291 419.99999999999994
decision_type=2 2 2 2 2 2 2 2 2 9 2 2 2 2 2 2 2 2 2 2 2 2 2 2 2 2 2 2 2 2
left_child=2 3 19 5 -5 11 -6 13 23 22 -9 12 -2 -4 29 16 -3 -12 -14 -1 21 -13 27 24 -8 -16 -23 -10 -29 -7
right_child=1 15 7 4 6 14 8 10 9 -11 17 20 18 -15 25 -17 -18 -19 -20 -21 -22 26 -24 -25 -26 -27 -28 28 -30 -31
leaf_value=-0.14569680501461021 2.2779665082168576 1.4761424072933211 1.4894167951583861 5.0677852966117856 1.0504731301116934 -0.21212746595621113 -1.9813025416779511 -2.2918929277277003 2.5564478234004966 -1.5582492340016367 1.499455639221668 1.5344156456756579 -0.44981939981460645 -0.94533318958282497 -0.16596803641319299 -6.2436092464758364 3.5626925476741804 -1.5368931922888764 0.31275986387252747 5.3470018541193021 1.1042658043670641 0.37026540763854854 -5.648552721922397 0.39532757325887646 -0.23413522996902431 -1.3366726717853554 -0.34743440620422494 -0.74585802830934544 0.50560035787582225 1.4082681638526908
leaf_weight=56.600000083446503 169.80000168085098 283.80000168085098 81.100000828504562 150.39999759197235 257.80000156164169 62.199999541044235 558.60000568628311 1421.2000151872635 137.60000115633011 216.19999942183495 29.60000017285347 318.30000400543213 167.40000227093697 133.40000140666962 121.79999962449074 18 696.1000069975853 183.40000116825104 243.00000339746475 141.60000211000443 354.70000472664833 72.200001031160355 26.800000309944153 39.700000435113907 102.0000008046627 99.399998307228088 73.400001049041748 75.900001108646393 169.70000246167183 85.199999392032623
leaf_count=116 396 624 190 220 568 109 1308 3352 314 413 65 771 411 314 231 36 1627 406 600 354 868 179 64 94 231 142 182 189 422 150
internal_value=-0.000695749 0.01344 -0.0317724 0.00606922 -0.00512769 0.017059 -0.00980559 -0.0379699 -0.0155937 -0.00202811 -0.0421858 0.0238347 0.0108928 -0.00585082 -0.00865437 0.0393075 0.0405807 -0.0150235 -0.000950292 0.0260343 0.0330076 0.0251239 0.0124524 -0.0277238 -0.0300182 -0.022604 -0.0018544 0.0159969 0.00749186 0.0122795
internal_weight=6546.9 4500 2046.9 3502.1 1734.7 1767.4 1584.3 1848.7 1326.5 626.2 1634.2 1398.8 580.2 214.5 368.6 997.9 979.9 213 410.4 198.2 818.6 463.9 410 700.3 660.6 221.2 145.6 383.2 245.6 147.4
internal_count=14946 10149 4797 7862 3823 4039 3603 4327 3035 1402 3823 3407 1407 504 632 2287 2251 471 1011 470 2000 1132 989 1633 1539 373 361 925 611 259
cat_boundaries=0 1
cat_threshold=28
is_linear=0
shrinkage=0.05


Tree=5
num_leaves=31
num_cat=1
split_feature=22 15 60 11 39 39 13 11 39 15 25 55 22 40 25 41 38 17 14 25 22 24 21 16 33 15 60 22 15 14
split_gain=1024.06 428.842 168.44 166.913 138.076 86.5852 73.239 120.036 58.1968 56.0918 46.5271 40.357 39.3975 37.6813 36.8718 29.928 37.8941 29.2083 28.9697 28.5272 31.9748 26.7104 26.3027 24.815 22.0675 19.0458 18.0351 17.3827 16.928 16.4042
threshold=409.99999999999994 60.160000000000004 3433.8300000000004 651.7700000000001 -25.761360295005684 -25.963986225947199 121.29000000000001 685.07000000000016 -25.80446088677397 112.93000000000001 225.00000000000003 0 360.00000000000017 -35.92512517712823 489.99999999999994 0.019419306184012056 233.06563492063501 2965.0000000000005 56.705000000000034 285.00000000000006 359.99999999999994 3877.3250000000003 1385.0000000000002 0.89406965573350283 0.23358697955526445 96.040000000000006 3515.7000000000003 541.07500000000016 96.04500000000003 103.395
decision_type=2 2 2 2 2 2 2 2 2 2 2 9 2 2 2 2 2 2 2 2 2 2 2 2 2 2 2 2 2 2
left_child=1 8 3 -3 9 14 7 -6 -1 15 28 29 -12 -4 19 16 -2 18 -10 25 -21 -15 -13 -14 -8 -5 -26 -11 -7 -9
right_child=4 2 13 5 6 10 24 11 17 27 12 22 23 21 -16 -17 -18 -19 -20 20 -22 -23 -24 -25 26 -27 -28 -29 -30 -31
leaf_value=2.1736739688506135 1.2521019831428519 5.3081855066552182 0.67598057602977668 1.0937754084178211 4.8143960317811967 -0.33408573693513832 1.9925077493920342 -3.7795639843692785 4.3047589447307599 -5.4502043141889569 -2.3205481745297916 0.9282510278724424 -1.5358981348569403 -1.2063062459901575 0.2095219272317877 3.1001577432885186 0.30638084749186023 3.7200495407447804 -0.27056637751579304 -1.6206193482933047 -0.37105564674890062 0.78272017441272801 -1.2977092289338117 0.50094332565307409 0.33936308731758591 -1.1460073993167874 1.1995886043710713 0.21722587283849892 -3.2791981913144599 0.61080107670056738
leaf_weight=303.60000336170197 597.60000747442245 73.699999064207077 222.00000321865082 56.099999964237213 127.49999812245369 129.10000047087669 262.00000390410423 36.900000482797623 35.700000375509262 21.600000232458115 1262.3000130653381 33.699999630451202 432.10000351071358 106.70000138878822 132.10000172257423 633.10000663995743 170.09999871253967 60.600000858306885 357.30000248551369 270.10000360012054 249.50000208616257 44.600000619888306 296.79999798536301 36.800000548362732 225.40000331401825 33.900000035762787 83.600001245737076 37.9000004529953 88.500000357627869 184.20000046491623
leaf_count=720 1446 116 552 111 192 274 655 90 84 51 2963 55 982 260 322 1489 297 150 798 661 569 110 526 92 562 69 209 91 189 384
internal_value=-0.000695675 -0.0171194 -0.0252701 -0.0295275 0.0229044 -0.031561 0.0107071 -0.000390222 0.0166535 0.0333459 -0.0370946 -0.0104967 -0.0398336 0.00625502 -0.0170217 0.0353655 0.0287287 0.00531305 0.000330789 -0.0222113 -0.0267129 -0.0129874 -0.0211894 -0.0274579 0.0239054 0.00377778 0.0148544 -0.0142017 -0.0153033 0.00616616
internal_weight=6605.1 3894.7 3137.5 2764.2 2710.4 2690.5 1250.1 679.1 757.2 1460.3 1948.8 551.6 1731.2 373.3 741.7 1400.8 767.7 453.6 393 609.6 519.6 151.3 330.5 468.9 571 90 309 59.5 217.6 221.1
internal_count=15069 9022 7270 6348 6047 6232 2673 1247 1752 3374 4500 1055 4037 922 1732 3232 1743 1032 882 1410 1230 370 581 1074 1426 180 771 142 463 474
cat_boundaries=0 1
cat_threshold=28
is_linear=0
shrinkage=0.05


Tree=6
num_leaves=31
num_cat=0
split_feature=8 41 60 40 11 38 15 38 8 8 8 39 8 8 42 32 33 40 8 19 19 19 16 38 19 38 38 29 25 8
split_gain=1121.97 315.201 275.886 177.448 134.758 106.687 92.1453 76.6454 74.9393 69.4587 57.2601 90.1015 48.7655 61.8919 47.4226 40.8701 40.3469 37.7623 34.5288 33.971 30.2501 44.9815 26.3234 25.5977 24.7879 22.1901 20.4312 24.6929 18.3892 19.0339
threshold=3968.3900226757373 0.016397849462365551 669.94000000000017 -34.617111009741919 1122.5300000000002 234.97471655328812 57.085000000000001 242.52743764172337 5593.2426303854882 3739.3650793650795 5405.7596371882091 -15.057184153799316 5593.2426303854882 5405.7596371882091 0.87996381917463018 0.70924950540618326 0.64857997798193201 -57.904521653056044 5405.7596371882091 399.99999999999994 409.99999999999994 275.00000000000006 0.83010992986825738 194.874149659864 374.99999999999994 227.25222222222229 234.41794784580517 -80.354999999999976 520.00000000000023 5405.7596371882091
decision_type=2 2 2 2 2 2 2 2 2 2 2 2 2 2 2 2 2 2 2 2 2 2 2 2 2 2 2 2 2 2
left_child=2 3 22 5 -5 12 15 8 10 -8 11 -6 13 20 -12 -4 25 26 -7 -11 21 -2 -1 -15 -23 -10 -3 -28 -9 -30
right_child=1 17 6 4 7 18 9 28 16 19 14 -13 -14 23 -16 -17 -18 -19 -20 -21 -22 24 -24 -25 -26 -27 27 -29 29 -31
leaf_value=0.053789630250214771 1.7692638665652269 1.2062208387372024 2.0003580862269401 3.7284532128810413 0.9772166097040369 0.65939917838241657 0.7324108642746574 -2.6153789730668908 0.79816731486284742 -2.0434534325818667 0.20951753729082939 -1.5623892364979632 0.92286314356379651 0.6720638543581956 -1.7832067981315369 -0.67348817765855817 -0.22262615821533416 3.335899978194405 -0.46803082142293495 -1.4228887726666877 1.6000893064710597 -0.7998135370237478 5.0985261298031093 -0.13729713094182047 0.50488772883585609 -0.033694439769029576 1.0563871202513455 -1.2992283103472717 2.1351910875978946 -1.2429544938382628
leaf_weight=68.800000220537186 194.50000220537186 163.00000131130219 60.800000637769699 186.69999757409096 319.80000346899033 121.29999914765358 50.300000190734863 200.00000011920929 167.80000191926956 1453.8000161647797 95.700001269578934 105.00000089406967 578.50000756978989 65.000000923871994 358.20000413060188 142.70000147819519 147.30000132322311 807.10000708699226 190.49999821186066 138.30000078678131 220.90000259876251 83.200001060962677 128.4000019133091 246.600003272295 78.600000858306885 50.900000333786011 46.900000005960464 38.799999415874481 30.399999916553497 39.699999898672104
leaf_count=145 463 370 143 292 756 214 107 404 400 3450 234 240 1411 161 855 335 339 1852 321 303 529 202 321 603 186 113 94 58 58 76
internal_value=-0.000345771 0.0135107 -0.031112 0.0062518 -0.00529239 0.0172925 -0.0371174 -0.0102324 -0.00499317 -0.0410497 -0.0129111 0.000282486 0.0229367 0.0155828 -0.0252589 -0.00538084 0.0140164 0.0374408 -0.00926876 -0.0428773 0.0252772 0.0162644 0.0251014 -0.00237484 -0.00321384 0.0276406 0.0204061 0.000641774 -0.0343762 -0.0123395
internal_weight=6579.5 4536.4 2043.1 3480.6 1701.5 1779.1 1845.9 1514.8 1244.7 1642.4 878.7 424.8 1467.3 888.8 453.9 203.5 366 1055.8 311.8 1592.1 577.2 356.3 197.2 311.6 161.8 218.7 248.7 85.7 270.1 70.1
internal_count=15035 10231 4804 7857 3767 4090 4338 3475 2937 3860 2085 996 3555 2144 1089 478 852 2374 535 3753 1380 851 466 764 388 513 522 152 538 134
is_linear=0
shrinkage=0.05


Tree=7
num_leaves=31
num_cat=2
split_feature=8 41 60 15 11 40 15 22 22 22 22 55 22 15 22 32 8 15 53 8 8 39 33 8 8 31 14 10 8 29
split_gain=1080.07 295.586 287.199 163.395 141.557 115.715 101.703 71.3749 69.5606 65.2181 58.67 57.3401 48.3166 50.5497 46.3061 41.9092 36.4155 34.6247 26.2792 25.1262 25.0616 23.383 22.7786 20.911 37.6699 20.5538 19.8025 18.7495 16.6129 15.6584
threshold=3968.3900226757373 0.016397849462365551 669.94000000000017 84.894999999999996 702.82000000000016 -36.31743351025748 57.085000000000001 65.000000000000014 380.0000000000004 410.0000000000004 370.00000000000017 0 380.0000000000004 64.704999999999998 444.99999999999994 0.70924950540618326 5593.2426303854882 96.04500000000003 1 5405.7596371882091 3739.3650793650795 -14.502419079304792 0.12341976727151648 5593.2426303854882 5405.7596371882091 -205.75999999999996 117.19500000000002 271.73500000000007 3739.3650793650795 -220.83500000000024
decision_type=2 2 2 2 2 2 2 2 2 2 2 9 2 2 2 2 2 2 9 2 2 2 2 2 2 2 2 2 2 2
left_child=2 3 18 5 -5 12 15 21 28 16 -9 -12 13 -2 25 -4 19 29 -1 -6 -10 -7 -19 24 -14 -3 -18 -13 -8 -11
right_child=1 14 6 4 9 7 8 10 20 17 11 27 23 -15 -16 -17 26 22 -20 -21 -22 -23 -24 -25 -26 -27 -28 -29 -30 -31
leaf_value=4.8077573005573022 1.763035602130762 -1.3764527083093427 1.6676405969546551 4.0418820485652676 -1.0550004481350557 2.7240862271188235 -0.023642265850396173 -1.1275189468003113 1.4646572207896982 1.2377967801353096 -1.80165711051407 0.20424891521004726 1.407185060874069 0.025418047185430483 3.3164872958740403 -0.69901367417113824 0.25167984083842471 0.041860275960773664 -0.0079498390552643627 -2.3598009962889761 -1.3290852910809059 -1.0434617285126415 -0.93833466635335305 0.97996009013192242 0.080929263319801242 1.2107553699096856 -1.0610962844076945 1.0973733708908846 -1.9850807334869529 0.38897317761048389
leaf_weight=138.80000206828117 175.40000194311142 24.599999964237213 67.800000697374344 120.99999809265137 154.9000004529953 199.50000143051147 21.200000047683716 325.20000368356705 29.200000166893005 41.600000619888306 80.400000214576721 434.70000386238098 284.60000339150429 347.00000432133675 670.40000542998314 140.20000132918358 72.800000369548798 135.39999884366989 57.200000047683716 243.90000101923943 186.40000134706497 22.600000113248825 177.39999893307686 305.40000441670418 119.20000168681145 356.90000247955322 24.799999833106995 103.10000151395798 1423.5000153779984 122.20000123977661
leaf_count=347 416 48 159 178 325 447 44 774 64 104 168 999 683 839 1523 325 158 232 116 522 418 49 319 759 295 797 44 257 3363 286
internal_value=-0.000294371 0.0133326 -0.0302839 0.00633182 -0.00968007 0.0136394 -0.0363245 0.00234663 -0.0404535 -0.0160226 -0.00365699 0.00538661 0.0243261 0.0127871 0.0365672 -0.00336538 -0.0287067 -0.00281158 0.0272959 -0.0354062 -0.013961 0.0278478 -0.0125639 0.0328257 0.0253591 0.0226606 -0.00133197 0.011318 -0.0444071 0.015812
internal_weight=6607.3 4543 2064.3 3491.1 1094 2397.1 1868.3 1165.5 1660.3 973 943.4 618.2 1231.6 522.4 1051.9 208 496.4 476.6 196 398.8 215.6 222.1 312.8 709.2 403.8 381.5 97.6 537.8 1444.7 163.8
internal_count=15058 10222 4836 7854 2168 5686 4373 2694 3889 1990 2198 1424 2992 1255 2368 484 1049 941 463 847 482 496 551 1737 978 845 202 1256 3407 390
cat_boundaries=0 1 2
cat_threshold=32 4
is_linear=0
shrinkage=0.05


Tree=8
num_leaves=31
num_cat=2
split_feature=8 41 60 39 38 28 14 22 45 22 8 31 22 22 22 25 17 55 8 53 39 25 22 31 10 10 29 19 10 38
split_gain=1077.88 295.447 272.624 155.661 131.097 111.638 83.972 67.8174 60.4382 55.0435 54.3712 48.1783 46.3128 70.2054 45.4006 33.0364 27.7646 25.3185 23.9441 23.8849 22.74 21.9018 20.5098 19.8467 19.7753 22.9423 19.7134 19.6743 19.4457 19.3491
threshold=3968.3900226757373 1.0000000180025095e-35 669.94000000000017 -23.020394625945325 233.06563492063501 675.00000000000011 56.705000000000034 380.0000000000004 0.011751222636634051 40.000000000000121 5405.7596371882091 210.75499999999991 380.0000000000004 264.99999999999994 444.99999999999994 134.99999999999991 3875.0000000000005 0 5530.7482993197291 1 -26.91971723632734 520.00000000000023 360.00000000000017 -201.96499999999989 247.17500000000004 233.95500000000001 -60.225000000000016 225.00000000000003 207.54500000000004 165.79391156462569
decision_type=2 2 2 2 2 2 2 2 2 2 2 2 2 2 2 2 2 9 2 9 2 2 2 2 2 2 2 2 2 2
left_child=2 3 19 4 8 -5 -4 15 29 -7 21 16 13 -10 23 -8 -11 -13 -12 -1 -9 -6 -15 -3 25 -14 -22 -25 -20 -2
right_child=1 14 6 5 10 9 7 20 12 11 18 17 24 22 -16 -17 -18 -19 28 -21 26 -23 -24 27 -26 -27 -28 -29 -30 -31
leaf_value=4.5660301421840144 -1.639947164809562 -1.2132300484798131 3.0371372605397315 3.7473771490716987 -0.070388106452463725 1.1506506007180903 -0.99121333531121403 1.5646025869670817 2.2577192484775126 -1.7741670989392775 -1.5658001147293952 0.46005579197904328 0.8050783504214607 -0.18822452361498138 3.1506629310803391 -1.8207942528123611 0.35746363796487446 -1.5917449883495189 0.093233380266231347 -0.00755234710250079 -1.2852900694793086 3.0161084940998677 0.39752562668409014 2.266530919153233 0.89147247643556971 -0.046252809083939896 0.83796864388329562 0.39056718027162279 -0.41834000744395611 0.4069524215035884
leaf_weight=138.00000205636024 111.20000112056732 32.999999910593033 34.800000339746475 107.89999827742577 90.899999409914017 145.30000129342079 180.00000178813934 35.300000369548798 197.0000019967556 642.70000463724136 95.899999529123306 190.20000225305557 102.19999924302101 246.70000329613686 685.40000551939011 1426.3000155985355 44.300000548362732 96.99999988079071 71.799998968839645 57 169.20000118017197 70.999999403953552 184.60000252723694 204.60000085830688 773.20001152157784 94.600001275539398 18.199999690055847 139.80000159144402 130.20000019669533 100.80000114440918
leaf_count=345 260 63 81 158 162 334 420 83 461 1441 176 456 179 604 1556 3376 107 190 109 114 378 122 454 438 1933 232 26 333 267 240
internal_value=-0.000221329 0.0133357 -0.0302506 0.00632023 0.0140765 -0.00802509 -0.0361359 -0.0375998 0.020132 -0.0127066 -0.00976512 -0.0169883 0.0234593 0.012884 0.0364227 -0.0411847 -0.0241776 0.000208914 -0.0224404 0.026 -0.0117423 0.0135578 0.00158822 0.022496 0.0303093 0.0161585 -0.0186766 0.0260453 -0.0126733 -0.00495283
internal_weight=6619.1 4560.3 2058.8 3497.5 2270.1 1227.4 1863.8 1829 1810.3 1119.5 459.8 974.2 1598.3 628.3 1062.8 1606.3 687 287.2 297.9 195 222.7 161.9 431.3 377.4 970 196.8 187.4 344.4 202 212
internal_count=15098 10275 4823 7885 5199 2686 4364 4283 4363 2528 836 2194 3863 1519 2390 3796 1548 646 552 459 487 284 1058 834 2344 411 404 771 376 500
cat_boundaries=0 1 2
cat_threshold=28 4
is_linear=0
shrinkage=0.05


Tree=9
num_leaves=31
num_cat=0
split_feature=22 15 62 11 39 39 15 11 10 25 22 39 15 16 40 16 25 22 13 45 45 14 18 38 41 38 17 45 22 37
split_gain=943.848 357.625 145.632 134.218 128.864 79.7781 64.9602 56.6438 93.5342 43.8106 45.8873 38.7839 36.5323 34.823 32.1975 28.4039 27.6096 40.1708 26.8935 25.1901 22.7112 22.1672 24.3198 21.8418 20.6938 26.4626 18.6669 17.5792 16.7947 16.1374
threshold=409.99999999999994 59.409999999999989 3732.0850000000005 651.7700000000001 -25.865549453840767 -25.963986225947199 108.80500000000004 651.7700000000001 248.21500000000003 225.00000000000003 360.00000000000017 -24.601126144145937 112.93000000000001 0.89406965573350283 -33.263037768114302 0.87816757425818437 285.00000000000006 359.99999999999994 42.545000000000009 0.021991063499303156 0.019538617220458302 67.540000000000006 3035.0000000000005 238.67752834467117 0.020620748299319706 221.26270975056676 2585.0000000000005 0.015798280261714304 571.07500000000016 0.27399431811082348
decision_type=2 2 2 2 2 2 2 2 2 2 2 2 2 2 2 2 2 2 2 2 2 2 2 2 2 2 2 2 2 2
left_child=1 11 3 -3 12 13 7 -6 18 20 -11 -1 24 16 -4 -12 -5 -18 -9 26 -7 -13 27 29 25 -2 -10 -23 -14 -19
right_child=4 2 14 5 6 9 -8 8 19 10 15 21 28 -15 -16 -17 17 23 -20 -21 -22 22 -24 -25 -26 -27 -28 -29 -30 -31
leaf_value=1.8266645233930761 1.1374919053150492 4.7060855506789467 0.47227175283065748 0.20374884536185789 4.0330407012189697 -2.5325565880692076 -4.4342480887409392 0.8558580470130025 -0.12488908278703832 -1.8920042960311179 -1.1669440407641936 3.8358304768584475 -4.9556904018468009 0.24069809873772813 -0.56767657212119926 0.33296697912174766 -1.3991008044816142 0.077324225904816052 -0.44721615508428275 1.5712762519880699 0.21784919860591004 -1.5519401014184482 2.4466991782074476 -1.4150856402593761 2.48119744962642 0.54803105561846621 1.1008340297974102 0.16001641802616293 0.45759348324204441 -0.78373098306037792
leaf_weight=327.00000357627869 501.60000658035278 66.699999183416367 255.50000360608101 89.999999910593033 124.09999820590019 144.60000076889992 74.900000602006912 65.199998915195465 114.00000169873238 1273.7000131011009 418.70000344514847 33.600000411272049 18.500000208616257 119.10000175237656 131.10000175237656 53.200000792741776 259.40000328421593 172.20000216364861 387.69999828934669 246.00000366568565 86.60000017285347 88.000000149011612 52.700000762939453 53.499999612569809 604.40000659227371 253.19999957084656 246.00000366568565 201.70000168681145 37.400000512599945 63.500000834465027
leaf_count=774 1224 106 632 177 188 315 170 94 285 2987 953 81 44 297 321 133 629 417 718 615 179 181 131 94 1430 492 615 460 92 155
internal_value=-0.000319937 -0.0160353 -0.0231539 -0.0271241 0.0225552 -0.0288334 0.010911 0.0137701 0.0100246 -0.0341208 -0.0368297 0.0162447 0.0329058 -0.0150389 0.00561304 -0.0235113 -0.019668 -0.023879 -0.00716494 0.0228713 -0.0136678 0.00529255 0.00148949 -0.011065 0.034535 0.0290143 0.0144444 -0.00419399 -0.00670841 -0.00451846
internal_weight=6563.8 3890.8 3187.8 2801.2 2673 2734.5 1257.9 1183 1058.9 1976.8 1745.6 703 1415.1 757.7 386.6 471.9 638.6 548.6 452.9 606 231.2 376 342.4 289.2 1359.2 754.8 360 289.7 55.9 235.7
internal_count=14989 9022 7395 6442 5967 6336 2685 2515 2327 4567 4073 1627 3282 1769 953 1086 1472 1295 812 1515 494 853 772 666 3146 1716 900 641 136 572
is_linear=0
shrinkage=0.05


Tree=10
num_leaves=31
num_cat=0
split_feature=8 60 41 40 9 38 38 14 22 8 22 22 8 22 38 8 39 42 33 25 8 8 16 39 8 8 16 33 22 33
split_gain=961.986 271.594 255.159 140.863 144.976 91.3795 69.6346 63.2899 63.6795 61.4613 53.4807 57.8703 38.7965 38.2835 36.8511 36.8342 71.4499 39.5432 30.7057 30.0276 28.2895 25.6696 25.0452 24.8894 22.3014 52.8823 22.2177 22.0514 20.8142 19.081
threshold=3968.3900226757373 669.94000000000017 0.020620748299319706 -35.026302953823041 360.72000000000008 231.55078231292501 237.55464852607727 56.705000000000034 399.99999999999994 5593.2426303854882 380.0000000000004 264.99999999999994 5405.7596371882091 459.99999999999994 194.17606575963705 5405.7596371882091 -14.82531345486526 0.86475748500069716 0.63424245841372673 520.00000000000023 5405.7596371882091 5530.7482993197291 0.83010992986825738 -26.91971723632734 5593.2426303854882 5405.7596371882091 0.5324274208741353 0.61392557408883752 360.00000000000017 0.32562720178180254
decision_type=2 2 2 2 2 2 2 2 2 2 2 2 2 2 2 2 2 2 2 2 2 2 2 2 2 2 2 2 2 2
left_child=1 22 3 5 -5 10 9 -3 14 15 11 -2 -7 -4 27 16 -6 -17 -11 -8 -21 -14 -1 -10 25 -12 -15 -9 -13 -19
right_child=2 7 13 4 6 12 19 8 23 18 24 28 21 26 -16 17 -18 29 -20 20 -22 -23 -24 -25 -26 -27 -28 -29 -30 -31
leaf_value=0.28662253167120183 1.7190631452555054 2.8836015483109279 0.97910350222560261 3.8031385440877088 0.73561452447285669 0.74599930945119941 -1.8566314681096885 -0.7419355559701899 1.8834791244690736 0.58456080538985733 1.2408776192604123 -0.23642965902825069 -1.4818947898842063 -0.15216189184904183 -1.6620959748288222 0.3814699746013524 -1.1743841886229092 -0.20993045317114822 -0.096625787270403413 2.4252023793168362 -0.92587646796084833 -0.076853492664422873 4.2889193478305492 -1.1801665706226352 0.81925790604542215 -0.056332610604999903 3.0898875161099428 -3.0335542506021209 0.37303600184897762 -2.0345206188823326
leaf_weight=67.500000268220901 165.60000166296959 29.500000327825546 399.80000314116478 159.79999750852585 353.800003439188 154.09999883174896 255.20000040531158 250.40000346302986 30.80000028014183 205.40000221133232 323.00000405311584 239.100003272295 84.19999897480011 26.899999797344208 1258.700013011694 76.700001031160355 102.50000092387199 101.70000144839287 150.50000128149986 49.199999839067459 61.599999666213989 150.49999886751175 133.60000199079514 148.80000060796738 350.20000463724136 144.20000201463699 567.20000585913658 106.30000111460686 173.8000023663044 260.60000294446945
leaf_count=144 387 70 905 236 823 269 524 617 71 485 782 588 134 47 2954 188 236 252 344 93 112 263 334 318 856 356 1331 250 427 620
internal_value=-9.87662e-05 -0.0287668 0.0126482 0.00639723 -0.00356781 0.0163193 -0.00805714 -0.0348452 -0.036039 -0.00244565 0.0222903 0.0106569 -0.00511831 0.0350488 -0.0391792 -0.00943259 0.000515012 -0.0197722 0.0151307 -0.0272404 -0.00550542 -0.0179165 0.0263799 -0.0077951 0.0305236 0.0233733 0.0430988 -0.024993 0.000641802 -0.0266768
internal_weight=6581.2 2025.6 4555.6 3561.7 1777 1784.7 1617.2 1824.5 1795 1251.2 1395.9 578.5 388.8 993.9 1615.4 895.3 456.3 439 355.9 366 110.8 234.7 201.1 179.6 817.4 467.2 594.1 356.7 412.9 362.3
internal_count=15016 4758 10258 7975 3913 4062 3677 4280 4210 2948 3396 1402 666 2283 3821 2119 1059 1060 829 729 205 397 478 389 1994 1138 1378 867 1015 872
is_linear=0
shrinkage=0.05


Tree=11
num_leaves=31
num_cat=0
split_feature=8 60 41 45 15 8 8 39 22 8 25 22 15 38 15 38 22 44 15 22 16 22 33 39 8 15 15 33 15 22
split_gain=938.234 243.669 236.605 148.207 96.3064 90.9368 128.662 83.3909 72.0971 62.2871 50.0979 48.3773 42.7018 41.7531 39.4657 37.6513 34.7787 34.623 33.1504 32.8 32.5872 28.7198 28.3138 27.1001 26.2076 24.4633 23.3526 20.6602 19.9491 17.5417
threshold=3968.3900226757373 669.94000000000017 0.016397849462365551 0.022578443871371551 42.960000000000001 5405.7596371882091 5530.7482993197291 -14.82531345486526 429.99999999999994 3739.3650793650795 274.99999999999983 459.99999999999994 99.50500000000001 237.55464852607727 70.425000000000011 225.47933106575968 390.00000000000017 0.11695491919478306 62.210000000000015 360.00000000000017 0.81968020963931176 380.0000000000004 0.59253897373675557 -14.82531345486526 5405.7596371882091 99.555000000000021 72.789999999999992 0.54024847686652067 75.250000000000028 379.99999999999994
decision_type=2 2 2 2 2 2 2 2 2 2 2 2 2 2 2 2 2 2 2 2 2 2 2 2 2 2 2 2 2 2
left_child=1 20 3 5 -3 8 15 13 10 -6 23 26 22 16 29 17 18 -7 -5 -12 -1 -16 -8 -2 -15 -10 -4 -19 -21 -11
right_child=2 4 11 7 9 6 12 -9 25 14 19 -13 -14 24 21 -17 -18 27 -20 28 -22 -23 -24 -25 -26 -27 -28 -29 -30 -31
leaf_value=-0.16187099304664301 2.6285283979393825 1.7609796168476053 2.01405312425798 1.6777166702165915 0.67853395663521643 -2.0978031481127295 0.53675188465566637 -1.0138152324876621 2.426616084563884 -1.1390075597787088 -1.2775660298428377 2.9213436102751489 -0.49300239519707389 1.2266067843505426 -1.7578993648855823 -1.7637348024541248 0.7787947360849472 0.35099138047039563 0.22737672951694066 0.53697450385391432 4.0342222207710519 -1.3041663531906105 -0.093319349286751674 -1.9421360395336329 -0.36178526866064831 -1.5054016443792761 0.4181759346217504 -2.7804579951008068 -0.27758853374048087 0.35536519666137423
leaf_weight=61.600000023841858 137.30000054836273 53.500000417232513 161.10000130534172 191.20000204443932 53.200000166893005 297.80000394582748 271.50000330805779 61.800000339746475 307.80000007152557 383.60000410676003 173.40000155568123 623.50000497698784 125.69999903440475 55.999999493360519 1177.000012755394 244.60000011324883 580.60000708699226 87.90000119805336 410.50000524520874 87.500000923871994 141.20000210404396 161.90000113844872 162.60000166296959 18.900000035762787 100.19999912381172 28.500000089406967 249.5000017285347 21.300000250339508 112.9000001847744 41.20000034570694
leaf_count=124 293 121 366 451 112 728 654 135 618 905 399 1414 219 95 2782 493 1399 216 997 206 353 362 381 39 171 60 557 51 232 94
internal_value=-0.000201206 -0.0280436 0.0125917 0.00634848 -0.033688 -0.00212495 -0.0109708 0.0189209 0.0102447 -0.0356349 -0.00124528 0.0335896 0.0066095 0.0215428 -0.0372427 -0.0260743 0.0247526 -0.0167568 0.0163287 -0.0111825 0.0240138 -0.0414557 0.0140405 0.0225352 -0.00275288 0.0283527 0.020263 0.00732601 0.00259481 -0.0239642
internal_weight=6585.3 2073.2 4512.1 3478 1870.4 2077.7 1211.4 1400.3 866.3 1816.9 530 1034.1 559.8 1338.5 1763.7 651.6 1182.3 407 601.7 373.8 202.8 1338.9 434.1 156.2 156.2 336.3 410.6 109.2 200.4 424.8
internal_count=15027 4853 10174 7837 4376 4589 2742 3248 1847 4255 1169 2337 1254 3113 4143 1488 2847 995 1448 837 477 3144 1035 332 266 678 923 267 438 999
is_linear=0
shrinkage=0.05


Tree=12
num_leaves=31
num_cat=1
split_feature=8 60 41 72 11 15 38 15 60 8 22 22 25 22 32 31 55 22 8 8 8 16 33 15 72 14 22 16 16 8
split_gain=883.269 227.773 227.748 125.836 138.573 92.304 78.8218 66.549 58.5863 53.998 50.0524 52.4919 41.2252 38.7507 38.4912 38.3906 36.5302 30.6764 29.933 25.1975 58.2705 21.6209 20.2991 19.6822 18.5806 18.265 18.2185 17.6821 16.6405 15.9833
threshold=3968.3900226757373 669.94000000000017 0.020620748299319706 -34.617111009741919 685.07000000000016 57.995000000000012 231.55078231292501 54.495000000000026 3723.1000000000004 3739.3650793650795 380.0000000000004 264.99999999999994 495.00000000000006 459.99999999999994 0.74089211655836718 200.05500000000009 0 379.99999999999994 5593.2426303854882 5593.2426303854882 5405.7596371882091 0.83010992986825738 0.10811162019621211 72.789999999999992 -56.141520555788603 96.79500000000003 360.00000000000017 0.83757307036715589 0.89683964415102435 4530.8390022675749
decision_type=2 2 2 2 2 2 2 2 2 2 2 2 2 2 2 2 9 2 2 2 2 2 2 2 2 2 2 2 2 2
left_child=1 21 3 6 -5 14 10 -6 15 -7 11 -2 -8 23 -3 18 -17 -11 28 20 -12 -1 -22 -4 -15 -20 -13 -10 29 -9
right_child=2 5 13 4 7 9 12 8 27 17 19 26 -14 24 -16 16 -18 -19 25 -21 22 -23 -24 -25 -26 -27 -28 -29 -30 -31
leaf_value=0.21637255050217377 1.6126993773047289 1.1410961528682564 2.0985021869103124 3.4916508126551293 1.1856469608507438 0.63029646317020116 -0.6489115235994185 -0.27912398632886876 -0.90642023879558953 -1.5727044393659122 1.1191443371865035 -0.24056989984315466 0.16656562907490127 0.74304810430073764 -0.74851402044466231 0.27334595191948452 -1.2083068337100329 -1.0102169434750921 0.71634317641747747 0.75820521900726312 0.35182248541755712 3.9317398531151526 -0.41265171858404415 0.40246516614333672 2.8589049283029753 -0.27520701277520632 0.33495300201999645 0.61321431883858113 -0.54368539999800736 -1.6746329660283799
leaf_weight=71.800000220537186 168.5000017285347 86.400000840425491 165.70000132918358 157.59999752044678 190.10000133514404 47.300000190734863 186.5999983549118 63.200000494718552 39.70000034570694 1338.6000146269798 328.20000404119492 243.80000331997871 211.29999825358391 58.700000315904617 137.50000131130219 239.10000282526016 111.89999967813492 246.00000187754631 32.300000458955765 358.90000483393669 64.100000888109207 122.40000182390213 83.700001180171967 231.50000190734863 536.10000523924828 118.90000054240227 178.90000241994858 141.1000020802021 73.100001066923141 532.80000391602516
leaf_count=151 395 201 376 232 425 101 318 143 91 3168 792 599 364 128 319 573 213 555 80 880 158 306 207 527 1248 256 439 352 182 1197
internal_value=-0.000152304 -0.0273707 0.0122038 0.0062461 -0.00354159 -0.0327622 0.0153673 -0.0081053 -0.0119999 -0.0368926 0.0208576 0.00972598 -0.00431013 0.0333669 -0.00265744 -0.016089 -0.00225071 -0.038464 -0.0220102 0.02874 0.0211975 0.0241504 -0.00487145 0.0212739 0.0414425 -0.00191799 0.000319375 0.0144912 -0.0265506 -0.0293121
internal_weight=6565.8 2050 4515.8 3523.8 1699.8 1855.8 1824 1542.2 1352.1 1631.9 1426.1 591.2 397.9 992 223.9 1171.3 351 1584.6 820.3 834.9 476 194.2 147.8 397.2 594.8 151.2 422.7 180.8 669.1 596
internal_count=14976 4801 10175 7896 3744 4344 4152 3512 3087 3824 3470 1433 682 2279 520 2644 786 3723 1858 2037 1157 457 365 903 1376 336 1038 443 1522 1340
cat_boundaries=0 1
cat_threshold=28
is_linear=0
shrinkage=0.05


Tree=13
num_leaves=31
num_cat=1
split_feature=22 22 39 16 11 55 15 11 22 15 22 31 22 14 31 45 60 22 39 38 15 39 72 15 11 41 16 39 41 38
split_gain=750.947 346.065 129.438 109.559 69.5463 103.297 62.9848 62.7467 52.9255 50.0298 40.4374 53.4824 38.7476 56.4471 47.7429 38.2081 33.5687 29.6246 27.1322 26.2135 22.6099 21.5472 19.963 18.6762 17.7807 16.5785 16.0129 15.4247 15.3045 14.7141
threshold=380.0000000000004 214.9999999999998 -25.5311396452169 0.89406965573350283 651.7700000000001 0 59.409999999999989 651.7700000000001 349.99999999999994 137.02500000000003 420.00000000000017 417.63000000000017 459.99999999999994 104.60000000000002 417.63000000000017 0.019538617220458302 1287.5600000000002 330.00000000000017 -23.470213513995564 237.21196145124716 94.820000000000007 -22.212414403644775 -29.257695929374425 46.725000000000016 3060.4250000000006 0.018693221523410155 0.87816757425818437 -23.911601043450798 0.024099883855981403 222.64709750566888
decision_type=2 2 2 2 2 9 2 2 2 2 2 2 2 2 2 2 2 2 2 2 2 2 2 2 2 2 2 2 2 2
left_child=1 6 9 8 -4 22 21 -8 23 12 19 -12 13 -2 28 -9 -17 -5 25 26 -15 -1 -6 -3 -23 29 -7 -19 -14 -10
right_child=2 3 4 17 5 10 7 15 18 -11 11 -13 14 20 -16 16 -18 27 -20 -21 -22 24 -24 -25 -26 -27 -28 -29 -30 -31
leaf_value=1.8922766087721925 0.70278672970217859 0.22407148801507049 3.473408840047759 -0.95440357117609631 -0.21574049289376235 -0.062072731333407918 4.1514871639383442 -1.392702658183081 -0.063641578801192367 -4.3511600371596515 1.5768235239419355 -0.44383739611229917 1.3378502466528872 0.26887558117454663 0.15576399167485422 -1.3537518535885802 0.69614218885146217 0.31634857900477587 -1.1556047657139417 -1.4151269855549105 -0.65805406688091783 0.054716473699240001 -2.0032701773818049 -1.7528693425196871 3.1563542644733689 -0.75172917102606085 0.63083064827795998 -0.48332193845917359 2.8306305913052272 -0.87944825817976879
leaf_weight=284.80000308156013 437.60000643134117 20.200000077486038 128.59999811649323 142.00000211596489 241.0999990105629 205.00000238418579 55.099999189376831 288.70000141859055 218.10000282526016 40.400000423192978 464.80000567436218 104.70000091195107 398.00000324845314 255.30000221729279 144.30000025033951 78.700000166893005 137.80000057816505 180.40000268816948 488.5000042617321 42.000000357627869 88.499999463558197 200.00000154972076 191.29999947547913 983.00001057982445 45.900000661611557 96.500001192092896 41.600000619888306 78.800001174211502 428.80000442266464 71.200000166893005
leaf_count=673 1091 43 194 355 449 490 83 625 531 95 1120 240 905 585 297 163 295 451 1120 96 159 452 365 2321 114 233 104 197 1006 148
internal_value=-0.000178525 -0.0166677 0.0171202 -0.0277549 0.00583821 0.00234405 0.00648946 -0.00520257 -0.0328229 0.02605 0.0123315 0.0202019 0.0273181 0.0190299 0.0339872 -0.0107284 0.00515012 -0.00403789 -0.0238305 -0.002772 0.00386853 0.0188336 -0.0173599 -0.0406599 0.00799105 -0.0139191 0.00344688 0.00601852 0.0386188 -0.00793294
internal_weight=6581.7 3369.7 3212 2278.7 1419.1 1290.5 1091 560.3 1877.5 1792.9 858.1 569.5 1752.5 781.4 971.1 505.2 216.5 401.2 874.3 288.6 343.8 530.7 432.4 1003.2 245.9 385.8 246.6 259.2 826.8 289.3
internal_count=15000 7804 7196 5399 3058 2864 2405 1166 4396 4138 2050 1360 4043 1835 2208 1083 458 1003 2032 690 744 1239 814 2364 566 912 594 648 1911 679
cat_boundaries=0 1
cat_threshold=33
is_linear=0
shrinkage=0.05


end of trees

feature_importances:
wav_duration_ms=70
curr_vowel_len_ms=66
base_cut_gap=47
valley_dist_from_cutoff_ms=24
db_mean=22
base_ovl_ratio=15
db_silence_ratio=14
base_cutoff_abs=13
syllable_len_ms=13
next_base_offset=13
energy_min=11
db_min=11
curr_phone_len_ms=10
base_cons_gap=9
base_cons=8
base_cutoff_to_next_anchor_ms=8
prev_alias_type=7
zcr_mean=6
spectral_flux_mean=6
base_offset_to_expected_ms=5
f0_voicing_mean=5
curr_phone_start_ms=4
energy_mean=4
next_base_cutoff_abs=4
local_valley_db=4
base_ovl=3
expected_anchor_ms=3
bridge_type=3
base_pre_to_expected_ms=2
mapping_confidence=2
mel_window_energy_mean=2
base_offset=1
curr_phone_end_ms=1
curr_vowel_end_ms=1
syllable_end_ms=1
valley_energy=1
mel_window_silence_ratio=1

parameters:
[boosting: gbdt]
[objective: regression_l1]
[metric: l1]
[tree_learner: serial]
[device_type: cpu]
[data_sample_strategy: bagging]
[data: ]
[valid: ]
[num_iterations: 500]
[learning_rate: 0.05]
[num_leaves: 31]
[num_threads: 0]
[seed: 0]
[deterministic: 0]
[force_col_wise: 0]
[force_row_wise: 0]
[histogram_pool_size: -1]
[max_depth: -1]
[min_data_in_leaf: 40]
[min_sum_hessian_in_leaf: 0.001]
[bagging_fraction: 0.85]
[pos_bagging_fraction: 1]
[neg_bagging_fraction: 1]
[bagging_freq: 1]
[bagging_seed: 3]
[bagging_by_query: 0]
[feature_fraction: 0.85]
[feature_fraction_bynode: 1]
[feature_fraction_seed: 2]
[extra_trees: 0]
[extra_seed: 6]
[early_stopping_round: 0]
[early_stopping_min_delta: 0]
[first_metric_only: 0]
[max_delta_step: 0]
[lambda_l1: 0]
[lambda_l2: 0]
[linear_lambda: 0]
[min_gain_to_split: 0]
[drop_rate: 0.1]
[max_drop: 50]
[skip_drop: 0.5]
[xgboost_dart_mode: 0]
[uniform_drop: 0]
[drop_seed: 4]
[top_rate: 0.2]
[other_rate: 0.1]
[min_data_per_group: 100]
[max_cat_threshold: 32]
[cat_l2: 10]
[cat_smooth: 10]
[max_cat_to_onehot: 4]
[top_k: 20]
[monotone_constraints: ]
[monotone_constraints_method: basic]
[monotone_penalty: 0]
[feature_contri: ]
[forcedsplits_filename: ]
[refit_decay_rate: 0.9]
[cegb_tradeoff: 1]
[cegb_penalty_split: 0]
[cegb_penalty_feature_lazy: ]
[cegb_penalty_feature_coupled: ]
[path_smooth: 0]
[interaction_constraints: ]
[verbosity: -1]
[saved_feature_importance_type: 0]
[use_quantized_grad: 0]
[num_grad_quant_bins: 4]
[quant_train_renew_leaf: 0]
[stochastic_rounding: 1]
[linear_tree: 0]
[max_bin: 255]
[max_bin_by_feature: ]
[min_data_in_bin: 3]
[bin_construct_sample_cnt: 200000]
[data_random_seed: 1]
[is_enable_sparse: 1]
[enable_bundle: 1]
[use_missing: 1]
[zero_as_missing: 0]
[feature_pre_filter: 1]
[pre_partition: 0]
[two_round: 0]
[header: 0]
[label_column: ]
[weight_column: ]
[group_column: ]
[ignore_column: ]
[categorical_feature: 0,1,2,3,46,47,50,51,52,53,55,56,70]
[forcedbins_filename: ]
[precise_float_parser: 0]
[parser_config_file: ]
[objective_seed: 5]
[num_class: 1]
[is_unbalance: 0]
[scale_pos_weight: 1]
[sigmoid: 1]
[boost_from_average: 1]
[reg_sqrt: 0]
[alpha: 0.9]
[fair_c: 1]
[poisson_max_delta_step: 0.7]
[tweedie_variance_power: 1.5]
[lambdarank_truncation_level: 30]
[lambdarank_norm: 1]
[label_gain: ]
[lambdarank_position_bias_regularization: 0]
[eval_at: ]
[multi_error_top_k: 1]
[auc_mu_weights: ]
[num_machines: 1]
[local_listen_port: 12400]
[time_out: 120]
[machine_list_filename: ]
[machines: ]
[gpu_platform_id: -1]
[gpu_device_id: -1]
[gpu_use_dp: 0]
[num_gpu: 1]

end of parameters

pandas_categorical:[["japanese"], ["vcv"], ["br", "cv", "cv_head", "vc", "vcv", "vv"], ["br", "cv_fricative", "cv_head_fricative", "cv_head_other", "cv_head_plosive", "cv_head_sonorant", "cv_other", "cv_plosive", "cv_sonorant", "vc_other", "vcv", "vv"], ["fricative", "other", "plosive", "sonorant"], ["unknown", "voiced", "voiceless"], ["none"], ["", "a", "e", "i", "n", "o", "u"], ["head", "mid", "tail"], ["", "vc", "vcv", "vv"], ["", "cv", "cv_head", "vc", "vcv", "vv"], [""], ["unknown"]]
