tree
version=v4
num_class=1
num_tree_per_iteration=1
label_index=0
max_feature_idx=74
objective=regression_l1
feature_names=language format_type alias_type alias_group row_index_in_wav row_ratio_in_wav is_head_row is_tail_row wav_duration_ms base_offset base_cons base_cutoff_abs base_pre base_ovl base_cons_gap base_cut_gap base_ovl_ratio curr_phone_start_ms curr_phone_end_ms curr_phone_len_ms curr_vowel_start_ms curr_vowel_end_ms curr_vowel_len_ms syllable_start_ms syllable_end_ms syllable_len_ms prev_phone_gap_ms next_phone_gap_ms expected_anchor_ms base_offset_to_expected_ms base_pre_to_expected_ms base_cutoff_to_next_anchor_ms energy_mean energy_min energy_max energy_slope_pre energy_slope_post valley_energy valley_dist_from_cutoff_ms db_mean db_min db_silence_ratio f0_voicing_mean f0_voicing_near_pre zcr_mean spectral_flux_mean onset_class voicing_class is_tense is_diphthong coda_type vowel_class mora_position bridge_type is_nasal_or_sonorant prev_alias_type next_alias_type prev_base_pre next_base_pre prev_base_offset next_base_offset prev_base_cutoff_abs next_base_cutoff_abs mapping_confidence used_alias_occurrence_mapping used_exact_vowel_fix used_nuclei_fallback used_alias_based_syllables words_vs_alias_score_margin jump_blocked_flag mapping_reason_code local_peak_db local_valley_db mel_window_energy_mean mel_window_silence_ratio
feature_infos=none none -1:0:1:2:3 -1:6:9:3:12:0:7:2:5:4:1:10:11 [0:15] [0:1] [0:1] [0:1] [1140:5999.4557823129253] [8.9800000000000004:4984.1599999999999] [14.6:450.49000000000001] [222.30000000000001:5333.6199999999999] [0:366.33999999999997] [0:218.88] [5.0400000000000063:159.74000000000001] [0.060000000000002197:3518.4200000000001] [0:0.99046344319892921] [0:5070] [0:5480] [0:4430] [0:5070] [0:5480] [0:4430] [0:5070] [0:5480] [0:4430] [0:1500] [0:1940] [0:5070] [-322.40000000000009:61.440000000000055] [-47.869999999999891:321.80999999999995] [-3902.5700000000002:2573.9099999999999] [6.0553514865489039e-07:1] [0:1] [4.4350259068365912e-06:1] [-0.89077731236738733:1] [-0.87400597844031891:0.80315378243717639] [0:1] [-32.412358276644227:3568.2600000000002] [-94.492305506595798:-9.741999384401856] [-96.830754711273556:-12.030983804000744] [0:1] [0:1] [0:1] [0.0090534979423867994:0.5149797570850202] [0:0.1727941516165398] -1:1:2:3:0 -1:0:1:2 none none none -1:0:1:3:5:2:6:4 -1:1:0:2 -1:0:1:2 [0:1] -1:3:0:1:4:2 none [0:356.83999999999997] [0:480] [0:4992.9799999999996] [0:5698.9799999999996] [0:5249.1199999999999] [0:5924.9599999999991] [0.60064082444149536:1] none [0:1] none none [-32.240000000000009:1139] none none [-94.492305506595798:-9.741999384401856] [-96.830754711273556:-12.030983804000744] [6.0553514865489039e-07:1] [0:1]
tree_sizes=1910 2162 2155 2073 2265 2377 2290 2260

Tree=0
num_leaves=18
num_cat=1
split_feature=21 68 53 25 45 30 40 9 44 23 17 38 16 31 59 5 9
split_gain=378.121 114.246 44.4285 21.0466 18.763 17.8236 13.2426 11.429 3.99007 3.43466 2.58269 2.09017 2.00931 0.794568 0.284527 2.84217e-14 2.84217e-14
threshold=1495.0000000000002 1.0000000180025095e-35 0 165.00000000000003 0.024269578640531503 6.45000000000016 -19.855391591077645 1094.6700000000003 0.029345052452509155 3490.0000000000005 785.00000000000011 171.44108843537424 0.9124834225772015 -249.54499999999993 891.65500000000009 0.6515151515151516 649.60500000000013
decision_type=2 2 1 2 2 2 2 2 2 2 2 2 2 2 2 2 2
left_child=2 4 10 5 6 -3 -2 -5 -8 14 11 -1 -6 -13 -9 -16 -15
right_child=1 3 -4 7 12 -7 8 9 -10 -11 -12 13 -14 16 15 -17 -18
leaf_value=65.962499427795407 58.943499565124512 64.059249687194821 59.067499542236327 61.96204948425293 65.409949684143072 58.379499530792238 62.814549446105957 59.364549565315244 63.823799705505373 60.764999580383304 66.916499900817868 66.162499809265142 68.742449760437012 69.678499412536624 58.684999561309816 59.417499566078185 69.085999870300299
leaf_weight=18.39999982714653 22.600000113248825 26.699999749660492 23.700000107288361 40.999999672174454 21.699999809265137 29.5999995470047 27.699999809265137 15.999999791383742 24.699999898672104 25.499999642372131 24.399999648332596 20.499999791383743 25.299999952316284 210.89999860525131 214.59999725222588 38.699999392032623 36.199999690055847
leaf_count=31 49 45 51 71 37 44 49 25 46 39 37 34 49 375 337 57 62
internal_value=62.7303 62.7034 62.7717 62.6903 62.7457 62.7185 62.7301 62.6855 62.7439 62.6821 62.7768 62.7781 62.7704 62.7792 62.6804 62.68 62.78
internal_weight=848.2 514.1 334.1 392.1 122 56.3 75 335.8 52.4 294.8 310.4 286 47 267.6 269.3 253.3 247.1
internal_count=1438 848 590 618 230 89 144 529 95 458 539 502 86 471 419 394 437
cat_boundaries=0 1
cat_threshold=1
is_linear=0
shrinkage=1


Tree=1
num_leaves=20
num_cat=0
split_feature=11 68 15 19 12 42 35 35 9 5 73 31 60 9 38 60 29 39 39
split_gain=366.842 103.24 21.4312 15.8456 17.5186 15.1822 12.2496 7.10841 6.72647 4.16456 3.28188 1.4484 1.28701 0.849872 0.439688 0.250313 0.0309935 0.0214153 2.84217e-14
threshold=1278.0250000000003 1.0000000180025095e-35 2.8149999999999982 105.00000000000001 50.920000000000009 0.91132209416055499 -0.030761904855541197 0.055543418951012453 1094.6700000000003 0.48333333333333339 0.73862478316128988 -238.43000000000004 2595.1900000000005 1522.4700000000003 190.49526077097516 3613.8900000000008 -149.19499999999996 -16.930087949047174 -26.732094582853346
decision_type=2 2 2 2 2 2 2 2 2 2 2 2 2 2 2 2 2 2 2
left_child=2 5 -1 4 -3 10 -7 -4 -6 -8 -2 -9 17 -5 -13 -15 -16 -10 -18
right_child=1 3 7 13 8 6 9 11 12 -11 -12 14 -14 15 16 -17 18 -19 -20
leaf_value=-3.1293749761581422 2.8708776950836183 0.1326873874664308 3.260875253677368 -2.2757499742507936 -0.2915524482727051 1.1656600666046142 -1.0547773838043213 3.5760748767852784 -3.6519624614715576 0.1489724636077881 3.9987272739410402 7.7565749073028574 -2.5377999830245974 -4.2157499361038209 5.8830748462677001 -2.1822499370574953 7.1556998538970946 -3.7802499818801878 6.0900748157501221
leaf_weight=17.300000101327896 22.299999952316284 41.999999284744263 38.499999701976776 23.099999696016312 34.899999737739563 22.099999904632568 34.499999731779099 27.899999767541885 19.200000107288361 22.000000059604645 25.099999904632568 17.999999821186066 39.599999606609344 173.99999731779099 18.80000028014183 27.099999576807022 99.399999380111694 34.499999642372131 91.699998885393143
leaf_count=38 43 60 67 36 61 41 60 48 42 46 47 30 66 258 47 40 178 57 146
internal_value=-0.00125 -0.0269408 0.041656 -0.0395284 -0.0280259 0.0124603 -0.00101781 0.0448352 -0.0372075 -0.0133628 0.0348101 0.0478499 -0.0442122 -0.0482605 0.0491663 -0.0493038 0.0498094 -0.0492551 0.05
internal_weight=832 520.4 311.6 394.4 170.2 126 78.6 294.3 128.2 56.5 47.4 255.8 93.3 224.2 227.9 201.1 209.9 53.7 191.1
internal_count=1411 857 554 620 286 237 147 516 226 106 90 449 165 334 401 298 371 99 324
is_linear=0
shrinkage=0.05


Tree=2
num_leaves=20
num_cat=0
split_feature=11 68 16 42 25 58 9 60 32 40 35 32 23 31 57 32 42 35 4
split_gain=366.274 109.189 21.6247 19.306 18.3694 34.559 14.3177 12.4082 6.83324 6.7438 4.37233 3.12996 1.95499 1.36241 0.462493 0.439698 0.0369797 5.68434e-14 2.84217e-14
threshold=1278.0250000000003 1.0000000180025095e-35 0.81105508711308827 0.980279171389285 245.00000000000003 73.355000000000004 1105.0000000000002 3884.8200000000002 0.8137666781564622 -15.762829086770379 0.055543418951012453 0.72126954577260338 3465.0000000000005 -238.43000000000004 34.390000000000008 0.91582958369350054 0.82411309819116552 0.51696452101302048 6.5000000000000009
decision_type=2 2 2 2 2 2 2 2 2 2 2 2 2 2 2 2 2 2 2
left_child=2 3 10 11 5 -3 8 9 -6 -5 -1 -2 14 -12 -8 16 -15 -18 -16
right_child=1 4 -4 7 6 -7 12 -9 -10 -11 13 -13 -14 15 18 -17 17 -19 -20
leaf_value=3.1943312964439396 1.998633553981781 -4.4680125567913054 -1.072906251192093 -3.358936107158661 0.11687530994415277 1.331453103542328 -4.1345875117778776 0.73167391061782827 -1.0012748289108278 0.082289496898651046 3.8092714076042173 3.7987909102439881 -1.7576374669075017 5.5745710139274598 -3.6887624690532692 5.5000715022087094 6.0490712885856626 6.9085714106559752 -2.7665874812603
leaf_weight=30.999999701976776 24.699999988079071 33.699999541044235 23.500000238418579 21.800000011920929 22.999999850988388 27.599999696016312 15.899999767541884 22.799999982118607 27.79999965429306 23.79999977350235 23.699999749660492 30.199999868869781 26.199999630451202 16.000000059604645 199.89999750256538 24.999999701976776 103.89999938011169 91.999998956918716 40.49999937415123
leaf_count=52 49 52 55 44 41 45 24 45 44 40 39 56 40 34 316 40 187 149 60
internal_value=-0.000408163 -0.0262696 0.0420977 0.0148013 -0.0391029 -0.0139478 -0.0437294 -0.00292398 -0.0192913 -0.0179825 0.0458162 0.0368852 -0.0481239 0.0479279 -0.0494538 0.0490713 0.0498112 0.05 -0.05
internal_weight=833 517.9 315.1 123.3 394.6 61.3 333.3 68.4 50.8 45.6 291.6 54.9 282.5 260.6 256.3 236.9 211.9 195.9 240.4
internal_count=1412 856 556 234 622 97 525 129 85 84 501 105 440 449 400 410 370 336 376
is_linear=0
shrinkage=0.05


Tree=3
num_leaves=19
num_cat=1
split_feature=21 65 53 25 57 42 19 35 60 14 63 59 31 44 57 39 9 63
split_gain=332.922 73.4579 41.0847 34.6221 29.7488 26.6301 11.1307 8.87017 6.36258 5.49662 4.7662 2.19909 1.20077 0.374077 0.220133 0.0983927 2.84217e-14 2.84217e-14
threshold=1435.0000000000002 1.0000000180025095e-35 0 295.00000000000006 88.640000000000015 0.72956303442559356 680.00000000000011 0.07397731234169426 3950.4700000000007 120.81500000000001 0.90279881412363128 976.2600000000001 -235.3799999999998 0.018963177650132206 141.80500000000004 -29.158375054199663 1794.7050000000002 0.87400428037103628
decision_type=2 2 1 2 2 2 2 2 2 2 2 2 2 2 2 2 2 2
left_child=2 3 7 4 -2 -3 9 -1 11 10 -7 -5 -9 -13 17 -15 -17 -14
right_child=1 5 -4 8 -6 6 -8 12 -10 -11 -12 13 14 15 -16 16 -18 -19
leaf_value=2.9503146713495259 -4.2137086951851845 4.0274448840379717 -3.2692609386324882 -5.9267104380249975 1.2291806040048598 -0.13621863102912926 0.98545570981502528 3.6188078372240065 -1.4920556462049488 0.09514692585468297 -1.4192610905170442 -2.8992743539929395 6.4448614356279368 -2.6804218542695049 5.2729179255723952 -3.6145243406414993 -3.2757581036210057 5.8893614051103595
leaf_weight=37.199999660253525 37.599999487400055 30 22.900000095367432 15.100000023841856 43.799999624490738 30.499999940395355 32.099999785423279 27.199999779462814 26.799999594688416 29.899999797344208 27.299999535083771 17.899999797344208 94.599999845027924 18.299999892711639 34.700000137090683 109.39999827742577 97.299998879432678 100.09999829530716
leaf_count=63 58 60 49 31 75 59 57 47 40 53 39 29 184 33 74 161 157 143
internal_value=-0.000522397 -0.0252907 0.0398326 -0.0373566 -0.00859951 0.00420561 -0.00634391 0.0448604 -0.0455758 -0.0155644 -0.0245675 -0.0479845 0.0481684 -0.0491354 0.0493461 -0.0496889 -0.05 0.05
internal_weight=832.7 516 316.7 366.2 81.4 149.8 119.8 293.8 284.8 87.7 57.8 258 256.6 242.9 229.4 225 206.7 194.7
internal_count=1412 852 560 584 133 268 208 511 451 151 98 411 448 380 401 351 318 327
cat_boundaries=0 1
cat_threshold=1
is_linear=0
shrinkage=0.05


Tree=4
num_leaves=21
num_cat=2
split_feature=11 68 53 19 51 15 42 5 39 38 63 57 20 38 38 30 42 13 9 17
split_gain=345.17 94.8529 46.438 14.7396 14.2229 16.4178 13.6345 12.8174 10.6362 3.83207 2.30461 2.16093 1.49799 1.13035 0.74365 0.703755 0.922229 0.0234228 2.84217e-14 2.84217e-14
threshold=1278.0250000000003 1.0000000180025095e-35 0 105.00000000000001 1 83.680000000000021 0.7222531535708584 0.5634920634920636 -14.867883733165131 282.71192743764169 0.94415999944362861 35.580000000000005 765.00000000000011 214.50158730158734 241.6484467120182 6.4300000000000077 0.94339419923801626 80.470000000000013 614.67000000000007 2045.0000000000002
decision_type=2 2 1 2 1 2 2 2 2 2 2 2 2 2 2 2 2 2 2 2
left_child=2 6 9 4 5 -3 -2 8 -8 12 13 -5 18 17 -14 16 -13 -6 -1 -17
right_child=1 3 -4 11 10 -7 7 -9 -10 -11 -12 15 14 -15 -16 19 -18 -19 -20 -21
leaf_value=5.8553936705482004 3.7995549166572093 0.65734214030504212 -3.5057978917008641 -2.8056975492477414 -4.1610840235227347 -2.917483941125274 -1.6524312858700754 1.0759287343728545 0.50798944833636317 3.0246767128789416 -1.5830839548581839 -2.5425481379145385 4.1166925187003613 -1.0090380977511402 5.1367749361884592 -4.7688982308024164 -2.568248134862781 -4.0163257973665001 5.1181742815864082 -3.5089833918225768
leaf_weight=183.79999876022339 34.000000059604645 37.0999995470047 23.400000125169754 20.799999684095383 33.999999791383743 28.599999576807022 29.800000041723251 30.099999845027924 26.999999731779099 31.899999648332596 29.399999499320984 25.199999660253525 21.399999737739563 24.699999809265137 21.700000077486038 91.799998551607132 26.099999696016312 17.900000244379044 32.299999564886093 51.799999207258224
leaf_count=326 70 59 51 31 61 43 61 55 45 52 42 39 34 43 46 135 42 44 50 77
internal_value=-0.000328148 -0.0258017 0.0408426 -0.0378678 -0.0269365 -0.00442536 0.0128619 0.00235903 -0.0116197 0.0462899 -0.0369828 -0.0465693 0.0483025 -0.0450392 0.0397912 -0.0482042 -0.0431774 -0.0492293 0.05 -0.05
internal_weight=822.8 508.3 314.5 387.4 171.7 65.7 120.9 86.9 56.8 291.1 106 215.7 259.2 76.6 43.1 194.9 51.3 51.9 216.1 143.6
internal_count=1406 847 559 616 292 102 231 161 106 508 190 324 456 148 80 293 81 105 376 212
cat_boundaries=0 1 2
cat_threshold=1 72
is_linear=0
shrinkage=0.05


Tree=5
num_leaves=22
num_cat=0
split_feature=11 68 38 63 45 31 31 25 39 44 31 31 22 20 10 10 68 57 68 32 5
split_gain=340.61 96.1974 23.6609 19.906 19.5748 18.3708 17.0776 15.8898 15.1028 7.69451 6.79385 5.11476 2.06727 1.25315 1.23329 1.8311 0.415815 0.200454 0.0713863 2.84217e-14 1.42109e-14
threshold=1261.4400000000003 1.0000000180025095e-35 159.79139455782334 0.87316656255011582 0.040265353732771507 -1.0000000180025095e-35 -198.51999999999995 225.00000000000003 -18.299271112810498 0.029345052452509155 -238.43000000000004 -173.69499999999991 389.99999999999994 765.00000000000011 167.75000000000003 173.65500000000003 55.143999999999991 35.580000000000005 89.866000000000014 0.81139432279325774 0.29285714285714287
decision_type=2 2 2 2 2 2 2 2 2 2 2 2 2 2 2 2 2 2 2 2 2
left_child=2 4 3 -1 8 6 12 -8 -2 -10 -4 -9 -3 18 17 -16 -17 -7 19 -12 -19
right_child=1 5 10 -5 -6 14 7 11 9 -11 13 -13 -14 -15 15 16 -18 20 -20 -21 -22
leaf_value=-2.8305079971158209 -3.3572673342335224 -2.9411490786284507 2.4897586478658313 5.7070796125548489 3.4429521670096515 -4.0656902812761073 1.1705543111497165 -0.35956274222671958 -0.17287902390712517 1.8502464640138747 6.0223239610808497 -1.7459623001539111 -1.3988126451582017 4.7909828964369892 -1.9096532294261757 -2.5514090449679201 -2.8575032422054116 -4.9875706514823737 4.2054206483023764 5.3691049688475729 -1.7189122642003896
leaf_weight=21.500000208616257 26.00000011920929 42.699999451637268 29.099999696016312 23.799999594688416 31.399999886751175 20.599999725818634 23.399999767541885 31.999999582767487 40.699999690055847 33.39999982714653 92.599999278783798 26.700000017881393 36.399999558925629 29.000000029802322 30.799999475479126 25.399999707937241 37.899999380111694 91.599998772144318 24.400000095367432 102.19999888539314 28.099999636411667
leaf_count=50 56 67 48 34 59 32 39 50 71 61 161 54 58 59 44 41 55 142 52 167 44
internal_value=-0.000229493 -0.0249953 0.0402356 0.00673289 0.0120532 -0.0373104 -0.0243176 -0.00834348 0.00124875 0.012753 0.0457086 -0.0222317 -0.0408976 0.0483884 -0.0462457 -0.0418172 -0.0466825 -0.049216 0.0496807 0.05 -0.05
internal_weight=849.7 527.1 322.6 45.3 131.5 395.6 161.2 82.1 100.1 74.1 277.3 58.7 79.1 248.2 234.4 94.1 63.3 140.3 219.2 194.8 119.7
internal_count=1444 873 571 84 247 626 268 143 188 132 487 104 125 439 358 140 96 218 380 328 186
is_linear=0
shrinkage=0.05


Tree=6
num_leaves=21
num_cat=1
split_feature=11 65 53 22 30 42 39 19 35 62 15 15 30 31 12 45 36 33 44 10
split_gain=313.508 70.5833 42.1429 22.6266 36.0919 21.0605 12.0149 11.9586 9.04655 7.79891 5.59777 9.06504 1.86375 1.59514 1.17554 0.801009 0.590665 0.489521 0.0263174 2.84217e-14
threshold=1278.0250000000003 1.0000000180025095e-35 0 215.00000000000003 13.019999999999756 0.71105902210756089 -21.071588964412072 680.00000000000011 0.078856233399215117 4269.5800000000008 71.185000000000016 76.19000000000004 -1.7799999999999725 -238.43000000000004 35.105000000000011 0.015940199084185955 -0.074731013141049726 0.46156847507155857 0.11100085058123046 172.66500000000002
decision_type=2 2 1 2 2 2 2 2 2 2 2 2 2 2 2 2 2 2 2 2
left_child=2 3 8 4 6 -3 -2 10 -1 12 -7 -12 -5 -10 -14 -15 -16 -6 -17 -18
right_child=1 5 -4 9 17 7 -8 -9 13 -11 11 -13 14 15 16 18 19 -19 -20 -21
leaf_value=2.5148774245665879 -2.6685916132529366 4.087554131413075 -3.1889825972600296 -1.8177190608848914 -2.9413116545279614 0.044065266710788364 1.4497853623941539 0.79949629098422226 2.9942542856071799 -1.099128532193302 -0.75637660908776816 -0.050004048758807332 -1.9335705685270714 4.1578666816030463 -3.5990621415245521 5.4976748668895681 -4.3215246920836856 -4.3755876568822272 4.2894327462421398 -2.4983277773017574
leaf_weight=35.899999707937241 20.799999952316284 27.900000035762787 23.300000101327896 39.39999982714653 22.89999982714653 26.899999886751175 29.399999588727951 31.29999977350235 24.699999809265137 26.899999618530273 34.499999642372131 29.899999797344208 28.399999618530273 26.599999725818634 34.299999505281448 188.69999831914902 91.799998462200165 25.799999713897705 21.800000101327896 54.799999386072159
leaf_count=62 40 57 50 73 40 50 45 55 43 41 57 53 44 44 52 321 132 42 47 89
internal_value=0.000295508 -0.0235048 0.0392212 -0.0351268 -0.0146107 0.00541528 0.0151394 -0.00350734 0.0442896 -0.0424891 -0.0126506 -0.0206522 -0.0452553 0.0475172 -0.0471333 0.0487769 -0.048618 -0.0452772 0.04981 -0.05
internal_weight=846 525 321 374.5 98.9 150.5 50.2 122.6 297.7 275.6 91.3 64.4 248.7 261.8 209.3 237.1 180.9 48.7 210.5 146.6
internal_count=1437 870 567 598 167 272 85 215 517 431 160 110 390 455 317 412 273 82 368 221
cat_boundaries=0 1
cat_threshold=1
is_linear=0
shrinkage=0.05


Tree=7
num_leaves=21
num_cat=0
split_feature=11 68 16 18 42 25 58 35 57 5 14 8 68 68 18 11 22 73 15 29
split_gain=305.836 91.5963 30.4613 18.8023 17.0085 11.5833 28.9471 11.045 9.41946 4.16495 3.79267 2.46964 2.42165 2.41877 2.24949 0.931251 0.916914 0.527442 0.115957 2.84217e-14
threshold=1278.0250000000003 1.0000000180025095e-35 0.82000225994208364 1175.0000000000002 0.93854973805088471 245.00000000000003 59.595000000000006 0.07397731234169426 147.57000000000002 0.27922077922077926 134.18000000000004 5898.8888888888896 90.759500000000017 82.416000000000011 1655.0000000000002 946.00500000000011 455.00000000000028 0.87956528656610133 104.65999999999998 -84.769999999999968
decision_type=2 2 2 2 2 2 2 2 2 2 2 2 2 2 2 2 2 2 2 2
left_child=2 4 7 -3 11 6 -5 -1 9 -6 14 -2 15 -12 -7 -9 18 -17 19 -16
right_child=1 3 -4 5 8 10 -8 12 -10 -11 13 -13 -14 -15 16 17 -18 -19 -20 -21
leaf_value=2.519169246007424 2.4486197314497766 -0.17000793579890719 -2.2295334435551704 -3.0452823571882783 -1.1121561107204621 -1.7268331078406469 0.97538747090514022 5.0794269114135897 -2.4782615165576907 0.58976447053800818 -1.1035788786805814 3.0127259377055804 3.2634371587394875 -2.1142220661968874 -3.611763693193256 4.1339531989788219 -2.5346749730189133 3.7702329126912044 -2.190729480734491 -3.349938197603846
leaf_weight=43.199999570846558 28.099999994039536 40.299999684095383 23.200000256299973 31.999999582767487 21.599999785423279 25.699999690055847 24.899999767541885 180.19999825954437 18.300000071525574 33.599999874830246 30.399999558925629 24.699999809265137 33.800000101327896 27.799999564886093 24.900000035762787 20.599999904632568 37.799999445676804 26.099999696016312 33.499999493360519 111.2999983727932
leaf_count=72 56 70 55 50 36 41 42 302 39 63 46 43 71 41 51 38 57 42 50 168
internal_value=0.000605701 -0.0234123 0.0384133 -0.0354349 0.0135788 -0.039176 -0.0185413 0.0426292 -0.00197279 0.00833333 -0.0432052 0.0352273 0.0465094 -0.0317869 -0.0460549 0.0483693 -0.0477831 0.0420771 -0.0493518 -0.05
internal_weight=842 514.9 327.1 388.6 126.3 348.3 56.9 303.9 73.5 55.2 291.4 52.8 260.7 58.2 233.2 226.9 207.5 46.7 169.7 136.2
internal_count=1433 853 580 616 237 546 92 525 138 99 454 99 453 87 367 382 326 80 269 219
is_linear=0
shrinkage=0.05


end of trees

feature_importances:
words_vs_alias_score_margin=10
base_cutoff_to_next_anchor_ms=9
f0_voicing_mean=8
base_offset=7
base_cutoff_abs=7
energy_slope_pre=7
valley_dist_from_cutoff_ms=6
db_mean=6
prev_base_pre=6
row_ratio_in_wav=5
base_cut_gap=5
syllable_len_ms=5
curr_phone_len_ms=4
base_pre_to_expected_ms=4
energy_mean=4
zcr_mean=4
bridge_type=4
next_base_offset=4
mapping_confidence=4
base_cons=3
base_ovl_ratio=3
curr_vowel_len_ms=3
spectral_flux_mean=3
base_pre=2
base_cons_gap=2
curr_phone_start_ms=2
curr_phone_end_ms=2
curr_vowel_start_ms=2
curr_vowel_end_ms=2
syllable_start_ms=2
base_offset_to_expected_ms=2
db_min=2
next_base_pre=2
prev_base_offset=2
used_exact_vowel_fix=2
mel_window_energy_mean=2
row_index_in_wav=1
wav_duration_ms=1
base_ovl=1
energy_min=1
energy_slope_post=1
vowel_class=1
next_base_cutoff_abs=1

parameters:
[boosting: gbdt]
[objective: regression_l1]
[metric: l1]
[tree_learner: serial]
[device_type: cpu]
[data_sample_strategy: bagging]
[data: ]
[valid: ]
[num_iterations: 500]
[learning_rate: 0.05]
[num_leaves: 31]
[num_threads: 0]
[seed: 0]
[deterministic: 0]
[force_col_wise: 0]
[force_row_wise: 0]
[histogram_pool_size: -1]
[max_depth: -1]
[min_data_in_leaf: 40]
[min_sum_hessian_in_leaf: 0.001]
[bagging_fraction: 0.85]
[pos_bagging_fraction: 1]
[neg_bagging_fraction: 1]
[bagging_freq: 1]
[bagging_seed: 3]
[bagging_by_query: 0]
[feature_fraction: 0.85]
[feature_fraction_bynode: 1]
[feature_fraction_seed: 2]
[extra_trees: 0]
[extra_seed: 6]
[early_stopping_round: 0]
[early_stopping_min_delta: 0]
[first_metric_only: 0]
[max_delta_step: 0]
[lambda_l1: 0]
[lambda_l2: 0]
[linear_lambda: 0]
[min_gain_to_split: 0]
[drop_rate: 0.1]
[max_drop: 50]
[skip_drop: 0.5]
[xgboost_dart_mode: 0]
[uniform_drop: 0]
[drop_seed: 4]
[top_rate: 0.2]
[other_rate: 0.1]
[min_data_per_group: 100]
[max_cat_threshold: 32]
[cat_l2: 10]
[cat_smooth: 10]
[max_cat_to_onehot: 4]
[top_k: 20]
[monotone_constraints: ]
[monotone_constraints_method: basic]
[monotone_penalty: 0]
[feature_contri: ]
[forcedsplits_filename: ]
[refit_decay_rate: 0.9]
[cegb_tradeoff: 1]
[cegb_penalty_split: 0]
[cegb_penalty_feature_lazy: ]
[cegb_penalty_feature_coupled: ]
[path_smooth: 0]
[interaction_constraints: ]
[verbosity: -1]
[saved_feature_importance_type: 0]
[use_quantized_grad: 0]
[num_grad_quant_bins: 4]
[quant_train_renew_leaf: 0]
[stochastic_rounding: 1]
[linear_tree: 0]
[max_bin: 255]
[max_bin_by_feature: ]
[min_data_in_bin: 3]
[bin_construct_sample_cnt: 200000]
[data_random_seed: 1]
[is_enable_sparse: 1]
[enable_bundle: 1]
[use_missing: 1]
[zero_as_missing: 0]
[feature_pre_filter: 1]
[pre_partition: 0]
[two_round: 0]
[header: 0]
[label_column: ]
[weight_column: ]
[group_column: ]
[ignore_column: ]
[categorical_feature: 0,1,2,3,46,47,50,51,52,53,55,56,70]
[forcedbins_filename: ]
[precise_float_parser: 0]
[parser_config_file: ]
[objective_seed: 5]
[num_class: 1]
[is_unbalance: 0]
[scale_pos_weight: 1]
[sigmoid: 1]
[boost_from_average: 1]
[reg_sqrt: 0]
[alpha: 0.9]
[fair_c: 1]
[poisson_max_delta_step: 0.7]
[tweedie_variance_power: 1.5]
[lambdarank_truncation_level: 30]
[lambdarank_norm: 1]
[label_gain: ]
[lambdarank_position_bias_regularization: 0]
[eval_at: ]
[multi_error_top_k: 1]
[auc_mu_weights: ]
[num_machines: 1]
[local_listen_port: 12400]
[time_out: 120]
[machine_list_filename: ]
[machines: ]
[gpu_platform_id: -1]
[gpu_device_id: -1]
[gpu_use_dp: 0]
[num_gpu: 1]

end of parameters

pandas_categorical:[["japanese"], ["cvvc"], ["cv", "cv_head", "vc", "vv"], ["cv_fricative", "cv_head_fricative", "cv_head_other", "cv_head_plosive", "cv_head_sonorant", "cv_other", "cv_plosive", "cv_sonorant", "vc_fricative", "vc_other", "vc_plosive", "vc_sonorant", "vv"], ["fricative", "other", "plosive", "sonorant"], ["unknown", "voiced", "voiceless"], ["none"], ["", "a", "e", "i", "n", "o", "u"], ["head", "mid", "tail"], ["", "vc", "vv"], ["", "cv", "cv_head", "vc", "vv"], [""], ["unknown"]]
