tree
version=v4
num_class=1
num_tree_per_iteration=1
label_index=0
max_feature_idx=74
objective=regression_l1
feature_names=language format_type alias_type alias_group row_index_in_wav row_ratio_in_wav is_head_row is_tail_row wav_duration_ms base_offset base_cons base_cutoff_abs base_pre base_ovl base_cons_gap base_cut_gap base_ovl_ratio curr_phone_start_ms curr_phone_end_ms curr_phone_len_ms curr_vowel_start_ms curr_vowel_end_ms curr_vowel_len_ms syllable_start_ms syllable_end_ms syllable_len_ms prev_phone_gap_ms next_phone_gap_ms expected_anchor_ms base_offset_to_expected_ms base_pre_to_expected_ms base_cutoff_to_next_anchor_ms energy_mean energy_min energy_max energy_slope_pre energy_slope_post valley_energy valley_dist_from_cutoff_ms db_mean db_min db_silence_ratio f0_voicing_mean f0_voicing_near_pre zcr_mean spectral_flux_mean onset_class voicing_class is_tense is_diphthong coda_type vowel_class mora_position bridge_type is_nasal_or_sonorant prev_alias_type next_alias_type prev_base_pre next_base_pre prev_base_offset next_base_offset prev_base_cutoff_abs next_base_cutoff_abs mapping_confidence used_alias_occurrence_mapping used_exact_vowel_fix used_nuclei_fallback used_alias_based_syllables words_vs_alias_score_margin jump_blocked_flag mapping_reason_code local_peak_db local_valley_db mel_window_energy_mean mel_window_silence_ratio
feature_infos=none none -1:0:1:2:3 -1:1:0:3:2:4:6 [0:7] [0:1] [0:1] [0:1] [700.6802721088435:5749.8412698412694] [0:3535.5999999999999] [100.16:293.76999999999998] [225.94999999999999:3839.54] [0:167.40000000000001] [0:141.74000000000001] [29.010000000000005:161.56] [8:683.36000000000001] [0:0.85035714285714281] [10:3630] [40:4180] [10:2070] [0:3630] [0:4180] [0:2070] [0:3570] [40:4180] [40:2210] none [0:560] [10:3630] [-187.78:5.6599999999999966] [-24.970000000000027:93.599999999999923] [-541.99000000000001:2038.79] [0.0164389487117606:1] [0:1] [0.1052411831442804:1] [-0.1082870304136998:0.99746521059252979] [-0.26561884225717758:0.91554178097058081] [0:1] [0.13476190476194461:686.86893424036271] [-57.858591754737994:-9.6683194513510955] [-94.624466016092001:-13.058172385845188] [0:0.64864864864864868] [0.1454008151692944:1] [0.0047033252354277003:1] [0.0056705415367167:0.17947263963708529] [0:0.066769476333917596] -1:1:3:2:0 -1:1:2:0 [0:1] [0:1] -1:1:2 -1:15:18:19:6:11:13:1:3:17:9:16:4:7:20:14:8:12:2:5:0:10 -1:0:1:2 -1:0:1 [0:1] -1:0:1:2:4 none [0:184.91999999999999] [0:185.41999999999999] [0:3428.02] [0:4101.6999999999998] [0:3735.0700000000002] [0:4368.3199999999997] [0.55882726817388217:1] none [0:1] none none [-0.56599999999999973:1610.3230000000001] none none [-57.858591754737994:-9.6683194513510955] [-94.624466016092001:-13.058172385845188] [0.0164389487117606:1] [0:0.64864864864864868]
tree_sizes=1580 1639 1647 1546 1635 1563 1553 1710 1879 1822 1713 1538 1721 1637 1567 1745 1671 1727 1813 1755 1665 1620 1598 1668 1676 1673 1658 1830 1676 1636 1664 1655 1752 1750 1593 1570

Tree=0
num_leaves=18
num_cat=0
split_feature=23 16 38 22 25 10 31 49 30 45 40 35 18 29 8 14 11
split_gain=66.4646 58.2594 26.6758 30.0436 46.4686 21.4103 20.7167 19.8073 12.4423 9.41501 7.34167 6.24026 5.1506 3.78899 2.95941 2.57026 0.635294
threshold=115.00000000000001 0.63662632295946331 102.40048752834467 661.63000000000011 460.00000000000017 192.51500000000001 1.0000000180025095e-35 1.0000000180025095e-35 6.4500000000001316 0.009366989729021653 -19.868503683285827 0.2501014041148597 1085.0000000000002 -114.37499999999996 903.56009070294795 102.06500000000001 611.18500000000006
decision_type=2 2 2 2 2 2 2 2 2 2 2 2 2 2 2 2 2
left_child=7 11 10 4 6 -6 -4 -1 -7 -10 -3 -2 -5 -14 -9 16 -11
right_child=1 2 3 12 5 8 -8 14 9 15 -12 -13 13 -15 -16 -17 -18
leaf_value=42.628124713897705 41.108999709784982 40.997249698638917 44.227974796295165 41.79604971408844 43.631249618530276 44.399249744415286 42.004249715805052 40.380149745941161 44.958749771118164 47.311749649047854 43.493749618530273 41.194499710202216 42.840749692916873 44.482749557495119 41.294724710658194 46.106249618530271 46.610999679565431
leaf_weight=54 44 55 46 46 55 46 61 61 49 40 59 56 44 42 40 72 96
leaf_count=54 44 55 46 46 55 46 61 61 49 40 59 56 44 42 40 72 96
internal_value=43.445 43.4507 43.4558 43.46 43.466 43.4746 43.4371 43.415 43.4798 43.4841 43.4336 43.415 43.4389 43.4462 43.4019 43.4887 43.4928
internal_weight=966 811 711 597 465 358 107 155 303 257 114 100 132 86 101 208 136
internal_count=966 811 711 597 465 358 107 155 303 257 114 100 132 86 101 208 136
is_linear=0
shrinkage=1


Tree=1
num_leaves=18
num_cat=1
split_feature=9 25 8 22 39 51 10 19 40 58 11 49 57 25 40 10 9
split_gain=67.0285 63.6033 47.7233 27.309 23.5736 17.2821 19.38 11.6271 9.18187 8.71947 8.50722 7.55136 6.42798 4.6235 2.95317 2.05613 0.229787
threshold=101.92 460.00000000000017 5617.7777777777783 185.00000000000003 -20.564381364696711 0 188.58500000000004 485.00000000000006 -19.620640396092604 82.475000000000009 964.95500000000004 1.0000000180025095e-35 74.330000000000013 721.63000000000011 -20.934901316514523 207.48000000000005 2417.6700000000005
decision_type=2 2 2 2 2 1 2 2 2 2 2 2 2 2 2 2 2
left_child=11 3 4 -2 10 8 -7 -8 -6 16 -3 -1 -5 14 -9 -13 -4
right_child=1 2 9 12 5 6 7 13 -10 -11 -12 15 -14 -15 -16 -17 -18
leaf_value=-1.6649562120437622 0.13620002366602435 -3.0981374549865723 3.232449932098389 -1.2754624676704407 -1.4652743687201293 -1.1095624542236331 0.75710005521774293 2.6857249999046324 0.4643124580383301 1.7253376054763792 -0.061037538051605368 -1.8644574892520904 -1.6812187404185535 0.95365621566772463 2.1674375534057617 -3.0933824968338013 3.4483188056945808
leaf_weight=61 67 55 54 42 68 43 46 72 63 40 59 46 76 46 40 44 40
leaf_count=61 67 55 54 42 68 43 46 72 63 40 59 46 76 46 40 44 40
internal_value=-0.0002079 0.00548705 0.013099 -0.0202703 0.00589431 0.0119048 0.0192607 0.0264706 -0.00319149 0.0395522 -0.0140351 -0.0307947 -0.0347458 0.0329114 0.0383929 -0.04 0.0478723
internal_weight=962 811 626 185 492 378 247 204 131 134 114 151 118 158 112 90 94
internal_count=962 811 626 185 492 378 247 204 131 134 114 151 118 158 112 90 94
cat_boundaries=0 1
cat_threshold=546976
is_linear=0
shrinkage=0.05


Tree=2
num_leaves=18
num_cat=1
split_feature=9 25 8 42 57 51 49 14 10 38 68 23 39 42 42 12 45
split_gain=61.4959 62.1781 46.2459 32.2909 16.1221 13.3317 11.3739 11.1585 8.8501 7.96848 7.3401 5.78452 5.23358 4.81238 2.59423 1.85197 0.886792
threshold=101.92 460.00000000000017 5617.7777777777783 0.92712899030337625 74.330000000000013 0 1.0000000180025095e-35 96.335000000000022 192.19500000000002 194.21390022675743 108.52750000000002 315.00000000000006 -18.307058573430918 0.8715088642944272 0.99496721085170814 104.39500000000001 0.018721171216564404
decision_type=2 2 2 2 2 1 2 2 2 2 2 2 2 2 2 2 2
left_child=6 4 3 5 12 10 -1 -5 -7 -4 -3 -9 -2 -10 -8 -6 -11
right_child=1 2 9 7 15 8 14 11 13 16 -12 -13 -14 -15 -16 -17 -18
leaf_value=-1.2843084037303925 -1.4534740398768335 1.0140407466888426 2.5476211991310116 0.33609691143035897 -2.1131640484891832 0.96591564941406249 -1.6801114864051343 -1.1161530923843384 2.8741709094643593 2.6959151687622072 -1.3110009542356711 -2.2018737584850752 0.17006069099903132 1.3291523016095164 -2.5878777472544461 -0.98190152778849016 3.4844150009155275
leaf_weight=61 58 69 42 55 41 51 40 53 70 53 40 67 41 78 58 40 47
leaf_count=61 58 69 42 55 41 51 40 53 70 53 40 67 41 78 58 40 47
internal_value=-0.000829876 0.00478261 0.01224 0.00486542 -0.0211111 0.0146104 -0.0292453 -0.0122857 0.0217703 0.0373239 -0.000420168 -0.0208333 -0.00757576 0.0290541 -0.0397959 -0.0376543 0.045
internal_weight=964 805 625 483 180 308 159 175 199 142 109 120 99 148 98 81 100
internal_count=964 805 625 483 180 308 159 175 199 142 109 120 99 148 98 81 100
cat_boundaries=0 1
cat_threshold=14562
is_linear=0
shrinkage=0.05


Tree=3
num_leaves=17
num_cat=0
split_feature=9 25 11 14 38 19 22 12 43 37 39 57 44 14 68 39
split_gain=56.4535 54.63 32.1093 26.9859 22.4003 28.5049 17.9858 12.3853 10.9048 10.6198 9.51982 7.60074 3.94569 3.22296 3.29295 2.16646
threshold=101.92 460.00000000000017 2205.8700000000003 121.53499999999998 103.72435374149664 661.63000000000011 185.00000000000003 97.780000000000015 0.93768852524235424 0.41488119248387595 -17.672029742935567 74.330000000000013 0.030195633683016702 85.450000000000017 89.328500000000005 -17.854326759212814
decision_type=2 2 2 2 2 2 2 2 2 2 2 2 2 2 2 2
left_child=9 6 3 4 10 7 -2 -6 13 -1 -3 -8 -7 -9 -15 -11
right_child=1 2 -4 -5 5 12 11 8 -10 15 -12 -13 -14 14 -16 -17
leaf_value=-0.70774053136068416 0.03608815502449865 -2.1420050900157772 3.3750499129772189 -2.8192275263052373 0.77798136756271108 0.57757333737550065 -1.1016971099206712 1.6904260926246644 0.76494658153057105 -1.8315615363411606 0.386301189994812 -1.6462558508330958 -1.1436854363203046 3.7029177373379469 1.6070379649845301 -2.3513444785258732
leaf_weight=40 64 53 79 40 74 40 42 44 73 59 49 76 63 53 58 47
leaf_count=40 64 53 79 40 74 40 42 44 73 59 49 76 63 53 58 47
internal_value=-0.000838574 0.00433168 0.0113419 0.00703839 0.0101578 0.0154321 -0.0197802 0.0231788 0.0289474 -0.0294521 -0.0107843 -0.0313559 -0.00728155 0.0364516 0.040991 -0.0377358
internal_weight=954 808 626 547 507 405 182 302 228 146 102 118 103 155 111 106
internal_count=954 808 626 547 507 405 182 302 228 146 102 118 103 155 111 106
is_linear=0
shrinkage=0.05


Tree=4
num_leaves=18
num_cat=0
split_feature=11 25 8 42 57 14 8 42 13 43 17 58 25 10 44 35 40
split_gain=58.6439 52.946 42.5555 42.0664 17.1991 15.7155 15.3794 10.9338 7.67436 8.22157 7.42508 5.47602 5.29771 4.12578 3.00974 1.60953 1.42473
threshold=426.71000000000004 460.00000000000017 5617.7777777777783 0.92253142032745317 61.065000000000005 95.66500000000002 1104.478458049887 0.98039737302544872 56.415000000000006 0.87889832586456962 1595.0000000000002 82.475000000000009 714.25000000000011 196.45500000000001 0.025768129054854105 0.038840821898192358 -28.312828568598302
decision_type=2 2 2 2 2 2 2 2 2 2 2 2 2 2 2 2 2
left_child=6 4 3 8 -2 -5 7 -1 -3 12 -6 16 13 -10 -7 -9 -4
right_child=1 2 11 5 10 14 -8 15 9 -11 -12 -13 -14 -15 -16 -17 -18
leaf_value=-1.2904416907595841 0.27206313762005774 0.18783328637309396 3.8048006946636734 0.48806212977528568 -1.7305555538106618 -1.7509048239814895 0.10631388713785324 -2.6490907065443139 1.4293877264989168 0.61872861948907387 -0.67605059157596092 1.716637435860038 1.9054443408616011 2.4996462482996407 -1.9370330265355038 -2.0990914058603378 2.6554892207449678
leaf_weight=71 54 49 53 59 52 71 48 43 43 55 40 40 41 72 60 60 40
leaf_count=71 54 49 53 59 52 71 48 43 43 55 40 40 41 72 60 60 40
internal_value=-0.000473186 0.0063786 0.0131218 0.00577778 -0.0205479 -0.0121053 -0.022973 -0.0298851 0.0188462 0.0229858 -0.0336957 0.0379699 0.0288462 0.0343478 -0.0217557 -0.0402913 0.0446237
internal_weight=951 729 583 450 146 190 222 174 260 211 92 133 156 115 131 103 93
internal_count=951 729 583 450 146 190 222 174 260 211 92 133 156 115 131 103 93
is_linear=0
shrinkage=0.05


Tree=5
num_leaves=17
num_cat=0
split_feature=11 19 8 42 63 8 58 36 42 10 32 68 10 68 8 36
split_gain=53.6118 49.3595 26.8092 21.9164 20.4677 15.0529 14.8371 12.6011 11.1645 10.9918 7.82709 7.26871 4.599 4.35823 3.99343 3.85957
threshold=426.71000000000004 415.00000000000006 5638.0952380952394 0.88912707530327595 0.91530106767031516 1104.478458049887 120.30000000000003 0.00094354043751925019 0.92889639596285767 192.19500000000002 0.93348239440513892 79.225000000000009 230.32000000000002 88.393000000000015 931.8367346938777 0.034292531626621055
decision_type=2 2 2 2 2 2 2 2 2 2 2 2 2 2 2 2
left_child=5 4 3 9 6 8 7 -2 -1 -3 -5 -12 -13 -11 -10 -4
right_child=1 2 15 10 -6 -7 -8 -9 14 13 11 12 -14 -15 -16 -17
leaf_value=-0.64531645619625155 -1.0891228744173127 0.7724871539747824 2.3880046244684126 -0.90395601660801228 -2.0647777786831285 0.29194477343844555 -0.9853782295616903 1.2224616254142049 -2.1434603484500943 2.6182364104252862 -0.27409074539734207 1.4242454827818931 0.070102433921633178 2.0265850315788132 -1.5152171841454651 3.3705240399035521
leaf_weight=50 71 49 66 69 56 49 55 55 75 67 57 60 49 46 58 45
leaf_count=50 71 49 66 69 56 49 55 55 75 67 57 60 49 46 58 45
internal_value=-0.000562948 0.00597315 0.0147638 0.00869018 -0.0128692 -0.0215517 -0.00469613 0.0047619 -0.0281421 0.0228395 -0.00106383 0.00481928 0.0123853 0.0314159 -0.0357143 0.0364865
internal_weight=977 745 508 397 237 232 181 126 183 162 235 166 109 113 133 111
internal_count=977 745 508 397 237 232 181 126 183 162 235 166 109 113 133 111
is_linear=0
shrinkage=0.05


Tree=6
num_leaves=17
num_cat=0
split_feature=20 19 22 10 8 8 38 8 21 10 59 14 29 45 68 39
split_gain=53.2233 56.9938 25.2312 19.6442 24.7369 15.8282 15.4244 14.1281 8.82057 8.4549 8.03282 7.23148 7.06052 4.55043 2.36609 2.07397
threshold=245.00000000000003 400.00000000000017 185.00000000000003 189.03000000000003 5638.0952380952394 1360.3968253968258 30.777698412698445 1104.478458049887 2205.0000000000005 211.05500000000004 757.68500000000006 93.480000000000004 -126.24999999999999 0.020050546560773354 58.926500000000011 -17.687792672488616
decision_type=2 2 2 2 2 2 2 2 2 2 2 2 2 2 2 2
left_child=7 2 -2 -3 5 6 -5 9 10 13 -4 -7 -8 -1 -6 -14
right_child=1 3 8 4 14 11 12 -9 -10 -11 -12 -13 15 -15 -16 -17
leaf_value=-1.6656868220929804 1.3703620420834197 -0.44206552231474633 -1.3184070335318254 -0.51299526350460101 2.9308388355116275 0.80831035009470975 0.94203552309546623 0.086400954109038433 -0.55722914288968395 -2.4558420492257449 -1.8201133383095334 -0.57253283477654537 1.7623966928657542 -0.71213784237670341 2.8425247425431124 2.0037429434025831
leaf_weight=65 58 67 65 46 56 44 49 50 42 60 58 58 72 45 58 76
leaf_count=65 58 67 65 46 56 44 49 50 42 60 58 58 72 45 58 76
internal_value=0.000257998 0.00660881 -0.014574 0.0155894 0.019281 0.0126087 0.0195473 -0.0213636 -0.0245455 -0.0282353 -0.0313008 -0.00392157 0.0256345 -0.02 0.0394737 0.0310811
internal_weight=969 749 223 526 459 345 243 220 165 170 123 102 197 110 114 148
internal_count=969 749 223 526 459 345 243 220 165 170 123 102 197 110 114 148
is_linear=0
shrinkage=0.05


Tree=7
num_leaves=19
num_cat=0
split_feature=9 25 14 38 19 22 10 33 32 45 19 39 14 38 9 14 19 42
split_gain=40.1058 48.3594 29.3166 24.9019 30.1222 17.2384 16.7419 14.2089 13.2111 8.42477 7.23585 6.82538 4.79606 4.4899 4.39398 2.28257 1.96981 0.953535
threshold=132.18000000000004 475.00000000000006 121.53499999999998 103.72435374149664 686.40500000000009 185.00000000000003 192.19500000000002 0.65387466688120077 0.96446810808175742 0.014207382901415601 375.00000000000006 -17.763309499070321 98.840000000000003 208.15918367346936 593.9000000000002 106.30500000000002 570.00000000000034 0.92805653368572305
decision_type=2 2 2 2 2 2 2 2 2 2 2 2 2 2 2 2 2 2
left_child=7 5 3 11 6 -2 -5 13 15 -9 -7 -3 -10 -1 -6 16 17 -8
right_child=1 2 -4 4 14 10 8 9 12 -11 -12 -13 -14 -15 -16 -17 -18 -19
leaf_value=0.037831247031812509 0.46841622824746171 -1.826983098918457 -2.4516580577004508 0.63367564910591412 -1.821518106160162 -1.635947491098444 3.5325077411002894 -1.054672554478552 1.610031224013297 -2.029426995297432 -0.41095945254357624 0.34353250779311151 0.72843365538795846 -1.4497774269541805 0.3112066223504048 1.4165317689752037 1.9104829704877049 1.682647338100145
leaf_weight=68 47 43 41 59 41 70 59 40 47 58 46 53 43 45 40 75 41 40
leaf_count=68 47 43 41 59 41 70 59 40 47 58 46 53 43 45 40 75 41 40
internal_value=0.000523013 0.00597315 0.0127148 0.0158041 0.0207865 -0.0180982 0.0269231 -0.0187204 0.0316393 -0.0326531 -0.0284483 -0.00729167 0.0155556 -0.00663717 -0.00679012 0.0383721 0.0421429 0.0459596
internal_weight=956 745 582 541 445 163 364 211 305 98 116 96 90 113 81 215 140 99
internal_count=956 745 582 541 445 163 364 211 305 98 116 96 90 113 81 215 140 99
is_linear=0
shrinkage=0.05


Tree=8
num_leaves=21
num_cat=2
split_feature=4 42 10 8 46 10 11 15 31 42 44 47 24 35 19 68 33 10 63 10
split_gain=42.0834 47.9146 29.1135 29.4176 20.4614 19.0508 11.7321 10.9919 9.12792 7.02439 6.31827 6.20631 7.23297 10.3383 5.8031 5.60185 5.33087 4.50667 4.24073 2.63952
threshold=2.5000000000000004 0.92253142032745317 190.73500000000004 1052.5510204081636 0 182.00000000000003 422.31 76.685000000000031 235.74999999999991 0.99754652878509276 0.023674510915792403 1 925.00000000000011 0.53423666476730913 545.00000000000011 86.376000000000019 0.43578747169279725 178.65500000000003 0.82214553411320968 214.72500000000002
decision_type=2 2 2 2 1 2 2 2 2 2 2 1 2 2 2 2 2 2 2 2
left_child=1 5 17 10 7 -1 -7 9 15 -5 -4 18 -13 16 -2 -6 -14 -3 -8 -12
right_child=14 2 3 4 8 6 11 -9 -10 -11 19 12 13 -15 -16 -17 -18 -19 -20 -21
leaf_value=-1.0538044172896037 1.6295793928601556 -1.451390853529414 -0.77125265372533558 -1.1876602955830726 -0.36440535414101716 -0.98418054812688149 1.0696421075669402 -1.6836439539676016 1.6305272559100219 0.50756052424738662 -1.2908005846381718 -0.26774246315550415 1.6456729024567907 -0.25212868864261928 3.1289923793592429 0.82784378179007112 1.0343979187758561 -1.9349580357319085 2.2330590634962606 -2.5358609759153659
leaf_weight=45 41 40 41 41 48 49 67 41 43 41 40 47 45 41 40 60 52 60 44 51
leaf_count=45 41 40 41 41 48 49 67 41 43 41 40 47 45 41 40 60 52 60 44 51
internal_value=-0.000562948 -0.00368304 -0.013834 -0.00788177 0.00145985 0.00948718 0.0134783 -0.0131579 0.013354 -0.00365854 -0.0272727 0.0172297 0.0116216 0.0173913 0.0339506 0.00648148 0.0262887 -0.038 0.0265766 -0.0346154
internal_weight=977 896 506 406 274 390 345 123 151 82 132 296 185 138 81 108 97 100 111 91
internal_count=977 896 506 406 274 390 345 123 151 82 132 296 185 138 81 108 97 100 111 91
cat_boundaries=0 1 2
cat_threshold=12 2
is_linear=0
shrinkage=0.05


Tree=9
num_leaves=20
num_cat=1
split_feature=21 42 8 63 38 63 51 39 29 8 19 35 29 19 19 39 40 12 40
split_gain=44.3332 50.8012 25.6217 24.8207 10.6371 12.1115 10.2687 13.2583 10.1574 7.55799 4.73655 4.32651 4.32194 4.02291 11.6433 3.869 3.62127 3.18411 3.14682
threshold=3015.0000000000005 0.91493430112147511 931.8367346938777 0.91530106767031516 181.69773242630399 0.92267599534295142 0 -21.395228144478477 -129.02499999999998 2933.3333333333335 435.00000000000006 0.1763984608000965 -118.96000000000001 475.00000000000006 255.00000000000003 -18.4153032895093 -20.506344158508742 97.780000000000015 -23.790324911566888
decision_type=2 2 2 2 2 2 1 2 2 2 2 2 2 2 2 2 2 2 2
left_child=1 4 16 6 15 8 11 9 -6 -8 -10 -4 -9 14 -14 -1 -3 -12 -19
right_child=-2 2 3 -5 5 -7 7 12 10 -11 17 -13 13 -15 -16 -17 -18 18 -20
leaf_value=-0.96999844070572017 3.0313491819843277 -2.2013884747274957 -1.6295039730523699 -1.5897115213558384 0.18686226000728112 -0.7788276872132418 -1.5160788178418945 0.019954439893318823 0.96906151497169268 0.12073384277544807 1.5525180709225583 -0.10091596116857389 1.6422499654335772 1.0576200824005426 -0.41134341583061751 0.5278971384186939 -1.3451706842893569 3.1112853763837833 1.754250633447904
leaf_weight=47 62 51 61 72 43 45 41 60 41 40 42 45 44 49 40 46 43 52 40
leaf_count=47 62 51 61 72 43 45 41 60 41 40 42 45 44 49 40 46 43 52 40
internal_value=0.00103734 -0.00177384 -0.0113553 -0.00641593 0.0129213 0.0180608 -0.00131579 0.00387324 0.0229358 -0.012963 0.0282857 -0.0137931 0.0111399 0.0161654 0.00952381 -0.0016129 -0.0351064 0.0328358 0.0380435
internal_weight=964 902 546 452 356 263 380 274 218 81 175 106 193 133 84 93 94 134 92
internal_count=964 902 546 452 356 263 380 274 218 81 175 106 193 133 84 93 94 134 92
cat_boundaries=0 1
cat_threshold=657696
is_linear=0
shrinkage=0.05


Tree=10
num_leaves=19
num_cat=0
split_feature=11 25 8 42 8 63 14 14 42 30 38 14 11 25 9 17 38 35
split_gain=50.9013 54.3357 34.2625 21.3709 16.6598 14.5791 10.6668 10.1174 9.77531 9.37067 6.34375 4.81108 3.99969 3.96676 3.94806 4.09697 2.86513 0.839141
threshold=426.71000000000004 475.00000000000006 4636.8253968253975 0.92253142032745317 1104.478458049887 0.89788578902728011 91.540000000000006 93.360000000000014 0.99496721085170814 6.780000000000002 180.06195011337869 103.81000000000002 2205.8700000000003 675.00000000000011 297.99000000000007 775.00000000000011 201.27043083900233 0.29082861180556446
decision_type=2 2 2 2 2 2 2 2 2 2 2 2 2 2 2 2 2 2
left_child=4 5 3 9 8 6 -2 -5 16 -3 -11 13 -4 -12 -9 -16 -1 -14
right_child=1 2 12 7 -6 -7 -8 14 -10 10 11 -13 17 -15 15 -17 -18 -19
leaf_value=-0.93992732755043518 -0.94321399775035786 -0.40991960881691797 1.430240491856855 0.76245156524860291 0.27684577712906294 -1.4111325879575389 0.37020238201408467 -0.12978788898661123 -1.9424328245014231 0.46308076915776158 2.4776834846661187 0.76953197477965818 2.544309351349495 1.3856666296129443 -2.3908432501861583 -0.3220489143376149 -1.5542087229977666 2.8565329698310662
leaf_weight=57 51 51 57 47 46 50 46 45 76 55 47 64 40 44 48 40 43 42
leaf_count=57 51 51 57 47 46 50 46 45 76 55 47 64 40 44 48 40 43 42
internal_value=0.000684932 0.00708391 0.0139655 0.00714286 -0.0202703 -0.020068 -0.00876289 -0.00611111 -0.0272727 0.0162835 0.0209524 0.026129 0.0356115 0.0335165 -0.0131579 -0.0193182 -0.017 0.0426829
internal_weight=949 727 580 441 222 147 97 180 176 261 210 155 139 91 133 88 100 82
internal_count=949 727 580 441 222 147 97 180 176 261 210 155 139 91 133 88 100 82
is_linear=0
shrinkage=0.05


Tree=11
num_leaves=17
num_cat=0
split_feature=11 25 14 38 10 8 22 11 19 22 31 59 17 39 24 35
split_gain=39.1362 46.9752 31.3948 19.826 20.4516 13.5023 11.4978 10.5002 8.28933 8.81751 5.96662 5.88474 7.30814 4.62704 4.41574 3.85746
threshold=426.71000000000004 444.99999999999994 121.785 30.777698412698445 190.73500000000004 931.8367346938777 255.00000000000003 339.29000000000008 686.40500000000009 505.00000000000006 268.49000000000018 649.38000000000011 455.00000000000006 -19.439504134872141 765.00000000000011 0.26904667780729791
decision_type=2 2 2 2 2 2 2 2 2 2 2 2 2 2 2 2
left_child=5 6 3 -3 -5 14 -2 -7 9 10 15 12 -11 -9 -1 -6
right_child=1 2 -4 4 8 7 -8 13 -10 11 -12 -13 -14 -15 -16 -17
leaf_value=-1.5065337633018123 -0.53768799259092848 -0.99170611790717056 -2.550142812531297 -0.37111693776507393 0.8852930487636812 1.2015408783144423 -1.4572858128233943 -1.6079404312883487 0.38274135146971205 2.4463343748760682 1.4813855976334189 2.6969603132640145 0.71387669748567362 -0.99723213349541595 -1.8640041640071765 -0.040938749275040112
leaf_weight=56 42 59 46 70 77 45 74 40 74 74 41 54 69 41 43 43
leaf_count=56 42 59 46 70 77 45 74 40 74 74 41 54 69 41 43 43
internal_value=0.00021097 0.00587828 0.0114498 0.0147059 0.0179283 -0.018 -0.0232759 -0.00714286 0.0219907 0.0251397 0.0164596 0.0322335 0.0269231 -0.0179012 -0.0318182 0.0108333
internal_weight=948 723 607 561 502 225 116 126 432 358 161 197 143 81 99 120
internal_count=948 723 607 561 502 225 116 126 432 358 161 197 143 81 99 120
is_linear=0
shrinkage=0.05


Tree=12
num_leaves=19
num_cat=0
split_feature=25 11 14 38 10 22 8 22 25 10 40 39 12 33 19 43 8 16
split_gain=37.4936 42.5098 30.8864 17.5628 14.7243 13.5556 17.4351 11.2536 7.00153 7.98955 7.59383 6.77409 5.71793 5.65764 5.40346 2.96389 4.4818 0.875132
threshold=444.99999999999994 426.71000000000004 117.42500000000001 30.777698412698445 188.58500000000004 240.00000000000003 1032.8004535147395 632.08500000000015 485.00000000000006 196.45500000000001 -29.860341189063522 -19.731332246491032 126.78000000000002 0.63607983764724552 365.00000000000006 0.90675374650423113 3548.2993197278915 0.73387199304426309
decision_type=2 2 2 2 2 2 2 2 2 2 2 2 2 2 2 2 2 2
left_child=5 11 3 -3 -5 6 -1 8 -6 -10 -11 -2 -9 -13 -4 -12 -17 -7
right_child=1 2 14 4 7 17 -8 12 9 10 15 13 -14 -15 -16 16 -18 -19
leaf_value=-1.227924957721654 -1.741943180986165 -0.77671252644172994 -1.9036306809209877 -0.21807504662634969 0.39165357454012906 -1.5752022015231131 0.45741370752134181 0.95276209965792258 0.96982121161070589 2.8451612611482973 2.1083824798381863 -0.042505068143200479 -0.11326428732386661 -2.0765751155677474 -1.3565466641322894 0.64617281548402861 1.4484040951608472 -1.0145948401997151
leaf_weight=40 41 61 41 55 42 43 67 44 45 75 50 47 58 52 50 48 41 41
leaf_count=40 41 61 41 55 42 43 67 44 45 75 50 47 58 52 50 48 41 41
internal_value=-0.000903294 0.00413333 0.00983607 0.0145472 0.0179039 -0.0206806 -0.0088785 0.0212159 0.0260797 0.0291506 0.0331776 -0.0207143 0.00686275 -0.0136364 -0.017033 0.026259 0.0207865 -0.0357143
internal_weight=941 750 610 519 458 191 107 403 301 259 214 140 102 99 91 139 89 84
internal_count=941 750 610 519 458 191 107 403 301 259 214 140 102 99 91 139 89 84
is_linear=0
shrinkage=0.05


Tree=13
num_leaves=18
num_cat=1
split_feature=25 8 42 19 45 30 8 47 10 38 10 68 68 58 5 14 14
split_gain=38.4146 51.1592 42.7264 18.0194 12.855 11.2516 8.41174 7.4174 7.34433 9.29585 6.7508 5.90161 8.4142 4.02428 3.82829 2.63377 1.36848
threshold=475.00000000000006 5617.7777777777783 0.92412039219393016 686.40500000000009 0.027181168248138803 6.5549999999999793 931.8367346938777 0 196.45500000000001 181.69773242630399 239.47000000000003 69.450500000000019 99.009500000000017 82.475000000000009 0.41428571428571431 100.185 109.15500000000002
decision_type=2 2 2 2 2 2 2 1 2 2 2 2 2 2 2 2 2
left_child=4 2 3 5 7 -2 -4 -1 -7 -10 11 -8 -13 -9 -3 -11 -16
right_child=1 14 6 -5 -6 8 10 13 9 15 -12 12 -14 -15 16 -17 -18
leaf_value=-0.60835390531690692 -0.49670164773911962 1.2255815266043701 -1.9988248102623751 -1.2922332631629556 0.38165432616842526 0.76569707851282942 -1.1116081381312095 -1.2628396674177331 0.74943307806515436 2.8491683882383292 -1.5816930344791944 0.85279970793031312 -0.64305834805495976 -1.1362236547687854 2.7029031980908829 0.9963227788242629 1.5398574708260555
leaf_weight=58 59 58 61 48 49 78 56 61 40 44 66 40 53 74 43 40 40
leaf_count=58 59 58 61 48 49 78 56 61 40 44 66 40 53 74 43 40 40
internal_value=-0.000516529 0.00523416 -0.00128205 0.0114887 -0.0177686 0.0166667 -0.0155797 -0.0235751 0.0222772 0.0298387 -0.0109302 -0.00503356 0.00268817 -0.03 0.0322695 0.0392857 0.0391566
internal_weight=968 726 585 309 242 261 276 193 202 124 215 149 93 135 141 84 83
internal_count=968 726 585 309 242 261 276 193 202 124 215 149 93 135 141 84 83
cat_boundaries=0 1
cat_threshold=1
is_linear=0
shrinkage=0.05


Tree=14
num_leaves=17
num_cat=1
split_feature=11 19 22 10 8 8 42 42 38 29 25 47 35 33 39 18
split_gain=32.0057 41.188 19.2261 17.7785 16.4119 16.1107 12.8519 10.5218 9.17912 8.88528 6.81975 4.75637 4.29206 4.29155 3.71241 3.64505
threshold=427.80000000000007 400.00000000000017 185.00000000000003 190.22000000000003 1105.510204081633 5638.0952380952394 0.91398764596760385 0.98039737302544872 180.7747845804989 -129.02499999999998 745.00000000000011 0 0.038840821898192358 0.23297694143943112 -19.187547778738331 1005.0000000000001
decision_type=2 2 2 2 2 2 2 2 2 2 2 1 2 2 2 2
left_child=4 2 -2 -3 7 6 8 14 -5 -4 -8 -11 -9 -7 -1 -10
right_child=1 3 9 5 -6 13 10 12 15 11 -12 -13 -14 -15 -16 -17
leaf_value=-1.2397949830008703 1.2465501957144547 -0.81088318072678689 -0.036318818259697405 0.35994423509390627 0.34684241441554636 2.5628847752355468 -0.23507203189857045 -1.8171687282053341 1.7259328688728961 -0.92917469472650971 0.64761666710269883 -1.2794325287201374 -1.2860661973645859 1.4669674978875058 0.2451196194363961 1.0698928060362705
leaf_weight=40 57 77 48 48 48 46 67 42 69 45 65 79 63 66 43 57
leaf_count=40 57 77 48 48 48 46 67 42 69 45 65 79 63 66 43 57
internal_value=0.0003125 0.00552486 -0.0120087 0.0136364 -0.015678 0.0177033 0.0117647 -0.0223404 0.0206897 -0.0203488 0 -0.0274194 -0.0328571 0.0339286 -0.00903614 0.0277778
internal_weight=960 724 229 495 236 418 306 188 174 172 132 124 105 112 83 126
internal_count=960 724 229 495 236 418 306 188 174 172 132 124 105 112 83 126
cat_boundaries=0 1
cat_threshold=1
is_linear=0
shrinkage=0.05


Tree=15
num_leaves=19
num_cat=2
split_feature=23 16 24 55 38 8 31 44 24 43 58 51 22 44 39 35 43 22
split_gain=30.9549 27.5294 18.8908 19.6786 18.7874 17.8681 14.728 13.3961 10.3703 7.00447 6.48252 6.26674 5.47517 5.15533 4.73252 5.58258 4.87195 2.30401
threshold=85.000000000000014 0.63662632295946331 3000.0000000000005 0 30.777698412698445 931.8367346938777 278.53000000000003 0.037096543381518604 2015.0000000000002 0.86617500440518391 117.98500000000001 1 632.08500000000015 0.022540402608449053 -15.752723339995351 0.4281308082123419 0.89066866497227615 475.00000000000006
decision_type=2 2 2 9 2 2 2 2 2 2 2 1 2 2 2 2 2 2
left_child=5 9 3 4 -3 -1 7 11 -5 -2 -10 13 -9 -6 15 16 -13 -18
right_child=1 2 -4 8 6 -7 -8 12 10 -11 -12 14 -14 -15 -16 -17 17 -19
leaf_value=-1.7494403855509433 -0.6785214293045102 -1.1675748279792513 1.9343500713642436 -1.3712675879247989 1.6743179174744229 -0.24729262891880294 2.424067472223105 0.46614908131810345 0.91071757577573753 -1.8292409354796235 -0.75405579172720916 0.80744634588981767 -0.97473224736045561 0.71405058251968068 1.150123481590879 1.4269226119844576 0.023738695481925556 -1.437467338794749
leaf_weight=63 56 74 54 46 66 61 42 46 43 47 40 51 57 46 42 47 40 52
leaf_count=63 56 74 54 46 66 61 42 46 43 47 40 51 57 46 42 47 40 52
internal_value=-5.13875e-05 0.00335689 0.00670241 0.00447977 0.00846422 -0.0233871 0.0121677 0.00950783 -0.0125899 -0.0208738 -0.00301205 0.0142442 -0.00631068 0.0237705 0.00826446 0.00526316 0.00034965 -0.00652174
internal_weight=973 849 746 692 563 124 489 447 129 103 83 344 103 112 232 190 143 92
internal_count=973 849 746 692 563 124 489 447 129 103 83 344 103 112 232 190 143 92
cat_boundaries=0 1 2
cat_threshold=17 1376518
is_linear=0
shrinkage=0.05


Tree=16
num_leaves=18
num_cat=1
split_feature=8 30 21 51 42 44 40 36 10 68 10 13 25 25 10 38 14
split_gain=25.5599 27.9675 17.9213 14.9783 14.8548 12.7266 13.8502 11.3623 9.60194 6.72448 9.33733 6.60103 6.55098 15.7327 5.5098 4.65686 3.62466
threshold=876.87074829931987 3.3099999999999956 3015.0000000000005 0 0.82612909247052413 0.024509182552116152 -21.691442434092981 0.0017508240830782001 192.51500000000001 88.829000000000022 201.41000000000003 46.895000000000003 680.34000000000003 455.00000000000006 229.56500000000003 183.94654195011341 96.575000000000003
decision_type=2 2 2 1 2 2 2 2 2 2 2 2 2 2 2 2 2
left_child=-1 11 3 4 -3 7 9 15 -6 10 -7 -2 13 -10 -14 -5 -15
right_child=1 2 -4 5 8 6 -8 -9 12 -11 -12 -13 14 16 -16 -17 -18
leaf_value=-1.1342908682188093 -1.5283673463212732 2.52088093405672 2.2842273689345851 -1.0117684260444593 -0.65724185800558921 -1.2131656632171763 0.49051184743915677 1.2603769670564633 -0.019242371607286479 -1.2307113941344299 0.26245232366826876 -0.58832517914558868 0.77758203070755705 1.9144973387694657 -0.56301896791635631 0.45821060183537771 0.94823513636885903
leaf_weight=79 49 47 58 40 67 59 53 46 58 43 51 78 67 41 42 52 47
leaf_count=79 49 47 58 40 67 59 53 46 58 43 51 78 67 41 42 52 47
internal_value=5.11771e-05 0.00244989 0.00603113 0.00385694 0.010686 -0.00367232 -0.0116505 0.00797101 0.00714286 -0.019281 -0.0127273 -0.0192913 0.0115686 0.0184932 0.00229358 -0.00217391 0.0318182
internal_weight=977 898 771 713 369 344 206 138 322 153 110 127 255 146 109 92 88
internal_count=977 898 771 713 369 344 206 138 322 153 110 127 255 146 109 92 88
cat_boundaries=0 1
cat_threshold=1622222
is_linear=0
shrinkage=0.05


Tree=17
num_leaves=19
num_cat=0
split_feature=42 18 14 18 25 19 14 14 18 15 32 45 44 25 36 39 11 32
split_gain=29.3753 31.3359 15.0474 15.3393 20.5903 14.8727 9.18802 10.839 11.2281 7.66707 6.7276 6.04645 5.73851 5.136 4.18175 4.0359 4.64343 3.3843
threshold=0.9234891971507494 2985.0000000000005 112.47500000000001 1015.0000000000001 430.00000000000017 686.40500000000009 116.66000000000001 74.965000000000018 955.00000000000011 70.685000000000002 0.88461937051756012 0.014149945843242952 0.039552027218599302 595.00000000000011 0.00094354043751925019 -17.947127258296518 1266.3000000000004 0.94200035622138778
decision_type=2 2 2 2 2 2 2 2 2 2 2 2 2 2 2 2 2 2
left_child=5 2 3 10 -5 6 7 -1 9 -9 -2 -12 13 -6 -4 16 -10 -13
right_child=1 -3 14 4 12 -7 -8 8 15 -11 11 17 -14 -15 -16 -17 -18 -19
leaf_value=-0.44692015574571081 0.16797023216124735 1.6171367330643633 -1.8048422047519797 -0.99429467376997305 0.8487732778021958 -0.78598185294218759 -0.62737338509006824 0.93201357180721267 2.1504343895823044 -0.20726042606382933 -0.62211636683310734 -1.6180470159527696 -0.13285497745418695 0.72819492705994904 -1.0459872331667746 1.4347004896865554 1.2574347237938932 -1.7560094906284498
leaf_weight=41 40 52 46 48 47 50 40 74 49 59 72 47 41 69 43 58 40 40
leaf_count=41 40 52 46 48 47 50 40 74 49 59 72 47 41 69 43 58 40 40
internal_value=0.00146444 -0.00614679 -0.0100406 -0.00594059 0.00365854 0.0115572 0.015097 0.0179128 0.0214286 0.0109023 -0.0158291 -0.0204403 0.0124204 0.0181034 -0.0286517 0.0309524 0.0376404 -0.0293103
internal_weight=956 545 493 404 205 411 361 321 280 133 199 159 157 116 89 147 89 87
internal_count=956 545 493 404 205 411 361 321 280 133 199 159 157 116 89 147 89 87
is_linear=0
shrinkage=0.05


Tree=18
num_leaves=20
num_cat=0
split_feature=21 42 19 8 68 25 10 38 14 38 45 43 15 38 38 38 68 32 19
split_gain=29.9422 29.9453 14.0696 13.3835 16.375 9.37662 10.3968 13.8637 9.29066 7.74774 7.28635 6.25143 5.44002 7.76337 5.33244 6.57966 4.84878 4.50965 4.48766
threshold=2985.0000000000005 0.92253142032745317 686.40500000000009 876.87074829931987 38.232000000000006 475.00000000000006 196.07500000000002 171.03421768707489 117.42500000000001 30.777698412698445 0.022159307519447204 0.94125495319128638 57.149999999999999 213.76344671201818 182.68363945578238 202.67027210884359 52.427500000000009 0.9533416112427171 409.99999999999994
decision_type=2 2 2 2 2 2 2 2 2 2 2 2 2 2 2 2 2 2 2
left_child=1 2 5 -3 18 -1 16 -8 9 -6 17 -11 -13 14 -14 -16 -7 -9 -5
right_child=-2 3 -4 4 8 6 7 10 -10 11 -12 12 13 -15 15 -17 -18 -19 -20
leaf_value=-0.44179293991618601 2.030115056233273 -1.1883006210893867 -1.1696587608098949 -1.2452007514136199 -1.0737087101055918 -0.69369672039453212 -0.082130397656252185 0.22587464416118908 -1.4550564843211342 0.7333060890993679 2.6222088302617887 0.99490145742123826 0.13132050466843204 0.71082920677960848 -0.98596080968549105 -0.046387646910884421 0.78883344166503455 1.6301596920164245 -0.43987831208700146
leaf_weight=66 66 57 50 42 42 44 40 44 45 50 44 42 43 41 50 48 52 53 43
leaf_count=66 66 57 50 42 42 44 40 44 45 50 44 42 43 41 50 48 52 53 43
internal_value=0.000831601 -0.0015625 0.00877863 -0.00964215 -0.00672646 0.0123907 0.016426 0.0234807 -0.00207756 0.000949367 0.0308511 0.0040146 0.000446429 -0.0032967 -0.00886525 -0.0153061 0.003125 0.0231959 -0.0264706
internal_weight=962 896 393 503 446 343 277 181 361 316 141 274 224 182 141 98 96 97 85
internal_count=962 896 393 503 446 343 277 181 361 316 141 274 224 182 141 98 96 97 85
is_linear=0
shrinkage=0.05


Tree=19
num_leaves=19
num_cat=1
split_feature=4 43 51 63 38 7 58 19 45 42 11 29 19 29 33 45 38 24
split_gain=23.814 27.4438 17.0663 13.4675 13.97 9.29646 11.9014 10.1859 8.2655 12.5046 6.10945 11.4152 5.59196 4.77252 4.73304 10.6391 4.15968 3.55138
threshold=2.5000000000000004 0.93706922446044627 0 0.92019149303046388 103.72435374149664 1.0000000180025095e-35 103.90500000000002 714.09500000000014 0.010262674536741451 0.82351734787579722 964.95500000000004 -104.36999999999995 535.00000000000011 -81.634999999999991 0.61723120969566569 0.013790413110627052 188.60094104308394 841.03000000000009
decision_type=2 2 1 2 2 2 2 2 2 2 2 2 2 2 2 2 2 2
left_child=1 2 13 4 -4 6 -3 14 -6 -10 11 -11 -2 16 -7 17 -1 -16
right_child=12 5 3 -5 8 7 -8 -9 9 10 -12 -13 -14 -15 15 -17 -18 -19
leaf_value=1.425735729957375 0.83004335225900761 1.1410463925538665 -1.7959438923328657 -1.0721710324905538 1.3216300906093104 -0.52653821615012186 -0.67802578917446898 0.063807901686062249 2.0198754368035554 -1.3231330871820024 0.62803242658499636 0.84758871570433869 2.1567317413434814 0.19602943842721424 -0.52668559513165647 -1.6779975371911668 1.2790312788840932 -1.2410818720371135
leaf_weight=43 42 43 48 75 42 57 52 63 50 51 49 43 41 41 46 64 52 59
leaf_count=43 42 43 48 75 42 57 52 63 50 51 49 43 41 41 46 64 52 59
internal_value=0.00150884 -0.000911162 0.00688259 0.000815217 0.00583039 -0.0109375 0.00263158 -0.0153979 0.0108511 0.00647668 -0.00104895 -0.00851064 0.0271084 0.0212329 -0.020354 -0.0245562 0.0289474 -0.0147619
internal_weight=961 878 494 358 283 384 95 289 235 193 143 94 83 136 226 169 95 105
internal_count=961 878 494 358 283 384 95 289 235 193 143 94 83 136 226 169 95 105
cat_boundaries=0 1
cat_threshold=1606146
is_linear=0
shrinkage=0.05


Tree=20
num_leaves=18
num_cat=1
split_feature=51 13 22 42 8 35 14 14 9 62 33 40 18 8 15 14 13
split_gain=22.0528 20.1277 14.9499 12.1776 10.7806 10.3078 8.55254 8.08169 7.60443 12.9808 6.23908 9.03735 5.67324 3.84266 6.93011 2.95709 2.45
threshold=0 48.460000000000008 661.63000000000011 0.93218950921434029 5617.7777777777783 0.010063777889517652 103.81000000000002 85.450000000000017 127.17500000000003 1784.9150000000002 0.60102699463570575 -19.620640396092604 880.2600000000001 1157.4716553287985 65.510000000000019 94.970000000000013 78.560000000000016
decision_type=1 2 2 2 2 2 2 2 2 2 2 2 2 2 2 2 2
left_child=1 -1 3 6 -5 12 7 -3 -7 10 -10 -12 -2 -4 -15 -9 -8
right_child=5 2 13 4 -6 8 16 15 9 -11 11 -13 -14 14 -16 -17 -18
leaf_value=-1.024605551169101 -1.4234360240545894 0.42062976464281016 -0.93989985528835696 -0.82682846177650549 0.3730982333813444 -0.79716836046694806 -0.094046860787441316 2.750015498321821 0.95992043272669469 -0.87111485873769512 -0.95500010487481435 0.68167050938532947 -1.0499124641960271 -1.4220548205134069 1.6595486564811495 1.4191283315180145 0.74009445584261546
leaf_weight=75 40 55 47 67 77 70 40 42 63 52 47 46 66 47 44 55 40
leaf_count=75 40 55 47 67 77 70 40 42 63 52 47 46 66 47 44 55 40
internal_value=5.13875e-05 0.00609349 0.00972763 0.0148936 0.00347222 -0.00913706 0.0219828 0.0289474 -0.00431655 0.000480769 0.00769231 -0.000537634 -0.0226415 -0.00434783 0.00164835 0.0376289 0.00875
internal_weight=973 589 514 376 144 384 232 152 278 208 156 93 106 138 91 97 80
internal_count=973 589 514 376 144 384 232 152 278 208 156 93 106 138 91 97 80
cat_boundaries=0 1
cat_threshold=1409758
is_linear=0
shrinkage=0.05


Tree=21
num_leaves=18
num_cat=0
split_feature=11 13 38 58 8 8 63 8 11 45 32 24 30 68 19 11 38
split_gain=23.3648 24.3811 19.713 15.8797 18.3119 11.6296 11.5646 9.90695 9.99472 8.8741 6.4773 6.07565 5.95564 8.6637 4.28824 3.17264 2.19265
threshold=422.31 45.425000000000004 103.72435374149664 125.02000000000001 4038.0952380952385 1360.3968253968258 0.7462818687889744 876.87074829931987 327.55500000000001 0.022900841402845203 0.97302341377936552 2005.0000000000002 9.4450000000001655 98.798000000000016 465.00000000000006 504.25500000000005 206.99828798185942
decision_type=2 2 2 2 2 2 2 2 2 2 2 2 2 2 2 2 2
left_child=6 -2 10 4 5 12 -1 -8 -9 14 -3 -7 13 15 -6 -4 -17
right_child=1 2 3 -5 9 11 7 8 -10 -11 -12 -13 -14 -15 -16 16 -18
leaf_value=-1.7882020410182684 -1.0580359138041084 -1.2506585874250069 1.5658809465899601 -0.50474788314633057 0.35444332171227733 -1.0524394977901128 -0.94211576131611341 1.1834091152848676 -0.89145062248112339 2.0869915265401509 0.42082395102787445 0.192302232992693 1.3334174552273652 -0.082038235190723452 1.399896556164546 1.1493097561445413 0.19918460578378899
leaf_weight=40 72 53 41 70 45 42 59 43 78 55 55 69 41 57 40 40 51
leaf_count=40 72 53 41 70 45 42 59 43 78 55 55 69 41 57 40 40 51
internal_value=0.0011041 0.00540356 0.00842185 0.0122505 0.0154886 0.00923754 -0.0131818 -0.00777778 0.000413223 0.0307143 -0.0111111 -0.00405405 0.0156522 0.0119048 0.0205882 0.0189394 0.0137363
internal_weight=951 731 659 551 481 341 220 180 121 140 108 111 230 189 85 132 91
internal_count=951 731 659 551 481 341 220 180 121 140 108 111 230 189 85 132 91
is_linear=0
shrinkage=0.05


Tree=22
num_leaves=17
num_cat=1
split_feature=19 11 11 5 32 68 51 43 14 48 10 10 42 16 32 15
split_gain=23.3084 28.0581 15.6589 15.9823 14.9148 12.1744 11.4924 11.8828 8.30473 7.68368 6.16802 6.15784 4.49951 4.26442 4.24949 4.09598
threshold=400.00000000000017 427.80000000000007 2205.8700000000003 0.22500000000000003 0.84559467351993478 195.68200000000004 0 0.90950341354080655 97.040000000000006 1.0000000180025095e-35 196.45500000000001 191.19500000000002 0.87442103706997309 0.77070379872064221 0.92557790718700617 70.620000000000005
decision_type=2 2 2 2 2 2 1 2 2 2 2 2 2 2 2 2
left_child=4 8 3 6 -1 9 13 10 -2 11 -8 -6 -12 -3 -13 -9
right_child=1 2 -4 -5 5 -7 7 15 -10 -11 12 14 -14 -15 -16 -17
leaf_value=0.49622877231814355 -0.12785101822894937 0.88255144264065244 2.0072324048830872 -1.642821140094046 -1.0867357222794396 0.15657769344794625 0.082870309602289458 0.0074476087070834756 -1.3342582651830204 -0.1503828958580071 1.6308441440087287 -1.1295698083635324 0.40417537791238944 1.4033767192306261 -0.61532188389306997 -0.73817235903241496
leaf_weight=56 68 59 67 40 42 45 62 57 74 58 48 53 67 55 66 51
leaf_count=56 68 59 67 40 42 45 62 57 74 58 48 53 67 55 66 51
internal_value=0.000103306 0.00555556 0.0110672 0.00763098 -0.0109375 -0.0159091 0.0106516 0.00457627 -0.0140845 -0.0207763 0.0127119 -0.0263975 0.0195652 0.0233871 -0.0205882 -0.00833333
internal_weight=968 648 506 439 320 264 399 285 142 219 177 161 115 114 119 108
internal_count=968 648 506 439 320 264 399 285 142 219 177 161 115 114 119 108
cat_boundaries=0 1
cat_threshold=1277960
is_linear=0
shrinkage=0.05


Tree=23
num_leaves=18
num_cat=1
split_feature=10 23 14 51 58 8 63 36 39 43 29 14 38 35 18 44 24
split_gain=18.3182 20.6772 18.1475 15.9863 18.5097 17.3249 9.24457 8.1839 7.89741 6.45903 6.31925 5.5507 5.42935 4.811 6.74608 3.06818 1.73519
threshold=191.19500000000002 115.00000000000001 121.83500000000002 0 97.745000000000019 4157.8231292517021 0.75315289172200184 -0.00062915742413799988 -17.193325492093006 0.93706922446044627 -68.24499999999999 97.040000000000006 185.86611111111111 0.18308722182062523 1685.0000000000002 0.034732066912390107 1005.0000000000001
decision_type=2 2 2 1 2 2 2 2 2 2 2 2 2 2 2 2 2
left_child=8 6 3 7 5 9 -2 -3 10 12 15 -8 -5 -9 -15 -1 -14
right_child=1 2 -4 4 -6 -7 11 13 -10 -11 -12 -13 16 14 -16 -17 -18
leaf_value=-0.92682658534352846 -1.5005298213728424 0.0074067171866881061 -1.926860232065587 -0.13677380525168631 -1.1825071829265814 1.4656136343401465 0.13221879775257114 0.68560007963010772 0.21522906506048578 -0.49963790855037638 -0.35442071311293466 -1.2067306762167656 1.0836267978761502 1.528733138609697 0.71930066782131397 -1.8438062239780071 0.43976648321344919
leaf_weight=48 42 42 40 73 47 65 43 72 43 77 70 53 46 67 63 40 40
leaf_count=48 42 42 40 73 47 65 43 72 43 77 70 53 46 67 63 40 40
internal_value=0.000257467 0.00376623 0.00759494 0.0097973 0.00251397 0.00714286 -0.0137681 0.0192913 -0.0131841 0.000847458 -0.0183544 -0.00520833 0.00660377 0.0242574 0.03 -0.0272727 0.0151163
internal_weight=971 770 632 592 348 301 138 244 201 236 158 96 159 202 130 88 86
internal_count=971 770 632 592 348 301 138 244 201 236 158 96 159 202 130 88 86
cat_boundaries=0 1
cat_threshold=1089614
is_linear=0
shrinkage=0.05


Tree=24
num_leaves=18
num_cat=1
split_feature=8 31 4 68 51 10 42 44 19 12 63 45 19 22 44 38 45
split_gain=18.4086 21.3067 12.1489 13.647 14.3672 12.3271 11.4386 10.5986 7.64621 6.35635 8.78631 8.67231 5.41331 3.73239 3.7108 1.46249 1.43316
threshold=876.87074829931987 -169.31499999999997 2.5000000000000004 43.175500000000007 0 251.05000000000004 0.94352508040987459 0.035582648142897612 505.00000000000006 135.36000000000004 0.76821449547838683 0.008058303664248501 565.00000000000011 445.00000000000006 0.035299121066061756 206.33028344671206 0.017520145256438805
decision_type=2 2 2 2 1 2 2 2 2 2 2 2 2 2 2 2 2
left_child=-1 -2 3 6 7 9 8 13 -3 10 -6 -12 -9 -5 15 -13 -15
right_child=1 2 -4 4 5 -7 -8 12 -10 -11 11 14 -14 16 -16 -17 -18
leaf_value=-1.0129037570182693 -0.729822043235968 0.40222460097303814 1.1336499844513501 0.87016673531517563 -0.65240735558096863 -1.5653898127467993 -0.90470839220249566 0.45692502383827893 -0.37981800870396071 0.66624902772393624 -1.5537026888407983 0.49805360866740434 -0.4460658244701719 0.85639145210352119 0.74529144374399392 -0.0093584250609701769 2.4327783306269772
leaf_weight=76 73 52 78 55 41 43 70 41 50 68 53 47 40 40 45 41 49
leaf_count=76 73 52 78 55 41 43 70 41 50 68 53 47 40 40 45 41 49
internal_value=0.0012474 0.00327314 0.00559656 0.00360544 0.00737123 0.000574713 -0.00872093 0.0168085 0.00196078 0.00423729 0.000220264 0.00483871 0.00308642 0.0256944 0.0116541 0.00568182 0.0320225
internal_weight=962 886 813 735 563 338 172 225 102 295 227 186 81 144 133 88 89
internal_count=962 886 813 735 563 338 172 225 102 295 227 186 81 144 133 88 89
cat_boundaries=0 1
cat_threshold=1359902
is_linear=0
shrinkage=0.05


Tree=25
num_leaves=18
num_cat=1
split_feature=8 13 42 44 45 36 24 14 51 8 42 9 40 38 35 42 45
split_gain=21.6472 14.6401 11.8647 13.371 13.9512 10.7007 9.81421 6.50832 5.75862 5.99293 9.56698 5.10781 8.3863 5.10758 4.81228 4.58413 3.67374
threshold=876.87074829931987 45.425000000000004 0.87442103706997309 0.041536716756450202 0.021796281201123154 0.012018079051315652 2165.0000000000005 91.000000000000014 0 1032.8004535147395 0.92575525150513005 328.16500000000002 -25.793827783129874 206.42812925170065 0.10536247602202796 0.99556533279800996 0.014149945843242952
decision_type=2 2 2 2 2 2 2 2 1 2 2 2 2 2 2 2 2
left_child=-1 -2 5 6 16 7 8 -3 14 -10 -11 -12 -13 -9 -4 -8 -5
right_child=1 2 3 4 -6 -7 15 13 9 10 11 12 -14 -15 -16 -17 -18
leaf_value=-1.2600102988270414 -0.74794350204609561 -0.20982706613646762 -1.2898709564442183 -0.54700016706877619 0.31195260265208696 1.3895963721753721 0.49536469652374127 2.1201551759010981 -0.24333726108838924 1.4420031460741916 0.51288229787449069 0.14660732596888834 -0.63379804119638372 0.29153658848766284 0.085280410544621973 1.4289367038574925 -0.76214682731585404
leaf_weight=77 74 40 51 52 65 50 48 40 67 50 63 41 44 47 64 42 46
leaf_count=77 74 40 51 52 65 50 48 40 67 50 63 41 44 47 64 42 46
internal_value=-0.00119667 0.0010181 0.00296296 -0.000236967 -0.0125767 0.0144068 0.00404255 0.00669291 0.000526316 0.00454545 0.00909091 0.0027027 -0.00529412 0.0143678 -0.0084 0.0188889 -0.0244898
internal_weight=961 884 810 633 163 177 470 127 380 265 198 148 85 87 115 90 98
internal_count=961 884 810 633 163 177 470 127 380 265 198 148 85 87 115 90 98
cat_boundaries=0 1
cat_threshold=141488
is_linear=0
shrinkage=0.05


Tree=26
num_leaves=18
num_cat=1
split_feature=30 8 51 68 58 23 62 19 25 33 40 8 23 43 14 38 9
split_gain=20.3393 18.3067 10.548 11.7498 7.97724 8.17508 7.48399 6.68571 9.57901 9.42976 5.91268 4.8373 8.403 4.92563 3.68643 3.37891 2.45
threshold=3.7049999999999277 878.51473922902505 0 40.96200000000001 116.44500000000001 115.00000000000001 1754.4350000000002 400.00000000000017 675.00000000000011 0.73111142304263355 -29.170929772974802 5638.0952380952394 565.00000000000011 0.93768852524235424 97.355000000000018 206.99828798185942 276.38000000000005
decision_type=2 2 1 2 2 2 2 2 2 2 2 2 2 2 2 2 2
left_child=10 -2 7 6 5 -5 -4 -3 9 -9 -1 12 13 15 -10 -7 -12
right_child=1 2 3 4 -6 11 -8 8 14 -11 16 -13 -14 -15 -16 -17 -18
leaf_value=-0.14824956441211548 -0.80085117383868654 -0.80385371053185217 -0.48043447852276239 -0.1322650242740151 -0.046969845740479958 1.2599260626986504 0.17352786642007845 0.61691630251841656 0.16565026036588543 -0.39442809768995535 -0.6078649874116604 1.3741487671715245 -0.02161137917970777 0.49296595784069663 -0.28186302534013169 1.0793019542010072 -1.2386567735589873
leaf_weight=53 67 63 53 43 45 79 49 56 52 40 40 62 53 57 62 41 40
leaf_count=53 67 63 53 43 45 79 49 56 52 40 40 62 53 57 62 41 40
internal_value=0.000471204 0.00340633 0.00562914 0.00995935 0.0142105 0.0168657 -0.00490196 -0.00229682 0.00190476 0.0135417 -0.0176692 0.019863 0.0165217 0.0217514 -0.00789474 0.0275 -0.02625
internal_weight=955 822 755 482 380 335 102 273 210 96 133 292 230 177 114 120 80
internal_count=955 822 755 482 380 335 102 273 210 96 133 292 230 177 114 120 80
cat_boundaries=0 1
cat_threshold=203184
is_linear=0
shrinkage=0.05


Tree=27
num_leaves=20
num_cat=2
split_feature=19 8 44 51 43 32 10 30 38 51 63 19 43 35 32 31 38 38 16
split_gain=20.7037 22.2263 17.3576 16.1603 14.6618 11.7591 11.3303 8.52016 8.59732 7.23995 12.1514 5.48891 4.35558 3.97499 3.96632 3.80952 3.78698 6.89285 3.08849
threshold=400.00000000000017 4038.0952380952385 0.031896796144031701 0 0.93706922446044627 0.84559467351993478 206.25000000000003 10.384999999999993 208.42781179138322 1 0.78106976304276587 671.56500000000017 0.9734476700817617 0.16833159705189291 0.95235139718782047 -1.0000000180025095e-35 191.8833673469388 221.73360544217704 0.79678201015930561
decision_type=2 2 2 1 2 2 2 2 2 1 2 2 2 2 2 2 2 2 2
left_child=3 2 4 15 9 -5 -3 8 18 14 -11 -6 -8 -12 -2 -1 -7 -18 -4
right_child=1 6 7 5 11 16 12 -9 -10 10 13 -13 -14 -15 -16 -17 17 -19 -20
leaf_value=0.85422622702591511 -0.17252307259346722 0.096982466031749232 0.4839690116922768 0.41649912405356471 -1.23032452632363 -1.3485663757361726 1.9891284378973719 -1.4577362636167024 -0.87432199545430545 1.3391025018277851 0.94149784977055972 0.0063114301114721274 1.1917426782128182 0.086018885413996854 0.58222424577805965 -0.050817201433876136 -0.29619241785019595 -0.90463041651418485 -0.47589923616351237
leaf_weight=45 52 47 49 40 42 65 42 47 43 44 46 47 44 47 57 63 53 51 40
leaf_count=45 52 47 49 40 42 65 42 47 43 44 46 47 44 47 57 63 53 51 40
internal_value=-0.000414938 0.00471406 0 -0.0108833 0.00671642 -0.0184932 0.0229323 -0.0125698 -0.00606061 0.0130081 0.020068 -0.0106742 0.0337209 0.0112903 0.00210084 0.00508475 -0.0251479 -0.0192308 0.00280899
internal_weight=964 647 514 317 335 209 133 179 132 246 137 89 86 93 109 108 169 104 89
internal_count=964 647 514 317 335 209 133 179 132 246 137 89 86 93 109 108 169 104 89
cat_boundaries=0 1 2
cat_threshold=1065042 399824
is_linear=0
shrinkage=0.05


Tree=28
num_leaves=18
num_cat=1
split_feature=13 8 44 33 19 36 42 25 32 51 39 10 19 68 42 8 63
split_gain=15.5975 16.4877 11.7381 9.84192 11.8956 7.84229 8.45485 7.68058 8.3695 6.80245 7.19768 5.05385 5.5334 4.845 6.33239 7.70022 4.28824
threshold=40.090000000000011 876.87074829931987 0.037850864757584306 0.70128147508448191 734.99000000000012 0.0017508240830782001 0.91398764596760385 912.83500000000015 0.91622200982187818 0 -18.29788716755067 206.25000000000003 445.00000000000006 59.210500000000003 0.8898817299836782 1105.510204081633 0.82881109191913194
decision_type=2 2 2 2 2 2 2 2 2 1 2 2 2 2 2 2 2
left_child=-1 16 5 4 11 9 -7 8 -8 10 -3 -4 -13 -11 -15 -16 -2
right_child=1 2 3 -5 -6 6 7 -9 -10 13 -12 12 -14 14 15 -17 -18
leaf_value=-0.87597909667499685 -1.2514410179130646 -1.107297150461976 -0.10262834906929826 -0.80937146080500399 -1.165280975258284 1.4315044066818623 -0.29298784882335055 0.89158999936127303 0.41909544148478073 -0.056628753258332234 0.26465212361550988 0.017982932625317718 1.1999196588708914 1.7675890584692846 -0.46051624223365772 0.78074215721891671 -0.31819991438795747
leaf_weight=46 45 44 76 74 41 66 68 40 40 71 78 41 50 41 40 68 40
leaf_count=46 45 44 76 74 41 66 68 40 40 71 78 41 50 41 40 68 40
internal_value=0.000154799 0.00157096 0.00369928 -0.00460993 0.000961538 0.00791367 0.0154206 0.00878378 0.00185185 0.00321637 -0.00606061 0.00688623 0.0148352 0.00826087 0.0137584 0.00740741 -0.0194118
internal_weight=969 923 838 282 208 556 214 148 108 342 122 167 91 220 149 108 85
internal_count=969 923 838 282 208 556 214 148 108 342 122 167 91 220 149 108 85
cat_boundaries=0 1
cat_threshold=338720
is_linear=0
shrinkage=0.05


Tree=29
num_leaves=18
num_cat=1
split_feature=14 25 11 8 25 45 51 22 68 10 39 15 33 68 62 15 15
split_gain=15.9958 17.4835 18.2759 14.0405 11.8197 10.0656 9.2704 8.83961 7.68999 7.71144 5.26685 4.5018 4.14246 3.35348 3.23481 2.73412 5.0857
threshold=122.295 444.99999999999994 2205.8700000000003 833.08390022675746 145.00000000000003 0.028783621336822055 0 632.08500000000015 34.045500000000004 245.465 -18.803048627470371 70.02000000000001 0.59643697850868282 81.828000000000017 2177.5350000000003 71.700000000000017 68.03000000000003
decision_type=2 2 2 2 2 2 1 2 2 2 2 2 2 2 2 2 2
left_child=1 4 3 -3 -1 6 7 -5 -8 10 11 12 -10 -4 -6 16 -12
right_child=-2 2 13 5 14 -7 8 -9 9 -11 15 -13 -14 -15 -16 -17 -18
leaf_value=0.19971758927983319 -2.0204173022305749 -0.75450530389114745 1.1265667160270028 0.23958681725339162 -0.30568476541645873 -1.4343095713886602 -0.15531859410078186 -1.2454690672841666 1.2992315882875254 -0.064183710383747442 1.226354137544641 0.26289979111663658 0.50818525513006063 1.349369532867478 -0.81863822099950745 0.77220474388811022 -0.23588386877732576
leaf_weight=53 43 51 49 79 78 44 50 45 43 53 69 51 53 44 56 52 43
leaf_count=53 43 51 49 79 78 44 50 45 43 53 69 51 53 44 56 52 43
internal_value=0.000732218 0.00213582 0.00564738 0.00260664 -0.0114973 0.004811 0.00669145 -0.00522388 0.0101415 0.0129121 0.0159164 0.0227891 0.0291667 0.0263441 -0.019403 0.0097561 0.00535714
internal_weight=956 913 726 633 187 582 538 124 414 364 311 147 96 93 134 164 112
internal_count=956 913 726 633 187 582 538 124 414 364 311 147 96 93 134 164 112
cat_boundaries=0 1
cat_threshold=6256
is_linear=0
shrinkage=0.05


Tree=30
num_leaves=18
num_cat=1
split_feature=19 8 44 32 51 32 10 40 30 14 68 68 10 43 30 38 38
split_gain=16.3367 19.3801 15.2839 14.0198 8.11703 7.16969 6.84245 8.85299 6.62182 8.48791 6.35936 5.98313 9.79037 5.89274 5.79048 7.56892 2.64795
threshold=400.00000000000017 4636.8253968253975 0.0350155939892259 0.85824526619102237 0 0.90557765303450954 205.59500000000003 -30.200356777045545 11.48000000000002 96.91500000000002 71.865500000000011 106.88200000000002 193.25500000000002 0.91934438237578686 4.9050000000000589 191.10513605442205 195.97626984126987
decision_type=2 2 2 2 1 2 2 2 2 2 2 2 2 2 2 2 2
left_child=3 2 4 -1 10 -5 -3 -8 9 -4 -2 12 -6 -13 -7 -16 -14
right_child=1 6 8 5 11 14 7 -9 -10 -11 -12 13 16 -15 15 -17 -18
leaf_value=0.44473692717129243 0.15902440791241618 0.12466701554734208 0.4724611184649099 -0.69862686143582664 -0.48855441215029521 -0.94459360911824541 1.8430730445725694 0.81147182157512465 -1.351242225372701 -0.62693299469422969 0.73166480050901939 0.39006867670421674 0.80449721606492275 -0.77573149930710505 -1.076570075955585 0.10106716092660194 1.4184917019637753
leaf_weight=69 44 45 53 56 66 70 49 43 40 69 59 51 47 46 59 61 43
leaf_count=69 44 45 53 56 66 70 49 43 40 69 59 51 47 46 59 61 43
internal_value=0.000309278 0.00480916 0.0003861 -0.00904762 0.00617978 -0.0146341 0.0215328 0.0293478 -0.0123457 -0.00655738 0.0172566 0.00095057 0.00705128 -0.00876289 -0.01 -0.00333333 0.0177778
internal_weight=970 655 518 315 356 246 137 92 162 122 103 253 156 97 190 120 90
internal_count=970 655 518 315 356 246 137 92 162 122 103 253 156 97 190 120 90
cat_boundaries=0 1
cat_threshold=1474568
is_linear=0
shrinkage=0.05


Tree=31
num_leaves=18
num_cat=2
split_feature=8 13 37 44 39 22 19 47 39 30 43 19 10 39 47 12 43
split_gain=18.9843 13.4404 10.1806 13.0594 9.26218 9.36436 7.2513 6.72495 9.65853 5.90706 5.55179 8.72548 7.65894 9.79703 6.55062 5.84768 4.62704
threshold=833.08390022675746 45.425000000000004 0.18604836466280372 0.037850864757584306 -21.342439916691287 505.00000000000006 650.00000000000023 0 -20.59882938621443 4.49000000000001 0.93706922446044627 595.00000000000011 208.63500000000002 -19.66195007910154 1 121.67000000000002 0.86747207450183883
decision_type=2 2 2 2 2 2 2 1 2 2 2 2 2 2 1 2 2
left_child=-1 16 7 9 -5 -6 -7 -3 -9 -4 11 14 -12 -14 -11 -16 -2
right_child=1 2 3 4 5 6 -8 8 -10 10 12 -13 13 -15 15 -17 -18
leaf_value=-1.2030720995995201 -0.42681718138203117 1.3557851045027378 -0.61159641394881137 -0.73909965536700639 -0.81108229597193504 1.1125438959007743 -0.2796468297359348 1.0356729471078665 -0.14252623416194651 -0.17445465080014202 0.25657117355365772 1.3001104758849906 0.17764390697850718 -1.0350456138729811 0.44277703659360484 0.83922283489020166 -0.83341978549565576
leaf_weight=53 41 47 57 62 48 40 58 50 55 51 74 46 62 76 63 40 40
leaf_count=53 41 47 57 62 48 40 58 50 55 51 74 46 62 76 63 40 40
internal_value=-0.000155763 0.00153846 0.00343788 0.000812408 -0.00961538 -0.00273973 0.00612245 0.0151316 0.00809524 0.0054371 0.00752427 0.0135 0.00188679 -0.00507246 0.00779221 0.0150485 -0.0179012
internal_weight=963 910 829 677 208 146 98 152 105 469 412 200 212 138 154 103 81
internal_count=963 910 829 677 208 146 98 152 105 469 412 200 212 138 154 103 81
cat_boundaries=0 1 2
cat_threshold=2 4
is_linear=0
shrinkage=0.05


Tree=32
num_leaves=19
num_cat=2
split_feature=13 46 44 51 15 12 38 43 13 25 40 18 10 21 25 25 43 44
split_gain=13.9615 13.3926 12.3091 10.2873 10.7094 9.36359 11.7904 9.97956 7.87747 7.59007 7.57115 6.16303 6.84548 5.85569 4.86019 10.425 4.70378 2.43507
threshold=48.460000000000008 0 0.036716756450240952 1 74.795000000000002 138.33500000000004 208.02147392290257 0.9734476700817617 83.675000000000026 565.00000000000011 -24.024199653886992 975.00000000000011 243.22000000000006 1875.0000000000002 701.81500000000017 610.00000000000034 0.86117131226818255 0.033597958605046753
decision_type=2 1 2 1 2 2 2 2 2 2 2 2 2 2 2 2 2 2
left_child=16 3 9 4 14 6 7 8 -5 -3 -8 -11 -13 -4 15 17 -1 -2
right_child=1 2 13 5 -6 -7 10 -9 -10 11 -12 12 -14 -15 -16 -17 -18 -19
leaf_value=-0.13055045787786509 -0.081543271846770446 -0.51510229874497548 -1.5887179767239186 0.90525999598817364 1.6781278148234244 0.59203621825782893 -0.055712673629586901 -0.82804220706037912 -0.34318638183091166 -0.4665978131919486 0.88925383104091971 0.71477994179424376 -0.03806192091936289 -0.13823546775652815 -0.26805138309966292 2.5302002036672722 -0.87331255851931555 0.28324845827493927
leaf_weight=54 44 40 57 43 44 40 57 67 78 62 40 54 46 40 54 47 55 40
leaf_count=54 44 40 57 43 44 40 57 67 78 62 40 54 46 40 54 47 55 40
internal_value=-0.0010395 0.00111372 -0.00728155 0.00567376 0.0135983 -0.000149254 -0.00333333 -0.0106383 -0.00206612 -0.00049505 0.0108247 0.00432099 0.012 -0.0221649 0.00891892 0.0141221 -0.0178899 0.00357143
internal_weight=962 853 299 554 229 325 285 188 121 202 97 162 100 97 185 131 109 84
internal_count=962 853 299 554 229 325 285 188 121 202 97 162 100 97 185 131 109 84
cat_boundaries=0 1 2
cat_threshold=3 1097822
is_linear=0
shrinkage=0.05


Tree=33
num_leaves=19
num_cat=1
split_feature=51 68 9 58 10 57 33 32 33 19 11 11 35 23 63 42 23 39
split_gain=16.3125 13.0087 8.88595 8.71574 12.1038 9.59481 8.144 7.52407 7.83705 6.49275 6.46303 10.5419 8.10241 9.45087 5.36017 4.18402 4.1505 2.47684
threshold=0 34.045500000000004 385.60000000000008 103.90500000000002 239.90500000000003 59.240000000000009 0.13786181524036512 0.95295269860492759 0.60455468543344681 505.00000000000006 422.31 339.29000000000008 0.012609377400372452 265.00000000000006 0.7698916174813526 0.88733171462949656 365.00000000000006 -17.712436695818962
decision_type=1 2 2 2 2 2 2 2 2 2 2 2 2 2 2 2 2 2
left_child=1 2 -1 4 5 10 -3 8 9 -8 11 -2 -12 -14 -9 -15 -11 -16
right_child=3 6 -4 -5 -6 -7 7 14 -10 16 12 -13 13 15 17 -17 -18 -19
leaf_value=-0.88837709316763813 0.10137077977199214 1.5172233964467812 0.036484387894175942 -0.76545910225394997 -1.1272993781780147 0.85999699618876491 -0.087293014020606657 0.06729055369462196 -1.1295159254645608 1.1381625584765203 -0.55574543166368062 -1.1706552162789987 1.2856659370060186 -0.31697834693619176 0.36028031108040609 0.26777913894879291 0.28855493378875963 0.85921938544815157
leaf_weight=40 60 40 52 69 69 41 54 57 49 41 53 49 45 44 53 63 43 49
leaf_count=40 60 40 52 69 69 41 54 57 49 41 53 49 45 44 53 63 43 49
internal_value=0.00046344 0.00696721 -0.00978261 -0.00586481 -0.00330189 0.000422535 0.0111399 0.00867052 0.00187166 0.00797101 -0.00254777 -0.0123853 0.00268293 0.00855263 0.0166667 0.00046729 0.0166667 0.0235294
internal_weight=971 478 92 493 424 355 386 346 187 138 314 109 205 152 159 107 84 102
internal_count=971 478 92 493 424 355 386 346 187 138 314 109 205 152 159 107 84 102
cat_boundaries=0 1
cat_threshold=1884302
is_linear=0
shrinkage=0.05


Tree=34
num_leaves=17
num_cat=1
split_feature=38 44 11 51 61 25 8 40 40 73 16 22 23 10 39 19
split_gain=14.1952 15.5895 13.6276 10.2079 12.0953 9.18379 8.29237 7.02574 6.71308 16 4.51262 4.21433 4.74606 5.32702 3.81862 3.43183
threshold=30.777698412698445 0.022540402608449053 2220.6900000000005 0 863.18500000000006 555.00000000000011 1101.7687074829935 -19.346389252942622 -27.858369168852256 0.95235139718782047 0.75623509793564869 595.00000000000011 255.00000000000003 206.56000000000003 -17.304689624151248 455.00000000000006
decision_type=2 2 2 1 2 2 2 2 2 2 2 2 2 2 2 2
left_child=7 11 3 8 6 -4 14 -1 15 -10 -8 12 -2 -14 -5 -3
right_child=1 2 5 4 -6 -7 10 -9 9 -11 -12 -13 13 -15 -16 -17
leaf_value=-1.5655443764304811 0.92395846659675418 0.37803503079200562 -0.12047369428251056 -0.35498290284118128 -0.82796815787886269 1.3622484419898087 -0.10738148471476522 -0.076945000197418886 -1.3807786283485102 0.31447860261498939 0.34429224944839198 1.4260500295414156 0.53782721900435904 -0.19913617673207398 -0.98819514579931556 0.30332107969050282
leaf_weight=54 57 60 43 79 68 67 42 47 50 50 79 51 66 50 43 62
leaf_count=54 57 60 43 79 68 67 42 47 50 50 79 51 66 50 43 62
internal_value=0.000413223 0.00247982 -0.00147745 -0.00478424 -0.0104361 0.0145455 -0.00555556 -0.0173267 0.00344828 -0.006 0.00371901 0.0138393 0.0101156 0.00431034 -0.0147541 0.0114754
internal_weight=968 867 643 533 311 110 243 101 222 100 121 224 173 116 122 122
internal_count=968 867 643 533 311 110 243 101 222 100 121 224 173 116 122 122
cat_boundaries=0 1
cat_threshold=1606086
is_linear=0
shrinkage=0.05


Tree=35
num_leaves=17
num_cat=0
split_feature=25 32 44 11 36 48 14 44 22 40 44 9 16 45 45 40
split_gain=13.1883 15.1831 12.2647 13.9939 10.3651 9.43967 8.86459 8.84397 7.53739 6.65199 7.22071 6.71387 6.0134 5.9834 4.74129 3.58708
threshold=430.00000000000017 0.87071548521447983 0.041253189679614354 2220.6900000000005 -0.013620353641018098 1.0000000180025095e-35 117.42500000000001 0.046356677062659453 632.08500000000015 -28.87153734747783 0.023958037992628255 355.35000000000008 0.74371086579790902 0.014903700688540951 0.025777285132503703 -19.430868625186495
decision_type=2 2 2 2 2 2 2 2 2 2 2 2 2 2 2 2
left_child=1 -1 3 4 -2 12 9 -4 -9 14 11 15 -3 -12 -6 -11
right_child=2 5 7 -5 6 -7 -8 8 -10 10 13 -13 -14 -15 -16 -17
leaf_value=0.39274030916203628 -0.47857355376552757 -1.2569653776833354 -1.019298563230677 1.4250461311521727 1.2797390393556718 0.0086395505547405722 -0.50621602991056991 0.26934542793963845 -0.32233295200462414 1.2422397531360858 0.1202535453574563 0.009677135243796188 -0.59451914594495692 -1.0626159255010987 0.56939253454991212 1.2629123248958203
leaf_weight=49 72 49 49 48 77 41 68 59 77 45 64 75 52 46 53 42
leaf_count=49 72 49 49 48 77 41 68 59 77 45 64 75 52 46 53 42
internal_value=0.0010352 -0.010733 0.00393548 0.00745763 0.00516605 -0.0190141 0.00787234 -0.0072973 -0.000735294 0.0106965 0.00625 0.012963 -0.0272277 -0.00363636 0.02 0.0224138
internal_weight=966 191 775 590 542 142 470 185 136 402 272 162 101 110 130 87
internal_count=966 191 775 590 542 142 470 185 136 402 272 162 101 110 130 87
is_linear=0
shrinkage=0.05


end of trees

feature_importances:
wav_duration_ms=44
base_cons=37
valley_dist_from_cutoff_ms=35
curr_phone_len_ms=34
base_cons_gap=32
syllable_len_ms=29
f0_voicing_mean=29
base_cutoff_abs=24
db_mean=21
zcr_mean=21
words_vs_alias_score_margin=21
vowel_class=20
curr_vowel_len_ms=18
db_min=17
f0_voicing_near_pre=17
spectral_flux_mean=17
energy_mean=15
energy_slope_pre=13
base_offset=12
mapping_confidence=12
energy_min=11
base_ovl=10
base_pre_to_expected_ms=10
next_base_pre=10
base_cut_gap=9
syllable_start_ms=9
curr_phone_end_ms=8
syllable_end_ms=8
base_offset_to_expected_ms=8
energy_slope_post=8
base_pre=7
base_ovl_ratio=7
base_cutoff_to_next_anchor_ms=6
curr_vowel_end_ms=5
voicing_class=5
prev_base_pre=5
row_index_in_wav=3
curr_phone_start_ms=3
is_diphthong=3
next_base_cutoff_abs=3
row_ratio_in_wav=2
valley_energy=2
onset_class=2
is_tense=2
prev_base_offset=2
is_tail_row=1
curr_vowel_start_ms=1
prev_alias_type=1
prev_base_cutoff_abs=1
mel_window_energy_mean=1

parameters:
[boosting: gbdt]
[objective: regression_l1]
[metric: l1]
[tree_learner: serial]
[device_type: cpu]
[data_sample_strategy: bagging]
[data: ]
[valid: ]
[num_iterations: 500]
[learning_rate: 0.05]
[num_leaves: 31]
[num_threads: 0]
[seed: 0]
[deterministic: 0]
[force_col_wise: 0]
[force_row_wise: 0]
[histogram_pool_size: -1]
[max_depth: -1]
[min_data_in_leaf: 40]
[min_sum_hessian_in_leaf: 0.001]
[bagging_fraction: 0.85]
[pos_bagging_fraction: 1]
[neg_bagging_fraction: 1]
[bagging_freq: 1]
[bagging_seed: 3]
[bagging_by_query: 0]
[feature_fraction: 0.85]
[feature_fraction_bynode: 1]
[feature_fraction_seed: 2]
[extra_trees: 0]
[extra_seed: 6]
[early_stopping_round: 0]
[early_stopping_min_delta: 0]
[first_metric_only: 0]
[max_delta_step: 0]
[lambda_l1: 0]
[lambda_l2: 0]
[linear_lambda: 0]
[min_gain_to_split: 0]
[drop_rate: 0.1]
[max_drop: 50]
[skip_drop: 0.5]
[xgboost_dart_mode: 0]
[uniform_drop: 0]
[drop_seed: 4]
[top_rate: 0.2]
[other_rate: 0.1]
[min_data_per_group: 100]
[max_cat_threshold: 32]
[cat_l2: 10]
[cat_smooth: 10]
[max_cat_to_onehot: 4]
[top_k: 20]
[monotone_constraints: ]
[monotone_constraints_method: basic]
[monotone_penalty: 0]
[feature_contri: ]
[forcedsplits_filename: ]
[refit_decay_rate: 0.9]
[cegb_tradeoff: 1]
[cegb_penalty_split: 0]
[cegb_penalty_feature_lazy: ]
[cegb_penalty_feature_coupled: ]
[path_smooth: 0]
[interaction_constraints: ]
[verbosity: -1]
[saved_feature_importance_type: 0]
[use_quantized_grad: 0]
[num_grad_quant_bins: 4]
[quant_train_renew_leaf: 0]
[stochastic_rounding: 1]
[linear_tree: 0]
[max_bin: 255]
[max_bin_by_feature: ]
[min_data_in_bin: 3]
[bin_construct_sample_cnt: 200000]
[data_random_seed: 1]
[is_enable_sparse: 1]
[enable_bundle: 1]
[use_missing: 1]
[zero_as_missing: 0]
[feature_pre_filter: 1]
[pre_partition: 0]
[two_round: 0]
[header: 0]
[label_column: ]
[weight_column: ]
[group_column: ]
[ignore_column: ]
[categorical_feature: 0,1,2,3,46,47,50,51,52,53,55,56,70]
[forcedbins_filename: ]
[precise_float_parser: 0]
[parser_config_file: ]
[objective_seed: 5]
[num_class: 1]
[is_unbalance: 0]
[scale_pos_weight: 1]
[sigmoid: 1]
[boost_from_average: 1]
[reg_sqrt: 0]
[alpha: 0.9]
[fair_c: 1]
[poisson_max_delta_step: 0.7]
[tweedie_variance_power: 1.5]
[lambdarank_truncation_level: 30]
[lambdarank_norm: 1]
[label_gain: ]
[lambdarank_position_bias_regularization: 0]
[eval_at: ]
[multi_error_top_k: 1]
[auc_mu_weights: ]
[num_machines: 1]
[local_listen_port: 12400]
[time_out: 120]
[machine_list_filename: ]
[machines: ]
[gpu_platform_id: -1]
[gpu_device_id: -1]
[gpu_use_dp: 0]
[num_gpu: 1]

end of parameters

pandas_categorical:[["korean"], ["cv"], ["cv", "cv_head", "mono", "vc"], ["cv", "cv_glide", "cv_head", "cv_head_glide", "mono", "vc_sonorant", "vc_stop"], ["other", "plosive", "sibilant", "sonorant"], ["unknown", "voiced", "voiceless"], ["nasal", "none", "stop"], ["", "a", "ae", "e", "eo", "eui", "i", "o", "oe", "u", "ui", "wa", "wae", "we", "weo", "wi", "ya", "ye", "yeo", "yo", "yu"], ["head", "mid", "tail"], ["", "vc"], ["", "cv", "cv_head", "mono", "vc"], [""], ["unknown"]]
