tree
version=v4
num_class=1
num_tree_per_iteration=1
label_index=0
max_feature_idx=61
objective=regression_l1
feature_names=language format_type alias_type row_index_in_wav row_ratio_in_wav is_head_row is_tail_row wav_duration_ms base_offset base_cons base_cutoff_abs base_pre base_ovl base_cons_gap base_cut_gap base_ovl_ratio curr_phone_start_ms curr_phone_end_ms curr_phone_len_ms curr_vowel_start_ms curr_vowel_end_ms curr_vowel_len_ms syllable_start_ms syllable_end_ms syllable_len_ms prev_phone_gap_ms next_phone_gap_ms expected_anchor_ms base_offset_to_expected_ms base_pre_to_expected_ms base_cutoff_to_next_anchor_ms energy_mean energy_min energy_max energy_slope_pre energy_slope_post valley_energy valley_dist_from_cutoff_ms db_mean db_min db_silence_ratio f0_voicing_mean f0_voicing_near_pre zcr_mean spectral_flux_mean onset_class voicing_class is_tense is_diphthong coda_type vowel_class mora_position bridge_type is_nasal_or_sonorant prev_alias_type next_alias_type prev_base_pre next_base_pre prev_base_offset next_base_offset prev_base_cutoff_abs next_base_cutoff_abs
feature_infos=none -1:1:0 -1:3:2:1:0:4 [0:13] [0:1] [0:1] [0:1] [0:6999.3650793650804] [0:5788.1800000000003] [6.7199999999999998:573.72000000000003] [21.949999999999999:6180.3100000000004] [0:337.45999999999998] [0:261.31] [1.3199999999999932:349.88] [0.040000000000020401:3691.6100000000001] [0:0.99730740463724765] [0:6000] [0:6061.9500000000007] [0:4770] [0:6030] [0:6061.9500000000007] [0:4770] [0:6000] [0:6061.9500000000007] [0:4770] [0:1940] [0:3440] [0:6030] [-4081.02:3156] [-4081.02:3409.2800000000002] [-3814.7800000000002:5298.0900000000001] [0:1] [0:1] [0:1] [-0.95897056670305358:1] [-1:1] [0:1] [-25.511632653061159:3814.7800000000002] [-96.259205577898797:0] [-96.536329160383062:0] [0:1] [0:1] [0:1] [0:0.51204990076552315] [0:0.25215253929795939] -1:2:1:3:0 -1:0:1:2 none none none -1:6:1:2:5:0:3:4 -1:1:0:2 -1:2:0:1:3 [0:1] -1:4:0:2:3:1:5 none [0:337.45999999999998] [0:337.45999999999998] [0:5398.9799999999996] [0:5788.1800000000003] [0:5578.8999999999996] [0:6180.3100000000004]
tree_sizes=2675 2794 2815 2795 2827 2805 2831 2802 2807 2812 2827 2813 2843 2869 2842 2844 2829 2805 2861 2825 2843 2815 2880 2854

Tree=0
num_leaves=31
num_cat=3
split_feature=11 2 29 9 7 7 7 11 7 11 29 9 28 11 7 56 3 15 46 29 28 11 11 7 11 7 11 1 38 37
split_gain=4195.85 4694.81 1218.36 1199.22 982.442 646.535 312.264 287.144 176.71 274.191 156.705 142.837 128.442 124.804 91.4953 170.837 94.7376 88.0908 258.079 187.301 77.2364 65.0145 59.9362 44.5683 406.586 154.823 42.2855 80.9877 27.3159 25.4059
threshold=197.83000000000001 0 31.805000000000067 224.28500000000003 5655.7369614512481 5655.7369614512481 4290.1133786848086 146.26500000000001 4493.4013605442187 148.10000000000002 -41.315000000000047 328.46500000000009 -231.62499999999997 150.27500000000003 4290.1133786848086 80.185000000000016 1.5000000000000002 0.39212139747522928 1 30.890000000000104 -98.410000000000068 156.87000000000003 197.13000000000002 5405.7596371882091 148.98500000000004 5655.7369614512481 157.26000000000002 2 -43.719705367564124 1.9955328798185408
decision_type=2 1 2 2 2 2 2 2 2 2 2 2 2 2 2 2 2 2 1 2 2 2 2 2 2 2 2 1 2 2
left_child=1 2 3 14 10 6 -5 -6 9 28 12 23 -3 -7 15 -1 -17 -2 19 -19 -13 -18 -8 -10 -25 -26 27 -11 -4 -12
right_child=17 4 8 5 7 13 22 -9 11 26 29 20 -14 -15 -16 16 21 18 -20 -21 -22 -23 -24 24 25 -27 -28 -29 -30 -31
leaf_value=104.26709938049316 96.014599609374997 101.34709968566895 103.45734958648681 102.0890495300293 104.29234962463379 103.20484962463379 104.72904930114746 101.86309967041015 104.93349952697754 102.92784957885742 98.702324628829956 101.80709953308106 104.0378496170044 102.00659942626953 105.25709953308106 102.01429958343506 102.92409973144531 100.02659959793091 99.781599617004389 105.33009986877441 103.01909942626953 102.8085994720459 102.84799957275391 103.93284969329834 104.02959976196288 102.28059959411621 102.15709953308105 102.58509941101075 104.39659996032715 96.846849584579473
leaf_weight=271 2991 92 42 163 394 40 356 95 4293 40 162 59 104 1041 1127 116 71 102 652 139 40 41 55 1438 54 157 127 41 401 2872
leaf_count=271 2991 92 42 163 394 40 356 95 4293 40 162 59 104 1041 1127 116 71 102 652 139 40 41 55 1438 54 157 127 41 401 2872
internal_value=102.848 102.861 102.879 102.854 102.813 102.824 102.867 102.879 102.891 102.867 102.803 102.894 102.846 102.801 102.885 102.867 102.835 102.802 102.816 102.86 102.834 102.868 102.89 102.895 102.888 102.823 102.819 102.847 102.889 102.8
internal_weight=17576 13692 9973 3281 3719 1655 574 489 6692 651 3230 6041 196 1081 1626 499 228 3884 893 241 99 112 411 5942 1649 211 208 81 443 3034
internal_count=17576 13692 9973 3281 3719 1655 574 489 6692 651 3230 6041 196 1081 1626 499 228 3884 893 241 99 112 411 5942 1649 211 208 81 443 3034
cat_boundaries=0 1 2 3
cat_threshold=28 4 2
is_linear=0
shrinkage=1


Tree=1
num_leaves=31
num_cat=3
split_feature=15 2 28 12 29 29 9 12 58 2 32 39 8 4 46 12 28 28 12 60 19 4 9 9 12 12 29 12 12 15
split_gain=3472.02 3263.98 1676.87 766.863 536.138 590.999 573.658 329.698 323.833 270.205 201.8 191.545 276.438 295.363 157.667 129.024 122 104.931 97.8309 95.1599 98.771 93.2084 92.0892 80.6542 80.2549 57.6966 55.2344 47.0376 58.52 42.7755
threshold=0.35149427885587492 0 -156.02000000000018 5.2600000000000007 116.87000000000002 31.805000000000067 224.91500000000002 78.280000000000015 438.27000000000004 1 0.2558328750950955 -27.499096967629175 431.98000000000008 0.10555555555555557 2 96.075000000000003 -123.11499999999977 -80.339999999999961 75.995000000000019 322.87500000000006 555.00000000000011 0.24038461538461539 292.42500000000007 328.46500000000009 83.260000000000005 77.360000000000014 54.780000000000094 64.975000000000009 39.525000000000013 0.49359130931629602
decision_type=2 1 2 2 2 2 2 2 2 1 2 2 2 2 1 2 2 2 2 2 2 2 2 2 2 2 2 2 2 2
left_child=3 2 10 9 5 6 17 -6 -8 -1 18 -3 -13 27 -12 25 -10 -4 -2 20 -5 -19 -22 24 -7 -16 29 28 -14 -26
right_child=1 11 4 19 7 23 8 -9 16 -11 14 12 13 -15 15 -17 -18 21 -20 -21 22 -23 -24 -25 26 -27 -28 -29 -30 -31
leaf_value=-3.0923424792289738 1.8694976997375492 -5.6607924532890328 1.3921453285217282 -5.2343424868583686 3.2577752494812011 1.7767251396179198 2.3149475288391117 -3.3007799530029298 -0.48932991027832035 5.7371450233459473 1.3719948387145999 -5.6983674597740182 -4.9778424811363227 -4.9928924751281745 1.2143214797973636 -1.9916549015045164 0.7412574577331541 -0.73876505851745622 -1.4093299865722657 -6.4017300033569349 1.17038236618042 5.7371450233459473 -1.496748822927475 -0.066854915618896629 0.68122495651245107 -0.032949829101562501 1.0749950981140139 -0.081155090332030971 1.3618824577331545 -0.046854915618896348
leaf_weight=136 57 1849 1066 461 231 5757 136 315 574 311 266 368 42 163 74 244 45 71 719 3169 105 49 178 77 54 255 247 60 274 185
leaf_count=136 57 1849 1066 461 231 5757 136 315 574 311 266 368 42 163 74 244 45 71 719 3169 105 49 178 77 54 255 247 60 274 185
internal_value=0.000236629 0.0130331 0.0258196 -0.0384404 0.0344328 0.0376044 0.0134724 -0.0135531 -0.020596 0.0236018 -0.0209907 -0.0352856 -0.0165932 0.00621521 -0.00399285 -0.0187609 -0.0359451 0.0351602 -0.0393686 -0.0455277 -0.0294355 -0.00916667 -0.00618375 0.0450158 0.0456431 0.00167173 0.0261317 0.0305851 0.0382911 0.00899582
internal_weight=17538 13178 10422 4360 8807 8261 1941 546 755 447 1615 2756 907 539 839 573 619 1186 776 3913 744 120 283 6320 6243 329 486 376 316 239
internal_count=17538 13178 10422 4360 8807 8261 1941 546 755 447 1615 2756 907 539 839 573 619 1186 776 3913 744 120 283 6320 6243 329 486 376 316 239
cat_boundaries=0 1 2 3
cat_threshold=28 3 4
is_linear=0
shrinkage=0.05


Tree=2
num_leaves=31
num_cat=1
split_feature=11 52 29 11 7 7 7 11 7 11 15 28 27 29 11 28 7 11 11 17 58 12 11 39 29 24 38 15 15 25
split_gain=4031.44 4444 1200.49 1275.54 1012.41 732.95 397.033 206.988 198.74 313.756 193.421 237.418 158.924 150.504 107.488 94.1361 91.5131 777.705 70.4709 66.3977 119.339 60.2211 41.5027 73.3493 64.7448 41.108 37.8118 22.1934 10.7756 10.7105
threshold=194.07000000000002 0 31.324999999999822 148.98500000000004 5655.7369614512481 5655.7369614512481 3968.3900226757373 148.10000000000002 4493.4013605442187 152.01000000000002 0.38322303127593499 -174.19499999999996 1915.0000000000002 -41.315000000000047 197.83000000000001 -231.62499999999997 5655.7369614512481 148.98500000000004 155.93500000000003 895.00000000000011 369.53500000000003 54.220000000000006 110.61500000000002 -29.145115604920868 38.599999999999945 305.00000000000006 -43.719705367564124 0.46048062002279527 0.40402676660638337 155.00000000000003
decision_type=2 1 2 2 2 2 2 2 2 2 2 2 2 2 2 2 2 2 2 2 2 2 2 2 2 2 2 2 2 2
left_child=1 4 3 19 13 6 18 -6 9 26 -2 -12 -13 15 -14 -1 29 -18 -5 20 -3 -7 -15 -24 -25 -22 -4 -16 -20 -10
right_child=10 2 8 5 7 21 -8 -9 16 -11 11 12 14 22 27 -17 17 -19 28 -21 25 -23 23 24 -26 -27 -28 -29 -30 -31
leaf_value=-0.9196664523780349 -6.1641433887481689 2.2200452203750607 -7.9200037546157835 0.0026878843307500235 1.2937883348464965 0.015756437301635628 1.062787695884704 -0.76035630255937547 1.8859388093948362 -0.25669127178192142 -2.610113573074341 -2.824040983200073 -0.031327323913573936 -5.2505059580802929 1.9966449899673464 1.2500887365341187 0.81402115154266363 -0.60057300090789811 -0.043812130928039039 3.1372627935409541 2.3231876859664924 -0.74536344528198273 -6.4988029023408904 -1.4130052211880688 1.0863893442153927 -0.82627672624588022 1.2667815141677856 0.056712929725647149 -0.72948587417602584 3.5138890962600708
leaf_weight=78 3035 163 40 43 401 40 420 68 4353 190 619 129 126 2321 185 93 1427 230 41 1068 41 1057 545 85 76 66 422 41 164 44
leaf_count=78 3035 163 40 43 401 40 420 68 4353 190 619 129 126 2321 185 93 1427 230 41 1068 41 1057 545 85 76 66 422 41 164 44
internal_value=0.000224292 0.0134758 0.0310164 0.00533355 -0.0334376 -0.0225779 0.0187126 0.0350746 0.0429466 0.0167178 -0.0429625 -0.025 0.00135135 -0.0435897 0.01875 0.00204678 0.0457714 0.0357574 -0.0314516 0.0421525 0.02 -0.0477211 -0.0461678 -0.0355524 -0.00590062 -0.021028 0.038961 0.0393805 -0.0436585 0.0495451
internal_weight=17611 13476 9809 3103 3667 1765 668 469 6706 652 4135 1100 481 3198 352 171 6054 1657 248 1338 270 1097 3027 706 161 107 462 226 205 4397
internal_count=17611 13476 9809 3103 3667 1765 668 469 6706 652 4135 1100 481 3198 352 171 6054 1657 248 1338 270 1097 3027 706 161 107 462 226 205 4397
cat_boundaries=0 1
cat_threshold=1
is_linear=0
shrinkage=0.05


Tree=3
num_leaves=31
num_cat=3
split_feature=11 2 29 11 7 7 7 7 11 11 9 57 15 46 29 7 11 11 11 17 60 7 15 7 11 7 15 54 56 11
split_gain=4169.07 4311.93 1035.95 1180.9 945.641 615.942 426.503 214.808 297.816 185.019 184.479 170.007 168.598 182.434 240 119.359 133.191 53.4616 52.0964 72.823 122.625 62.7873 159.863 46.1271 380.721 177.906 45.3574 38.0175 41.1678 29.1108
threshold=191.13000000000002 0 32.190000000000033 155.00500000000002 5655.7369614512481 5655.7369614512481 4290.1133786848086 4493.4013605442187 148.98500000000004 142.54500000000004 328.46500000000009 247.25500000000002 0.36847232600217994 1 29.449999999999921 4176.2471655328809 168.20500000000001 203.90500000000003 142.38000000000002 895.00000000000011 818.18000000000006 5655.7369614512481 0.3546694902792763 5405.7596371882091 142.54500000000004 5655.7369614512481 0.40210117843625109 2 80.185000000000016 174.58500000000004
decision_type=2 1 2 2 2 2 2 2 2 2 2 2 2 1 2 2 2 2 2 2 2 2 2 2 2 2 2 1 2 2
left_child=1 2 3 18 11 6 26 8 27 -6 23 -3 -2 14 -14 16 -13 -15 19 20 -1 -20 -23 -9 -25 -26 -5 28 -4 -18
right_child=12 4 7 5 9 -7 -8 10 -10 -11 -12 15 13 17 -16 -17 29 -19 21 -21 -22 22 -24 24 25 -27 -28 -29 -30 -31
leaf_value=2.6229604379177092 -5.8614862223625188 -5.1047275784969335 0.27744222483634928 0.0025534901142123092 1.2875988265514373 -0.85909548664093061 0.86334818596839824 1.8235914844036103 -0.30188132538795504 -0.32158832721412162 -0.31873981118202227 0.81544044717550224 -1.5312846251726151 -0.032050936222076491 2.167363277578354 -5.197858573552967 -0.021217035533488016 -2.9804070694923404 1.9655056538105016 3.2471248125553127 -0.79501270987987527 0.0070247011184690683 -0.24259539508819616 0.84307030758857737 1.0977617686748509 -0.51533751034736641 -0.59401179409027172 1.6299943336009974 -8.3750553719043737 -0.48633199322372678
leaf_weight=170 3043 2769 91 46 371 909 360 4215 194 86 93 135 177 242 168 134 56 558 217 982 73 113 92 1400 68 165 197 285 52 71
leaf_count=170 3043 2769 91 46 371 909 360 4215 194 86 93 135 177 242 168 134 56 558 217 982 73 113 92 1400 68 165 197 285 52 71
internal_value=0.00039927 0.0140588 0.0313913 0.00789807 -0.0324615 -0.0240079 0.0151741 0.0427472 0.014791 0.0346827 0.0456741 -0.0422591 -0.0431232 -0.0267686 0.00362319 -0.0116162 0.00801527 -0.039875 0.0371888 0.0424082 0.0179012 0.0220379 0.00219512 0.0467852 0.0396509 -0.0195279 -0.0360082 0.0380841 0.0133987 -0.0287402
internal_weight=17532 13344 9722 3159 3622 1512 603 6563 622 457 5941 3165 4188 1145 345 396 262 800 1647 1225 243 422 205 5848 1633 233 243 428 143 127
internal_count=17532 13344 9722 3159 3622 1512 603 6563 622 457 5941 3165 4188 1145 345 396 262 800 1647 1225 243 422 205 5848 1633 233 243 428 143 127
cat_boundaries=0 1 2 3
cat_threshold=28 4 12
is_linear=0
shrinkage=0.05


Tree=4
num_leaves=31
num_cat=1
split_feature=11 2 7 29 11 7 7 15 7 11 29 11 9 57 7 29 7 11 11 15 7 17 60 12 7 11 7 7 37 7
split_gain=3980.03 4389.34 946.687 938.982 992.563 565.914 445.836 229.531 217.53 297.914 199.112 193.467 167.917 163.865 123.314 123.108 109.719 114.16 74.9616 82.6989 256.92 69.9885 115.085 49.0583 41.9579 370.26 177.59 40.7835 40.5246 67.3313
threshold=194.07000000000002 0 5655.7369614512481 32.190000000000033 155.93500000000003 5655.7369614512481 4290.1133786848086 0.38322303127593499 4493.4013605442187 148.98500000000004 22.609999999999904 141.90000000000003 328.46500000000009 247.25500000000002 4880.8276643990939 38.890000000000107 4176.2471655328809 166.37500000000003 137.71000000000001 0.35338221277219745 5655.7369614512481 895.00000000000011 614.71000000000015 61.895000000000003 5405.7596371882091 143.73500000000004 5655.7369614512481 4760.5668934240375 7.2639002267571877 4493.4013605442187
decision_type=2 1 2 2 2 2 2 2 2 2 2 2 2 2 2 2 2 2 2 2 2 2 2 2 2 2 2 2 2 2
left_child=1 3 13 4 18 6 -6 -2 9 -5 -9 -4 24 28 -12 -16 17 -15 21 -20 27 22 -1 -14 -10 -26 -27 -21 29 -3
right_child=7 2 11 8 5 -7 -8 10 12 -11 14 -13 23 16 15 -17 -18 -19 19 20 -22 -23 -24 -25 25 26 -28 -29 -30 -31
leaf_value=3.0013373336243627 -5.559111965413094 -0.79404113584578018 1.2360065706181531 1.1864423860859874 -0.39531096024513279 -1.0606405864238746 0.76963107879400217 -2.9855712555265423 1.7269370566678051 -0.33907560445547136 -2.5338185805654518 -0.50101820566132671 -0.59354655212163931 0.79461852857649262 -0.023186124682425913 1.9491951564240453 -5.0387697476746149 -0.20828475704856261 0.014617380380630608 -0.00044799916505766646 -0.23046562533378606 3.1872687245154374 -0.55876244059681923 0.14112353960275642 0.86316654806852355 0.91089888776063932 -0.48957063482999819 1.9441616750979429 -4.9935911503624917 -3.9214911785912516
leaf_weight=136 2992 142 374 443 227 785 373 479 4208 196 110 89 56 129 278 195 129 136 211 58 157 923 97 40 1425 67 157 216 2416 195
leaf_count=136 2992 142 374 443 227 785 373 479 4208 196 110 89 56 129 278 195 129 136 211 58 157 923 97 40 1425 67 157 216 2416 195
internal_value=0.00149378 0.0146395 -0.0324309 0.0320235 0.00975495 -0.0220578 0.0145 -0.0419092 0.0428246 0.0151017 -0.0219397 0.0342333 0.0458004 -0.0423419 -0.00231561 0.00877378 -0.0121827 0.00622642 0.0342603 0.0205607 0.00800464 0.0418685 0.017382 -0.0197917 0.0468755 0.0401152 -0.0196429 0.0372263 -0.0466582 -0.0304154
internal_weight=17439 13385 3610 9775 3183 1385 600 4054 6592 639 1062 463 5953 3147 583 473 394 265 1798 642 431 1156 233 96 5857 1649 224 274 2753 337
internal_count=17439 13385 3610 9775 3183 1385 600 4054 6592 639 1062 463 5953 3147 583 473 394 265 1798 642 431 1156 233 96 5857 1649 224 274 2753 337
cat_boundaries=0 1
cat_threshold=28
is_linear=0
shrinkage=0.05


Tree=5
num_leaves=31
num_cat=3
split_feature=11 2 7 7 11 7 12 11 15 54 11 29 29 46 56 11 11 38 11 10 7 11 11 20 29 17 11 28 25 12
split_gain=4011.14 4285.55 904.942 788.368 1959.51 703.319 629.56 446.922 231.903 210.894 182.725 167.86 161.547 161.663 99.7934 116.975 84.7749 110.186 78.4318 75.3455 65.8135 64.4819 49.7895 40.8656 40.7707 31.8617 25.0645 23.1089 18.8664 17.616
threshold=189.18500000000003 0 5655.7369614512481 5655.7369614512481 141.90000000000003 4493.4013605442187 55.235000000000007 156.87000000000003 0.38322303127593499 1 141.06500000000003 -41.315000000000047 21.33500000000004 2 70.66500000000002 137.12500000000003 112.58000000000001 -25.891820027519866 160.43000000000004 3246.3750000000005 3968.3900226757373 202.38000000000002 174.58500000000004 4305.0000000000009 -2.0149999999999859 625.00000000000011 154.61500000000004 -101.01499999999997 175.00000000000003 96.075000000000003
decision_type=2 1 2 2 2 2 2 2 2 1 2 2 2 1 2 2 2 2 2 2 2 2 2 2 2 2 2 2 2 2
left_child=1 3 11 5 -5 7 19 9 -2 14 -4 18 -10 21 15 -1 -13 -18 25 -6 22 -14 24 29 -19 -3 -12 -8 -7 -15
right_child=8 2 10 4 6 28 27 -9 12 -11 26 16 13 23 -16 -17 17 20 -20 -21 -22 -23 -24 -25 -26 -27 -28 -29 -30 -31
leaf_value=0.48495496327745902 -5.2879064739539627 1.0971397714587148 1.1799561352757217 0.88600820540630854 -0.092172270700931591 1.6601153503187895 -0.70360856091737822 -0.5445456563735015 -2.8843088560993673 1.2444385976479051 0.00034378770906471349 -4.4913722382816079 -0.015588467407226858 -0.026974118405580328 -0.42582420412606015 -0.058679293493867135 -6.0044467750045065 -1.9561632919960381 -0.65237611145962404 0.01388651136159922 -5.7191467109175926 2.0194100354436637 -0.28995423492629513 -0.008102891951799052 0.47414150078295131 -4.3618386012601258 -0.80320809212308397 -0.037991580970644638 2.0319509104477169 -2.4071276515371793
leaf_weight=155 3060 77 360 1602 41 5354 1093 319 487 526 43 2322 83 97 206 67 377 50 44 247 63 156 45 152 124 45 54 70 88 179
leaf_count=155 3060 77 360 1602 41 5354 1093 319 487 526 43 2322 83 97 206 67 377 50 44 247 63 156 45 152 124 45 54 70 88 179
internal_value=0.0010804 0.0144855 -0.0320697 0.0316629 0.0106289 0.0412733 -0.0314611 0.00781618 -0.041457 0.0249476 0.0335886 -0.0417064 -0.022357 -0.00637181 -0.00159817 0.0216216 -0.0444314 -0.0286039 0.00722892 0.0347222 -0.00496454 0.026569 0.00799087 -0.0247664 0.0201149 0.0278689 -0.0273196 -0.0478504 0.0490996 -0.0362319
internal_weight=17586 13372 3604 9768 3053 6715 1451 1273 4214 954 457 3147 1154 667 428 222 2981 659 166 288 282 239 219 428 174 122 97 1163 5442 276
internal_count=17586 13372 3604 9768 3053 6715 1451 1273 4214 954 457 3147 1154 667 428 222 2981 659 166 288 282 239 219 428 174 122 97 1163 5442 276
cat_boundaries=0 1 2 3
cat_threshold=28 12 4
is_linear=0
shrinkage=0.05


Tree=6
num_leaves=31
num_cat=1
split_feature=11 2 7 29 9 7 15 57 7 7 11 28 7 56 7 29 7 11 7 11 12 29 11 7 12 11 7 11 7 16
split_gain=3778.83 4034.77 958.967 878.784 913.09 363.66 272.308 225.117 204.167 194.874 164.427 161.456 153.359 192.685 143.931 141.977 137.195 889.86 125.352 111.607 104.59 100.539 68.9481 65.4037 125.462 157.797 63.4387 158.267 50.6481 48.6877
threshold=189.18500000000003 0 5655.7369614512481 32.715000000000153 227.72500000000002 5655.7369614512481 0.38322303127593499 219.48500000000004 1532.9251700680275 4176.2471655328809 140.31000000000003 -201.32000000000002 4290.1133786848086 66.645000000000024 4176.2471655328809 32.190000000000033 5655.7369614512481 141.06500000000003 4290.1133786848086 139.49500000000003 55.235000000000007 47.345000000000034 176.17000000000004 5405.7596371882091 56.305000000000007 133.03500000000003 4493.4013605442187 157.79500000000004 5655.7369614512481 395.00000000000006
decision_type=2 1 2 2 2 2 2 2 2 2 2 2 2 2 2 2 2 2 2 2 2 2 2 2 2 2 2 2 2 2
left_child=1 3 7 4 12 9 -2 -3 19 -6 -4 -8 13 -1 22 -11 26 -18 -13 -5 -7 28 29 -14 -25 -26 27 -10 -20 -9
right_child=6 2 10 8 5 20 11 14 16 15 -12 18 23 -15 -16 -17 17 -19 21 -21 -22 -23 -24 24 25 -27 -28 -29 -30 -31
leaf_value=1.0402329571011186 -5.0270360258971332 -4.4172930103034558 1.1159958460595434 0.80789874888659774 -0.5833183582960374 0.0098172554975739963 -2.8350603033910633 -3.4607930045814097 1.3669507203221443 1.5696720059560123 -0.12030663137269215 -2.2867712689603201 2.6654492949436484 -0.060264603286074706 -4.4675043992906609 -0.0068904324559390774 0.84170779513599292 -0.23569275292180195 -0.0028063025443671565 -0.24260619607710865 -0.97292823586833566 2.1531147503462846 -0.56748241117228704 0.039054158793091182 0.31065451486017043 -0.22976182446849336 1.5630592898341 -0.36024203935408611 -1.9703135346059444 0.38213264222529519
leaf_weight=245 3032 2715 379 106 151 51 448 44 327 260 93 132 802 270 143 50 1236 339 376 120 780 147 49 474 87 121 4249 68 60 219
leaf_count=245 3032 2715 379 106 151 51 448 44 327 260 93 132 802 270 143 50 1236 339 376 120 780 147 49 474 87 121 4249 68 60 219
internal_value=0.000845046 0.0138287 -0.0310241 0.0306074 0.00961714 -0.0231424 -0.0405602 -0.0410095 0.0413732 0.0124729 0.0353814 -0.0199914 0.0307904 0.00728155 -0.00846154 0.0351613 0.0430696 0.0303175 -0.00524476 -0.00530973 -0.0429001 0.00471698 0.0105769 0.0389488 0.027566 -0.00480769 0.0473945 0.0282278 -0.00733945 0.0207224
internal_weight=17573 13378 3642 9736 3291 1292 4195 3170 6445 461 472 1163 1999 515 455 310 6219 1575 715 226 831 583 312 1484 682 208 4644 395 436 263
internal_count=17573 13378 3642 9736 3291 1292 4195 3170 6445 461 472 1163 1999 515 455 310 6219 1575 715 226 831 583 312 1484 682 208 4644 395 436 263
cat_boundaries=0 1
cat_threshold=28
is_linear=0
shrinkage=0.05


Tree=7
num_leaves=31
num_cat=2
split_feature=11 2 7 7 11 7 12 11 15 11 57 54 11 7 39 13 12 11 7 17 11 8 37 12 11 12 15 15 9 12
split_gain=4023.12 4023.87 926.446 718.219 1675.05 728.511 516.21 412.932 264.194 234.676 212.528 169.144 158.37 145.389 105.09 91.8676 70.2217 118.433 89.4869 69.6573 64.5575 62.4853 50.6593 67.8734 50.527 35.5298 34.1013 33.1415 32.8331 30.764
threshold=184.54500000000004 0 5655.7369614512481 5655.7369614512481 139.49500000000003 4493.4013605442187 55.235000000000007 150.27500000000003 0.38322303127593499 150.27500000000003 247.25500000000002 1 138.34000000000003 4833.6054421768722 -37.447207904226346 37.785000000000004 119.355 200.465 4661.7460317460327 2175.0000000000005 133.93500000000003 2961.9000000000005 7.2639002267571877 43.975000000000001 164.40500000000003 108.87500000000001 0.42683099048425849 0.43146219069291686 207.49500000000003 86.810000000000016
decision_type=2 1 2 2 2 2 2 2 2 2 2 1 2 2 2 2 2 2 2 2 2 2 2 2 2 2 2 2 2 2
left_child=1 3 10 5 -5 7 21 11 -2 19 22 15 -4 24 -10 20 17 27 -19 -8 -1 -6 23 -3 -12 -20 28 -16 -9 -29
right_child=8 2 12 4 6 -7 9 26 14 -11 13 -13 -14 -15 16 -17 -18 18 25 -21 -22 -23 -24 -25 -26 -27 -28 29 -30 -31
leaf_value=0.40869556725852973 -4.7806593527761043 -3.2095271054214978 1.060196053756566 1.0888725884846622 -0.055909147138208229 1.5454570150396607 0.0089734847213144061 -0.054080019457075683 -2.1724826780464839 -0.7062815074550457 0.79917598292783443 1.3870561185711736 -0.075447038239966707 -4.3388874284122698 -0.036045727727673692 -1.266555163441015 -2.2141400990416273 -2.1724327055123043 1.3913589762078766 -0.013766492609510196 -0.0093748531232606073 0.011239477853864345 -4.2869283330854016 0.7007944711521219 -0.034082677279568686 -0.29982412796417041 -0.48833066480686899 0.046030288120920561 0.03241497995834948 -0.025485097358082954
leaf_weight=127 3106 235 366 1518 42 5201 121 70 479 998 113 439 100 123 153 145 140 47 233 150 99 252 2391 82 137 53 302 64 48 235
leaf_count=127 3106 235 366 1518 42 5201 121 70 479 998 113 439 100 123 153 145 140 47 233 150 99 252 2391 82 137 53 302 64 48 235
internal_value=0.000492344 0.0145532 -0.0308547 0.031485 0.0116683 0.0410278 -0.0246641 0.00642276 -0.0402217 -0.0384949 -0.0408796 0.027284 0.0347639 -0.00549598 -0.0222222 0.00170604 -0.0123784 -0.00656051 0.0160661 0.00276753 0.0216814 0.035034 -0.0457533 -0.0269716 0.0164 0.0265734 -0.0338095 -0.0232301 -0.0110169 -0.0135452
internal_weight=17569 13059 3547 9512 3081 6431 1563 1230 4510 1269 3081 810 466 373 1404 371 925 785 333 271 226 294 2708 317 250 286 420 452 118 299
internal_count=17569 13059 3547 9512 3081 6431 1563 1230 4510 1269 3081 810 466 373 1404 371 925 785 333 271 226 294 2708 317 250 286 420 452 118 299
cat_boundaries=0 1 2
cat_threshold=28 12
is_linear=0
shrinkage=0.05


Tree=8
num_leaves=31
num_cat=2
split_feature=11 2 7 7 11 7 11 12 15 57 11 54 11 7 28 7 11 56 20 11 28 28 15 37 7 7 11 16 12 11
split_gain=3737.34 3977.63 913.342 884.418 1726.17 716.131 363.407 319.508 282.127 205.786 204.963 165.267 150.509 149.862 132.311 104.67 129.474 104.502 77.7996 70.6437 70.3355 67.5935 65.4391 51.3114 64.0484 106.508 44.269 43.8307 46.9237 63.7423
threshold=183.28500000000003 0 5655.7369614512481 5655.7369614512481 138.87000000000003 4493.4013605442187 152.83500000000004 55.235000000000007 0.38322303127593499 247.25500000000002 150.27500000000003 1 137.12500000000003 4176.2471655328809 -201.32000000000002 4290.1133786848086 200.465 86.645000000000024 2155.0000000000005 133.93500000000003 -140.99999999999997 -118.205 0.48762410119192717 7.2639002267571877 4661.7460317460327 3739.3650793650795 164.40500000000003 3085.0000000000005 54.660000000000004 156.32000000000002
decision_type=2 1 2 2 2 2 2 2 2 2 2 1 2 2 2 2 2 2 2 2 2 2 2 2 2 2 2 2 2 2
left_child=1 3 9 5 21 6 11 27 -2 23 18 17 -4 26 -10 -16 20 19 -9 -1 -17 -5 -18 24 25 -3 -11 -6 -29 -30
right_child=8 2 12 4 7 -7 -8 10 14 13 -12 -13 -14 -15 15 16 22 -19 -20 -21 -22 -23 -24 -25 -26 -27 -28 28 29 -31
leaf_value=0.40101065156650151 -4.5451263698785098 -4.2508901268384269 1.0071862510687375 -0.010321863195255077 -0.086720907748629381 1.4811838896294747 -0.17715298182090394 0.0085248104852489355 -2.5952187933668087 0.838217275334177 -0.67096743208229348 1.3177033126426154 -0.039216241577987178 -4.0469480185806352 -2.0638085716099801 -0.025204376347047489 1.4728156550830294 -1.133191891142485 -0.01564316190698456 -0.0068528008765987641 1.5044337065240059 1.1091790963895307 -0.13039490386727479 -4.0505819850956826 -3.0246157419930797 2.0181779772889512 -0.022594154739565653 0.022539537995899653 -0.00046041622773316252 0.020802405818546532
leaf_weight=140 3093 60 356 68 47 5159 411 121 448 113 992 455 99 134 154 477 208 151 180 125 61 1404 95 2449 190 69 127 147 46 47
leaf_count=140 3093 60 356 68 47 5159 411 121 448 113 992 455 99 134 154 477 208 151 180 125 61 1404 95 2449 190 69 127 147 46 47
internal_value=-0.000107795 0.0134454 -0.0312864 0.0303957 0.00825688 0.0409331 0.0074883 -0.028038 -0.0392196 -0.0409612 -0.0386311 0.025775 0.0348352 -0.00614973 -0.0209633 -0.010804 -0.00386445 0.00234742 -0.00249169 0.0213208 -0.0185874 0.0472147 0.0222772 -0.0456647 -0.0268025 0.000387597 0.0175 0.0196864 0.0283333 0.000537634
internal_weight=17626 13090 3597 9493 3052 6441 1282 1580 4536 3142 1293 871 455 374 1443 995 841 416 301 265 538 1472 303 2768 319 129 240 287 240 93
internal_count=17626 13090 3597 9493 3052 6441 1282 1580 4536 3142 1293 871 455 374 1443 995 841 416 301 265 538 1472 303 2768 319 129 240 287 240 93
cat_boundaries=0 1 2
cat_threshold=28 12
is_linear=0
shrinkage=0.05


Tree=9
num_leaves=31
num_cat=3
split_feature=11 2 7 11 7 7 11 11 11 57 12 7 11 54 19 56 28 28 11 11 11 37 12 11 28 12 11 46 12 11
split_gain=3789.86 3805.2 950.981 1659.23 892.79 667.289 354.83 301.433 253.2 214.43 159.87 146.958 142.946 134.435 101.006 89.3699 85.5736 88.4467 126.956 58.4243 55.3207 52.0613 68.5005 49.3418 47.7382 42.0836 65.5487 38.1213 34.8151 30.9101
threshold=181.87000000000003 0 5655.7369614512481 137.71000000000001 5655.7369614512481 4493.4013605442187 146.26500000000001 156.87000000000003 239.41000000000003 247.25500000000002 54.660000000000004 4176.2471655328809 137.12500000000003 1 1275.0000000000002 94.435000000000016 -64.20499999999997 -170.97999999999999 197.13000000000002 133.03500000000003 160.43000000000004 7.2639002267571877 43.975000000000001 164.40500000000003 -138.10999999999987 55.885000000000012 156.32000000000002 2 54.220000000000006 156.87000000000003
decision_type=2 1 2 2 2 2 2 2 2 2 2 2 2 1 2 2 2 2 2 2 2 2 2 2 2 2 2 1 2 2
left_child=1 2 5 -4 9 6 13 10 16 21 28 23 -6 15 -12 19 17 -2 24 -1 -8 22 -3 -11 -19 26 -16 -20 -5 -14
right_child=8 4 3 7 12 -7 20 -9 -10 11 14 -13 29 -15 25 -17 -18 18 27 -21 -22 -23 -24 -25 -26 -27 -28 -29 -30 -31
leaf_value=0.43708072885759752 -0.7730380641228124 -2.8577800046040944 1.12472005001732 5.0786460790419599e-05 1.0153268469625665 1.4800702323806263 -0.01798330063341318 -0.8879190719222706 -4.2123700208670067 0.8293065946729371 0.008098569960986169 -3.8267105536296584 0.012075093883143496 1.2717334139793188 -0.00043739541634622018 -1.5815821928255951 -9.1168698377615396 -0.033033195058117575 1.6894587090012516 -0.0063762874960694663 -0.55392803221976838 -3.8755528476939265 1.0022396727083727 -0.030988957466232137 2.0375916504085785 -0.06703322292944662 0.019762285527619383 -0.001410650053665208 0.021412561096104812 -0.76629915381042446
leaf_weight=129 691 225 1354 51 351 5173 242 761 2973 113 170 127 61 437 51 139 255 359 135 105 203 2379 88 123 70 423 47 86 125 42
leaf_count=129 691 225 1354 51 351 5173 242 761 2973 113 170 127 61 437 51 139 255 359 135 105 203 2379 88 123 70 423 47 86 125 42
internal_value=1.71546e-05 0.0138594 0.030414 0.00710932 -0.0305342 0.0412726 0.00856574 -0.0269042 -0.0391223 -0.0403437 -0.0067474 -0.00426997 0.0348018 0.0282716 -0.0175832 0.00535248 -0.0230576 -0.0180089 -0.00476923 0.024359 -0.0273034 -0.045208 -0.0260383 0.0190678 -0.0206294 -0.0285029 0.00102041 0.0260181 0.0357955 -0.0169903
internal_weight=17488 12919 9410 2982 3509 6428 1255 1628 4569 3055 867 363 454 810 691 373 1596 1341 650 234 445 2692 313 236 429 521 98 221 176 103
internal_count=17488 12919 9410 2982 3509 6428 1255 1628 4569 3055 867 363 454 810 691 373 1596 1341 650 234 445 2692 313 236 429 521 98 221 176 103
cat_boundaries=0 1 2 3
cat_threshold=28 12 4
is_linear=0
shrinkage=0.05


Tree=10
num_leaves=31
num_cat=3
split_feature=11 2 7 11 7 7 11 15 11 57 11 11 7 54 2 28 7 27 56 11 15 11 14 12 37 11 11 28 11 28
split_gain=3653.17 3641.88 1011.34 1654.37 844.991 619.808 351.253 324.695 314.335 227.269 203.655 152.677 136.517 132.592 119.074 109.08 117.689 74.9768 71.5156 70.2726 70.8721 58.0431 56.7399 55.3111 52.621 64.4684 51.9683 40.5084 37.7936 72.3235
threshold=180.79500000000004 0 5655.7369614512481 136.34500000000006 5655.7369614512481 4493.4013605442187 146.26500000000001 0.35149427885587492 239.41000000000003 247.25500000000002 152.01000000000002 134.91000000000003 4176.2471655328809 1 2 -159.02000000000018 5655.7369614512481 1275.0000000000002 94.435000000000016 155.64000000000001 0.35144509460230794 131.98500000000004 128.96000000000001 106.06000000000002 7.2639002267571877 106.23500000000001 162.42500000000004 -118.205 336.74000000000007 -274.91499999999991
decision_type=2 1 2 2 2 2 2 2 2 2 2 2 2 1 1 2 2 2 2 2 2 2 2 2 2 2 2 2 2 2
left_child=1 2 5 27 9 6 13 19 14 24 17 -6 -11 18 15 16 23 -9 21 -5 -21 -1 -17 -2 25 -3 -8 -4 -10 -30
right_child=8 4 3 7 11 -7 26 10 28 12 -12 -13 -14 -15 -16 22 -18 -19 -20 20 -22 -23 -24 -25 -26 -27 -28 -29 29 -31
leaf_value=0.46585618935681983 0.034622478521275472 -2.7018609561628733 0.22745836479274362 0.020341933041299855 0.96456050461443832 1.4204858394178785 -0.015896228733343776 0.0076936414629365409 -4.0147514359003171 0.18362687261783145 -0.59302310688206539 -0.036643234289712723 -3.6442925908975683 1.2307790608452103 -2.9176043617721295 -0.013076270457913354 -1.8428034366068298 -0.020016166106592695 -1.0324709440073208 -0.00041552564552915783 0.028274293321550917 -0.0060839819755692309 -0.055328453382180245 -0.65684096489230692 -3.6880501915763193 0.75115749151760058 -0.55918184118006875 1.1509841238103995 -4.2492515579706298 0.61799850306452742
leaf_weight=119 462 215 58 161 346 5090 243 172 2817 242 945 102 116 443 584 198 97 308 144 91 43 102 260 76 2388 91 187 1289 126 53
leaf_count=119 462 215 58 161 346 5090 243 172 2817 242 945 102 116 443 584 198 97 308 144 91 43 102 260 76 2388 91 187 1289 126 53
internal_value=-0.000119536 0.013606 0.0298086 0.00627649 -0.029886 0.0412611 0.0095315 -0.0262209 -0.0379949 -0.039384 -0.0361053 0.0341518 -0.00195531 0.0289604 -0.0206619 -0.0105621 0.00275591 -0.00958333 0.00573333 0.0215254 -0.00522388 0.0237557 -0.0292576 0.0118959 -0.0443578 -0.0248366 -0.0269767 0.0477728 -0.0476969 -0.025419
internal_weight=17568 12895 9395 3067 3500 6328 1238 1720 4673 3052 1425 448 358 808 1677 1093 635 480 365 295 134 221 458 538 2694 306 430 1347 2996 179
internal_count=17568 12895 9395 3067 3500 6328 1238 1720 4673 3052 1425 448 358 808 1677 1093 635 480 365 295 134 221 458 538 2694 306 430 1347 2996 179
cat_boundaries=0 1 2 3
cat_threshold=28 12 12
is_linear=0
shrinkage=0.05


Tree=11
num_leaves=31
num_cat=4
split_feature=11 2 7 11 7 7 11 11 57 11 11 7 28 29 54 7 15 19 56 15 29 54 11 12 11 7 11 28 2 15
split_gain=3325.17 3560.57 1029.32 1680.84 802.388 634.444 399.625 338.566 235.904 227.877 173.993 153.337 126.543 178.931 110.41 84.7978 80.3329 88.8129 77.2171 68.2824 91.7113 65.1344 57.7065 76.5675 52.1088 51.8409 51.2568 50.1011 60.5998 45.9382
threshold=178.68500000000003 0 5655.7369614512481 135.58500000000004 5655.7369614512481 4493.4013605442187 239.41000000000003 141.06500000000003 247.25500000000002 156.87000000000003 133.93500000000003 4176.2471655328809 -64.20499999999997 47.844999999999921 1 5655.7369614512481 0.35338221277219745 1275.0000000000002 94.435000000000016 0.35144509460230794 23.084999999999926 2 336.74000000000007 98.105000000000004 161.13500000000002 4661.7460317460327 133.93500000000003 -153.60999999999987 3 0.46251665460017
decision_type=2 1 2 2 2 2 2 2 2 2 2 2 2 2 1 2 2 2 2 2 2 1 2 2 2 2 2 2 1 2
left_child=1 2 5 -4 8 7 12 14 -3 16 -6 -10 13 15 18 21 19 -18 26 20 -5 25 -8 -24 -9 -2 -1 28 -23 -15
right_child=6 4 3 9 10 -7 22 24 11 -11 -12 -13 -14 29 -16 -17 17 -19 -20 -21 -22 27 23 -25 -26 -27 -28 -29 -30 -31
leaf_value=0.33159185945945924 -0.95508455893802813 -3.3874189465505737 1.1080139682090533 -0.00039474936325234466 0.91633247938371631 1.4865971662162787 -3.8150388732605744 -0.0151014172966768 0.21151419848312722 -0.78137226815783478 -0.031742357347241068 -3.6393204729727646 -8.1112252448960103 2.0019959289195484 1.1692401078029497 -1.4308079111324432 0.0073089593897897494 -0.038065326520745658 -1.4676529885281617 0.019324836389235146 0.022518842260054586 -9.5173597189585593 -1.6861389079743192 0.7241986069030002 -0.49822256601559689 0.060011153850805958 -0.0058062917310941486 -0.034903230512237114 -0.019026349211397078 -0.013903705021355961
leaf_weight=128 40 2710 1318 99 341 4905 2796 291 240 709 111 126 272 183 417 214 184 533 131 84 78 118 142 41 187 223 59 213 590 91
leaf_count=128 40 2710 1318 99 341 4905 2796 291 240 709 111 126 272 183 417 214 184 533 131 84 78 118 142 41 187 223 59 213 590 91
internal_value=-0.00077387 0.0127935 0.029273 0.0053411 -0.0298191 0.0410755 -0.0356388 0.00869744 -0.0390442 -0.0277119 0.0323009 -0.00136612 -0.0180041 -0.0128589 0.03 -0.0201001 -0.0120654 -0.0207113 0.00670732 0.0116858 -0.0059322 -0.0148649 -0.0471467 -0.0199454 -0.0240586 0.00714286 0.0275401 -0.0209989 -0.0148305 0.0240876
internal_weight=17574 12651 9123 3005 3528 6118 4923 1213 3076 1687 452 366 1944 1672 735 1398 978 717 318 261 177 1184 2979 183 478 263 187 921 708 274
internal_count=17574 12651 9123 3005 3528 6118 4923 1213 3076 1687 452 366 1944 1672 735 1398 978 717 318 261 177 1184 2979 183 478 263 187 921 708 274
cat_boundaries=0 1 2 3 4
cat_threshold=28 12 38 1
is_linear=0
shrinkage=0.05


Tree=12
num_leaves=31
num_cat=2
split_feature=11 2 7 11 7 7 11 11 11 57 11 7 54 12 7 28 29 15 11 56 28 11 11 20 15 29 8 11 29 11
split_gain=3261.02 3298.18 1049.84 1590.47 798.695 603.287 362.491 299.56 225.299 213.504 154.551 141.581 116.328 111.351 105.841 117.334 121.048 84.6811 90.4314 71.4406 66.1243 81.3913 65.3849 63.1861 60.7433 95.4222 60.6691 56.3018 61.8314 55.166
threshold=177.09500000000003 0 5655.7369614512481 133.93500000000003 5655.7369614512481 4493.4013605442187 239.41000000000003 140.31000000000003 156.87000000000003 219.48500000000004 133.03500000000003 4176.2471655328809 1 67.865000000000023 5655.7369614512481 -153.60999999999987 41.669999999999597 0.35338221277219745 153.63000000000002 94.435000000000016 -102.61499999999992 127.12500000000001 215.38500000000002 2075.0000000000005 0.35144509460230794 23.084999999999926 388.15000000000003 336.74000000000007 63.210000000000271 163.36500000000004
decision_type=2 1 2 2 2 2 2 2 2 2 2 2 1 2 2 2 2 2 2 2 2 2 2 2 2 2 2 2 2 2
left_child=1 2 5 20 9 7 13 12 17 -3 -6 -11 19 -2 15 16 22 24 23 -1 21 -4 -15 -19 25 -5 -17 -8 -29 -9
right_child=6 4 3 8 10 -7 27 29 -10 11 -12 -13 -14 14 -16 26 -18 18 -20 -21 -22 -23 -24 -25 -26 -27 -28 28 -30 -31
leaf_value=0.17881730915891225 -7.7643524475655914 -3.2078017819722207 1.0688383216784836 -0.00037501189508972745 0.88244124756540931 1.4256731862780023 -3.6205120005509146 -0.014251589236614848 -0.74180354793841952 0.23971001577139397 -0.014824234234149714 -3.1647805839591872 1.1960278124958101 0.00034591275674209502 -1.3645669648954077 4.442496744159949 1.3657465353056026 0.0069435114203002975 -0.11167142030186952 -1.3858836128296479 1.0851129646228195 -0.14631541207463103 -0.6337590098479986 -0.01924306199208772 0.018358594569773602 0.021392900147051822 -0.033208041520804699 -2.1357819665571935 0.72206365061790878 -0.47331143771481693
leaf_weight=192 462 2656 52 83 333 4484 2808 312 700 258 119 144 396 616 199 40 138 154 194 136 1160 46 129 421 81 77 782 129 44 161
leaf_count=192 462 2656 52 83 333 4484 2808 312 700 258 119 144 396 616 199 40 138 154 194 136 1160 46 129 421 81 77 782 129 44 161
internal_value=-0.00290757 0.0114031 0.0279767 0.00390836 -0.0294318 0.0406002 -0.0354498 0.00906433 -0.0274854 -0.0386854 0.0325221 -0.00472637 0.0292818 -0.0208369 -0.0154937 -0.0114663 0.00118913 -0.0123762 -0.0204811 0.00621302 0.0465819 0.00714286 -0.00677852 -0.0105217 0.0134855 -0.004375 -0.0250608 -0.047048 -0.0193642 -0.0218816
internal_weight=17506 12159 8649 2968 3510 5681 5347 1197 1710 3058 452 402 724 2366 1904 1705 883 1010 769 328 1258 98 745 575 241 160 822 2981 173 473
internal_count=17506 12159 8649 2968 3510 5681 5347 1197 1710 3058 452 402 724 2366 1904 1705 883 1010 769 328 1258 98 745 575 241 160 822 2981 173 473
cat_boundaries=0 1 2
cat_threshold=28 12
is_linear=0
shrinkage=0.05


Tree=13
num_leaves=31
num_cat=1
split_feature=11 2 7 11 7 7 11 11 11 57 11 7 28 7 28 15 29 29 15 11 7 19 15 29 28 11 11 29 8 37
split_gain=2905.49 3189.83 926.434 1516.82 770.819 610.34 493.981 326.395 232.545 185.48 147.111 138.509 133.672 176.709 132.13 86.0367 117.007 103.256 79.8164 101.475 69.1023 68.1793 67.0465 90.6498 65.3962 88.9768 63.4402 66.6554 59.0719 55.6845
threshold=176.12000000000003 0 5655.7369614512481 133.03500000000003 5655.7369614512481 4493.4013605442187 239.41000000000003 139.49500000000003 157.26000000000002 219.48500000000004 133.03500000000003 4176.2471655328809 -139.79999999999981 5655.7369614512481 -202.83000000000001 0.39212139747522928 42.625000000000007 31.324999999999822 0.35338221277219745 153.63000000000002 4661.7460317460327 1295.0000000000002 0.35144509460230794 23.084999999999926 -101.20999999999999 127.12500000000001 336.74000000000007 55.289999999999999 388.15000000000003 6.9896371882086905
decision_type=2 1 2 2 2 2 2 2 2 2 2 2 2 2 2 2 2 2 2 2 2 2 2 2 2 2 2 2 2 2
left_child=1 2 5 24 9 7 12 -1 18 29 -6 -11 13 14 -2 -16 17 20 22 21 -17 -20 23 -5 25 -4 -8 -28 -14 -3
right_child=6 4 3 8 10 -7 26 -9 -10 11 -12 -13 28 -15 15 16 -18 -19 19 -21 -22 -23 -24 -25 -26 -27 27 -29 -30 -31
leaf_value=0.60547652868254298 -0.78551496465715198 -2.1158569028276375 0.96567144526741089 -0.00035626130033534765 0.88381860535315449 1.5970727227263908 -3.4457363051559371 -0.062831626631377452 -0.63571322176830525 0.17071285892435811 -0.01983902319053428 -3.0354552863362403 4.4213741826332118 -1.1149581379493789 0.34848450303764977 -0.83046159710966316 1.3137590284866114 -0.034232138717982252 0.0065963358492851405 -0.10892163243649407 0.019500996861792786 -0.016149938375621533 0.017440664841284814 0.020323255139699372 1.0308573163916783 -0.1389996414708996 -3.8457179226126117 0.42894628875892932 -0.045041780180408608 -3.1725344555402017
leaf_weight=719 296 283 57 94 317 4134 2815 491 652 250 120 149 40 283 204 61 160 365 183 205 380 402 86 78 1158 46 100 78 974 2336
leaf_count=719 296 283 57 94 317 4134 2815 491 652 250 120 149 40 283 204 61 160 365 183 205 380 402 86 78 1158 46 100 78 974 2336
internal_value=-0.00374515 0.0105017 0.027282 0.00488011 -0.0298268 0.0397455 -0.0328527 0.0085124 -0.0259412 -0.0388999 0.032151 -0.00714286 -0.0176077 -0.00923385 -0.00225102 0.00529915 -0.000931677 -0.00868486 -0.011355 -0.0192405 0.00759637 -0.00863248 0.0127907 -0.00523256 0.0464314 0.00825243 -0.0469262 -0.0179775 -0.0320513 -0.0437381
internal_weight=17516 11760 8305 2961 3455 5344 5756 1210 1700 3018 437 399 2763 1749 1466 1170 966 806 1048 790 441 585 258 172 1261 103 2993 178 1014 2619
internal_count=17516 11760 8305 2961 3455 5344 5756 1210 1700 3018 437 399 2763 1749 1466 1170 966 806 1048 790 441 585 258 172 1261 103 2993 178 1014 2619
cat_boundaries=0 1
cat_threshold=28
is_linear=0
shrinkage=0.05


Tree=14
num_leaves=31
num_cat=4
split_feature=11 2 7 28 7 11 7 12 11 39 11 28 19 11 7 7 45 11 11 46 15 7 15 11 28 37 11 11 41 54
split_gain=3097.49 3405.3 766.097 689.189 609.613 438.158 413.902 235.925 203.758 168.142 167.715 163.915 153.735 121.794 394.495 178.583 81.1914 78.9964 70.4957 82.3043 78.193 65.7866 65.3531 65.2807 64.0404 61.3831 77.8467 59.5192 55.38 50.7999
threshold=174.06000000000003 0 5655.7369614512481 -109.61499999999992 5655.7369614512481 239.41000000000003 4290.1133786848086 55.885000000000012 177.09500000000003 -40.568398831995317 131.98500000000004 -155.02000000000018 665.00000000000011 131.98500000000004 5655.7369614512481 4735.7709750566901 1 130.57500000000002 177.57500000000002 2 0.43407764816159827 4969.4217687074843 0.39212139747522928 336.74000000000007 -281.70499999999987 8.4094671201813771 106.23500000000001 215.38500000000002 0.99986587346692535 3
decision_type=2 1 2 2 2 2 2 2 2 2 2 2 2 2 2 2 1 2 2 1 2 2 2 2 2 2 2 2 2 1
left_child=1 3 11 4 6 8 17 -6 21 -10 -4 12 -3 29 15 -15 -16 -1 -11 20 22 -2 -20 -7 -25 26 -13 -21 -22 -5
right_child=5 2 10 13 7 23 -8 -9 9 18 -12 25 -14 14 16 -17 -18 -19 19 27 28 -23 -24 24 -26 -27 -28 -29 -30 -31
leaf_value=0.4511864941231693 -0.024418245882996816 0.30110321121862005 0.87776169529480941 2.2876295699503615 0.0053191412089319103 -3.2799995158380812 0.93420942903578996 -0.20782905333039781 -1.6178182136058377 0.0037044037878885662 -0.025871821374464334 -2.0243996611022221 -4.7309163052576313 0.0073355956303416299 0.0062665190568210963 1.2611300124552445 -0.015298479933464294 -0.047227989699089791 0.33106027788576714 -0.022870493978224715 -0.0082794826023651069 -0.052345214900712735 -0.036361110328689959 -3.6534570127490711 0.25270990790793812 -2.9472349536934015 1.4714270676162968 -0.75219626471347856 1.7018708970085699 2.2641298903849321
leaf_weight=54 156 191 323 158 345 2814 874 702 572 158 129 246 123 240 149 1331 390 326 63 982 110 880 136 102 81 2416 77 153 169 3116
leaf_count=54 156 191 323 158 345 2814 874 702 572 158 129 246 123 240 149 1331 390 326 63 982 110 880 136 102 81 2416 77 153 169 3116
internal_value=-0.00496414 0.0108847 -0.0299147 0.0294932 0.00662755 -0.0327792 0.0301435 -0.0215377 -0.020435 -0.0122706 0.0307522 -0.0389944 -0.00477707 0.0393202 0.0299526 0.0426162 -0.00695733 -0.0134211 -0.00465839 -0.00778053 0.00962343 -0.0388996 -0.0143216 -0.0466967 -0.0177596 -0.0429171 -0.0224458 -0.0151101 0.0267025 0.0453574
internal_weight=17566 11190 3505 7685 2301 6376 1254 1047 3379 2343 452 3053 314 5384 2110 1571 539 380 1771 1613 478 1036 199 2997 183 2739 323 1135 279 3274
internal_count=17566 11190 3505 7685 2301 6376 1254 1047 3379 2343 452 3053 314 5384 2110 1571 539 380 1771 1613 478 1036 199 2997 183 2739 323 1135 279 3274
cat_boundaries=0 1 2 3 4
cat_threshold=28 4 4 8
is_linear=0
shrinkage=0.05


Tree=15
num_leaves=31
num_cat=3
split_feature=11 2 7 11 7 7 11 11 11 2 57 11 12 7 7 7 15 54 12 7 11 11 12 11 11 17 11 10 56 13
split_gain=2826.77 2987.83 858.157 1188.41 740.043 513.033 454.95 233.557 205.15 190.921 185.992 168.951 168.943 156.411 139.081 155.588 133.441 127.508 82.3575 76.0554 91.0195 72.9829 74.3938 71.8984 88.3378 75.9018 74.1484 67.4267 62.5334 62.3479
threshold=172.88500000000002 0 5655.7369614512481 130.57500000000002 5655.7369614512481 4493.4013605442187 247.87500000000003 177.09500000000003 138.87000000000003 1 247.25500000000002 130.57500000000002 69.655000000000015 4176.2471655328809 5655.7369614512481 4290.1133786848086 0.35231378030766264 2 83.995000000000019 5280.7709750566901 177.22500000000002 336.74000000000007 80.170000000000016 157.79500000000004 133.03500000000003 2145.0000000000005 157.26000000000002 893.94500000000005 72.280000000000015 83.550000000000011
decision_type=2 1 2 2 2 2 2 2 2 1 2 2 2 2 2 2 2 1 2 2 2 2 2 2 2 2 2 2 2 2
left_child=1 2 5 -4 10 8 7 27 17 -9 -3 -6 -11 -12 15 -14 -5 28 19 -17 -21 -8 -23 24 -18 -26 29 -2 -1 -27
right_child=6 4 3 16 11 -7 21 9 -10 12 13 -13 14 -15 -16 18 23 -19 -20 20 -22 22 -24 -25 25 26 -28 -29 -30 -31
leaf_value=0.14356929869307253 0.044840077178843529 -2.7722444385183445 1.1595290885691427 0.0050531841484854571 0.84123977342622502 1.8456403902568597 -3.110999616340123 -8.6316240542634777 -0.036534226475911424 0.34163064162548129 0.31207594173753184 -0.022260058727095355 -0.93485283155839771 -2.8750739967816461 -1.2451486169185708 0.058871865653838999 -0.094471002983591748 0.98849614669401265 0.020366443132254376 0.0034442247972243933 -0.025167536801653512 -3.470734189577438 0.20950266588306443 -0.39438157691970732 0.0059531931039799703 -0.090250314998431239 0.013463861469051609 -0.043253077751868575 -0.62586192740069535 -0.014489594413414865
leaf_weight=165 48 2684 1012 284 320 3659 2753 293 436 242 177 128 292 123 203 73 239 389 782 46 494 92 91 295 204 211 52 1271 150 392
leaf_count=165 48 2684 1012 284 320 3659 2753 293 436 242 177 128 292 123 203 73 239 389 782 46 494 92 91 295 204 211 52 1271 150 392
internal_value=-0.00634091 0.0093315 0.0270205 0.00444403 -0.0292562 0.039727 -0.0319611 -0.020406 0.0104386 -0.0111959 -0.0383378 0.0305804 -0.00583567 -0.001 -0.0108995 -0.00619443 -0.0213775 0.0271307 0.000752688 -0.012969 -0.0194444 -0.0466962 -0.0161202 -0.0277459 -0.0218579 -0.0143772 -0.0226718 -0.0373389 0.00261538 -0.0276119
internal_weight=17600 10920 7488 2689 3432 4799 6680 3744 1140 2425 2984 448 2132 300 1890 1687 1677 704 1395 613 540 2936 183 1393 1098 859 655 1319 315 603
internal_count=17600 10920 7488 2689 3432 4799 6680 3744 1140 2425 2984 448 2132 300 1890 1687 1677 704 1395 613 540 2936 183 1393 1098 859 655 1319 315 603
cat_boundaries=0 1 2 3
cat_threshold=28 1 12
is_linear=0
shrinkage=0.05


Tree=16
num_leaves=31
num_cat=4
split_feature=11 2 7 7 11 11 7 7 28 29 2 12 7 11 11 15 11 29 15 29 8 7 11 54 1 29 11 56 11 15
split_gain=2920.03 3167.66 777.502 633.403 967.82 457.963 370.546 276.104 249.739 198.625 132.348 150.554 165.143 130.348 123.238 119.897 115.658 114.12 102.049 99.6975 98.1869 96.0899 88.2859 87.291 82.8596 81.7475 79.2485 77.2898 75.6862 71.717
threshold=164.40500000000003 0 5655.7369614512481 5655.7369614512481 128.85500000000005 247.87500000000003 4493.4013605442187 5655.7369614512481 -139.79999999999981 -41.315000000000047 1 69.52500000000002 3968.3900226757373 134.91000000000003 130.57500000000002 0.35338221277219745 171.54500000000004 44.905000000000321 0.21542961875389433 31.324999999999822 378.15500000000003 3905.8956916099778 336.74000000000007 2 3 53.745000000000012 191.13000000000002 103.67500000000001 131.98500000000004 0.35144509460230794
decision_type=2 1 2 2 2 2 2 2 2 2 1 2 2 2 2 2 2 2 2 2 2 2 2 1 1 2 2 2 2 2
left_child=1 3 9 6 -5 7 13 8 10 -3 -2 -12 -13 23 -4 29 21 19 24 26 -18 -10 -7 27 -11 -24 -14 -1 -17 -6
right_child=5 2 14 4 15 22 -8 -9 16 18 11 12 17 -15 -16 28 20 -19 -20 -21 -22 -23 25 -25 -26 -27 -28 -29 -30 -31
leaf_value=0.17007018964543905 -7.6734826536363956 0.69640392689617769 0.81217827303616374 1.0845524357764276 -0.00085706450318880913 -2.9704246111090544 1.8582908819680768 -0.78848341901793551 -0.30205423034813922 0.2747259409322183 0.27442577768657161 -0.50723157391789331 0.063184714800771508 -0.0098588789299725484 -0.0088947943338041572 -0.089747452834411948 3.8932180450687341 1.4178839602104654 -2.7162088963456941 -0.029093460581800915 -0.037368305597232879 0.17547525089696878 -3.2972474526327455 1.0606383124458021 -1.3054334618049823 0.22959927921838813 -7.4626522495435671e-05 -1.4527900617249849 -0.020892185052311874 0.016050015331349955
leaf_weight=131 143 123 316 1006 182 2746 3436 763 65 93 333 281 158 432 116 238 48 149 2641 394 1495 93 90 371 55 87 395 129 955 96
leaf_count=131 143 123 316 1006 182 2746 3436 763 65 93 333 281 158 432 116 238 48 149 2641 394 1495 93 90 371 55 87 395 129 955 96
internal_value=-0.00674829 0.0103295 -0.0296363 0.0294875 0.00922487 -0.0310912 0.040709 -0.0207436 -0.0148846 -0.039011 -0.00218564 0.00180233 -0.00548293 0.0149106 0.0328704 -0.0166213 -0.0287184 0.00328467 -0.0417533 -0.0031151 -0.0328905 0.0120253 -0.0463736 0.0293978 -0.00135135 -0.0121469 0.0105787 0.00592593 -0.0235122 0.0129496
internal_weight=17560 10320 3344 6976 2477 7240 4499 4317 3554 2912 1853 1710 1377 1063 432 1471 1701 1096 2789 947 1543 158 2923 631 148 177 553 260 1193 278
internal_count=17560 10320 3344 6976 2477 7240 4499 4317 3554 2912 1853 1710 1377 1063 432 1471 1701 1096 2789 947 1543 158 2923 631 148 177 553 260 1193 278
cat_boundaries=0 1 2 3 4
cat_threshold=28 1 12 2
is_linear=0
shrinkage=0.05


Tree=17
num_leaves=31
num_cat=6
split_feature=11 2 11 16 11 11 59 14 3 19 11 2 12 43 10 11 11 11 28 29 29 29 45 1 1 54 11 57 56 61
split_gain=2812.04 2984.98 526.117 714.185 469.455 331.362 357.343 277.963 227.246 245.237 151.075 155.788 172.083 144.884 141.624 129.838 108.71 108.009 96.1537 80.4736 70.4833 155.931 59.4178 59.2335 58.8066 53.8182 59.1336 127.811 51.9672 51.9348
threshold=164.40500000000003 0 127.12500000000001 535.00000000000011 247.87500000000003 94.710000000000022 361.93500000000006 128.07000000000002 1.5000000000000002 425.00000000000006 177.09500000000003 1 72.140000000000015 0.030351481629585203 1092.4050000000002 131.98500000000004 15.475000000000003 336.74000000000007 2.9299999999999682 50.289999999999985 44.544999999999625 116.87000000000002 2 3 4 5 105.38000000000001 112.14000000000001 128.01500000000001 1375.0350000000003
decision_type=2 1 2 2 2 2 2 2 2 2 2 1 2 2 2 2 2 2 2 2 2 2 1 1 1 1 2 2 2 2
left_child=1 2 25 -4 10 16 -7 13 9 -8 14 -12 -13 15 23 -5 18 -6 -3 -19 -14 22 -22 -2 -15 -1 27 -27 -16 -9
right_child=4 5 3 7 17 6 8 29 -10 -11 11 12 20 24 28 -17 -18 19 -20 -21 21 -23 -24 -25 -26 26 -28 -29 -30 -31
leaf_value=2.2607768810825632 0.066336742651058961 -1.2401617887147331 1.0129265392856881 -0.085260080192691143 -2.8203784553216678 -3.5452680771305722 -2.5955098521252795 -0.0019653526380281508 -3.9485637429211611 0.5835688711031054 -8.0846749855868492 0.30135100908489537 -0.034014258154801524 0.36324274881158769 -0.025021879117199219 -0.0009005738783550044 -2.3138367697342797 -3.1323850800011082 1.0197302350448911 0.12310312300223424 -0.0032399955179052142 -1.0063161036756874 1.4848897801111223 -0.97183056536586254 -0.059400812532882347 3.9351966626700334 0.76249208334395469 -1.6899815274874372 -0.06522184073773403 0.57737661252787553
leaf_weight=2094 209 73 1210 317 2727 442 107 47 132 592 257 325 1325 606 398 1388 1896 82 77 97 198 138 186 42 116 213 562 93 1265 347
leaf_count=2094 209 73 1210 317 2727 442 107 47 132 592 257 325 1325 606 398 1388 1896 82 77 97 198 138 186 42 116 213 562 93 1265 347
internal_value=-0.00686464 0.00991078 0.0284235 0.016708 -0.0307284 -0.0290928 -0.00915161 0.00292449 0.0101685 0.0215308 -0.0203201 -0.012042 -0.00751604 -0.00339926 -0.0308255 -0.011349 -0.0416422 -0.0462836 -0.000666667 -0.00865922 -0.0134543 0.00210728 0.0184896 0.00418327 0.015374 0.0444632 0.0323462 0.0150327 -0.0361094 0.0418782
internal_weight=17561 10312 6993 4031 7249 3319 1273 2821 831 699 4343 2429 2172 2427 1914 1705 2046 2906 150 179 1847 522 384 251 722 2962 868 306 1663 394
internal_count=17561 10312 6993 4031 7249 3319 1273 2821 831 699 4343 2429 2172 2427 1914 1705 2046 2906 150 179 1847 522 384 251 722 2962 868 306 1663 394
cat_boundaries=0 1 2 3 4 5 6
cat_threshold=28 1 10 2 2 50
is_linear=0
shrinkage=0.05


Tree=18
num_leaves=31
num_cat=2
split_feature=11 2 7 11 7 11 7 7 11 28 29 28 11 11 11 15 7 12 29 15 56 11 1 7 12 12 11 7 16 11
split_gain=2647.66 2999.34 795.841 1029.62 630.602 486.188 439.144 298.393 205.794 204.128 184.118 130.635 126.405 122.819 110.342 99.1164 126.859 102.627 132.389 90.9849 88.6919 86.8885 83.5312 80.5079 77.788 64.3465 60.5874 59.985 61.1067 53.769
threshold=164.40500000000003 0 5655.7369614512481 125.38500000000002 5655.7369614512481 239.41000000000003 4493.4013605442187 5655.7369614512481 128.85500000000005 -139.79999999999981 -51.554999999999886 -200.14500000000007 128.01500000000001 336.74000000000007 131.98500000000004 0.39212139747522928 3968.3900226757373 87.655000000000015 31.324999999999822 0.21542961875389433 109.64000000000001 171.54500000000004 1 3905.8956916099778 90.195000000000007 74.915000000000006 158.28500000000005 4720.2947845805002 615.00000000000011 157.26000000000002
decision_type=2 1 2 2 2 2 2 2 2 2 2 2 2 2 2 2 2 2 2 2 2 2 1 2 2 2 2 2 2 2
left_child=1 2 6 -4 10 7 12 9 -6 11 -3 -2 20 -7 -5 -13 -17 18 -18 22 -1 23 -12 -11 -15 -23 29 -27 -29 -16
right_child=5 4 3 14 8 13 -8 -9 -10 21 19 15 -14 24 26 16 17 -19 -20 -21 -22 25 -24 -25 -26 27 -28 28 -30 -31
leaf_value=0.78676722631994245 -0.62055312197801415 0.67515190204376485 0.98070004197372862 -0.080997076183056294 0.72939042754794992 -2.6628594410028499 1.7472800597335123 -0.74780815411117851 -0.042296181530349135 -0.25056753196380654 0.34319364394694357 0.24566192461508793 -0.0098738449145152184 -2.9757158534668728 -0.005633440101085796 -0.48054800485837323 0.035975699655578806 0.083634220913902629 -0.030765582204280408 -2.43187375611455 0.017848349888956252 -0.032338743348844193 -1.1781536992789967 0.17178742523501145 0.26690183670281681 -0.91271670242057645 -0.21731872174911013 3.847365024095494 -0.011603601660932128 0.013880306342132798
leaf_weight=364 337 101 917 333 304 2819 3475 763 126 59 90 352 497 106 1049 170 219 441 323 2672 191 932 56 97 74 150 104 43 370 95
leaf_count=364 337 101 917 333 304 2819 3475 763 126 59 90 352 497 106 1049 170 219 441 323 2672 191 932 56 97 74 150 104 43 370 95
internal_value=-0.00700834 0.00919607 0.0277399 0.0051241 -0.0296963 -0.0301792 0.0402805 -0.0193139 0.0267442 -0.0131263 -0.0381124 -0.00168295 0.0119772 -0.0455985 -0.0193232 0.00461794 -0.00247181 0.00442523 -0.0101476 -0.0404897 0.0283784 -0.0258934 -0.00205479 0.00961538 -0.00555556 -0.0295987 -0.0125 -0.0162522 -0.00641646 -0.00917832
internal_weight=17629 10374 7025 2498 3349 7255 4527 4256 430 3493 2919 1842 1052 2999 1581 1505 1153 983 542 2818 555 1651 146 156 180 1495 1248 563 413 1144
internal_count=17629 10374 7025 2498 3349 7255 4527 4256 430 3493 2919 1842 1052 2999 1581 1505 1153 983 542 2818 555 1651 146 156 180 1495 1248 563 413 1144
cat_boundaries=0 1 2
cat_threshold=28 2
is_linear=0
shrinkage=0.05


Tree=19
num_leaves=31
num_cat=5
split_feature=11 2 7 11 7 11 7 7 11 29 29 29 11 29 15 11 11 30 54 56 46 12 12 29 46 2 12 7 29 15
split_gain=2738.33 2836.63 822.57 1019.67 557.091 450.633 410.471 283.418 222.095 182.135 161.023 184.971 133.256 129.757 118.688 112.752 112.113 106.013 86.4897 86.317 82.4868 79.3873 71.6522 69.698 68.7428 67.7384 111.59 58.6647 83.0623 46.2428
threshold=164.40500000000003 0 5655.7369614512481 124.88500000000001 5655.7369614512481 247.87500000000003 4493.4013605442187 5655.7369614512481 128.01500000000001 -41.315000000000047 116.87000000000002 48.390000000000335 125.38500000000002 37.445000000000171 0.20539433388005443 131.98500000000004 336.74000000000007 258.5750000000001 1 94.435000000000016 2 80.655000000000015 68.860000000000014 38.760000000000112 3 4 68.165000000000006 4661.7460317460327 27.374999999999947 0.37825279984359211
decision_type=2 1 2 2 2 2 2 2 2 2 2 2 2 2 2 2 2 2 1 2 1 2 2 2 1 1 2 2 2 2
left_child=1 2 6 -4 9 7 12 10 -6 -3 11 13 18 17 -11 -5 -7 25 19 -1 -13 -18 -17 -15 -25 -2 -27 -28 -29 -19
right_child=5 4 3 15 8 16 -8 -9 -10 14 -12 20 -14 23 -16 22 21 29 -20 -21 -22 -23 -24 24 -26 26 27 28 -30 -31
leaf_value=0.46228312917503733 -6.9630937633858387 0.70484421688191368 0.95125076947053344 -0.076947222373903668 0.74405465172166174 -2.5417164575086155 1.659908304096581 -0.71784456262071505 -0.035513689095752456 0.030753985684953022 -5.897924106879322 2.0411387967346757 -0.0067645387040478518 -0.029315516276831488 -2.2931890038355047 -0.00057387317938264462 -2.8269300607935293 0.2740503349340756 1.0616078264950866 -1.0797614680097056 -0.0033346313934046637 0.19861906727221632 -0.14579084049073537 0.0056561732078058927 -0.02067160476538632 0.20162487099300003 -0.42233034325472762 0.014992681255369435 -0.024581502341006003 0.011463733136081089
leaf_weight=71 132 118 892 347 287 2782 3376 788 139 130 341 215 519 444 2620 1041 96 87 335 127 217 93 232 106 551 204 279 323 386 264
leaf_count=71 132 118 892 347 287 2782 3376 788 139 130 341 215 519 444 2620 1041 96 87 335 127 217 93 232 106 551 204 279 323 386 264
internal_value=-0.00761601 0.00907758 0.0271942 0.00437898 -0.029086 -0.0309934 0.0401987 -0.0207171 0.0241784 -0.037099 -0.0146943 -0.0112219 0.0129278 -0.0159582 -0.0397091 -0.0192593 -0.0459946 -0.00719403 0.0304878 0.00288462 0.019213 -0.00873016 -0.0123723 -0.0292916 -0.0189498 -0.0136707 -0.00956739 -0.0165992 -0.00895628 0.0172365
internal_weight=17542 10234 6940 2512 3294 7308 4428 4337 426 2868 3549 3208 1052 2776 2750 1620 2971 1675 533 198 432 189 1273 1101 657 1324 1192 988 709 351
internal_count=17542 10234 6940 2512 3294 7308 4428 4337 426 2868 3549 3208 1052 2776 2750 1620 2971 1675 533 198 432 189 1273 1101 657 1324 1192 988 709 351
cat_boundaries=0 1 2 3 4 5
cat_threshold=28 12 4 4 1
is_linear=0
shrinkage=0.05


Tree=20
num_leaves=31
num_cat=3
split_feature=11 2 7 11 7 11 7 7 11 29 28 11 15 45 2 12 7 8 11 29 29 56 12 11 7 12 15 29 37 11
split_gain=2844.34 2973 667.121 790.367 488.989 469.823 414.043 289.843 239.274 207.155 203.294 136.896 132.102 127.756 125.751 130.005 122.44 109.729 95.7851 87.0621 89.969 79.5033 78.1167 59.8804 56.1825 50.325 58.4318 49.7337 45.8205 83.2469
threshold=164.40500000000003 0 5655.7369614512481 123.01500000000001 5655.7369614512481 247.87500000000003 4493.4013605442187 5655.7369614512481 127.12500000000001 -41.315000000000047 -139.79999999999981 125.38500000000002 0.20539433388005443 1 2 68.165000000000006 3968.3900226757373 359.38500000000005 336.74000000000007 49.205000000000389 27.374999999999947 109.64000000000001 90.195000000000007 170.78000000000003 3905.8956916099778 74.915000000000006 0.42513742715137398 13.800000000000127 5.7782539682543765 103.99000000000001
decision_type=2 1 2 2 2 2 2 2 2 2 2 2 2 1 1 2 2 2 2 2 2 2 2 2 2 2 2 2 2 2
left_child=1 2 6 -4 9 7 11 10 -6 -3 14 21 -11 -5 -2 -16 -17 -12 -7 20 -18 -1 -20 24 -19 -25 -27 -23 29 -14
right_child=5 4 3 13 8 18 -8 -9 -10 12 17 -13 28 -15 15 16 19 23 22 -21 -22 27 -24 25 -26 26 -28 -29 -30 -31
leaf_value=0.76672810612498454 -6.6525641972868588 0.68890558786145284 0.90368823099700679 -0.0005451795204137966 0.73614973761750102 -2.4156306575213686 1.583387956030424 -0.68417986547849807 -0.032745236666680458 0.029216286400705373 3.1946373712154981 -0.0067160165596462209 -1.5120561071177017 -0.073099861255208509 0.24627255279122623 -0.40504229030036853 0.028805066919865396 -0.16883336998253357 -2.6855835577538532 1.24448194234716 -0.021318534425285664 -1.9331468691571374 0.32552965830300168 -0.029688225943132807 0.21234258703440362 0.070684918227973986 -0.041235945019180778 0.44858516647755026 -2.2480058283200059 1.9994276746870838
leaf_weight=356 139 120 831 1231 269 2770 3444 753 144 140 77 537 184 405 293 271 449 50 105 113 579 43 71 964 52 68 505 137 2388 73
leaf_count=356 139 120 831 1231 269 2770 3444 753 144 140 77 537 184 405 293 271 449 50 105 113 579 43 71 964 52 68 505 137 2388 73
internal_value=-0.00663117 0.0102601 0.0287532 0.00788407 -0.0286659 -0.0306034 0.0402147 -0.0200904 0.022155 -0.0359897 -0.0141292 0.0130941 -0.0387612 -0.0122861 -0.00260304 0.00125364 -0.00502833 -0.0265152 -0.0459946 0.00214724 -0.00243191 0.0309701 -0.0102273 -0.0292556 0.00784314 -0.0317176 -0.0199825 0.00388889 -0.0412665 -0.0212062
internal_weight=17561 10302 6984 2467 3318 7259 4517 4313 413 2905 3560 1073 2785 1636 1844 1705 1412 1716 2946 1141 1028 536 176 1639 102 1537 573 180 2645 257
internal_count=17561 10302 6984 2467 3318 7259 4517 4313 413 2905 3560 1073 2785 1636 1844 1705 1412 1716 2946 1141 1028 536 176 1639 102 1537 573 180 2645 257
cat_boundaries=0 1 2 3
cat_threshold=28 12 1
is_linear=0
shrinkage=0.05


Tree=21
num_leaves=31
num_cat=5
split_feature=11 2 7 11 7 11 7 7 11 28 57 7 2 45 12 7 12 54 11 11 11 8 28 28 11 46 23 28 7 20
split_gain=2697.03 2878.89 685.069 791.782 489.76 461.506 461.197 289.209 258.127 169.114 151.341 129.606 118.88 118.421 116.502 120.899 115.562 111.654 139.153 98.4474 93.6002 88.3564 75.3623 69.659 68.5719 81.7516 61.8918 54.1163 53.9577 50.4854
threshold=164.40500000000003 0 5655.7369614512481 122.575 5655.7369614512481 247.87500000000003 4493.4013605442187 5655.7369614512481 126.06500000000001 -139.79999999999981 219.48500000000004 4815.8049886621329 1 2 68.620000000000019 3968.3900226757373 74.915000000000006 3 137.71000000000001 336.74000000000007 15.475000000000003 378.15500000000003 -286.85000000000008 -157.18499999999992 174.58500000000004 4 3155.0000000000005 2.9299999999999682 3905.8956916099778 2075.0000000000005
decision_type=2 1 2 2 2 2 2 2 2 2 2 2 1 1 2 2 2 1 2 2 2 2 2 2 2 1 2 2 2 2
left_child=1 2 6 -4 10 7 17 9 -6 12 20 -12 -2 29 -14 -16 24 -1 -19 -7 27 -18 -21 -17 25 -11 -25 -3 -23 -5
right_child=5 4 3 13 8 19 -8 -9 -10 16 11 -13 14 -15 15 23 21 18 -20 22 -22 28 -24 26 -26 -27 -28 -29 -30 -31
leaf_value=-0.038697422330560727 -6.6279605845904843 -1.1222445279193298 0.85850381944715659 0.003512352936265728 0.73897752896157132 -2.2933490903130247 1.499328755430497 -0.64997087220457317 -0.032090868305485999 -0.0071714908965752507 0.45210556145495001 -1.7593613968733892 0.23033765195461131 -0.069444868192448439 -0.38479017578534996 0.028308374896560906 3.1701555942074577 0.722038437665249 -0.0045983821803666563 -2.5513543524003399 -2.1354068162104172 -0.57012286470462248 0.21344547230755673 0.032213447204182448 -0.037893654939984603 0.0061641666622051618 -0.022157660894680832 0.94858552749101654 -0.0045028316213716838 -0.0094526708782623828
leaf_weight=451 136 69 822 283 278 2704 3425 766 159 227 154 131 316 405 263 644 64 385 235 86 2494 191 97 112 708 100 374 60 421 954
leaf_count=451 136 69 822 283 278 2704 3425 766 159 227 154 131 316 405 263 644 64 385 235 86 2494 191 97 112 708 100 374 60 421 954
internal_value=-0.00666324 0.0097477 0.0280488 0.00689935 -0.0283308 -0.0301221 0.039702 -0.0197825 0.0209382 -0.0137795 -0.0358322 -0.00122807 -0.00327913 -0.0131547 0.0004363 -0.00577889 -0.0251023 0.0110644 0.0246032 -0.045601 -0.0395921 -0.00902367 -0.0101093 0.00132743 -0.0356039 -0.0166667 -0.012963 0.00193798 -0.0148693 -0.00525261
internal_weight=17514 10305 6960 2464 3345 7209 4496 4322 437 3556 2908 285 1845 1642 1709 1393 1711 1071 620 2887 2623 676 183 1130 1035 327 486 129 612 1237
internal_count=17514 10305 6960 2464 3345 7209 4496 4322 437 3556 2908 285 1845 1642 1709 1393 1711 1071 620 2887 2623 676 183 1130 1035 327 486 129 612 1237
cat_boundaries=0 1 2 3 4 5
cat_threshold=28 1 12 12 1
is_linear=0
shrinkage=0.05


Tree=22
num_leaves=31
num_cat=2
split_feature=11 52 11 11 22 13 12 19 56 15 32 11 11 11 9 12 29 46 4 10 11 29 29 30 28 30 11 12 38 12
split_gain=2743.47 2852.74 489.984 404.94 655.043 245.375 156.507 137.305 393.339 125.426 124.655 122.715 116.713 105.87 100.3 94.9212 92.2076 100.687 88.5935 87.4169 84.5229 70.1685 59.2345 58.0203 56.8034 56.5751 54.6824 52.7682 46.6654 45.8897
threshold=162.42500000000004 0 259.51500000000004 123.77500000000002 525.00000000000011 193.17000000000004 64.245000000000019 425.00000000000006 43.485000000000007 0.35231378030766264 0.37798268860047773 130.57500000000002 177.09500000000003 336.74000000000007 254.09000000000003 68.050000000000026 46.344999999999921 1 0.45804195804195807 940.04500000000019 131.98500000000004 49.205000000000389 50.289999999999985 -156.48999999999987 -109.61499999999992 10.374999999999774 156.87000000000003 60.925000000000004 -21.01311185282464 78.575000000000003
decision_type=2 1 2 2 2 2 2 2 2 2 2 2 2 2 2 2 2 1 2 2 2 2 2 2 2 2 2 2 2 2
left_child=1 5 10 -3 -5 7 9 -1 22 -6 18 -11 19 -4 23 27 -17 -18 -2 -12 -13 -15 -9 -8 26 -10 -22 -14 -25 -20
right_child=2 3 13 4 6 -7 14 8 25 11 12 20 15 21 -16 16 17 -19 29 -21 24 -23 -24 28 -26 -27 -28 -29 -30 -31
leaf_value=-2.0825849095739573 -0.056122321160789572 1.8231428381955255 -2.1941817044619243 0.63778495855685269 0.0054313775743985108 0.61265278784239785 0.48960656373854622 -0.012540036425711066 -2.1425133594629315 0.0033367352894522642 1.6492654100896855 -0.06597262478282602 -0.29504869960609598 -2.4237866347803227 0.22385333576460342 -0.020959712886261174 1.5548170358599736 -0.013044524508836731 -0.58447214548887561 -0.027845240101147084 -0.06518837637889803 0.16953082719047058 0.58196181025551608 0.00050768056060022102 0.0041928486410760966 -0.097129868046208934 0.019007772104588129 0.2581885172854072 0.36481585641929115 -0.44455292163482873
leaf_weight=1357 545 2701 2653 1329 287 181 110 462 977 275 103 238 46 76 380 1004 134 172 796 1125 283 100 214 824 314 93 56 132 124 492
leaf_count=1357 545 2701 2653 1329 287 181 110 462 977 275 103 238 46 76 380 1004 134 172 796 1125 283 100 214 824 314 93 56 132 124 492
internal_value=-0.00650913 0.0102842 -0.0297371 0.0284735 0.0188389 -0.028051 0.00548253 -0.0314373 -0.0221649 -0.00609085 -0.0195757 -0.0133791 -0.0127761 -0.0460764 0.0171766 -0.00336022 -0.00801527 0.0160131 -0.0296508 -0.0241857 -0.0223906 -0.00852273 0.00769231 0.00926276 -0.0130934 -0.041028 -0.0272861 0.0308989 0.00527426 -0.0368012
internal_weight=17583 10205 7378 6921 4220 3284 2891 3103 1746 1453 4549 1166 2716 2829 1438 1488 1310 306 1833 1228 891 176 676 1058 653 1070 339 178 948 1288
internal_count=17583 10205 7378 6921 4220 3284 2891 3103 1746 1453 4549 1166 2716 2829 1438 1488 1310 306 1833 1228 891 176 676 1058 653 1070 339 178 948 1288
cat_boundaries=0 1 2
cat_threshold=1 4
is_linear=0
shrinkage=0.05


Tree=23
num_leaves=31
num_cat=3
split_feature=9 2 8 12 9 7 7 13 14 7 2 13 13 54 9 58 13 9 9 57 7 12 7 12 15 32 9 42 14 13
split_gain=1864.37 2081.16 751.008 824.03 371.342 347.924 308.212 285.986 194.089 172.152 202.859 204.193 145.784 134.456 132.733 137.18 121.086 114.453 88.639 87.8742 77.5492 70.8842 64.4986 59.3053 53.8474 65.4373 53.0969 52.341 48.4523 47.3941
threshold=273.63500000000005 0 378.15500000000003 54.365000000000002 352.71500000000009 5655.7369614512481 5655.7369614512481 91.825000000000003 121.49500000000002 5655.7369614512481 1 81.394999999999996 193.17000000000004 2 203.50500000000002 252.98000000000005 207.65000000000003 230.33500000000004 376.30000000000007 168.75000000000003 4493.4013605442187 15.455000000000002 4661.7460317460327 51.155000000000008 0.43577619992331668 0.10583897156322782 238.82500000000002 0.99286415952495133 93.774999999999991 69.230000000000018
decision_type=2 1 2 2 2 2 2 2 2 2 1 2 2 1 2 2 2 2 2 2 2 2 2 2 2 2 2 2 2 2
left_child=1 2 -1 13 9 21 7 14 17 10 -2 -12 -11 20 15 -5 -6 28 -18 29 -4 27 -21 -7 25 -13 -10 -3 -8 -16
right_child=4 5 3 6 16 23 8 -9 26 12 11 24 -14 -15 19 -17 18 -19 -20 22 -22 -23 -24 -25 -26 -27 -28 -29 -30 -31
leaf_value=0.80389604632236888 -3.793635004086032 -1.1120030560446656 -0.070773611068592146 -0.068077156493421859 -2.0509725200566993 0.59558930035805135 -0.062673993543684511 0.90560949220621156 0.22692163915291275 -0.62124852295564281 -0.48949673261600907 0.17560399510200356 0.82182935396886525 1.7539850554166081 -0.00061602577129065143 0.41798623587254158 0.26612106135119229 -0.069949588686859701 -0.58532489732201332 -0.48808870056770248 1.8277243113252681 -1.9577556862205032 -0.0056601692122249863 -0.021940771568858965 0.07166047949892658 -0.020299563851160232 -0.0020826973953795404 0.079113793276836833 -0.0002304932788746328 0.11489181696148805
leaf_weight=1609 297 157 191 243 2758 180 436 668 143 597 346 136 55 1438 816 578 76 706 73 177 195 2327 818 122 798 459 120 168 519 328
leaf_count=1609 297 157 191 243 2758 180 436 668 143 597 346 136 55 1438 816 578 76 706 73 177 195 2327 818 122 798 459 120 168 519 328
internal_value=-0.00602258 0.00513862 0.0171039 0.0103715 -0.0298391 -0.0312078 0.000792507 0.00937155 -0.0153846 -0.0164435 -0.00928291 -0.00260149 -0.0388037 0.0395285 0.0027027 0.0197929 -0.0422257 -0.0217038 0.00167785 -0.00385694 0.0121212 -0.0371041 -0.0147236 0.0195364 0.00592247 -0.00546218 0.0245247 -0.0152308 -0.0104188 0.00559441
internal_weight=17534 11939 8985 7376 5595 2954 5552 3628 1924 2688 2036 1739 652 1824 2960 821 2907 1661 149 2139 386 2652 995 302 1393 595 263 325 955 1144
internal_count=17534 11939 8985 7376 5595 2954 5552 3628 1924 2688 2036 1739 652 1824 2960 821 2907 1661 149 2139 386 2652 995 302 1393 595 263 325 955 1144
cat_boundaries=0 1 2 3
cat_threshold=28 1 12
is_linear=0
shrinkage=0.05


end of trees

feature_importances:
base_pre=198
wav_duration_ms=133
base_ovl=52
base_pre_to_expected_ms=51
base_ovl_ratio=42
base_offset_to_expected_ms=38
alias_type=32
base_cons=16
prev_alias_type=16
prev_base_pre=16
next_base_pre=14
voicing_class=10
valley_dist_from_cutoff_ms=9
base_offset=8
base_cons_gap=8
curr_vowel_start_ms=7
curr_phone_end_ms=6
format_type=5
base_cutoff_abs=4
base_cut_gap=4
curr_phone_start_ms=4
curr_vowel_end_ms=4
db_mean=4
db_min=4
onset_class=4
row_ratio_in_wav=3
base_cutoff_to_next_anchor_ms=3
energy_min=3
prev_base_offset=3
prev_base_cutoff_abs=3
row_index_in_wav=2
prev_phone_gap_ms=2
expected_anchor_ms=2
bridge_type=2
syllable_start_ms=1
syllable_end_ms=1
syllable_len_ms=1
f0_voicing_mean=1
f0_voicing_near_pre=1
zcr_mean=1
next_base_offset=1
next_base_cutoff_abs=1

parameters:
[boosting: gbdt]
[objective: regression_l1]
[metric: l1]
[tree_learner: serial]
[device_type: cpu]
[data_sample_strategy: bagging]
[data: ]
[valid: ]
[num_iterations: 500]
[learning_rate: 0.05]
[num_leaves: 31]
[num_threads: 0]
[seed: 0]
[deterministic: 0]
[force_col_wise: 0]
[force_row_wise: 0]
[histogram_pool_size: -1]
[max_depth: -1]
[min_data_in_leaf: 40]
[min_sum_hessian_in_leaf: 0.001]
[bagging_fraction: 0.85]
[pos_bagging_fraction: 1]
[neg_bagging_fraction: 1]
[bagging_freq: 1]
[bagging_seed: 3]
[bagging_by_query: 0]
[feature_fraction: 0.85]
[feature_fraction_bynode: 1]
[feature_fraction_seed: 2]
[extra_trees: 0]
[extra_seed: 6]
[early_stopping_round: 0]
[early_stopping_min_delta: 0]
[first_metric_only: 0]
[max_delta_step: 0]
[lambda_l1: 0]
[lambda_l2: 0]
[linear_lambda: 0]
[min_gain_to_split: 0]
[drop_rate: 0.1]
[max_drop: 50]
[skip_drop: 0.5]
[xgboost_dart_mode: 0]
[uniform_drop: 0]
[drop_seed: 4]
[top_rate: 0.2]
[other_rate: 0.1]
[min_data_per_group: 100]
[max_cat_threshold: 32]
[cat_l2: 10]
[cat_smooth: 10]
[max_cat_to_onehot: 4]
[top_k: 20]
[monotone_constraints: ]
[monotone_constraints_method: basic]
[monotone_penalty: 0]
[feature_contri: ]
[forcedsplits_filename: ]
[refit_decay_rate: 0.9]
[cegb_tradeoff: 1]
[cegb_penalty_split: 0]
[cegb_penalty_feature_lazy: ]
[cegb_penalty_feature_coupled: ]
[path_smooth: 0]
[interaction_constraints: ]
[verbosity: -1]
[saved_feature_importance_type: 0]
[use_quantized_grad: 0]
[num_grad_quant_bins: 4]
[quant_train_renew_leaf: 0]
[stochastic_rounding: 1]
[linear_tree: 0]
[max_bin: 255]
[max_bin_by_feature: ]
[min_data_in_bin: 3]
[bin_construct_sample_cnt: 200000]
[data_random_seed: 1]
[is_enable_sparse: 1]
[enable_bundle: 1]
[use_missing: 1]
[zero_as_missing: 0]
[feature_pre_filter: 1]
[pre_partition: 0]
[two_round: 0]
[header: 0]
[label_column: ]
[weight_column: ]
[group_column: ]
[ignore_column: ]
[categorical_feature: 0,1,2,45,46,49,50,51,52,54,55]
[forcedbins_filename: ]
[precise_float_parser: 0]
[parser_config_file: ]
[objective_seed: 5]
[num_class: 1]
[is_unbalance: 0]
[scale_pos_weight: 1]
[sigmoid: 1]
[boost_from_average: 1]
[reg_sqrt: 0]
[alpha: 0.9]
[fair_c: 1]
[poisson_max_delta_step: 0.7]
[tweedie_variance_power: 1.5]
[lambdarank_truncation_level: 30]
[lambdarank_norm: 1]
[label_gain: ]
[lambdarank_position_bias_regularization: 0]
[eval_at: ]
[multi_error_top_k: 1]
[auc_mu_weights: ]
[num_machines: 1]
[local_listen_port: 12400]
[time_out: 120]
[machine_list_filename: ]
[machines: ]
[gpu_platform_id: -1]
[gpu_device_id: -1]
[gpu_use_dp: 0]
[num_gpu: 1]

end of parameters

pandas_categorical:[["japanese"], ["cvvc", "vcv"], ["cv", "cv_head", "vc", "vcv", "vv"], ["fricative", "other", "plosive", "sonorant"], ["unknown", "voiced", "voiceless"], ["none"], ["", "a", "e", "i", "n", "o", "u"], ["head", "mid", "tail"], ["", "vc", "vcv", "vv"], ["", "cv", "cv_head", "vc", "vcv", "vv"], [""]]
