tree
version=v4
num_class=1
num_tree_per_iteration=1
label_index=0
max_feature_idx=110
objective=regression_l1
feature_names=language format_type alias_type alias_group row_index_in_wav row_ratio_in_wav file_row_count file_cv_count file_vc_count file_vv_count file_vcv_count file_br_count file_mono_count file_cv_ratio file_vc_ratio file_vc_cv_ratio file_cv_vc_balance file_mean_energy file_voiced_ratio file_mean_syllable_dur_ms is_head_row is_tail_row wav_duration_ms base_offset base_cons base_cutoff_abs base_pre base_ovl base_cons_gap base_cut_gap base_ovl_ratio curr_phone_start_ms curr_phone_end_ms curr_phone_len_ms curr_vowel_start_ms curr_vowel_end_ms curr_vowel_len_ms syllable_start_ms syllable_end_ms syllable_len_ms prev_phone_gap_ms next_phone_gap_ms expected_anchor_ms base_offset_to_expected_ms base_pre_to_expected_ms base_cutoff_to_next_anchor_ms energy_mean energy_min energy_max energy_slope_pre energy_slope_post valley_energy valley_dist_from_cutoff_ms db_mean db_min db_silence_ratio f0_voicing_mean f0_voicing_near_pre zcr_mean spectral_flux_mean onset_class voicing_class is_tense is_diphthong coda_type vowel_class mora_position bridge_type is_nasal_or_sonorant prev_alias_type next_alias_type prev_base_pre next_base_pre prev_base_offset next_base_offset prev_base_cutoff_abs next_base_cutoff_abs mapping_confidence used_alias_occurrence_mapping used_exact_vowel_fix used_nuclei_fallback used_alias_based_syllables words_vs_alias_score_margin jump_blocked_flag mapping_reason_code local_peak_db local_valley_db mel_window_energy_mean mel_window_silence_ratio mel_voiced_formant_ratio mel_silence_sparse_ratio mel_unvoiced_diffuse_ratio mel_breath_like_ratio blank_span_confidence mel_offset_candidate_ms mel_cutoff_candidate_ms mel_voiced_onset_ms mel_vowel_nucleus_start_ms mel_vowel_nucleus_end_ms mel_voiced_onset_to_pre_ms mel_safety_clamped onset_patch_energy_mean onset_patch_voiced_ratio onset_patch_unvoiced_ratio tail_patch_energy_mean tail_patch_silence_ratio syllable_blank_confidence syllable_mel_voiced_conf syllable_mel_silence_conf syllable_mel_unvoiced_conf syllable_mel_breath_conf
feature_infos=none none -1:0:1 -1:1:0:3:2 [0:6] [0:1] [1:8] [1:6] [0:7] none none none [0:1] [0.125:1] [0:0.875] [0.14285714285714279:4] [-0.75:1] [0.14145489644270609:0.80342958831327937] [0.19459459459459461:0.9375] [9.9999999999999805:2830] [0:1] [0:1] [700.6802721088435:7680] [9:4045.3299999999999] [101.36:1812] [234.99000000000001:5004.3500000000004] [29.719999999999999:1792] [0:182.34999999999999] [19.999999999999972:238.69999999999999] [14:383.27999999999997] [0:0.8799771021498537] [0:4020] [50:5150] [10:4350] [0:3960] [0:4410] [0:2830] [0:4020] [50:5150] [40:4500] none none [40:4020] [-1804:77.259999999999991] [-58.960000000000043:619.08000000000038] [-1415.5699999999997:1516.96] [0.019838516964293201:1] [0:1] [0.065492741765426396:1] [-0.47684908864824649:0.99996208372654438] [-0.88374063554081661:0.99547041642190515] [0:1] [-5.6417233560091518:498.28850340136057] [-53.125758366131237:-10.199426140778824] [-97.229287655576684:-13.922782917471707] [0:0.5] [0.1723255530986933:1] [0:1] [0.0056705415367167:0.32832435497590018] [0:0.073007294409990403] -1:1:3:2:0 -1:1:2:0 [0:1] [0:1] -1:2:1 -1:17:1:12:8:3:20:16:14:19:15:21:5:4:10:7:18:2:9:13:6:11:0 -1:0:1:2 none [0:1] -1:0:1:2:4:3 -1:0:1:4:2 [0:2104.75] [0:571.99000000000001] [0:5184.8599999999997] [0:5735] [0:5566.8999999999996] [0:6234.4300000000003] [0.58026047029558669:1] none [0:1] [0:1] none [-132.30000000000001:4497.5630000000001] none none [-53.125758366131237:-10.199426140778824] [-97.229287655576684:-13.922782917471707] [0.019838516964293201:1] [0:0.5] [0:1] [0:0.44736842105263158] [0:0.83720930232558144] [0:0.25] [0:0.2960526315789474] [0:4045.3299999999999] [234.99000000000001:5004.3500000000004] [0:4559.6371882086169] [0:4559.6371882086169] [0:4779.138321995465] [-77.749591836734453:79.970521541949893] none [0.0022007784913853001:1] [0:1] [0:0.94999999999999996] [0.00032749162871979998:1] [0:1] [0:0.79999999999999993] [0:1] [0:1] [0:1] none
tree_sizes=3320 3381 3367 3358 3372 3368 3343 3387 3362 3351 3384 3372 3361 3368 3367 3379 3389 3375 3410 3381 3398 3361 3407 3371

Tree=0
num_leaves=31
num_cat=1
split_feature=27 22 60 58 27 5 75 62 49 58 47 30 52 56 82 58 56 47 46 38 101 54 45 31 39 27 38 43 58 97
split_gain=322.728 106.374 89.439 137.612 54.273 45.879 60.621 37.9643 37.4719 32.3894 22.3125 20.953 18.8306 17.4436 16.616 11.7535 8.55882 5.44709 4.81453 3.47802 3.35271 5.48443 2.00651 1.94673 1.50946 1.17393 0.869831 0.359938 0.218009 0.142205
threshold=33.145000000000003 2756.87074829932 0 0.023107456762120754 15.960000000000003 0.36666666666666675 2103.9750000000008 1.0000000180025095e-35 0.25485005265798372 0.033030904451375055 0.76075041456908077 0.50862471623155514 270.14435374149667 0.87784383283190237 102.56500000000001 0.031896796144031701 0.92439028686784119 0.69733092054228196 0.90899897596905088 405.00000000000006 0.7638529236066075 -31.325861880444346 -326.00000000000006 135.00000000000003 675.00000000000011 24.835000000000004 744.25000000000011 -22.094999999999995 0.013184009072866402 306.80272108843542
decision_type=2 2 1 2 2 2 2 2 2 2 2 2 2 2 2 2 2 2 2 2 2 2 2 2 2 2 2 2 2 2
left_child=1 2 4 12 18 25 -7 9 17 13 -6 -2 16 -5 15 -13 24 -9 -1 -16 21 -11 -21 -24 28 27 -20 -3 -4 -25
right_child=11 5 3 7 10 6 -8 8 -10 20 -12 14 -14 -15 19 -17 -18 -19 26 22 -22 -23 23 29 -26 -27 -28 -29 -30 -31
leaf_value=-2.8800499439239502 -3.379549963772297 -2.599999952316284 -4.8419999599456789 -5.7939999103546143 -3.8199999809265135 -3.9799999713897707 -2.9444999694824219 -3.6961999654769899 -3.3744499638676642 -2.6300499439239502 -3.2904999613761903 -4.1949999332427979 -4.7054999828338619 -3.2800499618053438 -5.3054998874664303 -3.6839999675750734 -4.0344999790191647 -3.6945499658584593 -2.8799999713897706 -5.2924999713897707 -2.7300499439239503 -3.2204499602317811 -4.8753499507904055 -5.1400000095367435 -5.5674999713897702 -2.872499942779541 -2.7859999656677248 -2.7894999504089357 -5.3404999256134031 -5.9674999713897705
leaf_weight=47.122566774487495 31.4896130412817 194.22349338233471 30.100483030080795 29.525668203830719 47.105721354484558 53.867337733507156 53.174654617905617 48.336668610572815 67.696329772472382 52.511129096150398 29.570823609828949 38.065850377082825 31.042317152023315 28.979243904352188 27.804580986499786 59.130280196666718 29.1663938164711 40.53070704638958 31.329823911190033 32.601791977882385 56.809135258197784 37.740184217691422 32.901170432567596 28.754201948642731 40.558126091957092 26.050120919942856 109.41734510660172 34.123328566551208 103.66144466400146 194.12718987464905
leaf_count=56 68 314 41 45 64 79 74 54 79 65 40 50 42 37 36 76 38 50 36 49 66 40 41 38 54 39 133 56 139 287
internal_value=-3.53957 -3.5263 -3.53585 -3.54667 -3.51225 -3.50353 -3.531 -3.52746 -3.54601 -3.51333 -3.54665 -3.57603 -3.57662 -3.5448 -3.57903 -3.56095 -3.58216 -3.56736 -3.49673 -3.58459 -3.50081 -3.5068 -3.58622 -3.5877 -3.58635 -3.49198 -3.4921 -3.49083 -3.58891 -3.58938
internal_weight=1667.52 1222.64 861.204 596.658 264.546 361.439 107.042 362.129 156.564 205.565 76.6765 444.875 234.529 58.5049 413.385 97.1961 203.486 88.8674 187.87 316.189 147.06 90.2513 288.384 255.783 174.32 254.397 140.747 228.347 133.762 222.881
internal_count=2286 1641 1079 750 329 562 153 436 183 253 104 645 314 82 577 126 272 104 225 451 171 105 415 366 234 409 169 370 180 325
cat_boundaries=0 1
cat_threshold=12
is_linear=0
shrinkage=1


Tree=1
num_leaves=31
num_cat=1
split_feature=27 22 106 82 69 75 44 17 58 30 56 82 82 99 56 50 58 24 33 33 101 82 89 49 77 82 58 52 77 50
split_gain=320.199 117.335 70.7317 79.8195 37.0575 51.7616 35.3286 31.3522 30.7591 24.6607 22.553 18.1503 17.0403 16.8873 13.0998 11.0026 10.6067 13.6856 9.59373 8.04571 7.43886 8.48173 3.15814 6.58105 2.47013 3.63923 1.99585 1.41016 1.06687 0.741041
threshold=33.145000000000003 2756.87074829932 0.51000000000000012 85.787500000000009 0 2138.5300000000002 8.6499999999999932 0.45865004174351304 0.040969662602778505 0.51667794759825336 0.98497186336815101 491.69650000000007 102.56500000000001 73.719126984126987 0.92927118241815176 0.0051202137605930011 0.027076835837822454 159.93000000000004 89.999999999999901 455.00000000000006 0.7638529236066075 55.360500000000009 0.37271317829457368 0.49639142050978452 0.84676976773167179 1520.6220000000003 0.023390983838956603 216.76179138321999 0.81654334672233153 0.025833778556389003
decision_type=2 2 2 2 1 2 2 2 2 2 2 2 2 2 2 2 2 2 2 2 2 2 2 2 2 2 2 2 2 2
left_child=1 2 6 8 5 -3 10 13 14 19 20 16 18 -5 26 -12 17 -9 -11 -2 21 -1 -14 28 25 -6 -4 -22 -24 -18
right_child=9 4 3 7 24 -7 -8 11 -10 12 15 -13 22 -15 -16 -17 29 -19 -20 -21 27 -23 23 -25 -26 -27 -28 -29 -30 -31
leaf_value=0.53600250482559209 0.5359775058180094 -0.41800000905990609 -1.7104749655723575 -1.1004000210762024 0.57650001287460328 0.56572499275207522 -0.10597750961780548 -0.63249996662139896 0.13762749969959259 -0.23229998350143433 0.21772749960422516 -0.26049000859260557 -1.7471249938011171 0.55880001544952396 -0.098277509436011323 -0.070627496838569642 1.0615024971961977 0.8917499876022339 -0.57175000905990603 -0.14202249132096767 0.41945249319076539 0.2439724999666214 -2.7309999155998232 -1.5986249327659607 0.92050001859664921 0.6885000014305116 -2.0053000807762147 0.79230001926422122 -1.2685824894905091 0.82695251703262329
leaf_weight=51.507532253861427 19.685787230730057 41.829726904630661 120.5831087231636 55.412850797176361 28.98397259414196 35.041606888175011 64.333061560988426 42.374695658683777 34.8143669962883 40.896232128143311 35.903395906090736 28.601833134889603 191.98372781276703 34.859656244516373 34.951829254627228 47.524047076702118 35.281046092510223 28.44303035736084 50.693629562854767 19.147901460528374 34.674035608768463 68.338148921728134 57.836636632680893 32.912545561790466 216.31230849027634 40.268742233514786 30.138885468244553 64.025892555713654 32.307361841201782 28.880939334630966
leaf_count=54 35 67 164 75 75 55 73 59 48 50 41 42 276 52 47 49 49 41 69 45 41 72 86 45 293 65 42 66 42 40
internal_value=0.000167256 0.013576 0.00332314 -0.00942204 0.0373568 0.00285286 0.0198273 0.00969318 -0.0314299 -0.0360463 0.0269944 0.0227465 -0.0396818 -0.0139606 -0.0395166 0.00487853 0.0304132 0.0170721 -0.0206987 0.00202187 0.0354369 0.0270655 -0.0452007 -0.0389478 0.0449702 0.0383263 -0.045912 0.0456019 -0.0459346 0.0451383
internal_weight=1648.55 1203.08 840.648 474.342 362.436 76.8713 366.306 253.854 220.488 445.464 301.973 163.582 406.63 90.2725 185.674 83.4274 134.98 70.8177 91.5899 38.8337 218.546 119.846 315.04 123.057 285.565 69.2527 150.722 98.6999 90.144 64.162
internal_count=2258 1610 1055 659 555 122 396 358 301 648 323 231 568 127 253 90 189 100 119 80 233 126 449 173 433 140 206 107 128 89
cat_boundaries=0 1
cat_threshold=2
is_linear=0
shrinkage=0.05


Tree=2
num_leaves=31
num_cat=2
split_feature=27 58 60 61 52 26 19 28 104 27 58 22 39 59 58 74 17 98 54 32 34 27 76 36 104 96 28 52 59 32
split_gain=289.106 105.007 141.708 68.9056 61.4996 30.4359 29.0883 26.7541 20.1752 19.9375 19.8533 23.9783 17.8375 14.9227 14.0589 12.6705 10.7386 9.0853 10.0839 7.35011 7.19287 6.79388 6.94544 14.8186 4.42302 3.76139 3.71407 2.78897 1.34411 2.42828
threshold=33.145000000000003 0.023107456762120754 0 1 278.32350340136054 43.135000000000012 1075.0000000000002 85.640000000000029 0.96349436542561884 73.935000000000016 0.030146632678347256 1216.87074829932 719.25000000000011 0.018487442661497953 0.031896796144031701 1644.0700000000004 0.65984503766356783 486.39455782312933 -30.880083360794476 885.00000000000011 155.00000000000003 24.835000000000004 2342.3050000000007 265.00000000000006 0.95683220600290408 1050.1133786848075 127.48500000000001 261.85537414965989 0.025998354606870801 1355.0000000000002
decision_type=2 2 1 1 2 2 2 2 2 2 2 2 2 2 2 2 2 2 2 2 2 2 2 2 2 2 2 2 2 2
left_child=1 2 5 7 12 -1 10 16 13 14 11 -5 27 -9 19 17 -3 -16 25 -2 24 22 28 -24 -12 -19 -13 -4 -22 -30
right_child=9 3 4 6 -6 -7 -8 8 -10 -11 20 26 -14 -15 15 -17 -18 18 -20 -21 21 -23 23 -25 -26 -27 -28 -29 29 -31
leaf_value=0.7818599898815155 -0.63626877844333651 -0.10634112128615379 -1.6333499748706819 -0.26739760696887971 0.49907498228549962 -0.034550000548362728 -0.31560000288486484 0.12593612264096737 1.6368411232084037 -3.0716957854032518 0.1984798744916916 0.74658498775959015 -0.018561134923249512 -0.39710000860691075 -1.026676259636879 -1.9620749369859696 -0.093363633964210768 -0.36551877081394196 0.3602649992704392 -0.40163500607013702 0.86475389203429232 0.28060000050067901 -0.023025008559227001 0.5224387335777283 0.50020236432552334 -0.15276877462863922 0.61338748377561569 -1.1534505071043968 0.82310489118099217 0.71307501661777506
leaf_weight=98.774464070796967 96.885706782341003 50.5346649736166 157.38803911209106 60.194195985794067 29.681893855333328 31.627886682748795 38.426862597465515 59.507372170686722 40.629510208964348 150.29619182646275 44.085536181926727 35.925468385219574 29.099257528781891 29.524154633283615 61.019204020500183 28.157580390572548 48.145382970571518 32.931595385074615 31.264671251177788 28.137913808226585 211.8924921900034 30.112030580639839 23.22564560174942 31.909380421042442 40.852990388870239 28.746685892343521 30.084113657474518 40.397787630558014 25.532939538359642 30.550386279821396
leaf_count=119 130 67 213 75 45 47 56 76 52 230 49 53 39 40 75 45 57 47 47 45 268 46 33 61 49 41 42 52 31 51
internal_value=-0.000716254 0.0120113 -0.00950331 0.0220284 -0.0305007 0.031716 0.0308891 -0.0013629 0.0135679 -0.0346081 0.0337552 0.0162814 -0.0405437 0.000244259 -0.0273061 -0.0184429 -0.0209813 -0.0128029 -0.00296148 -0.0402171 0.0387882 0.0419296 0.0440465 0.0278851 0.0257242 -0.0146871 0.0370935 -0.0459212 0.0473716 0.0404886
internal_weight=1675.54 1218.1 386.969 831.133 256.567 130.402 602.792 228.341 129.661 457.44 564.365 126.204 226.885 89.0315 307.143 182.12 98.68 153.962 92.943 125.024 438.161 353.223 323.111 55.135 84.9385 61.6783 66.0096 197.786 267.976 56.0833
internal_count=2281 1621 515 1106 349 166 814 292 168 660 758 170 304 116 430 255 124 210 135 175 588 490 444 94 98 88 95 265 350 82
cat_boundaries=0 1 2
cat_threshold=12 1
is_linear=0
shrinkage=0.05


Tree=3
num_leaves=31
num_cat=2
split_feature=27 22 60 58 27 5 75 61 47 49 52 58 27 58 47 82 24 19 47 46 27 24 104 52 24 27 27 94 57 104
split_gain=279.559 100.627 69.8582 126.521 54.0816 36.0234 69.3509 32.2266 40.557 29.001 24.6919 22.4267 22.2873 25.689 21.3592 10.5258 10.171 8.77141 8.5039 7.73017 4.21454 4.02177 3.30228 2.59557 1.87383 1.65277 1.6274 1.62037 0.854897 0.571105
threshold=33.145000000000003 2756.87074829932 0 0.023107456762120754 15.335000000000003 0.36666666666666675 2103.9750000000008 1 0.27571575147389232 0.25485005265798372 271.59263038548755 0.032330719986110611 57.590000000000011 0.031896796144031701 0.75225928723373348 139.45300000000003 139.87500000000003 629.25000000000023 0.6586585948657141 0.90899897596905088 73.50500000000001 155.14000000000001 0.93223648823407468 261.85537414965989 180.31000000000003 22.535000000000004 44.465000000000011 141.7892630385488 0.79118245504060336 0.9764079809000269
decision_type=2 2 1 2 2 2 2 1 2 2 2 2 2 2 2 2 2 2 2 2 2 2 2 2 2 2 2 2 2 2
left_child=1 2 4 10 19 21 -7 9 11 18 17 -9 13 26 -6 -15 -11 23 -5 -1 24 -3 -10 29 -14 -23 -2 -21 -24 -4
right_child=12 5 3 7 14 6 -8 8 22 16 -12 -13 20 15 -16 -17 -18 -19 -20 27 -22 25 28 -25 -26 -27 -28 -29 -30 -31
leaf_value=0.53710938771963124 -0.44995533189177517 0.48862623185515403 -1.5682087168335916 -0.14862292208671571 -0.22121249120831493 -0.3772450081765652 0.57496231057196856 -1.9423643261253833 0.62313969757109877 0.008554305102117344 0.46784574378132826 0.27729375827312469 -0.975342446655035 0.050007190614938773 0.16734450014829638 -1.0585895034968853 0.55294569502249369 -0.79667317351754763 -0.14059044175278396 0.57156367134004837 -2.7614902163803579 0.89525498920083058 0.86306616615206 -1.0957779817491768 -1.0499553318917751 1.1545699999988079 -0.49995533189177516 0.71359201880693446 0.5827181095868349 -1.3167837795853616
leaf_weight=43.759406238794327 52.561333358287811 52.55565071105957 117.03393262624741 43.493506073951721 49.997239634394646 52.614063531160355 58.566869169473648 37.282700419425964 39.019448935985565 35.766184315085411 29.436121165752411 31.988359376788139 43.22855931520462 54.40830984711647 30.214074194431305 48.034999340772629 34.62580531835556 29.297470688819885 46.721028760075569 29.42953896522522 156.18608087301254 172.47842590510845 34.531500637531281 30.669226288795471 51.513480111956596 32.043216928839684 37.517610341310501 97.731491684913635 57.823626220226288 32.00172883272171
leaf_count=52 71 74 158 48 66 78 81 50 48 43 40 41 60 72 41 74 42 39 58 34 240 286 42 39 76 49 51 118 64 44
internal_value=-0.00068781 0.0116782 0.00222739 -0.0070944 0.0238213 0.0335132 0.00973369 0.0114455 0.0248065 -0.00524638 -0.0354813 -0.00615113 -0.0346829 -0.0218858 -0.00910074 -0.00475915 0.0188067 -0.0415197 -0.0240144 0.040665 -0.0445013 0.0437974 0.0411298 -0.0456556 -0.0361814 0.0469676 -0.0413633 0.0469028 0.0462825 -0.0483815
internal_weight=1662.53 1219.08 850.822 599.691 251.132 368.258 111.181 361.252 200.646 160.607 238.438 69.2711 443.45 192.522 80.2113 102.443 70.392 209.002 90.2145 170.92 250.928 257.077 131.375 179.705 94.742 204.522 90.0789 127.161 92.3551 149.036
internal_count=2279 1635 1067 756 311 568 159 436 245 191 320 91 644 268 107 146 85 280 106 204 376 409 154 241 136 335 122 152 106 202
cat_boundaries=0 1 2
cat_threshold=12 1
is_linear=0
shrinkage=0.05


Tree=4
num_leaves=31
num_cat=3
split_feature=30 53 60 58 69 32 61 26 26 39 18 52 99 82 58 30 35 53 23 77 50 28 58 39 101 77 36 71 19 52
split_gain=249.345 95.6145 96.969 80.7545 57.7915 61.1181 33.586 33.4893 30.7303 30.3103 23.2862 21.4088 15.7813 14.507 16.2411 9.89611 7.17157 6.44111 5.69407 4.41963 8.69491 4.16764 4.93065 3.71534 3.42779 3.02266 2.97288 2.79065 0.956639 0.832502
threshold=0.54049324111296781 -19.282762567327481 0 0.023107456762120754 1 2445.0000000000005 2 41.070000000000007 60.355000000000011 641.47500000000014 0.63388174171202383 270.14435374149667 22.417040816326509 112.45100000000001 0.031896796144031701 0.67167516018063844 796.82500000000016 -17.254719973149495 183.48000000000005 0.80142612172414018 0.052766716513817508 92.965000000000018 0.030146632678347256 675.00000000000011 0.73272054972379308 0.84816374046334519 424.99999999999994 67.090000000000018 589.00000000000023 187.34774376417244
decision_type=2 2 1 2 1 2 1 2 2 2 2 2 2 2 2 2 2 2 2 2 2 2 2 2 2 2 2 2 2 2
left_child=1 4 3 11 9 27 -5 18 -2 10 -1 23 17 14 -10 -16 -11 24 -4 29 28 22 -18 -3 -8 -23 -24 -6 -21 -15
right_child=8 2 7 6 5 -7 12 -9 13 16 -12 -13 -14 19 15 -17 21 -19 -20 20 -22 25 26 -25 -26 -27 -28 -29 -30 -31
leaf_value=-0.78487335900247102 0.20884150047570468 -1.4648732827085258 0.45782531389050196 0.42271135401234033 -0.44454159148156641 0.46756868137024343 -0.089123167521106106 -0.0069575252428650813 -0.65985131644159556 0.36811925440758464 0.56375918546967208 0.059098133759722109 -0.14119177598237992 -2.3691094669100643 0.030063076411187686 -0.55010941350430254 0.28035058881959873 0.069621330417348082 0.70708738944709304 -0.57945757292658095 -0.51495752715021381 0.17714044277474283 0.59738994761377573 -1.6736001109912715 0.11838957309097053 0.71759417723596108 0.72273396646432586 -0.37708650777012109 -0.97326381920725114 -2.5091094287630917
leaf_weight=34.850060507655144 32.402986407279968 134.12149143218994 33.77058881521225 64.506495922803879 32.698292762041092 38.753751993179321 32.396138191223145 60.659547984600067 48.883257389068604 46.527904123067856 65.482243180274963 28.742287337779999 63.526083469390869 43.35669994354248 44.684454560279846 34.735817283391953 33.736226856708527 39.36219847202301 101.38862004876137 40.955798208713531 35.584719777107239 29.676636874675751 26.573226869106293 38.684292197227478 34.891783595085144 188.26541718840599 66.989067047834396 30.986187502741814 29.72546249628067 124.66801291704178
leaf_count=47 41 181 39 79 48 77 40 78 64 69 73 39 77 72 57 47 55 46 124 56 50 43 64 51 40 253 106 50 39 178
internal_value=-9.06161e-05 0.011444 -0.00209535 -0.0151285 0.0258375 -0.0088223 0.004461 0.0263651 -0.0326154 0.0325699 0.0087111 -0.0386891 -0.00718457 -0.0363857 -0.0225082 -0.00855181 0.0395115 0.00456676 0.0415638 -0.0428771 -0.0348963 0.041995 0.0348069 -0.0453351 -0.00483136 0.0461935 0.0407159 -0.0398111 -0.0450444 -0.0479245
internal_weight=1661.59 1226.59 632.05 436.231 594.539 102.438 234.683 195.819 434.997 492.101 100.332 201.548 170.176 402.594 128.304 79.4203 391.768 106.65 135.159 274.291 106.266 345.241 127.299 172.806 67.2879 217.942 93.5623 63.6845 70.6813 168.025
internal_count=2283 1679 794 553 885 175 282 241 604 710 120 271 203 563 168 104 590 126 163 395 145 521 225 232 80 296 170 98 95 250
cat_boundaries=0 1 2 3
cat_threshold=2 21 2
is_linear=0
shrinkage=0.05


Tree=5
num_leaves=31
num_cat=2
split_feature=27 58 60 61 26 39 19 58 39 27 58 28 73 74 30 96 52 24 19 36 30 37 27 76 32 34 96 17 76 95
split_gain=249.634 91.9196 124.148 58.4627 37.553 32.3688 27.0519 21.2763 27.0643 20.8368 22.2214 20.3601 32.8782 18.1794 13.5603 13.4797 12.2254 11.2723 10.789 10.354 10.0794 9.51459 10.8734 6.71806 5.17087 5.04083 4.21338 0.986465 0.913858 0.885201
threshold=33.145000000000003 0.022256875531613204 0 1 43.135000000000012 726.63000000000011 1075.0000000000002 0.030146632678347256 726.63000000000011 73.935000000000016 0.031896796144031701 94.27500000000002 617.35000000000014 1644.0700000000004 0.37212500000000009 266.89342403628126 261.85537414965989 171.52500000000003 669.86500000000012 35.000000000000121 0.62681163199562429 1.0000000180025095e-35 26.375000000000004 2428.5000000000005 885.00000000000011 195.00000000000003 157.14285714285717 0.56583894734937834 2280.8800000000006 509.58500000000009
decision_type=2 2 1 1 2 2 2 2 2 2 2 2 2 2 2 2 2 2 2 2 2 2 2 2 2 2 2 2 2 2
left_child=1 2 4 11 -1 16 7 8 -5 10 24 18 17 15 -10 -12 -4 -13 19 -3 -17 -9 23 25 27 26 -23 -2 -27 -11
right_child=9 3 5 6 -6 -7 -8 21 14 29 13 12 -14 -15 -16 20 -18 -19 -20 -21 -22 22 -24 -25 -26 28 -28 -29 -30 -31
leaf_value=0.6625580293207467 -0.50635870102845126 -0.05293226939469018 -1.3916296185730994 -0.52758278217563037 -0.13016934151789547 0.26633305937861879 -0.33556884658769848 0.17221040201106902 0.54627877933165425 -2.0051102165755781 -0.90692687903247782 0.22650581589268892 -0.3361556781936586 -1.8464549850359711 0.24866316322168705 0.54617999423843988 -1.0358759325456135 1.4584904707596302 0.013982544730311242 -0.15000924277519948 -0.35200941251070805 0.58989542391426864 0.13771856112012268 0.10419026160684602 -0.40194132415257394 0.7498014693925753 0.72342611096647769 -0.8338000334759802 0.44305935256177931 -3.2475790137824569
leaf_weight=89.441329419612885 67.759142339229584 32.468923687934875 143.80301210284233 57.052893534302711 29.560500353574753 30.365139365196228 43.366093024611473 61.573971211910248 59.993339717388153 25.419420659542084 54.14945912361145 54.444017142057419 31.932772904634476 28.488809317350388 31.219008952379227 32.6838299036026 50.624229729175568 36.46839851140976 39.979452580213547 51.187076464295387 58.118560194969177 39.901609718799591 31.126579582691193 29.592923879623413 29.659458547830582 196.45176900923252 44.431755840778351 28.339961051940918 30.666998788714409 127.94780641794205
leaf_count=109 93 39 194 72 45 46 65 64 87 34 66 67 48 44 40 58 67 45 52 66 77 47 47 61 48 274 56 35 42 200
internal_value=-0.00107028 0.0107311 -0.0111638 0.0193648 0.0290045 -0.0322826 0.0274932 0.0303318 0.0139806 -0.0327702 -0.025089 -0.00125892 0.0131576 -0.0134861 0.0308757 -0.00630961 -0.0412168 0.028488 -0.0155833 -0.0257941 0.005465 0.0359211 0.0389332 0.0415151 -0.0410913 0.0436783 0.0332394 -0.0467238 0.0475544 -0.0477553
internal_weight=1668.22 1215.65 343.794 871.858 119.002 224.792 625.377 582.011 148.265 452.566 299.199 246.481 122.845 173.441 91.2123 144.952 194.427 90.9124 123.635 83.656 90.8024 433.746 372.172 341.045 125.759 311.452 84.3334 96.0991 227.119 153.367
internal_count=2288 1633 461 1172 154 307 855 790 199 655 421 317 160 245 127 201 261 112 157 105 135 591 527 480 176 419 103 128 316 234
cat_boundaries=0 1 2
cat_threshold=12 1
is_linear=0
shrinkage=0.05


Tree=6
num_leaves=31
num_cat=4
split_feature=27 58 60 54 69 32 24 27 44 27 39 82 39 24 58 74 94 61 102 24 47 53 32 24 61 25 82 94 22 47
split_gain=237.909 82.4145 134.532 46.9087 36.6281 49.6533 28.744 26.7691 26.3588 24.0589 21.3267 18.9832 20.8977 19.7229 18.1393 18.31 14.8975 14.3846 19.1261 13.1964 10.2228 15.1924 9.9418 7.81194 7.31417 6.83646 4.198 3.0406 2.03798 2.69355
threshold=33.145000000000003 0.022256875531613204 0 -25.481715177303489 1 2445.0000000000005 161.95000000000002 73.935000000000016 7.1199999999998917 16.465000000000003 675.00000000000011 1150.6035000000004 864.99000000000012 124.43500000000002 0.031896796144031701 1644.0700000000004 114.50000000000001 2 0.34166666666666673 139.87500000000003 0.34823790722372161 -18.714582014613491 872.75500000000011 154.13500000000002 3 652.31000000000006 114.75000000000001 102.86961451247167 2756.87074829932 0.29966307260220598
decision_type=2 2 1 2 1 2 2 2 2 2 2 2 2 2 2 2 2 1 2 2 2 2 2 2 1 2 2 2 2 2
left_child=1 2 9 4 5 -3 8 14 20 -1 26 12 13 16 22 17 -5 -16 25 -10 21 -6 -2 -12 -15 -19 -4 -22 29 -8
right_child=7 3 10 11 6 -7 28 -9 19 -11 23 -13 -14 24 15 -17 -18 18 -20 -21 27 -23 -24 -25 -26 -27 -28 -29 -30 -31
leaf_value=0.60943014692819564 -0.52516675922882938 -0.40292018992239931 -1.2994469486271487 0.037949288851899743 0.53155592681847408 0.37958442544601745 0.63013783654896116 -2.7012751210767321 -0.12018267472918748 -0.006959506184910258 -1.3664762767019556 0.43547278832964492 -0.33295221516954099 0.037384618019833039 -0.7498395748357467 -1.6195899147881563 -0.13439537271627763 0.17249164447384704 -0.98430583707360031 0.35402652846629251 0.40453175236119621 -0.016350273860510446 -0.30346585714233298 0.55081036313282239 0.71047823208309602 0.020104153611213784 -0.9193519165312396 0.85428241329535737 0.82768033689732379 0.68716005412080394
leaf_weight=92.086868703365326 91.112384259700775 44.854372650384903 126.34194576740265 45.736610412597656 68.569394707679749 29.211841315031052 25.660773694515228 144.08781199157238 44.401847571134567 34.614445060491562 37.007726609706879 46.480254471302032 45.11092472076416 42.563575878739357 50.02994242310524 28.058896437287331 47.769119322299957 34.357060372829437 31.880881026387215 35.195684343576431 42.319276511669159 44.162362575531006 33.234077006578445 27.840869873762131 43.710002571344376 28.558565735816956 36.266617298126221 66.63796067237854 160.33274029195309 33.064717769622803
leaf_count=112 123 64 170 51 83 50 39 220 60 50 50 64 56 54 68 45 52 46 42 47 48 54 54 41 56 40 50 81 258 49
internal_value=9.86475e-05 0.0114792 -0.00884004 0.019791 0.0276548 -0.00629336 0.0319931 -0.0313606 0.0225875 0.0312342 -0.0311657 0.00256623 -0.00344582 0.0041891 -0.0227868 -0.0123114 -0.0117185 -0.00514922 0.00629836 -0.00209366 0.0314493 0.0208936 -0.0373513 -0.00829198 0.0214302 0.0222856 -0.0422045 0.0423707 0.0463898 0.0384211
internal_weight=1661.26 1219.94 354.158 865.781 594.411 74.0662 520.345 441.32 301.287 126.701 227.457 271.37 224.89 179.779 297.232 172.885 93.5057 144.826 94.7965 79.5975 221.689 112.732 124.346 64.8486 86.2736 62.9156 162.609 108.957 219.058 58.7255
internal_count=2277 1639 473 1166 833 114 719 638 373 162 311 333 269 213 418 241 103 196 128 107 266 137 177 91 110 86 220 129 346 88
cat_boundaries=0 1 2 3 4
cat_threshold=12 2 2 1
is_linear=0
shrinkage=0.05


Tree=7
num_leaves=31
num_cat=1
split_feature=27 22 60 58 29 73 75 26 27 44 46 74 56 52 58 58 74 56 53 31 30 32 54 42 75 30 53 24 101 56
split_gain=214.54 92.4958 78.5519 113.609 61.1176 31.2621 44.6319 28.9539 27.9917 25.8967 23.2361 21.253 21.0416 18.2584 17.7917 16.7745 18.9921 11.9415 11.8979 11.7267 11.9006 10.2075 7.97588 3.90663 2.80421 1.96063 1.84872 1.50959 1.38143 3.71049
threshold=33.145000000000003 2860.0000000000005 0 0.023107456762120754 137.57500000000002 1050.5000000000002 2122.2100000000005 41.070000000000007 73.935000000000016 8.1100000000000296 0.91427595042766685 2008.3550000000002 0.92927118241815176 270.14435374149667 0.043237879217465212 0.031896796144031701 1644.0700000000004 0.93744201259342896 -18.007723839502187 175.00000000000003 0.66065430810771264 872.75500000000011 -31.154636559211458 185.00000000000003 1374.1700000000003 0.61025778579001511 -25.504257005236266 188.68500000000003 0.76267245230443204 0.87749520957775162
decision_type=2 2 1 2 2 2 2 2 2 2 2 2 2 2 2 2 2 2 2 2 2 2 2 2 2 2 2 2 2 2
left_child=1 2 4 12 7 24 11 23 15 14 -11 -7 13 28 17 21 19 -5 -19 -17 -21 25 -16 -1 -3 -2 -26 -10 -4 -30
right_child=8 5 3 9 -6 6 -8 -9 27 10 -12 -13 -14 -15 22 16 -18 18 -20 20 -22 -23 -24 -25 26 -27 -28 -29 29 -31
leaf_value=0.46885837300046829 -0.33635496782195329 1.0126918462361971 -1.2115757978424815 -0.36343124338552268 -0.26052154898072466 0.37813118479009361 0.4508137838340428 -0.0066115308756647508 -1.32915979038739 0.24056960334381838 -0.14829723498553235 -0.30884799181999084 0.041328032503159133 -0.91910978848697555 0.7597477496622056 -0.81623153095365708 -1.6731527400447648 0.28295418487181062 -0.015532760167484921 0.40003649685172693 -0.29598568596880176 -0.28829256428521627 0.23591914422168433 0.59895862050829951 0.41048240155189619 -0.65965641933163766 0.34573359004527965 -3.0243491668792046 -1.2570757902130869 -1.3475758588776376
leaf_weight=36.587851524353027 37.889004170894623 180.01957058906555 101.45602381229401 57.263790413737297 44.904295265674591 37.115244299173355 54.262512519955635 41.474202498793602 25.907835483551025 30.704413861036301 52.487431406974792 35.79873052239418 30.555087685585022 29.212486684322357 52.087216183543205 50.521679639816284 26.449408248066902 64.318361029028893 46.829318732023239 41.734377890825272 54.207743108272552 32.83834969997406 59.80499455332756 142.34214407205582 23.539699092507362 55.099843442440033 26.052950292825699 121.66438540816307 30.4874227643013 46.546549141407013
leaf_count=42 50 288 134 75 62 47 78 59 35 41 62 55 40 39 63 62 42 73 53 69 71 53 69 170 39 75 44 192 42 64
internal_value=0.00052608 0.0113479 0.00253037 -0.00751131 0.0246598 0.0327761 0.0128892 0.0364213 -0.0291489 0.00995288 -0.0145443 -0.0126633 -0.0344706 -0.0401698 0.0172234 -0.0203481 -0.0102411 0.00695562 0.0165122 -0.00319928 0.00706732 -0.0342372 0.0326778 0.0451462 0.043791 -0.0427001 0.0332634 -0.0469648 -0.0461671 -0.041119
internal_weight=1670.16 1223.85 867.062 601.753 265.308 356.789 127.176 220.404 446.313 363.496 83.1918 72.914 238.258 207.702 280.304 298.74 172.913 168.411 111.148 146.464 95.9421 125.827 111.892 178.93 229.612 92.9888 49.5926 147.572 178.49 77.034
internal_count=2288 1639 1088 755 333 551 180 271 649 436 103 102 319 279 333 422 244 201 126 202 140 178 132 212 371 125 83 227 240 106
cat_boundaries=0 1
cat_threshold=12
is_linear=0
shrinkage=0.05


Tree=8
num_leaves=31
num_cat=3
split_feature=27 60 58 2 61 94 27 56 19 28 37 56 59 23 80 77 28 102 58 32 25 52 52 38 104 43 30 77 56 76
split_gain=221.513 88.8358 162.953 54.8417 47.8916 32.7485 31.423 28.0704 23.3778 26.5157 21.1196 18.7519 17.2141 16.2634 15.987 11.4818 11.3129 11.214 10.8772 8.55259 7.89414 7.71883 7.37193 15.0344 4.65892 3.90344 3.69623 3.62839 2.61981 2.44111
threshold=27.920000000000005 0 0.022256875531613204 1 2 903.41950113378687 73.935000000000016 0.92927118241815176 513.75000000000011 113.67000000000002 1015.0000000000001 0.8584760650822425 0.018346706243736854 170.27000000000004 1.0000000180025095e-35 0.78705612984422246 129.84500000000003 0.14642857142857144 0.030479160759852502 1885.0000000000002 396.29000000000002 248.39960317460319 213.50242630385492 854.86500000000012 0.89547494006600037 -84.619999999999933 0.68984415216196948 0.94403017286074398 0.93942740170798167 2172.7950000000005
decision_type=2 1 2 1 1 2 2 2 2 2 2 2 2 2 2 2 2 2 2 2 2 2 2 2 2 2 2 2 2 2
left_child=1 2 7 13 8 -5 10 16 12 17 14 -6 -4 -3 18 -15 -1 -10 27 20 -20 22 24 -24 -13 26 -22 -2 -23 -17
right_child=6 3 4 5 11 -7 -8 -9 9 -11 -12 21 -14 15 -16 29 -18 -19 19 -21 25 28 23 -25 -26 -27 -28 -29 -30 -31
leaf_value=-1.2191469989858188 -0.48001588570930287 0.33118361329939827 -0.037653971138943559 -0.39197755609975549 -0.3328366797220238 1.1655675765538853 -2.282713129266789 0.067899016765021705 0.021904115165714222 0.83518687616083531 0.1385374681285072 0.35016172583329896 -0.2295934115483052 0.2944254807361783 0.29151795626133392 0.57156234321435129 -1.0991971193395176 -0.10552023653995142 -0.77541995440597411 -1.2867595538614069 0.34250023995353912 0.72176036217909534 0.485500609717336 -0.0072392261038987556 0.46238663881872011 -0.10000898155533205 -0.44598230904390523 -0.43796467962448959 0.59152109887838955 0.3946664056132046
leaf_weight=162.3682097196579 101.53693610429764 58.533410400152206 56.283056080341339 34.302882492542267 37.122107937932014 30.41101261973381 150.79124568402767 29.287059545516968 37.416462332010269 40.502814531326294 45.930868878960609 32.366184040904045 37.730553925037384 32.148858040571213 31.956885397434235 214.94610291719437 29.754675328731537 40.933773279190063 41.242735624313354 30.261975139379501 25.718585297465324 45.632328987121582 62.946676135063171 48.855842888355255 37.676944315433502 30.66880476474762 28.268456935882568 27.872118055820465 63.446535348892212 40.668337881565094
leaf_count=218 138 72 69 44 65 45 232 42 50 51 77 50 48 65 46 270 41 52 49 47 43 59 70 57 49 41 38 39 89 57
internal_value=-0.00110045 0.0108921 0.000584474 0.0292836 0.0153821 -0.0122537 -0.0284633 -0.0355402 -0.00308721 0.0116498 -0.0205023 0.0273666 -0.0217178 0.0378914 -0.0250863 0.0427784 -0.0424912 -0.00533029 -0.0288394 -0.0199562 -0.0142194 0.0316368 0.0253291 0.0173608 0.0380481 -0.00548048 0.00261176 -0.0395589 0.0421525 0.0463203
internal_weight=1687.58 1173.33 762.323 411.011 540.913 64.7139 514.249 221.41 212.867 118.853 363.457 328.047 94.0136 346.297 317.526 287.763 192.123 78.3502 285.57 156.161 125.899 290.925 181.846 111.803 70.0431 84.6558 53.987 129.409 109.079 255.614
internal_count=2313 1563 1010 553 709 89 750 301 270 153 518 439 117 464 441 392 259 102 395 218 171 374 226 127 99 122 81 177 148 327
cat_boundaries=0 1 2 3
cat_threshold=2 1 1
is_linear=0
shrinkage=0.05


Tree=9
num_leaves=31
num_cat=4
split_feature=30 61 56 60 39 43 37 19 65 77 53 49 27 59 37 73 61 17 101 94 38 53 17 57 22 39 33 39 101 44
split_gain=206.122 74.2123 68.2998 64.6915 50.2031 28.287 23.8763 23.8691 23.9523 23.5314 16.8893 15.3239 14.2002 13.3694 12.3687 13.9524 11.7946 17.0067 10.4589 10.3766 14.6209 15.2329 10.2766 9.62233 7.25035 6.67908 6.22663 5.22046 4.59044 4.36192
threshold=0.54049324111296781 0 0.8872758229742298 1 726.63000000000011 29.035000000000004 1045.0000000000002 1195.0000000000002 2 0.94625047274727325 -16.467639505540365 0.25485005265798372 76.175000000000011 0.019470428230838603 1015.0000000000001 977.50000000000011 3 0.49914531079181085 0.76002334618144596 492.18743764172342 854.86500000000012 -18.94478437934524 0.48364136382608308 0.5229253489731277 1363.0158730158732 762.12000000000012 24.99999999999989 796.82500000000016 0.92446297027448165 21.834999999999983
decision_type=2 1 2 1 2 2 2 2 1 2 2 2 2 2 2 2 1 2 2 2 2 2 2 2 2 2 2 2 2 2
left_child=1 6 3 4 18 7 11 8 10 12 14 22 16 -13 15 19 24 25 -3 20 -4 -22 29 -19 -2 -18 -10 -5 -28 -1
right_child=9 2 5 27 -6 -7 -8 -9 26 -11 -12 13 -14 -15 -16 -17 17 23 -20 -21 21 -23 -24 -25 -26 -27 28 -29 -30 -31
leaf_value=-1.6345396274834885 -0.69130718400592484 -0.95561095445454258 0.47005366785860336 0.56993257995156155 1.022107373971197 -0.086286027398253806 1.251787994256931 -0.31561228584558082 0.3961075782349478 0.062307608788650097 -0.080049758379282465 0.16501494711836515 -2.3118564116030393 -0.098875095752658737 0.4817594692779949 -0.082720931024151442 -0.36346392157864849 0.28731327825517677 -0.71068715827763218 0.34945440486626494 0.42422829962020742 -0.31576089624542913 -0.12257022764610825 -0.73278266895919231 -0.32825554258810263 -1.0551168807408451 0.49043307542883857 0.22080691907693756 0.5909512663032388 -0.35380455299541308
leaf_weight=50.15907233953476 71.987192571163177 109.12150993943214 61.4488345682621 43.661251723766327 31.697446629405022 30.135497391223907 33.756569772958755 31.544203579425812 56.235730618238449 38.010956287384033 38.981964707374573 56.759924799203873 141.01187342405319 48.861593976616859 34.496507927775383 29.170779705047607 41.724236488342285 31.035987734794617 30.189700663089752 45.740779131650925 37.571530759334564 36.081643342971802 91.846477895975113 32.177717208862305 32.299273192882538 50.264882266521454 245.49286663532257 29.430006727576256 29.65108086168766 28.721992939710617
leaf_count=67 91 145 71 53 63 43 59 44 70 50 48 73 214 64 46 40 57 42 40 71 48 45 112 40 46 70 327 46 57 44
internal_value=-0.00111635 0.00937121 0.0164969 -0.00617553 -0.0225107 0.0246772 -0.0117839 0.0268846 0.0290608 -0.0305514 0.0163267 -0.0166328 -0.0341197 -0.00166354 0.0217756 0.0172178 -0.0271793 -0.0184412 -0.0367495 0.0223938 0.0154249 0.000400811 -0.0258937 0.00152491 -0.0401836 -0.0321616 0.0383061 0.0308959 0.0425606 -0.0391306
internal_weight=1669.27 1230.76 920.651 244.1 171.009 676.551 310.106 646.416 614.872 438.512 283.492 276.349 400.501 105.622 244.51 210.014 259.489 155.203 139.311 180.843 135.102 73.6532 170.728 63.2137 104.286 91.9891 331.38 73.0913 275.144 78.8811
internal_count=2286 1676 1257 347 248 910 419 867 823 610 369 360 560 137 321 275 346 209 185 235 164 93 223 82 137 127 454 99 384 111
cat_boundaries=0 1 2 3 4
cat_threshold=1 2 112353 2
is_linear=0
shrinkage=0.05


Tree=10
num_leaves=31
num_cat=3
split_feature=27 56 61 39 27 37 27 32 65 51 85 89 30 30 49 24 45 85 61 17 54 24 56 104 27 46 85 36 85 46
split_gain=197.691 67.4926 79.2062 63.6893 31.5475 25.2597 23.7508 23.5823 17.7815 17.2236 18.1629 16.3961 15.1815 14.1273 11.8058 11.5798 10.5399 10.7221 8.92289 13.7476 10.3863 8.87567 7.73672 7.41764 7.16683 5.87649 7.74338 5.01252 5.37437 4.69332
threshold=33.865000000000009 0.8872758229742298 0 665.00000000000011 26.105000000000004 925.00000000000011 76.175000000000011 2015.0000000000002 1 0.29472874177952318 -18.714582014613491 0.047338935574229656 0.30989813205907907 0.49018387761394272 0.21534357677716029 124.43500000000002 -261.35499999999996 -16.467639505540365 2 0.55874889148262963 -36.020648778542117 165.71500000000003 0.93980214742512314 0.95568794259886058 13.510000000000002 0.94048569337520405 -18.007723839502187 1085.0000000000002 -17.400307868909888 0.93470071893550433
decision_type=2 2 1 2 2 2 2 2 1 2 2 2 2 2 2 2 2 2 1 2 2 2 2 2 2 2 2 2 2 2
left_child=1 3 5 12 8 11 13 -7 15 10 24 -3 21 -2 25 -4 -17 22 -16 20 -20 -1 -18 -13 -5 -15 -27 28 -10 -11
right_child=6 2 4 9 -6 7 -8 -9 27 29 -12 23 -14 14 18 16 17 -19 19 -21 -22 -23 -24 -25 -26 26 -28 -29 -30 -31
leaf_value=-0.94220898322507862 0.07745865535806562 -0.33611432534564245 -0.0061789281703603649 -0.029509381270342128 -0.13356961641011986 1.4547586419604226 -2.3350714985326912 -0.29491039219862664 0.51591091855072502 0.73872517840524532 -1.5730836508372983 0.0094901399733084094 0.21477743616225642 -1.1172319036871714 -0.34030545305060173 -0.021869624691031243 0.28763487325042358 0.21499293197003633 -0.83207647751385538 0.17829159878876491 0.0034175355122582742 -0.91028634057777758 0.44879643296306942 -0.030581267302112372 0.50534402628493946 -0.21380777355813108 -0.80716895434890401 0.24155399584589221 0.20413495118213865 0.60817594261886998
leaf_weight=114.30754262208939 29.978898286819458 69.657857820391655 51.793988347053528 29.091146320104599 49.08051210641861 30.10503776371479 139.03271749615669 28.562947601079941 278.38487674295902 32.867572665214539 26.434366643428802 46.24285551905632 32.144424349069595 52.823704838752747 61.337560892105103 34.908379018306732 53.092345878481865 32.73729932308197 39.952993750572205 32.666952550411224 31.794628441333771 29.799404859542847 93.363136738538742 42.995001912117004 30.894778117537498 34.709903120994568 33.258285403251648 28.696575820446014 43.949756503105164 28.458847254514694
leaf_count=152 61 94 55 60 71 36 215 45 369 44 34 51 46 71 79 49 69 41 56 41 44 40 127 47 54 47 43 43 52 39
internal_value=-0.000469337 0.0101187 0.0172767 -0.00940181 0.025833 -0.00891565 -0.0285357 0.0191223 0.0289024 0.0148107 0.000429668 -0.0192679 -0.0296985 -0.0209692 -0.0243859 0.0168333 0.0225985 0.027495 -0.0157221 -0.00683058 -0.0190726 -0.0366291 0.0332775 -0.00507754 0.0156461 -0.0362746 -0.0265522 0.0365242 0.0393475 0.0350762
internal_weight=1663.12 1207.57 883.571 323.998 666.007 217.564 455.556 58.668 616.926 147.747 86.4203 158.896 176.251 316.523 286.544 265.895 214.101 179.193 165.752 104.415 71.7476 144.107 146.455 89.2379 59.9859 120.792 67.9682 351.031 322.335 61.3264
internal_count=2275 1618 1149 469 876 273 657 81 805 231 148 192 238 442 381 341 286 237 220 141 100 192 196 98 114 161 90 464 421 83
cat_boundaries=0 1 2 3
cat_threshold=1 1618657 2
is_linear=0
shrinkage=0.05


Tree=11
num_leaves=31
num_cat=3
split_feature=30 61 56 60 58 37 26 19 58 58 43 26 59 54 31 75 59 47 98 17 46 61 102 52 104 28 17 24 28 54
split_gain=166.897 69.8271 72.1265 75.1357 75.6212 33.707 23.6368 22.8794 22.7673 22.7405 19.6342 18.843 17.4268 17.9424 14.7622 12.8883 12.1372 10.9482 10.5939 10.6991 10.0054 10.1685 16.1923 8.46568 8.18088 7.81833 6.18207 5.65536 3.42741 2.86693
threshold=0.55641739889607578 0 0.90677310851350312 1 0.032747377374539206 995.00000000000011 104.18000000000002 1130.0000000000002 0.022540402608449053 0.027643889991494152 -1.0000000180025095e-35 43.135000000000012 0.019470428230838603 -26.194716700691512 125.00000000000001 1413.4600000000003 0.025463263521497054 0.8602831372890446 2626.5306122448987 0.34190562252378282 0.81774091182735176 2 0.34166666666666673 261.85537414965989 0.94100374756697358 96.980000000000004 0.48213530391470688 167.92000000000004 117.19500000000001 -20.801892153211565
decision_type=2 1 2 1 2 2 2 2 2 2 2 2 2 2 2 2 2 2 2 2 2 1 2 2 2 2 2 2 2 2
left_child=1 5 3 4 23 8 9 10 27 -2 14 -5 13 -10 -4 17 -6 28 19 -17 -11 25 26 -3 -15 -22 -23 -1 29 -16
right_child=6 2 7 11 16 -7 -8 -9 12 20 -12 -13 -14 24 15 18 -18 -19 -20 -21 21 22 -24 -25 -26 -27 -28 -29 -30 -31
leaf_value=-1.2764273422880259 -0.52774899716184909 -1.0586660871071902 0.081565370131310697 0.51925035365937511 0.94573480395838994 1.1164606624460631 -2.1233666259175723 -0.29873819031875021 0.22013209221003335 -1.1712902299976353 -0.057267194538505206 -0.0602699658276191 -0.094590220329313857 0.0015560157145679378 0.48652979387660972 0.3025407353365025 -0.0075650050965532572 0.1442204923493999 0.5502693868544245 -0.053338417824028372 -0.68506832483284907 0.064662898353925163 -0.65578508779378752 -0.72489957834403485 -0.098062314836340536 -0.022425708495165255 0.17659023999385634 -1.1867570341104929 0.58317182525812294 0.37544418363733967
leaf_weight=57.974133849143982 89.740715622901917 110.29709269106388 69.239935159683228 71.339298367500305 35.905791312456131 46.035990342497826 134.93360680341721 31.930804669857025 44.48797070980072 34.171665340662003 39.884416669607162 29.53590302169323 61.789725407958031 47.891639173030853 160.6259880810976 37.314329236745834 25.530321553349495 37.533237785100937 38.78926220536232 28.743580132722855 31.534200370311737 36.054561674594879 33.3026482462883 42.466823160648346 49.33944034576416 31.649878025054932 28.86814272403717 27.87974414229393 99.766662180423737 30.065693259239197
leaf_count=81 124 151 77 89 47 76 203 44 57 49 56 46 78 57 223 48 49 48 65 43 38 50 41 56 56 42 38 41 134 38
internal_value=-0.00142439 0.00790732 0.0152417 -0.0039796 -0.0204055 -0.0115323 -0.0286113 0.0257945 -0.0178547 -0.0204568 0.0282177 0.029953 -0.00874519 0.000916005 0.0309 0.0343291 0.0254887 0.0392072 0.0190689 0.00688991 -0.0108951 -0.00569164 0.00437366 -0.0401983 -0.0111181 -0.0213391 0.0189133 -0.0394478 0.042491 0.0385624
internal_weight=1644.62 1224.37 888.969 315.075 214.2 335.399 420.255 573.894 289.363 285.322 541.963 100.875 203.509 141.719 502.079 432.839 61.4361 327.992 104.847 66.0579 195.581 161.409 98.2254 152.764 97.2311 63.1841 64.9227 85.8539 290.458 190.692
internal_count=2245 1660 1214 438 303 446 585 776 370 382 732 135 248 170 676 599 96 443 156 91 258 209 129 207 113 80 88 122 395 261
cat_boundaries=0 1 2 3
cat_threshold=1 2 2
is_linear=0
shrinkage=0.05


Tree=12
num_leaves=31
num_cat=3
split_feature=30 53 60 69 56 91 98 61 27 37 26 52 39 18 54 31 89 47 52 99 52 91 44 39 31 50 50 54 47 26
split_gain=153.641 65.8721 101.986 60.1555 46.8663 40.5079 39.5975 31.8451 25.5026 22.3677 22.0286 21.7649 19.0424 18.2614 13.7635 8.51388 8.42045 8.22214 7.84629 7.6408 6.57597 6.10963 6.03102 5.26793 4.60412 4.42814 7.09263 5.32968 4.34733 2.9779
threshold=0.53910526973026984 -19.324003435356243 0 1 0.94174142403440231 0.016685205784204651 2716.3265306122453 2 63.290000000000013 1015.0000000000001 41.070000000000007 270.14435374149667 641.47500000000014 0.63388174171202383 -25.193179124376901 345.00000000000006 0.019419306184012056 0.30765426831082809 231.50727891156467 18.748299319727895 258.86354875283456 0.020842379504993454 31.41 1315.0000000000002 185.00000000000003 0.11313600291448492 -1.0000000180025095e-35 -35.89143369727622 0.49739054888811735 104.18000000000002
decision_type=2 2 1 1 2 2 2 1 2 2 2 2 2 2 2 2 2 2 2 2 2 2 2 2 2 2 2 2 2 2
left_child=1 3 4 12 5 11 23 19 9 14 18 16 13 -1 15 24 -3 -18 -4 -6 25 29 -22 -5 -2 26 -14 -28 -29 -10
right_child=8 2 10 6 7 -7 -8 -9 21 -11 -12 -13 20 -15 -16 -17 17 -19 -20 -21 22 -23 -24 -25 -26 -27 27 28 -30 -31
leaf_value=-0.33371167438677163 -0.31455317702067104 -1.1237154101674875 0.2758177627973139 -0.25548724196395906 0.0014782149288395498 0.21162547329441692 0.52275591751170336 0.23146034463140155 -0.67953972158608178 0.65568759799357723 0.0034965305766796462 0.28173834896445549 0.47078757697038925 0.39662797621497892 -0.69851006794678228 -0.50146288609868517 -1.5968084374428593 -0.090280338247249639 0.47134316344132188 -0.12644555107489036 0.59256150383675987 -1.2796243529140829 0.12847462217417402 -0.34912593901059563 0.04356603422852752 0.41506050776981757 0.067372055294691022 0.56736122033089154 0.24415222671695319 -2.4358929877541158
leaf_weight=33.470085665583611 34.31679356098175 144.80172134935856 37.590422928333282 22.311392277479172 34.913061678409576 38.960578680038452 25.945192009210587 68.371006906032562 65.365620940923691 30.480102360248566 58.32596755027771 34.133826434612274 53.074419692158699 66.866809368133545 64.269349098205566 54.750646233558655 31.223002910614014 46.229877829551697 97.132929861545563 44.620753228664398 141.08394280076027 40.405983179807663 34.628825426101685 48.177873522043228 32.716798722743988 30.055617913603783 34.753729805350304 32.242903366684914 55.530857056379318 109.49922329187393
leaf_count=45 43 197 47 48 38 49 46 77 90 39 75 46 93 75 84 79 41 57 116 56 192 57 54 69 41 65 51 40 75 166
internal_value=-0.000842833 0.00826531 -0.00283454 0.0204818 -0.0159444 -0.0278094 -0.0151913 0.00667061 -0.0264594 -0.0143437 0.026709 -0.0350277 0.0273705 0.00855738 -0.0208481 -0.0109689 -0.0407368 -0.0274298 0.0392057 -0.0148404 0.0330378 -0.0386461 0.0401409 -0.0362047 0.000978881 0.026969 0.0239336 0.0173201 0.0238819 -0.0426952
internal_weight=1646.25 1214.44 636.303 578.142 443.254 295.349 96.4345 147.905 431.805 216.534 193.049 256.388 481.707 100.337 186.054 121.784 222.255 77.4529 134.723 79.5338 381.37 215.271 175.713 70.4893 67.0336 205.658 175.602 122.527 87.7738 174.865
internal_count=2251 1652 799 853 561 390 163 171 599 286 238 341 690 120 247 163 295 98 163 94 570 313 246 117 84 324 259 166 115 256
cat_boundaries=0 1 2 3
cat_threshold=2 21 1
is_linear=0
shrinkage=0.05


Tree=13
num_leaves=31
num_cat=4
split_feature=30 60 58 4 95 39 2 27 46 65 24 26 58 52 46 24 46 54 102 76 61 17 49 59 31 50 57 49 30 54
split_gain=160.563 62.2434 122.048 50.9908 51.6068 49.1181 32.5534 29.7192 27.0078 19.2497 18.5911 16.9287 14.1719 13.9787 13.2216 12.7989 10.7745 10.5297 11.6074 10.4859 10.1177 9.18277 8.43444 7.50291 7.32017 6.45273 6.30362 5.93824 3.4423 3.12966
threshold=0.61025778579001511 0 0.022540402608449053 1.5000000000000002 1042.0000000000002 745.00000000000011 1 25.225000000000005 0.88403214395749041 2 156.41500000000005 117.55500000000002 0.031896796144031701 268.16887755102056 0.91777795882402413 128.61000000000004 0.85159810749898768 -31.989400821114998 0.29285714285714287 2356.1250000000005 3 0.6356660544192555 0.018762590273211952 0.023013181472301254 1415.0000000000002 0.09075013687112031 0.8718297678107082 0.26570034527186265 0.40724082048957394 -25.193179124376901
decision_type=2 1 2 2 2 2 1 2 2 1 2 2 2 2 2 2 2 2 2 2 1 2 2 2 2 2 2 2 2 2
left_child=1 6 5 4 8 13 7 15 23 20 21 12 29 -3 -9 -1 26 24 -19 22 -10 27 -17 -4 25 -14 -6 -11 -24 -2
right_child=11 2 3 -5 16 -7 -8 14 9 10 -12 -13 17 -15 -16 19 -18 18 -20 -21 -22 -23 28 -25 -26 -27 -28 -29 -30 -31
leaf_value=0.19952261924042136 -0.40479871380793997 -0.94816897771450648 0.20554660318636253 -0.31853160876046877 0.36282228919307974 0.48872440335163375 -0.28547012165842839 -0.21996201842460025 -0.0059125620203600796 -0.18403530944721586 0.47901029578432425 -2.8945486127184625 -0.58455021041384103 -0.84261396207990991 0.053398841541482958 0.32870175866105078 0.89388306804070194 0.19705743728328243 -0.76020869973231453 0.17582503083529116 0.46880659684919401 -0.018416381731323161 0.47121599531289587 0.072653667030417368 -1.2359472024640503 0.025086658123883332 -0.01667142981800851 -0.10188394828307322 0.45074570452298918 -0.69925937054340359
leaf_weight=34.70561271905899 53.150153875350952 176.56629770994186 36.970816403627396 47.53019580245018 35.77950556576252 34.054844051599503 37.965990990400314 28.825916454195976 40.396335601806641 39.40210223197937 39.184523344039917 96.919710874557495 38.928662180900574 29.353337049484253 51.421723648905754 39.213690847158432 120.53302450478077 33.558269202709198 35.650613963603973 31.881733804941177 52.951452195644379 68.290373980998993 182.06594714522362 57.953388929367065 27.866593480110168 30.238819450139999 22.685919597744942 54.13041740655899 31.392707109451294 39.980263710021973
leaf_count=42 72 238 47 73 73 52 55 43 46 47 54 148 52 40 74 61 178 44 45 59 60 76 223 72 38 44 44 65 42 56
internal_value=-0.000758843 0.00742904 -0.00053705 0.011244 0.015405 -0.0307911 0.02251 0.0272292 0.00518763 -0.00229125 -0.0108134 -0.0304788 -0.0238166 -0.0399903 2.83188e-05 0.0340662 0.0376252 -0.0150688 -0.000168798 0.0375625 0.0155521 -0.018834 0.0409719 0.0283793 -0.0256962 -0.0169793 0.0200116 -0.0290114 0.0448874 -0.0394318
internal_weight=1649.55 1293.26 855.783 615.808 568.278 239.974 437.473 399.507 389.279 294.355 201.007 356.293 259.373 205.92 80.2476 319.26 178.998 166.243 69.2089 284.554 93.3478 161.823 252.672 94.9242 97.0341 69.1675 58.4654 93.5325 213.459 93.1304
internal_count=2263 1764 1165 835 762 330 599 544 467 348 242 499 351 278 117 427 295 223 89 385 106 188 326 119 134 96 117 112 265 128
cat_boundaries=0 1 2 3 4
cat_threshold=12 1 2709504 1
is_linear=0
shrinkage=0.05


Tree=14
num_leaves=31
num_cat=3
split_feature=30 60 58 4 42 56 36 43 28 32 57 46 47 61 26 58 102 28 102 61 74 24 56 25 43 26 38 85 57 36
split_gain=145.605 84.6634 111.523 44.8066 48.7153 37.8659 30.7786 29.8209 22.1748 19.3214 17.601 18.5544 23.0664 26.8405 17.4119 16.7736 15.0486 13.8867 13.1224 30.0918 11.5345 9.82178 8.7111 6.67179 6.33475 6.14149 8.84544 5.97568 6.30534 5.68692
threshold=0.57199066175810376 0 0.022540402608449053 1.5000000000000002 755.00000000000011 0.94091032522590912 1060.0000000000002 25.050000000000189 86.085000000000022 235.00000000000003 0.46523565155938379 0.84200888461320134 0.29270345390780045 1 104.18000000000002 0.027927417068330004 0.14642857142857144 85.640000000000029 0.29285714285714287 2 1644.0700000000004 170.87500000000003 0.82635216385042498 354.38000000000005 -92.324999999999974 43.135000000000012 2650.0000000000005 -25.688202387617377 0.8718297678107082 235.00000000000003
decision_type=2 1 2 2 2 2 2 2 2 2 2 2 2 1 2 2 2 2 2 1 2 2 2 2 2 2 2 2 2 2
left_child=1 2 5 4 10 21 7 8 9 -3 -4 -12 -13 17 15 -2 -15 23 19 -17 25 -1 -16 -14 -21 -10 -27 28 -6 -11
right_child=14 6 3 -5 27 -7 -8 -9 20 29 11 12 13 16 22 18 -18 -19 -20 24 -22 -23 -24 -25 -26 26 -28 -29 -30 -31
leaf_value=-0.92298669894053553 -0.60385944216896026 -0.18784873598525428 0.61334086331044979 -0.37786497935110086 0.54911236783770179 0.099504260757052709 -0.19332311273815656 -0.13415929282346722 0.44743889745665655 0.22992846112653595 0.21750048958577298 -0.44717120018368378 -0.081034422185718435 0.076972963376893466 -1.0996347835785691 -0.55532269989314897 0.44362082911318573 0.089643019582654304 -0.83523511611623968 0.1157304082618552 0.15342309131164966 -0.80048326397591441 -2.1153078135884544 -0.11092150804878505 0.26277731744504118 0.045648171932161308 0.58115250741073032 0.7493141010686255 -0.0016216874180258857 0.26512900474797962
leaf_weight=169.29181283712387 79.170682907104492 28.025476515293121 32.523552536964417 46.96439790725708 20.273622661828995 27.611727029085159 36.955358982086182 30.089492082595825 205.3875412940979 22.914483338594437 45.597864300012589 58.254947543144226 46.360976994037628 67.558186769485474 33.797861605882645 43.676112234592438 42.230988353490829 48.941381454467773 73.610731363296509 29.6029172539711 33.059007257223129 36.935481429100037 107.78731554746628 38.005483418703079 32.855742454528809 30.175279557704926 32.600516259670258 108.24188554286957 19.224940836429596 42.647917851805687
leaf_count=227 108 33 42 70 49 41 51 45 252 44 53 74 52 78 48 55 52 56 98 42 45 51 161 45 44 42 42 167 36 77
internal_value=-0.00239936 0.00589101 -0.00394501 0.00786052 0.0120293 -0.0331015 0.0226932 0.0269912 0.030648 0.00938914 0.0025458 -0.000751159 -0.00524891 0.00152281 -0.0286857 -0.0209763 0.0198301 -0.0135546 -0.0125302 -0.00127924 0.037253 -0.0404637 -0.0427838 -0.0258459 0.0209841 0.0406883 0.0270016 0.0363878 0.0197414 0.0242426
internal_weight=1670.37 1269.87 808.017 574.178 527.214 233.839 461.855 424.9 394.81 93.5879 379.473 346.95 301.352 243.097 400.501 258.916 109.789 133.308 179.746 106.135 301.222 206.227 141.585 84.3665 62.4587 268.163 62.7758 147.74 39.4986 65.5624
internal_count=2280 1724 1093 774 704 319 631 580 535 154 452 410 357 283 556 347 130 153 239 141 381 278 209 97 86 336 84 252 85 121
cat_boundaries=0 1 2 3
cat_threshold=2 1 2
is_linear=0
shrinkage=0.05


Tree=15
num_leaves=31
num_cat=2
split_feature=30 60 22 17 4 26 22 73 26 65 28 46 17 25 98 101 4 56 82 82 26 37 59 54 77 49 47 76 29 57
split_gain=125.012 68.9739 71.4335 81.9358 67.3701 34.2854 36.836 32.4621 32.3309 25.9083 20.8753 17.783 14.5814 22.3729 14.7285 14.4924 12.6838 13.3905 11.9304 13.0199 9.42158 9.2274 7.19442 6.50788 6.28327 5.31508 7.33971 5.3097 4.72273 3.97942
threshold=0.63023857911399572 0 1363.0158730158732 0.49139581016504935 1.5000000000000002 42.960000000000008 2756.87074829932 617.35000000000014 73.710000000000022 1 123.51000000000001 0.89403715300364051 0.6356660544192555 323.29000000000008 461.45124716553295 0.86704203494396348 1.0000000180025095e-35 0.80598811707934914 85.787500000000009 151.92800000000003 85.250000000000014 1015.0000000000001 0.019494771631960502 -30.728091275786998 0.78705612984422246 0.25077634746112504 0.32861161244128112 2342.3050000000007 229.53000000000003 0.95630995694999388
decision_type=2 1 2 2 2 2 2 2 2 1 2 2 2 2 2 2 2 2 2 2 2 2 2 2 2 2 2 2 2 2
left_child=1 2 3 10 21 7 8 29 15 11 -1 -5 14 -14 -11 -7 17 -2 22 -20 -19 23 -13 27 -8 -22 -27 -4 -26 -3
right_child=16 5 4 9 -6 6 24 -9 -10 12 -12 18 13 -15 -16 -17 -18 20 19 -21 25 -23 -24 -25 28 26 -28 -29 -30 -31
leaf_value=-1.0628624208324979 0.036416561066088086 0.42378793316586255 0.80986447419629537 0.26820103452699845 -0.30818697541284346 -0.34394720258278283 0.24470003133291329 -0.017115331722095516 0.18081528998938684 -0.1032111070294902 -0.6539639822123241 -0.10397912285525655 -0.010099084898474775 0.51383560046242482 0.18751174260443101 -0.043106825228486911 -2.7393059306395671 -0.1637539142520873 0.044653862024081947 -0.12985805714041804 -1.0665838459811483 0.79986445873214651 -0.25503424490671511 0.0071394529724501388 0.31386072883299532 -0.77134717368742722 -0.23714651494663175 0.077697495703211258 0.17568108157155204 0.4768752421689339
leaf_weight=159.12838292121887 34.698340654373169 144.77749180793762 77.15789258480072 37.20839512348175 50.022181689739227 42.729407966136932 30.741323500871658 56.676635205745697 36.51966205239296 37.483527839183807 44.326066493988037 40.30353856086731 39.632548868656158 74.379236847162247 32.64714503288269 42.320037484169006 73.887304216623306 61.062967419624329 33.945065557956696 37.214062988758087 61.500024646520615 78.574267715215683 41.852447628974915 28.069715619087219 47.827994480729103 49.953481733798981 36.509493112564087 32.515012741088867 30.111224055290222 62.440829932689667
leaf_count=215 53 182 110 44 75 50 70 73 60 47 59 46 43 87 41 55 108 76 41 44 95 155 50 45 66 70 49 48 43 77
internal_value=-0.0012624 0.00542889 -0.00331921 -0.013229 0.0180666 0.0200404 0.00634615 0.0327481 -0.0125629 0.000642012 -0.0387729 -0.0119966 0.0136298 0.025405 -0.00356961 -0.0294594 -0.0294634 -0.0239619 -0.0201516 -0.00516472 -0.0287369 0.0301593 -0.0331324 0.0223597 0.0274977 -0.0355563 -0.027564 0.027858 0.0350481 0.0419194
internal_weight=1656.22 1338.6 844.459 578.12 266.339 494.145 230.25 263.895 121.569 374.666 203.454 190.524 184.142 114.012 70.1307 85.0494 317.612 243.724 153.315 71.1591 209.026 216.317 82.156 137.743 108.681 147.963 86.463 109.673 77.9392 207.218
internal_count=2277 1826 1150 717 433 676 344 332 165 443 274 225 218 130 88 105 451 343 181 85 290 358 96 203 179 214 119 158 109 259
cat_boundaries=0 1 2
cat_threshold=2 1217970
is_linear=0
shrinkage=0.05


Tree=16
num_leaves=31
num_cat=2
split_feature=27 60 58 27 22 4 37 37 5 77 76 26 53 61 28 57 26 43 28 104 103 22 56 26 30 57 27 76 49 49
split_gain=133.29 60.3445 105.343 47.6924 43.7075 42.3468 46.5675 34.3336 22.8933 32.2888 20.8189 20.5545 19.7536 17.8056 17.4164 13.9576 18.0794 13.6617 13.9682 9.82998 9.29813 12.0687 9.16888 8.47288 8.90344 8.10462 7.0502 6.71189 6.48803 8.8388
threshold=57.590000000000011 0 0.022823929685284905 14.325000000000001 1386.2811791383222 1.5000000000000002 925.00000000000011 925.00000000000011 0.77500000000000013 0.99544693295783937 1970.8700000000001 89.290000000000006 -21.981789757110324 1 130.62000000000003 0.41163893916291611 40.605000000000011 -45.85000000000003 76.290000000000006 0.93063910228499769 1.0000000180025095e-35 1113.8888888888889 0.79909033875195945 44.07500000000001 0.49018387761394272 0.45628223446051402 77.055000000000021 2298.4100000000003 0.25077634746112504 0.54768512769445699
decision_type=2 1 2 2 2 2 2 2 2 2 2 2 2 1 2 2 2 2 2 2 2 2 2 2 2 2 2 2 2 2
left_child=1 2 4 10 14 6 12 8 9 11 -3 19 13 -4 -1 -14 17 18 -17 -5 21 -19 -2 -18 -25 -8 28 -27 -24 -30
right_child=22 3 5 7 -6 -7 25 -9 -10 -11 -12 -13 15 -15 -16 16 23 20 -20 -21 -22 -23 26 24 -26 27 -28 -29 29 -31
leaf_value=-0.85399897584585549 -0.63592425796108987 0.38539568214390069 0.66487586034803647 -0.049550937936047749 0.2074211899715219 -0.40530584932329461 0.14499834935095154 0.49880681502047175 -0.28695392757146759 0.34700942060937734 -0.01625956513599074 0.24850680031479364 0.24928147892416661 -0.0015867776603536001 -0.58788845646164845 -0.0042488366233909064 -0.098050551678015685 -0.27165552853884894 0.61851874719791466 -0.3131913209134698 0.0201480003538312 0.010945738998722521 -1.0302704850793696 0.016779101016560282 -0.67224881322728247 0.91880199369876581 -1.9740205520324183 0.086962544213069926 -0.11347271058850623 -0.31653113129541688
leaf_weight=201.04017984867096 27.057207137346268 166.73894321918488 46.381326913833618 39.997765243053436 32.102316588163376 53.516084581613541 22.805586725473404 84.744929075241089 38.008493006229401 59.444847345352173 30.25049489736557 28.749146431684494 35.593859553337097 42.917971044778824 35.521239161491394 45.375966727733612 32.190101981163025 37.265713214874268 38.850313603878021 41.645879089832306 48.396707952022552 36.814246237277985 51.659857630729675 36.911766439676285 48.882466435432434 105.41393746435642 114.11679553985596 31.813603013753891 34.786562919616699 27.657078325748444
leaf_count=269 40 210 63 53 49 80 43 129 50 75 46 47 47 60 48 48 38 46 44 50 55 44 78 46 61 153 176 59 49 38
internal_value=-0.00269765 0.00327682 -0.00422507 0.017288 -0.0306828 0.00643045 0.0101741 0.00483625 -0.00610042 0.0017497 0.0366602 -0.0142483 0.00192921 0.0229809 -0.038112 -0.00328866 -0.00654709 0.00236682 0.0178676 -0.0270511 -0.00829291 -0.0194281 -0.0359633 -0.0221638 -0.0139565 0.0333365 -0.039226 0.0379235 -0.0304374 -0.0195929
internal_weight=1676.65 1421.37 931.793 489.58 268.664 663.13 609.614 292.591 207.846 169.838 196.989 110.393 449.58 89.2993 236.561 360.281 324.687 206.703 84.2263 81.6436 122.477 74.08 255.278 117.984 85.7942 160.033 228.22 137.228 114.103 62.4436
internal_count=2294 1913 1253 660 366 887 807 404 275 225 256 150 552 123 317 429 382 237 92 103 145 90 381 145 107 255 341 212 165 87
cat_boundaries=0 1 2
cat_threshold=2 4
is_linear=0
shrinkage=0.05


Tree=17
num_leaves=31
num_cat=2
split_feature=27 37 60 58 27 74 39 24 61 77 54 58 24 44 46 30 24 50 28 46 44 73 18 5 54 28 96 58 77 18
split_gain=116.149 51.5603 56.2438 74.2058 71.1615 41.0825 22.7449 19.9293 18.2002 21.88 24.6282 19.1768 17.0881 16.2154 15.557 14.0472 12.476 12.0008 11.3848 10.1375 14.8875 9.95913 8.71881 8.61504 11.6045 7.03385 7.02133 9.47369 5.88559 8.79934
threshold=57.590000000000011 935.00000000000011 0 0.022823929685284905 15.960000000000003 2275.4900000000002 745.00000000000011 170.55000000000004 1 0.9878629039980753 -26.801400136782302 0.030762687836688351 250.51500000000001 -7.1249999999999991 0.88971112523251639 0.52646109118034323 133.16000000000003 0.014320308286612451 98.185000000000016 0.91754487228825388 4.56000000000006 521.0200000000001 0.7276531000380374 0.22500000000000003 -31.026203193839873 95.915000000000006 231.97278911564629 0.031896796144031701 0.93607538343534824 0.43027252738385818
decision_type=2 2 1 2 2 2 2 2 1 2 2 2 2 2 2 2 2 2 2 2 2 2 2 2 2 2 2 2 2 2
left_child=1 2 4 6 14 23 7 -4 11 25 18 -5 -7 -6 -1 -13 -16 22 -11 -15 -21 26 -12 28 -25 -10 -2 -28 29 -3
right_child=21 5 3 8 13 12 -8 -9 9 10 17 15 -14 19 16 -17 -18 -19 -20 20 -22 -23 -24 24 -26 -27 27 -29 -30 -31
leaf_value=0.070036276171869097 -0.88332209160161568 0.17385633506002829 -0.78398098093605795 -1.4727886080573729 0.22003968975052796 -0.32329708914673899 0.12579567171893477 -0.55849403363856609 -0.23703970674946306 0.015940145965732278 -0.093148024094114892 0.70203124056652877 0.061155164763150784 -0.33583695239088407 0.13583085727551311 0.040188268385250227 0.37919377136418819 -0.077284057001146003 0.52398146737930218 -0.099906690640781906 0.052374416925944273 -2.6399868575951433 0.013283960336461299 0.0107728971655646 0.26885955516847004 -0.0126994476433824 -0.63543431568812436 -0.29987196992828075 0.90404831122284124 0.55638994293235555
leaf_weight=36.107454985380173 27.826102018356323 25.197382926940918 187.77848213911057 35.598605275154114 34.176282569766045 38.194005101919174 27.96599605679512 40.497739195823669 52.493649542331696 60.79538993537426 33.562601864337921 70.111272424459457 21.091929614543915 50.902952909469604 30.664429545402527 46.7814821600914 142.46418809890747 37.567639231681824 54.12441098690033 32.114528834819794 40.573830962181091 82.294028759002686 40.425423443317413 52.722246438264847 45.751733005046844 42.688926160335541 51.989089757204056 88.675941944122314 87.97963473200798 50.959444910287857
leaf_count=48 35 47 252 50 53 55 42 55 70 71 41 86 58 66 37 60 172 41 71 41 57 127 44 74 59 54 78 136 115 97
internal_value=-0.00264624 0.0028965 -0.00226491 -0.010232 0.0135016 0.0204926 -0.0320512 -0.0372652 0.00134395 -0.00540095 0.0030531 0.0155713 -0.0171016 -0.0114857 0.0329877 0.0253563 0.039214 -0.013682 0.0192983 -0.019915 -0.00793161 -0.0340148 -0.00199625 0.0289797 0.0172878 -0.0255164 -0.0270513 -0.0225116 0.0359942 0.0258177
internal_weight=1670.08 1419.29 1097.4 730.392 367.004 321.896 256.242 228.276 474.149 321.658 226.475 152.491 59.2859 157.768 209.236 116.893 173.129 111.556 114.92 123.591 72.6884 250.785 73.988 262.61 98.474 95.1826 168.491 140.665 164.136 76.1568
internal_count=2292 1916 1411 937 474 505 349 307 588 392 268 196 113 217 257 146 209 126 142 164 98 376 85 392 133 124 249 214 259 144
cat_boundaries=0 1 2
cat_threshold=12 4
is_linear=0
shrinkage=0.05


Tree=18
num_leaves=31
num_cat=1
split_feature=27 60 56 27 54 47 46 4 18 27 62 24 19 43 54 24 76 53 30 59 26 27 36 52 47 54 24 49 47 37
split_gain=102.974 54.5411 63.017 47.1154 46.6368 33.0012 26.4435 34.7864 23.5886 21.1835 20.7275 20.6363 26.7486 24.9265 17.6327 16.4871 15.23 12.0814 11.9769 10.8833 9.88842 9.61923 9.47466 8.54264 14.3653 9.37059 8.06713 7.98874 9.0068 7.33366
threshold=57.590000000000011 0 0.93110843839403068 14.325000000000001 -25.640604610449078 0.27571575147389232 0.88110429244817734 1.5000000000000002 0.37777058342420938 33.145000000000003 1.0000000180025095e-35 149.92500000000004 1075.0000000000002 -8.3250000000000437 -31.868862669571424 169.51500000000001 2172.7950000000005 -21.899619382277407 0.54049324111296781 0.016988178124780054 45.620000000000012 90.110000000000014 390.00000000000017 269.36715419501132 0.36808978136204279 -25.193179124376901 133.16000000000003 0.24940606484957253 0.31028394853935853 105.00000000000001
decision_type=2 1 2 2 2 2 2 2 2 2 2 2 2 2 2 2 2 2 2 2 2 2 2 2 2 2 2 2 2 2
left_child=1 2 4 16 5 6 7 17 -4 10 23 -5 13 18 -7 -8 26 -1 22 -16 29 27 -13 24 -10 -26 -3 -2 -29 -12
right_child=21 3 8 11 -6 14 15 -9 9 -11 20 12 -14 -15 19 -17 -18 -19 -20 -21 -22 -23 -24 -25 25 -27 -28 28 -30 -31
leaf_value=0.54567652239416808 -0.9079488747496014 0.21153809141527252 0.68058747140254783 -0.18644965569795133 -0.88841590461988273 0.48883508231498762 -0.7287835233763188 -0.91975307931903671 -0.012064475261213282 -0.54267891907785704 -0.0047005928090444243 0.4604234965110246 -0.27135489069639035 -0.097104585858361958 0.46467747859868558 -0.00074537663758080799 0.00071826757814574815 -0.0084655624127161211 -0.0033533477002818282 -0.051264174991390112 0.074295401820884857 -2.2413407448303033 0.42007614113912856 0.47026560798962108 0.34748048376904017 0.13904266590341527 0.34121299987003306 -0.59904794418525253 0.032443938391594429 -0.088490622889409176
leaf_weight=33.295389324426651 60.715732514858246 30.040637224912643 53.933742344379425 54.830320775508881 132.15918266773224 62.816102936863899 101.23284828662872 27.515874594449997 62.187106430530548 41.793993785977364 44.817477583885193 46.900834709405899 31.971897602081299 45.425184309482574 30.767803490161896 30.680968284606934 32.427624702453613 27.315667301416397 32.610150575637817 56.372239232063293 34.335553705692291 90.778530180454254 88.442658960819244 62.969712644815445 45.252114370465279 34.76052300632 146.15072305500507 52.665384113788605 40.073002338409424 46.176158607006073
leaf_count=68 93 40 71 66 178 83 134 43 77 55 50 73 46 64 40 41 45 35 44 73 58 144 124 93 56 42 181 75 56 53
internal_value=-0.00240485 0.002696 -0.00453736 0.0156755 -0.0165878 -0.00748099 -0.0198082 0.00139824 0.00955328 0.00507626 0.00931756 0.00329934 0.00949677 0.0158873 0.0106076 -0.0339755 0.0342348 0.0225641 0.0247748 -0.00394945 -0.00670341 -0.0324207 0.0313288 0.0191041 0.0123148 0.0263251 0.0400305 -0.0247887 -0.0155578 -0.0153307
internal_weight=1681.42 1437.18 928.382 508.8 502.156 369.997 220.041 88.1269 426.226 372.293 330.499 300.181 245.351 213.379 149.956 131.914 208.619 60.6111 167.954 87.14 125.329 244.233 135.343 205.169 142.2 80.0126 176.191 153.454 92.7384 90.9936
internal_count=2301 1933 1250 683 695 517 321 146 555 484 429 417 351 305 196 175 266 103 241 113 161 368 197 268 175 98 221 224 131 103
cat_boundaries=0 1
cat_threshold=2
is_linear=0
shrinkage=0.05


Tree=19
num_leaves=31
num_cat=3
split_feature=27 60 58 27 4 24 65 36 24 43 52 53 58 33 97 73 76 47 56 45 24 30 62 3 25 33 99 47 36 19
split_gain=97.4436 45.0617 99.2136 47.0918 31.5551 38.5055 41.1625 25.0745 24.727 19.4063 19.2861 14.2401 13.5821 11.5329 11.288 11.1287 11.1041 11.0041 10.6781 11.5896 9.82685 9.46118 9.31226 12.5356 7.77797 7.61729 7.49751 7.25493 6.26934 6.57902
threshold=57.590000000000011 0 0.021122767224269853 14.325000000000001 1.5000000000000002 163.68500000000003 1 1195.0000000000002 149.92500000000004 -8.3250000000000437 271.59263038548755 -20.196243530630316 0.039268500141763509 55.000000000000007 226.98412698412699 521.0200000000001 2172.7950000000005 0.27571575147389232 0.83696029539724248 -192.08499999999995 133.16000000000003 0.54049324111296781 1.0000000180025095e-35 2 328.87000000000006 585.00000000000011 9.7949546485260743 0.026217206502921853 390.00000000000017 709.86500000000024
decision_type=2 1 2 2 2 2 1 2 2 2 2 2 2 2 2 2 2 2 2 2 2 2 2 1 2 2 2 2 2 2
left_child=1 2 10 16 5 6 17 8 -5 21 25 13 -13 -8 -14 18 20 -4 -2 -20 -3 28 23 26 -19 -1 -7 -6 -10 -30
right_child=15 3 4 7 27 22 11 -9 9 -11 -12 12 14 -15 -16 -17 -18 24 19 -21 -22 -23 -24 -25 -26 -27 -28 -29 29 -31
leaf_value=-0.66288677858258005 -0.16674776438116617 0.1913905608603996 0.009918347625804104 -0.16474770440908293 -0.7215576242174031 0.13787969218731844 0.31931595645129218 -0.30563484748566599 0.30891228784425367 -0.10420997492355909 0.021425264843251048 -0.51350033046405175 -0.072816630388028034 -0.023795121262841026 0.045412568449637904 -2.3801294650359712 0.078449779628911198 0.0035594773970205385 -0.089517348461091828 -0.7282415800099834 0.3385474193154665 -0.0031856803152677362 0.78058640034906568 0.56875945538621231 0.26495199337324465 -0.71414483945036822 -0.054815715383515019 -0.25480966644728514 0.45216426459249415 0.12837527399907164
leaf_weight=150.03640973567963 48.786521196365356 32.298610746860504 53.534035682678223 56.13088184595108 27.299933344125748 33.203369438648224 31.9397913813591 32.758449912071228 44.733626052737236 39.769682675600052 30.183103084564209 99.713051497936249 53.969308137893677 49.759826004505157 35.263827264308929 78.299591615796089 30.847617536783218 38.398787260055542 36.23760598897934 87.442125886678696 139.46089282631874 32.688856422901154 53.271273583173752 77.846089884638786 79.884235084056854 32.213868856430054 29.624365866184235 26.085877507925034 69.457683920860291 30.503246650099754
leaf_count=203 74 42 71 68 43 44 38 43 72 55 44 121 61 63 41 120 45 43 53 127 174 44 83 128 94 43 60 37 86 55
internal_value=-0.00258909 0.00251557 -0.00421379 0.0142545 0.00494081 0.00803816 -0.000104469 0.0021562 0.00711128 0.0147578 -0.0341381 -0.0121066 -0.0200955 0.00488763 -0.00592466 -0.0313093 0.0332328 0.018433 -0.0242121 -0.032026 0.0381934 0.0218353 0.0266146 0.0198725 0.0280186 -0.0402691 0.000452326 -0.0319825 0.0273239 0.0342863
internal_weight=1661.64 1410.88 902.227 508.65 689.794 636.408 442.463 306.042 273.284 217.153 212.433 270.646 188.946 81.6996 89.2331 250.766 202.607 171.817 172.466 123.68 171.76 177.383 193.945 140.674 118.283 182.25 62.8277 53.3858 144.695 99.9609
internal_count=2275 1901 1217 684 927 847 532 423 380 312 290 324 223 101 102 374 261 208 254 180 216 257 315 232 137 246 104 80 213 141
cat_boundaries=0 1 2 3
cat_threshold=2 609048 2
is_linear=0
shrinkage=0.05


Tree=20
num_leaves=31
num_cat=1
split_feature=30 82 106 4 58 45 44 74 82 17 77 30 19 53 28 54 66 56 57 36 33 22 43 39 16 58 53 30 45 53
split_gain=107.654 57.7801 72.2276 31.2552 24.5572 23.1915 22.5812 22.2461 27.1071 21.6765 20.8858 26.9614 15.6179 15.3082 13.7971 13.6463 13.1872 12.5598 11.5864 11.1497 10.0632 10.7983 8.86121 8.47287 8.15864 7.39701 7.23421 6.45755 6.1473 6.04548
threshold=0.53910526973026984 85.787500000000009 0.51000000000000012 1.0000000180025095e-35 0.025659200453643304 -147.42999999999998 7.900000000000035 2168.2350000000001 144.50000000000003 0.49139581016504935 0.96534497653697049 0.27128591656279738 681.7700000000001 -17.656125391442611 121.50500000000001 -24.642822324236594 0 0.90605451599337228 0.33755671261520631 390.00000000000017 24.99999999999989 1168.4807256235829 -47.759999999999955 646.47500000000014 0.4642857142857143 0.037000283527076801 -20.463681198003357 0.3086157743307481 -215.70499999999998 -21.899619382277407
decision_type=2 2 2 2 2 2 2 2 2 2 2 2 2 2 2 2 1 2 2 2 2 2 2 2 2 2 2 2 2 2
left_child=1 2 6 14 17 7 13 8 9 -3 11 24 19 25 18 -11 -12 -4 -2 22 21 -20 -10 -6 -7 -1 -13 -24 -21 -22
right_child=3 5 4 -5 23 10 -8 -9 12 15 16 26 -14 -15 -16 -17 -18 -19 20 28 29 -23 27 -25 -26 -27 -28 -29 -30 -31
leaf_value=0.16860380857744525 1.7798462799767379e-05 -0.39988589106396227 -0.74299789386473414 -2.0453166138964467 -0.10678619589534724 0.46304321810435622 -0.064862172890942912 -0.3436926005319097 0.32429639723483772 0.204412940747799 0.026353973255119192 0.025794205554097307 -0.13507986246853537 -0.011401088198709676 0.11109903731959854 -0.12685675541296262 0.41975412781981825 -0.038098477924199028 0.015625415140282508 0.49185877183739485 -0.46285009727848225 -0.50873384181710968 -0.040118055470722253 0.15515018151659743 0.12044530762502613 0.442382735896655 -0.12992051693667223 0.33236217253243144 0.20571062436107768 -0.55246005952192123
leaf_weight=60.438667565584183 43.825493097305298 58.133504271507263 119.88910335302353 97.65360501408577 53.564223349094391 39.007829993963242 59.694147825241089 32.270567923784256 34.211975038051605 39.703959703445435 32.733253717422485 29.157064080238342 29.792556524276733 42.510339736938477 48.429188013076782 36.337046146392822 166.41599607467651 27.370607972145081 36.54658567905426 55.68926215171814 51.336105108261108 44.921776592731476 41.169996380805969 36.640938952565193 40.280080452561378 79.576101511716843 35.93976229429245 33.841730177402496 29.928435266017914 118.49994707107544
leaf_count=69 61 78 162 142 72 54 76 48 47 46 39 49 38 44 65 44 217 40 49 75 83 58 53 73 109 91 48 46 35 153
internal_value=-0.00259082 0.00509482 -0.00840253 -0.0237431 -0.0279977 0.0139083 0.010808 0.00558185 0.00915817 -0.00862393 0.023387 0.00890798 0.0197795 0.0195386 -0.0166481 0.008948 0.0338844 -0.0405821 -0.020707 0.0249348 -0.0248442 -0.0103978 0.0143451 -0.00745361 0.0284855 0.0275173 -0.0149374 0.00472715 0.0384442 -0.0317739
internal_weight=1655.51 1214.3 479.684 441.213 237.465 734.613 242.219 391.079 358.808 134.175 343.534 144.385 224.634 182.525 343.559 76.041 199.149 147.26 295.13 194.841 251.304 81.4684 109.224 90.2052 79.2879 140.015 65.0968 75.0117 85.6177 169.836
internal_count=2264 1653 627 611 347 1026 280 510 462 168 516 260 294 204 469 90 256 202 404 256 343 107 146 145 163 160 97 99 110 236
cat_boundaries=0 1
cat_threshold=2
is_linear=0
shrinkage=0.05


Tree=21
num_leaves=31
num_cat=3
split_feature=27 60 58 52 19 27 56 4 24 22 61 65 26 76 54 73 38 49 73 27 58 23 36 46 28 89 17 99 17 58
split_gain=86.5402 53.6816 78.8649 39.3347 37.9473 30.5513 23.7453 23.7381 28.0946 22.3215 20.364 17.1254 14.5644 13.2011 12.9904 12.1151 11.8086 10.4128 10.3268 9.127 8.87454 8.14878 8.1476 8.43658 7.29623 7.17257 6.02262 11.1357 13.854 5.8128
threshold=57.590000000000011 0 0.027076835837822454 275.23308390022686 792.50000000000011 15.335000000000003 0.93291455150309688 1.5000000000000002 163.68500000000003 2980.2721088435378 1 2 81.145000000000024 1831.7350000000004 -30.560617768659075 521.0200000000001 854.86500000000012 0.25077634746112504 518.70000000000016 43.050000000000004 0.035866175219733461 205.63500000000002 415.00000000000006 0.94205710255062558 93.25500000000001 0.048583792289535757 0.47505862219114187 22.657596371882111 0.52193966882662657 0.042954352140629405
decision_type=2 1 2 2 2 2 2 2 2 2 1 1 2 2 2 2 2 2 2 2 2 2 2 2 2 2 2 2 2 2
left_child=1 2 3 6 5 13 26 8 10 12 -4 14 22 24 -12 17 -13 -2 -6 29 -18 -19 -7 -24 -3 -23 -1 28 -28 -10
right_child=15 4 7 -5 18 9 -8 -9 19 -11 11 16 -14 -15 -16 -17 20 21 -20 -21 -22 25 23 -25 -26 -27 27 -29 -30 -31
leaf_value=-0.66485427155932664 -0.71396701748509672 0.1617464169227463 -0.046879826524534575 0.22232029052057944 0.023728829605879166 -0.14126678471650359 -0.022813129190868378 -0.32650797050531422 0.46277792081042368 0.42678054016217121 0.23856006644826733 0.34266251909109635 0.19419229371040908 0.073237580369760732 -0.09808521177011098 -2.1746481735272503 -0.049014053020398365 -0.5072467758846354 -0.27836526497133768 0.1254307557119726 0.31136517969206068 -0.26627535892979459 -0.10959746303870906 0.013954823901141267 0.33653437688820631 0.094856823448609975 0.037176287543866419 -0.88648509930331398 -0.79742005895645962 0.8504259080849178
leaf_weight=135.42758971452713 70.155329555273056 39.76686204969883 113.9005354642868 57.89575183391571 30.944147109985352 31.553619146347046 60.480682164430618 50.168573915958405 73.545106798410416 51.617215305566788 41.765376150608063 76.389429032802582 30.216322422027588 38.289040952920914 46.180956482887268 73.075714081525803 35.118744671344757 36.087553083896637 33.516859337687492 35.08966363966465 41.209821045398712 40.984728693962097 39.943829417228699 32.202066898345947 169.12033654749393 27.35326361656189 32.56817638874054 39.532348275184631 29.189044952392578 54.60907407104969
leaf_count=183 108 52 130 88 52 40 79 76 121 72 52 85 50 56 54 115 43 48 46 48 52 59 49 43 205 38 43 52 40 99
internal_value=-0.00308357 0.00167239 -0.0054691 -0.024012 0.0147451 0.0203732 -0.0313569 0.00602746 0.00920915 0.0050384 0.00130659 0.00955009 -0.0057288 0.0318837 -0.00802304 -0.0303577 0.0189542 -0.0232029 -0.020748 0.0263735 0.00628631 -0.0131941 -0.0146297 -0.00536106 0.0368309 -0.00304418 -0.0385007 -0.0292789 -0.0160147 0.0325599
internal_weight=1667.9 1420.24 923.071 355.094 497.17 432.709 297.198 567.977 517.809 185.533 354.565 240.664 133.916 247.176 87.9463 247.657 152.718 174.581 64.461 163.244 76.3286 104.426 103.7 72.1459 208.887 68.338 236.717 101.29 61.7572 128.154
internal_count=2278 1910 1245 485 665 567 397 760 684 254 416 286 182 313 106 368 180 253 98 268 95 145 132 92 257 97 318 135 83 220
cat_boundaries=0 1 2 3
cat_threshold=2 1 38022
is_linear=0
shrinkage=0.05


Tree=22
num_leaves=31
num_cat=2
split_feature=27 37 82 27 58 65 4 71 35 89 52 18 82 61 73 59 44 104 44 23 25 56 49 23 39 18 102 49 46 56
split_gain=84.3044 44.5237 43.6126 47.8563 37.0145 35.6621 16.8221 18.3097 14.3508 14.5405 13.9542 13.4437 12.7901 12.7891 12.3563 12.3281 15.1672 11.7888 11.6987 11.0894 11.0678 9.92456 9.81707 9.82796 9.46681 8.62124 8.59256 8.5345 7.43711 6.91149
threshold=57.590000000000011 1015.0000000000001 85.787500000000009 25.225000000000005 0.024808619223135753 0 1.0000000180025095e-35 93.950000000000017 1875.0000000000002 0.6405775075987844 275.23308390022686 0.50761899994453019 37.88450000000001 1 521.0200000000001 0.013543346790488851 -5.4649999999999954 0.98010463194202846 16.054999999999954 137.26000000000002 433.23500000000007 0.93772882857345341 0.25077634746112504 205.63500000000002 675.00000000000011 0.57502474022761019 0.14642857142857144 0.58441361947955917 0.91967616885862813 0.91331690442697733
decision_type=2 2 2 2 2 1 2 2 2 2 2 2 2 1 2 2 2 2 2 2 2 2 2 2 2 2 2 2 2 2
left_child=1 2 4 5 12 8 19 -8 9 10 -4 -5 -1 26 22 -6 -17 28 27 -7 -15 24 -2 -24 25 -21 -13 -3 -18 -14
right_child=14 18 3 11 15 6 7 -9 -10 -11 -12 13 29 20 -16 16 17 -19 -20 21 -22 -23 23 -25 -26 -27 -28 -29 -30 -31
leaf_value=-0.0023344671965880972 -0.71128974682454871 0.36084902559869114 -0.12342160875660305 -0.59011079509304554 -0.091491439856498685 0.014347416953171432 -0.15175617717982798 0.24684903053880261 -0.12352762503650522 0.17853787398899323 0.28020039091341314 0.14644169945822627 -0.65575834377574083 -0.5157782197628259 -2.0501247524129877 0.40313047314726752 0.0033496102142382082 0.15365909607660899 0.059754818859727755 -0.025333487877233375 -0.092946604211907091 0.57590632499369565 -0.48188443709040368 0.021996098942997477 0.64038927679217306 0.32830146529574672 -0.31641247098713943 0.042934910810882167 -0.061028429635573957 -0.030903402049963936
leaf_weight=34.447559863328934 74.347427785396576 102.15242375433445 85.687333762645721 52.311397582292557 51.230008900165558 48.114456042647362 49.208188682794571 28.31884902715683 32.722930043935776 52.419483423233032 31.608373939990997 31.013194918632507 132.07669574022293 29.913055658340454 77.152428805828094 44.888701528310776 61.394549787044525 35.770341545343399 42.659689709544182 45.168376863002777 65.834509044885635 79.770909160375595 33.995328903198242 60.952470988035202 70.383455574512482 31.288534462451935 34.734640002250671 36.312237650156021 57.976341128349304 38.090113937854767
leaf_count=39 116 173 112 76 59 57 69 39 43 66 47 46 176 35 120 51 73 44 84 59 98 112 46 88 94 39 45 52 66 49
internal_value=-0.00314621 0.00158361 -0.0018392 0.0054289 -0.0140915 0.0131754 0.0224326 0.00250086 -0.00385069 0.00180467 -0.00797906 -0.0146682 -0.0298795 -0.00753249 -0.0301205 -0.0012345 0.00437045 -0.00303548 0.0247212 0.0288739 -0.0191922 0.0335027 -0.0225625 -0.0119081 0.0257904 0.0136096 0.0094473 0.0317745 -0.0105804 -0.035504
internal_weight=1651.94 1405.5 1224.37 768.498 455.874 554.691 352.253 77.527 202.438 169.715 117.296 213.807 204.614 161.495 246.448 251.26 200.03 155.141 181.124 274.726 95.7476 226.611 169.295 94.9478 146.84 76.4569 65.7478 138.465 119.371 170.167
internal_count=2273 1903 1594 1037 557 737 469 108 268 225 159 300 264 224 370 293 234 183 309 361 133 304 250 134 192 98 91 225 139 225
cat_boundaries=0 1 2
cat_threshold=553056 4
is_linear=0
shrinkage=0.05


Tree=23
num_leaves=31
num_cat=4
split_feature=30 30 60 58 74 29 28 74 44 4 56 82 26 65 82 52 17 61 58 57 59 61 57 47 30 47 36 45 17 38
split_gain=93.6786 49.5665 47.788 55.9859 38.1884 31.0793 35.6769 26.9078 23.6879 23.2183 22.6444 16.77 15.9931 15.633 14.8333 14.3062 14.0475 16.3483 16.8517 14.2613 12.2158 8.42836 10.0221 7.7861 7.50554 10.5343 5.61754 6.92892 5.45306 5.40505
threshold=0.57199066175810376 0.26031137096763429 0 0.027076835837822454 1990.5200000000002 129.37500000000006 81.570000000000007 1345.1350000000002 7.1199999999998917 1.0000000180025095e-35 0.96506706092157535 35.100000000000001 44.07500000000001 1 102.18150000000001 275.23308390022686 0.39403358730222776 2 0.034448539835554258 0.90937232065984064 0.024536266415748704 3 0.77176388215933722 0.80369318914371268 0.75727258471076231 0.60305476136780034 632.08500000000015 -172.99999999999997 0.37316482099231302 1165.0000000000002
decision_type=2 2 1 2 2 2 2 2 2 2 2 2 2 1 2 2 2 1 2 2 2 1 2 2 2 2 2 2 2 2
left_child=1 -1 3 10 8 6 -4 -7 16 13 15 -8 -10 14 -2 20 -5 -18 -19 -20 21 22 -3 28 25 29 27 -15 -13 -16
right_child=9 2 5 4 -6 7 11 -9 12 -11 -12 23 -14 26 24 -17 17 18 19 -21 -22 -23 -24 -25 -26 -27 -28 -29 -30 -31
leaf_value=0.21501543850189941 0.11114068196538343 -0.051662113063749793 -0.24767994574715813 0.75516559080228585 -0.1457262171521074 -0.14222965746479393 -0.0022177438367586787 0.36087791864278063 -0.12753226363333209 -1.8270622761410626 0.067338238257505942 0.26496419930139359 0.10632401976131556 -0.057879475732870493 -0.028763347339968749 0.71841589651917281 0.3829739494899041 0.10567755655266634 0.1045097381611033 -0.065208204382081233 -0.020084116853533552 -0.99081965357814017 -0.3923557164806214 0.033714862972332775 -0.66891331004813281 -0.56152312139792804 -0.51419167259823506 -0.48998930877468461 0.32976612079936862 0.13049087415258429
leaf_weight=186.94583001732826 31.799532830715179 41.795994758605957 36.910438448190689 53.013500362634659 40.875150293111801 54.950666904449463 33.523914143443108 49.88724410533905 33.798836529254913 86.042809188365936 36.757003426551819 38.537944614887238 33.867854714393616 46.01280552148819 30.537409424781799 29.26644629240036 55.582901358604431 37.402306079864502 59.73014235496521 71.430144786834717 30.573510766029358 132.63927853107452 31.417692363262177 32.310934245586395 30.329915583133698 32.005443274974823 61.046563357114792 46.427221715450287 129.31195795536041 30.219148695468903
leaf_count=352 38 54 47 67 59 73 41 70 41 126 53 50 44 63 41 40 65 44 69 76 40 178 42 42 45 42 84 68 159 43
internal_value=-0.00260573 0.00409538 -7.80147e-05 -0.00787844 0.00463608 0.0140553 0.0233841 -0.0086825 0.0100528 -0.0238519 -0.0240981 0.0305995 -0.0164694 -0.0174439 -0.00475145 -0.0291868 0.0165281 0.0110537 0.00329964 -0.00514263 -0.0332688 -0.0376489 -0.0240312 0.0360811 -0.0129227 -0.00586285 -0.0281115 -0.0221697 0.0404078 0.00636647
internal_weight=1644.95 1250.53 1063.58 688.151 385.701 375.433 270.595 104.838 344.826 394.421 302.45 233.685 67.6667 308.378 154.891 265.693 277.159 224.145 168.563 131.16 236.426 205.853 73.2137 200.161 123.092 92.762 153.487 92.44 167.85 60.7566
internal_count=2256 1706 1354 872 465 482 339 143 406 550 407 292 85 424 209 354 321 254 189 145 314 274 96 251 171 126 215 131 209 84
cat_boundaries=0 1 2 3 4
cat_threshold=2 2299522 4 2
is_linear=0
shrinkage=0.05


end of trees

feature_importances:
zcr_mean=47
base_ovl=46
base_ovl_ratio=28
base_cons=26
f0_voicing_mean=26
voicing_class=23
valley_dist_from_cutoff_ms=22
base_pre=21
onset_class=20
energy_min=19
db_min=19
base_cons_gap=18
syllable_len_ms=18
words_vs_alias_score_margin=18
file_mean_energy=16
energy_mean=16
energy_slope_pre=14
db_mean=14
wav_duration_ms=13
syllable_start_ms=13
file_mean_syllable_dur_ms=12
curr_vowel_len_ms=12
mapping_confidence=12
row_index_in_wav=11
base_pre_to_expected_ms=11
f0_voicing_near_pre=11
spectral_flux_mean=11
next_base_cutoff_abs=11
curr_phone_end_ms=10
base_offset_to_expected_ms=10
next_base_offset=10
prev_base_offset=9
tail_patch_energy_mean=9
vowel_class=8
file_voiced_ratio=7
syllable_end_ms=7
energy_slope_post=7
onset_patch_energy_mean=7
onset_patch_voiced_ratio=7
base_cutoff_abs=6
curr_phone_start_ms=6
curr_phone_len_ms=6
base_cutoff_to_next_anchor_ms=6
prev_base_cutoff_abs=6
base_offset=5
local_peak_db=5
mel_voiced_formant_ratio=5
mel_offset_candidate_ms=5
mel_voiced_onset_to_pre_ms=5
row_ratio_in_wav=4
prev_alias_type=4
mel_voiced_onset_ms=4
mel_vowel_nucleus_end_ms=4
base_cut_gap=3
is_tense=3
alias_type=2
curr_vowel_start_ms=2
curr_vowel_end_ms=2
expected_anchor_ms=2
prev_base_pre=2
mel_unvoiced_diffuse_ratio=2
mel_cutoff_candidate_ms=2
mel_vowel_nucleus_start_ms=2
syllable_blank_confidence=2
alias_group=1
file_cv_vc_balance=1
valley_energy=1
mora_position=1
used_nuclei_fallback=1
onset_patch_unvoiced_ratio=1

parameters:
[boosting: gbdt]
[objective: regression_l1]
[metric: l1]
[tree_learner: serial]
[device_type: cpu]
[data_sample_strategy: bagging]
[data: ]
[valid: ]
[num_iterations: 500]
[learning_rate: 0.05]
[num_leaves: 31]
[num_threads: 0]
[seed: 0]
[deterministic: 0]
[force_col_wise: 0]
[force_row_wise: 0]
[histogram_pool_size: -1]
[max_depth: -1]
[min_data_in_leaf: 40]
[min_sum_hessian_in_leaf: 0.001]
[bagging_fraction: 0.85]
[pos_bagging_fraction: 1]
[neg_bagging_fraction: 1]
[bagging_freq: 1]
[bagging_seed: 3]
[bagging_by_query: 0]
[feature_fraction: 0.85]
[feature_fraction_bynode: 1]
[feature_fraction_seed: 2]
[extra_trees: 0]
[extra_seed: 6]
[early_stopping_round: 0]
[early_stopping_min_delta: 0]
[first_metric_only: 0]
[max_delta_step: 0]
[lambda_l1: 0]
[lambda_l2: 0]
[linear_lambda: 0]
[min_gain_to_split: 0]
[drop_rate: 0.1]
[max_drop: 50]
[skip_drop: 0.5]
[xgboost_dart_mode: 0]
[uniform_drop: 0]
[drop_seed: 4]
[top_rate: 0.2]
[other_rate: 0.1]
[min_data_per_group: 100]
[max_cat_threshold: 32]
[cat_l2: 10]
[cat_smooth: 10]
[max_cat_to_onehot: 4]
[top_k: 20]
[monotone_constraints: ]
[monotone_constraints_method: basic]
[monotone_penalty: 0]
[feature_contri: ]
[forcedsplits_filename: ]
[refit_decay_rate: 0.9]
[cegb_tradeoff: 1]
[cegb_penalty_split: 0]
[cegb_penalty_feature_lazy: ]
[cegb_penalty_feature_coupled: ]
[path_smooth: 0]
[interaction_constraints: ]
[verbosity: -1]
[saved_feature_importance_type: 0]
[use_quantized_grad: 0]
[num_grad_quant_bins: 4]
[quant_train_renew_leaf: 0]
[stochastic_rounding: 1]
[linear_tree: 0]
[max_bin: 255]
[max_bin_by_feature: ]
[min_data_in_bin: 3]
[bin_construct_sample_cnt: 200000]
[data_random_seed: 1]
[is_enable_sparse: 1]
[enable_bundle: 1]
[use_missing: 1]
[zero_as_missing: 0]
[feature_pre_filter: 1]
[pre_partition: 0]
[two_round: 0]
[header: 0]
[label_column: ]
[weight_column: ]
[group_column: ]
[ignore_column: ]
[categorical_feature: 0,1,2,3,60,61,64,65,66,67,69,70,84]
[forcedbins_filename: ]
[precise_float_parser: 0]
[parser_config_file: ]
[objective_seed: 5]
[num_class: 1]
[is_unbalance: 0]
[scale_pos_weight: 1]
[sigmoid: 1]
[boost_from_average: 1]
[reg_sqrt: 0]
[alpha: 0.9]
[fair_c: 1]
[poisson_max_delta_step: 0.7]
[tweedie_variance_power: 1.5]
[lambdarank_truncation_level: 30]
[lambdarank_norm: 1]
[label_gain: ]
[lambdarank_position_bias_regularization: 0]
[eval_at: ]
[multi_error_top_k: 1]
[auc_mu_weights: ]
[num_machines: 1]
[local_listen_port: 12400]
[time_out: 120]
[machine_list_filename: ]
[machines: ]
[gpu_platform_id: -1]
[gpu_device_id: -1]
[gpu_use_dp: 0]
[num_gpu: 1]

end of parameters

pandas_categorical:[["korean"], ["cv"], ["cv", "cv_head"], ["cv", "cv_glide", "cv_head", "cv_head_glide"], ["other", "plosive", "sibilant", "sonorant"], ["unknown", "voiced", "voiceless"], ["liquid", "nasal", "none", "other"], ["", "a", "ae", "e", "eo", "eu", "eui", "i", "o", "oe", "u", "ui", "wa", "wae", "we", "weo", "wi", "ya", "ye", "yeo", "yo", "yu"], ["head", "mid", "tail"], [""], ["", "cv", "cv_head", "mono", "vc"], ["", "cv", "cv_head", "mono", "vc"], ["unknown"]]
