tree
version=v4
num_class=1
num_tree_per_iteration=1
label_index=0
max_feature_idx=62
objective=regression_l1
feature_names=language format_type alias_type alias_group row_index_in_wav row_ratio_in_wav is_head_row is_tail_row wav_duration_ms base_offset base_cons base_cutoff_abs base_pre base_ovl base_cons_gap base_cut_gap base_ovl_ratio curr_phone_start_ms curr_phone_end_ms curr_phone_len_ms curr_vowel_start_ms curr_vowel_end_ms curr_vowel_len_ms syllable_start_ms syllable_end_ms syllable_len_ms prev_phone_gap_ms next_phone_gap_ms expected_anchor_ms base_offset_to_expected_ms base_pre_to_expected_ms base_cutoff_to_next_anchor_ms energy_mean energy_min energy_max energy_slope_pre energy_slope_post valley_energy valley_dist_from_cutoff_ms db_mean db_min db_silence_ratio f0_voicing_mean f0_voicing_near_pre zcr_mean spectral_flux_mean onset_class voicing_class is_tense is_diphthong coda_type vowel_class mora_position bridge_type is_nasal_or_sonorant prev_alias_type next_alias_type prev_base_pre next_base_pre prev_base_offset next_base_offset prev_base_cutoff_abs next_base_cutoff_abs
feature_infos=none none -1:1:0 -1:2:0:1 [0:26] [0:1] [0:1] [0:1] [2062.312925170068:10311.56462585034] [503.17000000000002:9509.4300000000003] [210.69:586.30999999999995] [910.59000000000003:9884.5200000000004] [164.84:400.50999999999999] [69.420000000000002:219.74000000000001] [1.3400000000000318:297.67999999999995] [1.0300000000000011:670.09000000000003] [0.32199159768728419:0.60604835746307051] [120:8650] [400:9900] [10:4270] [0:7950] [0:8620] [0:2560] [60:8650] [400:9900] [10:4270] [0:2640] [0:2640] [120:7950] [-1773.6700000000001:4665.21] [-1542.9300000000003:4890.1099999999997] [-8572.7900000000009:3926.9400000000001] [4.8788662893980496e-06:1] [0:1] [8.0949681075144362e-05:1] [-0.65540146683165257:0.84831967064659231] [-0.94162345424736638:0.99999655380528718] [0:1] [-18.677596371882828:701.31058956916104] [-109.68414273598114:-16.631611655931952] [-120:-18.435382696182007] [0:1] [0:1] [0:1] [0.00028352707683579998:0.36603345619506661] [0:0.1066577417753824] -1:0:1 -1:0:1 none [0:1] -1:2:3:1:0 -1:0:1:2:3:4:6:7:8:9:10:11:13:14:17:5:12:15:16 -1:1:2:0 -1:1:0 [0:1] -1:5:1:3:4:0:2 none [0:400.50999999999999] [0:400.50999999999999] [0:6544] [0:9590] [0:6881.6700000000001] [0:9884.5200000000004]
tree_sizes=1285 1226 1317 1233 1224 1225 1319 1250 1403 1399 1404 1471 1555 1574 1475 1364 1574 1487 1568 1564 1404 1412 1511 1502 1563 1568 1402

Tree=0
num_leaves=14
num_cat=0
split_feature=12 10 12 8 8 30 42 57 32 32 10 9 4
split_gain=294.917 100.242 85.0125 16.1917 13.6876 11.9017 11.596 9.45897 9.10302 5.33651 1.05361 0.0796954 0.0726027
threshold=262.48000000000008 333.24500000000006 220.33000000000001 7558.4126984126988 7800.0000000000009 89.510000000000005 0.98832808793281235 168.20500000000001 0.89765622086802732 0.13098391444709298 388.26000000000005 2127.9950000000003 1.5000000000000002
decision_type=2 2 2 2 2 2 2 2 2 2 2 2 2
left_child=1 2 7 10 9 -2 -5 -1 -8 -4 12 -7 -3
right_child=5 3 4 6 -6 11 8 -9 -10 -11 -12 -13 -14
leaf_value=-22.865049171447755 -26.187749099731445 -22.278699159622192 -25.366374111175539 -24.682149124145507 -25.990749168395997 -26.521624183654787 -23.351199150085449 -24.194299173355102 -24.280699157714842 -25.799624156951904 -22.84164915084839 -27.76104907989502 -21.593324184417725
leaf_weight=58 69 40 42 43 52 40 79 49 41 48 41 157 106
leaf_count=58 69 40 42 43 52 40 79 49 41 48 41 157 106
internal_value=-24.9524 -24.933 -24.9572 -24.9157 -24.9826 -24.9962 -24.9272 -24.9236 -24.9192 -24.9708 -24.9057 -25.0025 -24.9037
internal_weight=865 599 249 350 142 266 163 107 120 90 187 197 146
internal_count=865 599 249 350 142 266 163 107 120 90 187 197 146
is_linear=0
shrinkage=1


Tree=1
num_leaves=13
num_cat=2
split_feature=12 2 18 12 14 29 30 18 12 47 35 9
split_gain=286.879 79.9335 49.614 17.9854 19.1364 16.1332 12.8251 10.0758 4.6452 4.43437 0.65719 0.0793814
threshold=262.48000000000008 0 6200.0000000000009 220.33000000000001 51.635000000000012 -228.5649999999998 89.510000000000005 4220.0000000000009 224.15000000000001 1 -0.0055186279807236992 2148.0500000000006
decision_type=2 1 2 2 2 2 2 2 2 1 2 2
left_child=1 5 3 7 -5 -1 -2 -3 -7 10 -10 -8
right_child=6 2 -4 4 -6 8 11 -9 9 -11 -12 -13
leaf_value=0.68728496551513674 -1.3215625190734865 1.7191837131977081 -1.3716118741035463 -0.73996874332427987 0.55015746116638187 1.1130662083625793 -1.2755437564849854 1.8613524818420411 2.4821099758148195 2.0857349991798402 2.6247255980968478 -2.6130475139617921
leaf_weight=61 71 56 62 43 55 53 40 41 41 63 122 154
leaf_count=61 71 56 62 43 55 53 40 41 41 63 122 154
internal_value=0.000464037 0.0196817 -0.00136187 0.0110256 -0.00408163 0.0355882 -0.0428302 0.0262887 0.040681 0.0438053 0.0481595 -0.0494845
internal_weight=862 597 257 195 98 340 265 97 279 226 163 194
internal_count=862 597 257 195 98 340 265 97 279 226 163 194
cat_boundaries=0 1 2
cat_threshold=2 1
is_linear=0
shrinkage=0.05


Tree=2
num_leaves=14
num_cat=1
split_feature=12 10 12 8 46 30 15 57 12 37 36 29 12
split_gain=268.629 88.687 67.8708 18.1465 22.5836 11.8154 11.6718 10.0848 6.57379 4.39831 3.43256 3.20145 0.0652174
threshold=262.48000000000008 333.24500000000006 220.33000000000001 7558.4126984126988 0 66.179999999999851 415.60500000000008 168.20500000000001 224.58500000000004 0.00015065075432170002 0.017621340306627504 -2.8149999999998268 238.84000000000003
decision_type=2 2 2 2 1 2 2 2 2 2 2 2 2
left_child=1 2 7 11 8 -2 9 -1 -5 -4 -10 12 -3
right_child=5 3 6 4 -6 -7 -8 -9 10 -11 -12 -13 -14
leaf_value=1.8904848222732547 -1.1069343595504761 2.5638298621773723 -2.5616913441419604 0.34710118693113334 -0.22307930564880377 -2.1178415694236756 -0.17712040472030638 0.27285155245661735 1.1962986770272255 -0.71787616592645653 1.3977044606208802 2.1549628728628156 4.3548989395499236
leaf_weight=60 65 75 58 40 41 195 47 44 45 40 41 69 40
leaf_count=60 65 75 58 40 41 195 47 44 45 40 41 69 40
internal_value=-0.00139535 0.017 -0.00582329 0.0331909 0.0212575 -0.0438462 -0.027931 0.025 0.031746 -0.0377551 0.0395349 0.0440217 0.0491304
internal_weight=860 600 249 351 167 260 145 104 126 98 86 184 115
internal_count=860 600 249 351 167 260 145 104 126 98 86 184 115
cat_boundaries=0 1
cat_threshold=1
is_linear=0
shrinkage=0.05


Tree=3
num_leaves=13
num_cat=1
split_feature=12 2 12 4 8 12 29 58 45 12 4 12
split_gain=257.271 83.6894 38.6423 20.2692 17.4973 11.7168 11.0041 9.26552 5.74957 5.50529 4.08565 0.275969
threshold=266.81500000000005 0 220.33000000000001 4.5000000000000009 7558.4126984126988 232.60000000000005 -180.4850000000001 70.690000000000012 0.010698735602838851 224.76000000000002 1.5000000000000002 240.63000000000002
decision_type=2 1 2 2 2 2 2 2 2 2 2 2
left_child=1 4 7 -4 10 9 -2 -3 -5 -6 -1 -12
right_child=6 2 3 8 5 -7 -8 -9 -10 -11 11 -13
leaf_value=1.7642504993379118 -1.2001376751422885 0.3323690417170525 0.39139741537719969 -0.6941142859220506 0.20423996714949608 -0.072102819156646805 -2.1119032596826552 1.7659076587565246 -1.5855944771260024 1.2331735975369811 2.6334384331554177 4.2868568644315008
leaf_weight=65 61 41 42 65 42 40 179 54 63 76 89 40
leaf_count=65 61 41 42 65 42 40 179 54 63 76 89 40
internal_value=0.000175029 0.0172609 -0.00396226 -0.0182353 0.0332386 0.0208861 -0.04375 0.0215789 -0.028125 0.0288136 0.043299 0.0484496
internal_weight=857 617 265 170 352 158 240 95 128 118 194 129
internal_count=857 617 265 170 352 158 240 95 128 118 194 129
cat_boundaries=0 1
cat_threshold=2
is_linear=0
shrinkage=0.05


Tree=4
num_leaves=13
num_cat=0
split_feature=12 33 59 12 30 10 32 33 15 12 59 57
split_gain=280.336 79.9543 33.4896 19.9367 13.4872 12.046 7.13225 7.0127 6.60884 5.89777 4.96164 1.10383
threshold=262.48000000000008 0.017196248511910605 2816.2300000000005 220.33000000000001 89.510000000000005 333.24500000000006 0.88470441340641182 0.81388078282253984 415.60500000000008 225.66500000000002 5615.0000000000009 222.53000000000003
decision_type=2 2 2 2 2 2 2 2 2 2 2 2
left_child=1 2 -1 -4 -2 8 9 -8 10 -3 -5 -11
right_child=4 6 3 5 -6 -7 7 -9 -10 11 -12 -13
leaf_value=2.505994595913589 -0.98478086920499808 0.9696895902404189 0.97264214082777523 -3.382433352966979 -2.0063080966985227 0.27064031621925544 0.54511460235208264 1.4240457831067965 -0.12753363540291787 2.0733797617215664 -0.48856397851295769 2.7262164321519435
leaf_weight=61 65 67 52 44 204 44 42 48 42 41 42 99
leaf_count=61 65 67 52 44 204 44 42 48 42 41 42 99
internal_value=-0.00146886 0.0180412 -0.000877193 -0.00982143 -0.0436803 -0.0180233 0.0361953 0.0244444 -0.0257813 0.0413043 -0.0337209 0.0471429
internal_weight=851 582 285 224 269 172 297 90 128 207 86 140
internal_count=851 582 285 224 269 172 297 90 128 207 86 140
is_linear=0
shrinkage=0.05


Tree=5
num_leaves=13
num_cat=0
split_feature=12 40 4 30 19 14 30 5 57 22 12 5
split_gain=280.467 74.7095 27.6145 36.8704 9.78656 11.7711 9.26901 7.67392 6.82669 6.5767 4.78315 0.0714286
threshold=262.48000000000008 -61.430679187077232 3.5000000000000004 33.535000000000089 215.00000000000003 156.10000000000005 89.510000000000005 0.80384615384615399 170.39000000000001 205.00000000000003 224.15000000000001 0.26201372997711675
decision_type=2 2 2 2 2 2 2 2 2 2 2 2
left_child=1 2 -1 -4 9 10 -2 -5 -9 -3 -6 -12
right_child=6 4 3 7 5 -7 -8 8 -10 -11 11 -13
leaf_value=1.4024054251901898 -1.1336167387696505 1.5391799556688592 1.4237900838855095 -0.058963609511068077 0.92120511072839806 0.49577413104819218 -1.9059926918635963 -0.53800723556598651 -3.2694761857865569 0.30951227380247892 1.8999940225245617 2.6123556761571396
leaf_weight=66 64 43 61 52 47 44 199 62 52 46 40 100
leaf_count=66 64 43 61 52 47 44 199 62 52 46 40 100
internal_value=-0.00148402 0.0170473 -0.00119454 -0.00947137 0.03375 0.0391775 -0.0446768 -0.0216867 -0.0289474 0.0196629 0.0446524 0.0492857
internal_weight=876 613 293 227 320 231 263 166 114 89 187 140
internal_count=876 613 293 227 320 231 263 166 114 89 187 140
is_linear=0
shrinkage=0.05


Tree=6
num_leaves=14
num_cat=1
split_feature=12 14 12 40 14 12 58 31 3 57 14 12 29
split_gain=266.364 88.2312 33.3484 17.4504 12.4802 12.3652 7.44923 6.82459 6.00817 4.70556 4.33857 3.84071 1.31041
threshold=262.48000000000008 81.545000000000016 218.60000000000002 -74.969530147284701 156.10000000000005 276.79000000000002 100.68000000000002 -142.56000000000014 0 222.82000000000002 50.255000000000003 225.51000000000002 -246.36999999999989
decision_type=2 2 2 2 2 2 2 2 1 2 2 2 2
left_child=1 2 6 -3 7 -2 -1 9 -4 -5 -10 -9 -7
right_child=5 3 8 4 -6 12 -8 11 10 -11 -12 -13 -14
leaf_value=0.5244523878378774 -0.78679283449209625 0.13167880254008502 -0.2062390610124627 0.66355602597870567 0.4930701656820688 -1.4700608636841954 1.8362618741233669 0.76341048117423527 -0.40883431580751584 1.1659308252154978 -2.7521927864040894 2.4391500278758458 -1.7195927459911198
leaf_weight=47 41 41 55 42 56 40 44 49 52 48 43 136 181
leaf_count=47 41 41 55 42 56 40 44 49 52 48 43 136 181
internal_value=-0.00131429 0.016721 -0.00684647 0.0319892 0.0358006 -0.0435115 0.017033 0.0401818 -0.0213333 0.0288889 -0.0289474 0.0456757 -0.04819
internal_weight=875 613 241 372 331 262 91 275 150 90 95 185 221
internal_count=875 613 241 372 331 262 91 275 150 90 95 185 221
cat_boundaries=0 1
cat_threshold=1
is_linear=0
shrinkage=0.05


Tree=7
num_leaves=13
num_cat=1
split_feature=12 33 4 12 9 16 30 19 10 12 47 15
split_gain=262.986 67.9243 31.4143 16.8371 15.225 12.1839 11.8036 11.7697 6.86965 4.70045 5.32544 0.317526
threshold=262.48000000000008 0.017196248511910605 4.5000000000000009 233.46500000000003 4017.9500000000003 0.45161996160417839 89.510000000000005 215.00000000000003 267.39000000000004 225.51000000000002 0 271.00000000000006
decision_type=2 2 2 2 2 2 2 2 2 2 1 2
left_child=1 2 5 4 -4 -1 -2 -3 -6 -9 -11 -8
right_child=6 7 3 -5 8 -7 11 9 -10 10 -12 -13
leaf_value=0.18646989921992052 -0.85770779913768114 0.95862880640875392 -0.77366599590196539 -2.1780162626888608 0.71310994628828617 1.5098728238889807 -0.76625316530167109 0.66900454555813449 -0.032813433738196451 2.2970547276214099 2.5641754645848494 -2.0289864898294114
leaf_weight=57 67 72 40 58 40 60 40 58 47 117 52 154
leaf_count=57 67 72 40 58 40 60 40 58 47 117 52 154
internal_value=-0.000812065 0.0173877 0.000662252 -0.0121622 -0.0019685 0.0209402 -0.0427203 0.0342809 0.00977011 0.0398678 0.0440828 -0.0489691
internal_weight=862 601 302 185 127 117 261 299 87 227 169 194
internal_count=862 601 302 185 127 117 261 299 87 227 169 194
cat_boundaries=0 1
cat_threshold=1
is_linear=0
shrinkage=0.05


Tree=8
num_leaves=15
num_cat=2
split_feature=12 40 55 51 4 39 58 30 12 60 61 60 34 12
split_gain=220.689 61.9836 15.1935 14.6033 28.8434 12.8992 11.6672 11.1 7.70375 5.42283 3.77502 1.02764 1.02544 0.0714286
threshold=266.81500000000005 -67.750573138465782 0 1 4.5000000000000009 -32.276653889049292 229.23500000000004 89.510000000000005 228.73500000000004 3032.5800000000004 1540.8700000000001 3274.6700000000005 0.89649994332104699 293.09000000000009
decision_type=2 2 1 1 2 2 2 2 2 2 2 2 2 2
left_child=1 2 9 4 -3 10 -7 -2 -4 -1 -5 -12 -9 -14
right_child=7 3 8 5 -6 6 -8 12 -10 -11 11 -13 13 -15
leaf_value=0.39612736134900539 -0.81482240918079718 1.5473597358153315 -0.2235911860073948 1.6164591252036713 -0.58202952141283515 0.92948779456114794 0.065935866841332041 -1.9290340062917679 -1.8305809072848693 -0.1732386267737539 2.2019775965910209 2.1662275889616267 -1.8856404734672516 -1.1460889550985305
leaf_weight=49 57 65 66 44 46 70 44 58 48 75 79 41 40 100
leaf_count=49 57 65 66 44 46 70 44 58 48 75 79 41 40 100
internal_value=-0.0021542 0.0137959 -0.00630252 0.0260925 0.00785124 0.0319444 0.0201754 -0.0413725 -0.0185484 0.00597015 0.0420732 0.0466667 -0.0469697 -0.0492857
internal_weight=882 627 238 389 111 278 114 255 114 124 164 120 198 140
internal_count=882 627 238 389 111 278 114 255 114 124 164 120 198 140
cat_boundaries=0 1 2
cat_threshold=35 4129
is_linear=0
shrinkage=0.05


Tree=9
num_leaves=15
num_cat=2
split_feature=12 51 55 12 13 32 14 5 30 8 57 40 21 44
split_gain=248.815 55.5874 34.6021 16.704 11.1825 10.3 9.67794 9.53465 9.29341 9.15341 6.24192 3.91298 1.93397 0.249805
threshold=265.86000000000007 0 1 220.33000000000001 101.01000000000001 0.91565115918184681 151.62500000000003 0.72902097902097907 56.774999999999871 5940.6349206349214 188.18500000000003 -48.00063874749808 2325.0000000000005 0.038417918911256004
decision_type=2 1 1 2 2 2 2 2 2 2 2 2 2 2
left_child=1 2 3 -1 6 11 -3 -4 -2 -5 -9 -6 -10 -13
right_child=8 4 7 9 5 -7 -8 10 12 -11 -12 13 -14 -15
leaf_value=1.5477475124707669 -0.8569534173825597 0.72755934329371386 -0.0091039063544874569 0.31466995729524183 1.5202167187861164 1.6793324407354959 -0.031222734595502288 -0.70573076741668628 -0.52939539336903285 -0.28235388178777632 -2.9493846589528001 2.1461374461780447 -2.050831894804074 2.1579225371426349
leaf_weight=68 54 53 47 45 49 54 41 44 41 48 42 80 157 42
leaf_count=68 54 53 47 45 49 54 41 44 41 48 42 80 157 42
internal_value=-0.000635838 0.0165579 0.000328947 0.0154971 0.0305471 0.0375556 0.0170213 -0.0178322 -0.0424603 0.00268817 -0.0290698 0.0435673 -0.0474747 0.0483607
internal_weight=865 613 294 161 319 225 94 133 252 93 86 171 198 122
internal_count=865 613 294 161 319 225 94 133 252 93 86 171 198 122
cat_boundaries=0 1 2
cat_threshold=4097 35
is_linear=0
shrinkage=0.05


Tree=10
num_leaves=15
num_cat=1
split_feature=12 51 61 12 30 11 42 8 58 14 33 10 31 11
split_gain=201.358 59.1287 27.3352 23.0272 13.9743 13.6545 11.3704 10.5123 8.65263 8.46103 5.45965 2.94475 2.31738 0.0672131
threshold=262.48000000000008 0 3139.0050000000006 220.33000000000001 109.46499999999993 4565.4000000000005 0.9604924304205672 7558.4126984126988 228.90500000000003 123.09000000000002 1.0742646906946507e-05 446.02500000000003 14.37000000000012 3535.3700000000003
decision_type=2 1 2 2 2 2 2 2 2 2 2 2 2 2
left_child=1 2 9 5 -2 -4 10 12 -9 -1 -5 13 -3 -6
right_child=4 7 3 6 11 -7 -8 8 -10 -11 -12 -13 -14 -15
leaf_value=3.6333076939983719 -0.73123361785262908 2.06984225635615 -0.14358141613051176 -0.43152523703521645 -0.86303828480350175 1.2866005123682949 0.065018605715974329 0.79278150195169961 0.57008194324260741 0.71042963324766628 -1.2297805785965403 -0.51820156000959094 1.7582906495561055 -2.9690853497312286
leaf_weight=40 65 83 45 67 40 47 51 63 44 59 54 64 52 82
leaf_count=40 65 83 45 67 40 47 51 63 44 59 54 64 52 82
internal_value=0 0.0156198 0.00227882 -0.00606061 -0.0376494 0.0141304 -0.0168605 0.034127 0.0238318 0.0247475 -0.0252066 -0.0446237 0.0448148 -0.0491803
internal_weight=856 605 363 264 251 92 172 242 107 99 121 186 135 122
internal_count=856 605 363 264 251 92 172 242 107 99 121 186 135 122
cat_boundaries=0 1
cat_threshold=5413
is_linear=0
shrinkage=0.05


Tree=11
num_leaves=16
num_cat=0
split_feature=12 42 4 30 5 8 58 13 12 23 15 40 10 58 10
split_gain=189.244 44.1003 18.5666 17.2619 15.5579 14.5132 11.7443 10.9756 8.3814 13.8563 8.09121 5.44444 3.33301 1.85977 0.229787
threshold=266.81500000000005 0.99914506515095503 4.5000000000000009 -3.0550000000002906 0.12132352941176471 7558.4126984126988 172.04000000000002 102.04000000000001 233.66000000000003 4125.0000000000009 372.78000000000003 -24.013578721233092 446.02500000000003 91.020000000000024 383.66500000000002
decision_type=2 2 2 2 2 2 2 2 2 2 2 2 2 2 2
left_child=1 2 6 -4 -3 13 -1 -8 9 -5 -2 -7 -12 -6 -15
right_child=10 4 3 8 5 11 7 -9 -10 -11 12 -13 -14 14 -16
leaf_value=1.9214191105750744 -0.41506263956835704 0.0069751829986631105 0.65517071714831998 -1.3971290049110505 1.8128912396850794 0.27038089100671847 -0.38323638591953951 1.165281417658903 -1.8247194896011099 0.086901162518620012 -2.6078719339082399 0.7531424268541147 -0.6686890154394789 2.549940597001473 2.1160156835788939
leaf_weight=45 77 42 49 47 40 49 41 41 56 45 109 63 52 54 40
leaf_count=45 77 42 49 47 40 49 41 41 56 45 109 63 52 54 40
internal_value=-0.000823529 0.0138889 0.00123457 -0.00837563 0.028125 0.0329268 0.0161417 0.00487805 -0.0168919 -0.0076087 -0.0386555 0.0196429 -0.0450311 0.0440299 0.0478723
internal_weight=850 612 324 197 288 246 127 82 148 92 238 112 161 134 94
internal_count=850 612 324 197 288 246 127 82 148 92 238 112 161 134 94
is_linear=0
shrinkage=0.05


Tree=12
num_leaves=17
num_cat=1
split_feature=13 13 59 41 16 13 35 8 8 58 13 52 35 13 13 32
split_gain=148.408 36.6304 29.5411 25.2065 23.8338 15.6852 11.3855 10.7242 10.6578 6.20408 6.77307 4.91563 3.86473 4.18841 5.66605 1.92558
threshold=120.98 101.65000000000002 1858.4300000000001 0.036205766710353852 0.48370086765367387 98.825000000000003 0.016775722599524753 7558.4126984126988 7800.0000000000009 121.03500000000001 96.470000000000013 0 -0.019185367918150346 162.83000000000004 141.97500000000002 0.79330281426276994
decision_type=2 2 2 2 2 2 2 2 2 2 2 1 2 2 2 2
left_child=1 3 4 9 -2 8 7 11 -5 -1 -11 -3 -4 14 -14 -8
right_child=2 6 12 5 -6 -7 15 -9 -10 10 -12 -13 13 -15 -16 -17
leaf_value=0.10698997727481752 -0.33921804808064721 2.2207095982962985 -1.741442557952209 0.21803613893822102 3.0466869137305315 -1.2539081490485229 1.8162853259820331 0.23245597652583802 -0.48651689653663799 1.4610978827101067 0.31921486050573133 0.98785858526292802 -0.75272839061858932 -6.4480700209556066 -0.52133577449576263 1.6424867388102422
leaf_weight=40 40 45 69 76 42 40 46 67 59 47 45 47 47 46 45 40
leaf_count=40 40 45 69 76 42 40 46 67 59 47 45 47 47 46 45 40
internal_value=-0.00124851 0.0139493 -0.0302768 0.002443 -0.00487805 -0.01 0.0283673 0.0204403 -0.00185185 0.0189394 0.026087 0.0315217 -0.0403382 -0.0355072 -0.0293478 0.0430233
internal_weight=841 552 289 307 82 175 245 159 135 132 92 92 207 138 92 86
internal_count=841 552 289 307 82 175 245 159 135 132 92 92 207 138 92 86
cat_boundaries=0 1
cat_threshold=2
is_linear=0
shrinkage=0.05


Tree=13
num_leaves=17
num_cat=1
split_feature=12 3 36 16 14 12 31 21 30 59 12 35 38 10 9 11
split_gain=203.368 40.2869 22.7612 13.8407 15.5744 15.3446 11.9549 9.98943 8.49495 7.95258 4.81901 4.66416 4.59375 2.00936 0.06875 0.0565217
threshold=262.48000000000008 0 0.23474649555985824 0.439490362174289 155.15000000000001 228.70500000000001 -232.16000000000005 3755.0000000000005 89.510000000000005 4370.0000000000009 228.46000000000001 1.0000000180025095e-35 55.660702947845955 371.12500000000006 2672.8400000000006 3395.8450000000007
decision_type=2 1 2 2 2 2 2 2 2 2 2 2 2 2 2 2
left_child=1 2 9 5 6 11 7 -5 -2 -1 -8 -3 -10 -12 -14 -15
right_child=8 3 -4 4 -6 -7 10 -9 12 -11 13 -13 14 15 -16 -17
leaf_value=-0.91484534551965657 -0.71070497998299453 0.60788195822711621 1.3924582890180364 2.3052974467334444 0.22083317769954613 -0.59872524010776418 0.53653220891188036 0.026975116020348411 -1.0304255128797646 -0.39035199994582542 2.1450720838069532 0.58306695495914507 -0.58006094874666236 1.9732784163042596 -1.7292271225218023 1.7589111438038501
leaf_weight=53 72 43 40 44 59 57 40 42 64 65 42 40 40 40 88 52
leaf_count=53 72 43 40 44 59 57 40 42 64 65 42 40 40 40 88 52
internal_value=-0.00153235 0.0141815 -0.00759494 0.0216776 0.0274295 0.00857143 0.0326923 0.0174419 -0.0382576 -0.0186441 0.0402299 0.0222892 -0.04375 0.0447761 -0.0492188 0.048913
internal_weight=881 617 158 459 319 140 260 86 264 118 174 83 192 134 128 92
internal_count=881 617 158 459 319 140 260 86 264 118 174 83 192 134 128 92
cat_boundaries=0 1
cat_threshold=2
is_linear=0
shrinkage=0.05


Tree=14
num_leaves=16
num_cat=0
split_feature=12 40 20 14 10 30 8 14 4 11 4 13 40 15 33
split_gain=167.383 39.7496 18.2274 13.6227 13.7047 13.4364 9.15135 13.6506 8.08237 7.63875 10.2475 6.87529 6.84698 3.39231 0.87146
threshold=262.48000000000008 -61.430679187077232 2630.0000000000005 154.23500000000004 372.88000000000005 -2.1899999999995994 7558.4126984126988 104.57000000000001 4.5000000000000009 4305.0150000000003 8.5000000000000018 139.33000000000001 -36.967605936568731 351.45000000000005 0.4854695284216739
decision_type=2 2 2 2 2 2 2 2 2 2 2 2 2 2 2
left_child=1 2 -1 4 8 -4 7 -2 -3 -7 -11 -9 -5 -8 -6
right_child=6 3 5 12 14 9 13 11 -10 10 -12 -13 -14 -15 -16
leaf_value=2.0362475942442599 -6.0392051637817366 1.8077576319554582 0.57711511166683405 1.0850789947006541 1.6614760029580034 -0.65141489373118067 -0.37591845332130625 -0.41029846388031821 0.49168250826718557 0.096193029794975085 -0.5431075124114525 -0.030553832898038636 -0.03008506433417284 -1.6362796459902924 1.4274798583090389
leaf_weight=43 40 64 61 52 48 40 40 43 61 70 67 45 43 90 54
leaf_count=43 40 64 61 52 48 40 40 43 61 70 67 45 43 90 54
internal_value=-0.00156794 0.0128524 -0.00088968 0.0248447 0.0314978 -0.00630252 -0.0352713 -0.0257813 0.0204 -0.0132768 -0.00766423 -0.0147727 0.00894737 -0.0446154 0.045098
internal_weight=861 603 281 322 227 238 258 128 125 177 137 88 95 130 102
internal_count=861 603 281 322 227 238 258 128 125 177 137 88 95 130 102
is_linear=0
shrinkage=0.05


Tree=15
num_leaves=15
num_cat=0
split_feature=12 40 14 13 12 30 16 31 5 12 29 40 19 32
split_gain=198.413 33.4211 14.0987 14.5599 9.38921 8.6935 8.76663 8.31495 8.1464 7.37214 5.49 3.83473 1.05763 0.281481
threshold=266.81500000000005 -67.750573138465782 155.15000000000001 102.32500000000002 220.33000000000001 109.46499999999993 0.45240565214228851 -146.27500000000006 0.77591973244147172 219.33500000000004 -156.72 -75.916846465014103 615 0.33128658387602411
decision_type=2 2 2 2 2 2 2 2 2 2 2 2 2 2
left_child=1 4 3 9 -1 -2 -7 -5 -6 -3 -11 -10 -9 -8
right_child=5 2 -4 7 8 6 13 12 11 10 -12 -13 -14 -15
leaf_value=0.86257393798662507 -0.34865023597911532 1.3589540205629047 0.22132973489705243 0.92649960826420574 0.1452961978164658 -0.43822887310358194 -1.7113778877016981 1.8059506205475799 -0.61458928641737787 0.46709838285382627 -0.039775745893162018 -0.19047370205182129 1.8388645116990254 -1.6982127907541411
leaf_weight=62 59 49 62 56 52 62 40 78 51 57 43 68 40 95
leaf_count=62 59 49 62 56 52 62 40 78 51 57 43 68 40 95
internal_value=0.000686499 0.0160194 0.0250649 0.029257 0.00107296 -0.0363281 -0.0413706 0.0390805 -0.00497076 0.0177852 0.01 -0.0121849 0.0466102 -0.0485185
internal_weight=874 618 385 323 233 256 197 174 171 149 100 119 118 135
internal_count=874 618 385 323 233 256 197 174 171 149 100 119 118 135
is_linear=0
shrinkage=0.05


Tree=16
num_leaves=17
num_cat=1
split_feature=12 42 22 5 23 60 8 2 13 24 12 60 34 9 12 9
split_gain=157.483 33.3727 27.4571 15.1311 16.2126 14.5737 12.3611 11.6811 15.9944 10.5005 8.99648 8.86783 9.7281 4.31909 2.06928 0.486207
threshold=262.48000000000008 0.99914506515095503 75.000000000000014 0.12132352941176471 3625.0000000000005 2433.2850000000003 7558.4126984126988 0 137.47500000000002 4745.0000000000009 226.59500000000003 3542.7850000000003 0.90708362389119712 4419.1100000000015 226.40000000000001 2343.3150000000005
decision_type=2 2 2 2 2 2 2 1 2 2 2 2 2 2 2 2
left_child=1 2 -1 -3 14 9 7 8 -2 -4 -6 -7 -13 -8 -5 -16
right_child=6 3 5 4 10 11 13 -9 -10 -11 -12 12 -14 -15 15 -17
leaf_value=1.8316781516436103 -0.40080938322590998 -0.018379584253091875 -1.4028062102224022 1.0874490097760054 -0.011194041668669731 0.26516741169663727 -1.2334048266997408 -5.4791565947488836 0.078149186664710157 -0.18619895821164648 1.1837127122136484 0.14347085791282196 -0.34176629920335433 -1.1504929427484141 1.5983579607005778 1.8054404473735552
leaf_weight=63 43 47 51 41 45 47 92 50 46 58 71 51 45 41 47 40
leaf_count=63 43 47 51 41 45 47 92 50 46 58 71 51 45 41 47 40
internal_value=-0.00148064 0.0127063 0.00142857 0.0249141 0.029918 -0.00595238 -0.0330882 -0.0226619 -0.0117978 -0.0197248 0.0163793 0.00454545 -0.00416667 -0.043985 0.0421875 0.0465517
internal_weight=878 606 315 291 244 252 272 139 89 109 116 143 96 133 128 87
internal_count=878 606 315 291 244 252 272 139 89 109 116 143 96 133 128 87
cat_boundaries=0 1
cat_threshold=2
is_linear=0
shrinkage=0.05


Tree=17
num_leaves=16
num_cat=1
split_feature=10 51 15 5 59 10 9 58 16 8 10 44 29 60 5
split_gain=112.345 44.5346 24.2561 20.2852 17.6807 17.6038 18.3025 18.5893 15.8057 12.848 12.6994 5.25443 3.93125 1.05 0.061165
threshold=392.75000000000006 0 330.51500000000004 0.24500000000000002 2525.3950000000004 296.81000000000006 3987.2500000000005 70.690000000000012 0.44310005271950587 7558.4126984126988 439.17500000000001 0.042954352140629405 151.57999999999996 2264.3150000000005 0.57738095238095244
decision_type=2 1 2 2 2 2 2 2 2 2 2 2 2 2 2
left_child=1 4 3 -2 -1 6 7 -6 -3 13 14 -8 -7 -10 -4
right_child=2 8 10 -5 5 12 11 -9 9 -11 -12 -13 -14 -15 -16
leaf_value=2.7812072624458413 -0.5148032501933314 0.1010274131775618 -1.7099546994629435 0.032970238459171596 -1.3326658997112821 -0.85185507283414319 0.2356314970053302 0.10018236262674299 1.4485948564812108 0.5728736670768525 -0.42109916170524625 0.29438850740225231 -0.4923962153656522 1.692684498979701 -2.9105356700965945
leaf_weight=42 54 73 40 67 41 42 44 42 64 77 70 43 45 56 63
leaf_count=42 54 73 40 67 41 42 44 42 64 77 70 43 45 56 63
internal_value=-0.000753187 0.0122144 -0.0258503 -0.00867769 -0.00145631 -0.00642023 0.00294118 -0.0138554 0.0264286 0.0347716 -0.0378613 0.0189655 -0.0247126 0.045 -0.0490291
internal_weight=863 569 294 121 299 257 170 83 270 197 173 87 87 120 103
internal_count=863 569 294 121 299 257 170 83 270 197 173 87 87 120 103
cat_boundaries=0 1
cat_threshold=4353
is_linear=0
shrinkage=0.05


Tree=18
num_leaves=17
num_cat=1
split_feature=12 40 45 51 39 40 13 12 22 4 12 10 14 33 57 57
split_gain=143.3 43.7467 15.7997 12.4976 11.2468 11.2 9.76465 12.1025 9.46251 5.5969 10.9445 4.46624 4.13924 2.45 1.09663 1.07503
threshold=269.63500000000005 -67.409502242430506 0.0061986784747655515 0 -35.00526275117155 -23.717539733647083 101.85500000000002 207.62500000000003 485.00000000000006 5.5000000000000009 228.73500000000004 439.17500000000001 154.23500000000004 0.076648598682549668 271.4550000000001 230.21000000000001
decision_type=2 2 2 1 2 2 2 2 2 2 2 2 2 2 2 2
left_child=1 6 -2 8 12 -6 7 -1 13 -9 -11 14 15 -3 -4 -5
right_child=2 3 11 4 5 -7 -8 9 -10 10 -12 -13 -14 -15 -16 -17
leaf_value=0.84944753372915827 -0.22640227723604892 1.1577966319524167 -1.9621062859190865 1.4140271544632848 0.28786200567545567 1.0958833932491234 0.18366697161643109 -0.68474827965724794 -0.12431698974294481 0.076732576748028608 -0.67686038440121576 -0.33740735378008146 0.93550635530009352 0.31933592829845669 -1.2540164757831525 1.6987113384059116
leaf_weight=48 44 40 52 47 65 57 63 43 53 40 46 70 47 40 69 48
leaf_count=48 44 40 52 47 65 57 63 43 53 40 46 70 47 40 69 48
internal_value=-0.000458716 0.0118524 -0.0338298 0.0220403 0.0281022 0.0180328 -0.005 -0.0110169 0.00734266 -0.0189922 -0.0116279 -0.0400524 0.0387324 0.01875 -0.0458678 0.0447368
internal_weight=872 637 235 397 264 122 240 177 133 129 86 191 142 80 121 95
internal_count=872 637 235 397 264 122 240 177 133 129 86 191 142 80 121 95
cat_boundaries=0 1
cat_threshold=4193
is_linear=0
shrinkage=0.05


Tree=19
num_leaves=17
num_cat=0
split_feature=12 42 22 10 60 45 5 11 12 57 13 44 14 62 57 9
split_gain=142.72 44.5398 16.3437 15.8376 14.8963 14.3722 13.469 12.5702 10.3452 7.61007 6.52369 5.55125 5.31253 10.1995 2.66889 0.0615385
threshold=272.23500000000007 0.99914506515095503 30.000000000000345 423.36000000000007 2583.5750000000003 0.0094849948790433503 0.12132352941176471 4167.0350000000008 226.59500000000003 168.86500000000004 104.52500000000002 0.029345052452509155 51.989999999999988 4910.3950000000013 226.15500000000003 3227.5850000000005
decision_type=2 2 2 2 2 2 2 2 2 2 2 2 2 2 2 2
left_child=1 2 -1 15 9 -5 -3 14 -9 -4 -11 -10 -6 -14 -8 -2
right_child=3 6 4 5 12 -7 7 8 11 10 -12 -13 13 -15 -16 -17
leaf_value=1.3445510078755354 -2.2729414835492041 -0.11513328426606964 -0.018881336838143262 -0.15381857212507466 -0.16081353683018407 -0.43069792279333097 1.0499066583596222 -0.065127841276989437 1.3420814416372269 -2.5002846106366854 -0.18006172819714339 0.94358710487538389 0.53504663514218831 -0.0454619058590362 1.8671609339916022 -2.7204051572181207
leaf_weight=61 40 41 44 60 60 64 51 43 45 40 42 48 41 40 73 64
leaf_count=61 40 41 44 60 60 64 51 43 45 40 42 48 41 40 73 64
internal_value=-0.00075846 0.0115262 -0.00121951 -0.0346491 -0.00655431 -0.0225806 0.0254153 0.0296154 0.0191176 -0.0190476 -0.0280488 0.0284946 0.00460993 0.012963 0.041129 -0.0490385
internal_weight=857 629 328 228 267 124 301 260 136 126 82 93 141 81 124 104
internal_count=857 629 328 228 267 124 301 260 136 126 82 93 141 81 124 104
is_linear=0
shrinkage=0.05


Tree=20
num_leaves=15
num_cat=1
split_feature=13 16 16 13 45 55 18 40 19 26 21 8 40 57
split_gain=93.7963 52.6175 26.8482 20.631 19.7002 17.7972 23.5853 13.8602 13.9895 12.0113 10.662 9.47852 6.02508 4.75402
threshold=130.32500000000002 0.40979328778766239 0.4593159847505946 163.14500000000001 0.0091411688340011007 0 4220.0000000000009 -61.430679187077232 1004.9999999999997 1.0000000180025095e-35 3920.0000000000005 7558.4126984126988 -26.418313775002037 224.91500000000002
decision_type=2 2 2 2 2 1 2 2 2 2 2 2 2 2
left_child=1 -1 5 4 -2 6 -3 9 12 -7 13 -6 -9 -4
right_child=3 2 10 -5 11 7 -8 8 -10 -11 -12 -13 -14 -15
leaf_value=-0.81610265619563926 0.048138106095953509 -0.65968015945695457 1.5269793024103251 -5.0666855435662725 -0.10310915476678986 -0.1162555844164094 0.19294538339917988 1.0248426744960994 -0.061871449213139945 1.0348476620519338 0.80521271869888711 -1.2507209937141703 0.37269469055764803 1.5917103667964372
leaf_weight=62 62 67 59 69 43 78 46 72 41 41 75 61 44 56
leaf_count=62 62 67 59 69 43 78 46 72 41 41 75 61 44 56
internal_value=0 0.0099064 0.0145941 -0.0270213 -0.0174699 0.00706941 -0.00934959 0.0136364 0.0238854 0.0012605 0.03 -0.0307692 0.0327586 0.0395652
internal_weight=876 641 579 235 166 389 113 276 157 119 190 104 116 115
internal_count=876 641 579 235 166 389 113 276 157 119 190 104 116 115
cat_boundaries=0 1
cat_threshold=9
is_linear=0
shrinkage=0.05


Tree=21
num_leaves=15
num_cat=0
split_feature=12 40 61 5 61 18 35 29 12 5 12 10 35 32
split_gain=114.676 30.4476 19.6795 13.9796 13.9129 14.8232 11.7217 10.1986 12.982 8.88595 8.80786 6.42936 3.60559 3.28017
threshold=269.15000000000003 -61.430679187077232 2562.8200000000002 0.093073593073593072 2641.1000000000004 3705.0000000000005 -0.0026597141037676495 -228.5649999999998 226.59500000000003 0.77591973244147172 228.73500000000004 439.17500000000001 5.1310686447419213e-05 0.76258640367700381
decision_type=2 2 2 2 2 2 2 2 2 2 2 2 2 2
left_child=1 4 -2 -3 -1 -6 10 -5 9 -9 -7 13 -10 -4
right_child=2 3 11 7 5 6 -8 8 12 -11 -12 -13 -14 -15
leaf_value=1.9623914225715084 -0.11056075738267666 -0.094954517868655372 -4.430904156792522 0.39404487191813359 -0.84773119216371073 0.068030073251338405 0.61069802937728668 0.59400867206158647 1.0273811883064352 -0.099539092078407887 -0.58606735457592318 -0.42589207241905602 1.3423548458349146 -0.60745587184488137
leaf_weight=44 62 44 81 40 44 66 56 52 79 40 77 68 62 40
leaf_count=44 62 44 81 40 44 66 56 52 79 40 77 68 62 40
internal_value=-0.000877193 0.0109272 -0.0292829 0.0216088 -0.00087108 -0.00555556 0.000251256 0.0258242 0.0298283 0.0152174 -0.00734266 -0.0373016 0.0393617 -0.0442149
internal_weight=855 604 251 317 287 243 199 273 233 92 143 189 141 121
internal_count=855 604 251 317 287 243 199 273 233 92 143 189 141 121
is_linear=0
shrinkage=0.05


Tree=22
num_leaves=16
num_cat=1
split_feature=13 16 51 10 57 13 13 13 33 13 13 8 44 35 33
split_gain=74.1477 35.0776 22.7071 18.4574 16.2973 19.6014 12.2318 22.4178 18.2271 7.91109 7.50411 6.26651 5.86408 4.50864 1.3208
threshold=150.95500000000004 0.40527825994313432 0 412.75500000000005 331.88000000000005 97.110000000000014 101.65000000000002 130.32500000000002 0.22551617331380094 165.21500000000003 100.51500000000001 7723.4013605442187 0.040402608449106862 -0.0026597141037676495 0.44922303897525656
decision_type=2 2 1 2 2 2 2 2 2 2 2 2 2 2 2
left_child=1 -1 3 10 5 11 13 8 -8 -2 -3 -4 14 -7 -12
right_child=9 2 4 -5 -6 6 7 -9 -10 -11 12 -13 -14 -15 -16
leaf_value=-0.64266885942368279 -0.84406108927583867 0.26030337804978576 0.75406039150584003 -0.10498274697936304 0.24317257780608498 -0.53068886804834625 0.65046820739934441 -0.40421955812864407 -0.12787536913355355 -4.9265941076952755 1.6832356851281056 0.11187461467869611 0.71602045803239545 -0.24509595785542038 1.4386627644815833
leaf_weight=56 62 45 73 47 52 58 73 66 57 57 40 48 45 42 49
leaf_count=56 62 45 73 47 52 58 73 66 57 57 40 48 45 42 49
internal_value=0.000114943 0.00592543 0.00899281 0.0216102 0.00240084 -0.000839329 -0.00777027 -0.000510204 0.0115385 -0.0365546 0.0298883 0.0161157 0.0358209 -0.022 0.0432584
internal_weight=870 751 695 226 469 417 296 196 130 119 179 121 134 100 89
internal_count=870 751 695 226 469 417 296 196 130 119 179 121 134 100 89
cat_boundaries=0 1
cat_threshold=239242
is_linear=0
shrinkage=0.05


Tree=23
num_leaves=16
num_cat=1
split_feature=12 40 45 10 61 36 10 25 12 39 34 12 8 14 3
split_gain=95.8625 35.6235 16.2249 12.2986 9.86468 7.39801 11.4516 7.60552 7.03187 6.63335 19.5682 5.03342 7.46182 4.83971 3.56719
threshold=269.15000000000003 -67.750573138465782 0.0079992830001319026 390.39000000000004 2832.1650000000004 0.12917514490984713 373.87500000000006 615.00000000000011 219.54500000000002 -58.839435704134381 0.80299622340045673 332.86000000000007 7558.4126984126988 131.18500000000003 0
decision_type=2 2 2 2 2 2 2 2 2 2 2 2 2 2 1
left_child=1 8 -2 4 13 6 7 -6 -1 14 -11 12 -4 -3 -10
right_child=2 3 11 -5 5 -7 -8 -9 9 10 -12 -13 -14 -15 -16
leaf_value=0.4796335319380915 -0.31443783400177455 2.353987213377164 -0.20666549724620609 -0.036999186814286003 0.25671456452024249 1.1625656699455373 0.4986472617975401 -0.42694715487223101 -0.56476798854821109 0.21327367729168981 -0.48558875084680508 -4.5040917950072838 -0.96088667994925459 0.92397824683266772 -0.37114652936926212
leaf_weight=57 72 56 57 60 43 40 73 40 42 44 46 43 75 77 43
leaf_count=57 72 56 57 60 43 40 73 40 42 44 46 43 75 77 43
internal_value=-0.000576037 0.00990338 -0.0269231 0.0191517 0.0229483 0.0158163 0.0108974 -0.00180723 -0.00560345 -0.0105714 -0.00111111 -0.0351429 -0.030303 0.0334586 -0.0205882
internal_weight=868 621 247 389 329 196 156 83 232 175 90 175 132 133 85
internal_count=868 621 247 389 329 196 156 83 232 175 90 175 132 133 85
cat_boundaries=0 1
cat_threshold=2
is_linear=0
shrinkage=0.05


Tree=24
num_leaves=17
num_cat=0
split_feature=12 40 13 45 14 61 39 31 29 15 44 25 4 39 13 58
split_gain=90.217 33.675 21.185 21.1213 17.916 15.0708 12.3839 11.1705 9.31034 8.1977 7.17386 6.60141 4.69951 4.5126 3.56097 1.44737
threshold=276.79000000000002 -61.430679187077232 148.79500000000004 0.0079992830001319026 154.23500000000004 2641.1000000000004 -34.404950748742188 -142.56000000000014 -238.77500000000006 425.11500000000007 0.030762687836688351 895.00000000000011 4.5000000000000009 -59.061096814860129 164.24500000000003 227.39500000000001
decision_type=2 2 2 2 2 2 2 2 2 2 2 2 2 2 2 2
left_child=1 5 3 -2 7 -1 -6 12 -7 10 -10 15 -3 -12 -4 -9
right_child=2 4 14 -5 6 8 -8 11 9 -11 13 -13 -14 -15 -16 -17
leaf_value=1.8051663041333001 0.056992178111299911 0.85653781637346504 -0.87639234772758101 -0.2427005309750058 0.58241847783711198 0.81523495143205094 -0.17273413148245767 0.93694562524899005 -0.77751194054468309 0.051000830379010514 -0.53652958912080051 0.98750562537228159 0.16588300702203221 -0.0030381284199631157 -4.2616239400431706 1.1689667054386728
leaf_weight=41 42 59 43 79 57 42 45 40 48 50 46 41 57 59 64 55
leaf_count=41 42 59 43 79 57 42 45 40 48 50 46 41 57 59 64 55
internal_value=0.000691244 0.0103125 -0.0263158 -0.0119835 0.0206215 -0.00244755 0.00294118 0.0277778 -0.00714286 -0.0115764 -0.0173203 0.0375 0.0163793 -0.01 -0.0425234 0.0447368
internal_weight=868 640 228 121 354 286 102 252 245 203 153 136 116 105 107 95
internal_count=868 640 228 121 354 286 102 252 245 203 153 136 116 105 107 95
is_linear=0
shrinkage=0.05


Tree=25
num_leaves=17
num_cat=1
split_feature=12 51 16 8 16 31 22 57 31 15 61 57 13 13 15 4
split_gain=85.3777 25.1336 22.7845 20.6027 19.7204 15.8824 14.8988 11.9626 11.6626 10.8838 14.8522 5.9036 4.68066 3.73092 2.45 2.26665
threshold=269.15000000000003 0 0.47811670834398018 7558.4126984126988 0.43800832365326975 -212.11500000000069 100.00000000000001 76.555000000000021 -407.62499999999994 425.11500000000007 2926.1350000000007 173.73000000000005 165.21500000000003 100.51500000000001 454.67000000000002 2.5000000000000004
decision_type=2 1 2 2 2 2 2 2 2 2 2 2 2 2 2 2
left_child=1 6 4 7 -2 -5 -1 -3 -8 10 -10 -12 14 -7 -4 -9
right_child=2 3 12 5 -6 13 8 15 9 -11 11 -13 -14 -15 -16 -17
leaf_value=1.0181041035708762 -0.27267394159661368 0.24042555958423506 -0.79728292985751992 -0.24118312822110743 0.05411758293864502 0.1351126466505623 0.31953373234261823 1.2778750890772421 0.20972600337978592 0.064957885322905903 -0.11535435460006696 -0.93869516714987111 -4.3066030482747122 0.79799822461278935 -0.98412864733674332 1.2040096063050598
leaf_weight=54 51 40 40 44 54 41 60 50 43 43 63 75 57 40 40 61
leaf_count=54 51 40 40 44 54 41 60 50 43 43 63 75 57 40 40 61
internal_value=-0.00046729 0.00944625 -0.0256198 0.0202797 -0.00809524 0.006 0 0.0334437 -0.00457746 -0.00982143 -0.0151934 -0.0231884 -0.0390511 0.0191358 -0.03125 0.0418919
internal_weight=856 614 242 276 105 125 338 151 284 224 181 138 137 81 80 111
internal_count=856 614 242 276 105 125 338 151 284 224 181 138 137 81 80 111
cat_boundaries=0 1
cat_threshold=5153
is_linear=0
shrinkage=0.05


Tree=26
num_leaves=15
num_cat=0
split_feature=13 16 14 10 5 13 13 40 58 21 13 13 16 13
split_gain=76.6014 33.0049 20.8054 19.8821 26.4448 21.6585 18.0205 16.9997 11.6813 15.2381 8.40873 6.9531 6.00519 3.38023
threshold=150.95500000000004 0.40527825994313432 48.259999999999998 390.39000000000004 0.2752525252525253 101.85500000000002 93.330000000000013 -41.360049195655208 213.76500000000001 4095.0000000000005 99.450000000000003 172.72000000000003 0.42835003574640157 109.01000000000002
decision_type=2 2 2 2 2 2 2 2 2 2 2 2 2 2
left_child=1 -1 -3 5 -5 6 -4 -6 9 -7 12 -2 -8 -10
right_child=11 2 3 4 7 8 10 -9 13 -11 -12 -13 -14 -15
leaf_value=-0.56639304369923349 -0.60799066788493039 -0.1525379186227438 0.99350827054932211 -0.27264057929468638 -0.042260128231114184 1.2483950109468616 0.12111539405550209 0.33854045219997159 1.0501448032545653 0.019044729347606728 -0.55299217492083008 -4.1262902299281015 -0.080315153297946806 1.6172428480377397
leaf_weight=57 62 78 65 49 59 45 40 50 74 63 45 57 70 41
leaf_count=57 62 78 65 49 59 45 40 50 74 63 45 57 70 41
internal_value=-0.000175439 0.00584239 0.00891016 0.0120632 -0.00316456 0.0174944 0.00636364 0.0105505 0.0284753 0.0166667 -0.00290323 -0.037395 0.00454545 0.0395652
internal_weight=855 736 679 601 158 443 220 109 223 108 155 119 110 115
internal_count=855 736 679 601 158 443 220 109 223 108 155 119 110 115
is_linear=0
shrinkage=0.05


end of trees

feature_importances:
base_pre=58
base_ovl=31
base_cons=20
db_min=17
wav_duration_ms=16
base_cons_gap=16
base_pre_to_expected_ms=14
prev_base_pre=14
row_index_in_wav=12
row_ratio_in_wav=12
base_ovl_ratio=12
next_base_pre=10
base_cut_gap=9
base_offset=8
base_offset_to_expected_ms=8
energy_min=8
base_cutoff_to_next_anchor_ms=7
energy_mean=7
energy_slope_pre=7
vowel_class=7
prev_base_cutoff_abs=7
spectral_flux_mean=6
next_base_offset=6
base_cutoff_abs=5
curr_vowel_len_ms=5
db_mean=5
f0_voicing_mean=5
zcr_mean=5
prev_base_offset=5
curr_phone_end_ms=4
curr_phone_len_ms=4
curr_vowel_end_ms=4
alias_type=3
alias_group=3
energy_max=3
energy_slope_post=3
prev_alias_type=3
syllable_start_ms=2
syllable_len_ms=2
voicing_class=2
curr_vowel_start_ms=1
syllable_end_ms=1
prev_phone_gap_ms=1
valley_energy=1
valley_dist_from_cutoff_ms=1
db_silence_ratio=1
onset_class=1
mora_position=1
next_base_cutoff_abs=1

parameters:
[boosting: gbdt]
[objective: regression_l1]
[metric: l1]
[tree_learner: serial]
[device_type: cpu]
[data_sample_strategy: bagging]
[data: ]
[valid: ]
[num_iterations: 500]
[learning_rate: 0.05]
[num_leaves: 31]
[num_threads: 0]
[seed: 0]
[deterministic: 0]
[force_col_wise: 0]
[force_row_wise: 0]
[histogram_pool_size: -1]
[max_depth: -1]
[min_data_in_leaf: 40]
[min_sum_hessian_in_leaf: 0.001]
[bagging_fraction: 0.85]
[pos_bagging_fraction: 1]
[neg_bagging_fraction: 1]
[bagging_freq: 1]
[bagging_seed: 3]
[bagging_by_query: 0]
[feature_fraction: 0.85]
[feature_fraction_bynode: 1]
[feature_fraction_seed: 2]
[extra_trees: 0]
[extra_seed: 6]
[early_stopping_round: 0]
[early_stopping_min_delta: 0]
[first_metric_only: 0]
[max_delta_step: 0]
[lambda_l1: 0]
[lambda_l2: 0]
[linear_lambda: 0]
[min_gain_to_split: 0]
[drop_rate: 0.1]
[max_drop: 50]
[skip_drop: 0.5]
[xgboost_dart_mode: 0]
[uniform_drop: 0]
[drop_seed: 4]
[top_rate: 0.2]
[other_rate: 0.1]
[min_data_per_group: 100]
[max_cat_threshold: 32]
[cat_l2: 10]
[cat_smooth: 10]
[max_cat_to_onehot: 4]
[top_k: 20]
[monotone_constraints: ]
[monotone_constraints_method: basic]
[monotone_penalty: 0]
[feature_contri: ]
[forcedsplits_filename: ]
[refit_decay_rate: 0.9]
[cegb_tradeoff: 1]
[cegb_penalty_split: 0]
[cegb_penalty_feature_lazy: ]
[cegb_penalty_feature_coupled: ]
[path_smooth: 0]
[interaction_constraints: ]
[verbosity: -1]
[saved_feature_importance_type: 0]
[use_quantized_grad: 0]
[num_grad_quant_bins: 4]
[quant_train_renew_leaf: 0]
[stochastic_rounding: 1]
[linear_tree: 0]
[max_bin: 255]
[max_bin_by_feature: ]
[min_data_in_bin: 3]
[bin_construct_sample_cnt: 200000]
[data_random_seed: 1]
[is_enable_sparse: 1]
[enable_bundle: 1]
[use_missing: 1]
[zero_as_missing: 0]
[feature_pre_filter: 1]
[pre_partition: 0]
[two_round: 0]
[header: 0]
[label_column: ]
[weight_column: ]
[group_column: ]
[ignore_column: ]
[categorical_feature: 0,1,2,3,46,47,50,51,52,53,55,56]
[forcedbins_filename: ]
[precise_float_parser: 0]
[parser_config_file: ]
[objective_seed: 5]
[num_class: 1]
[is_unbalance: 0]
[scale_pos_weight: 1]
[sigmoid: 1]
[boost_from_average: 1]
[reg_sqrt: 0]
[alpha: 0.9]
[fair_c: 1]
[poisson_max_delta_step: 0.7]
[tweedie_variance_power: 1.5]
[lambdarank_truncation_level: 30]
[lambdarank_norm: 1]
[label_gain: ]
[lambdarank_position_bias_regularization: 0]
[eval_at: ]
[multi_error_top_k: 1]
[auc_mu_weights: ]
[num_machines: 1]
[local_listen_port: 12400]
[time_out: 120]
[machine_list_filename: ]
[machines: ]
[gpu_platform_id: -1]
[gpu_device_id: -1]
[gpu_use_dp: 0]
[num_gpu: 1]

end of parameters

pandas_categorical:[["korean"], ["cvvc"], ["vc", "vv"], ["vc_sonorant", "vc_stop", "vv"], ["other", "sonorant"], ["unknown", "voiced"], ["liquid", "nasal", "none", "stop"], ["", "a", "e", "eo", "eu", "eui", "i", "o", "u", "wa", "we", "weo", "wi", "ya", "ye", "yeo", "yo", "yu"], ["head", "mid", "tail"], ["vc", "vv"], ["", "cv", "cv_head", "vc", "vcv", "vv"], [""]]
