tree
version=v4
num_class=1
num_tree_per_iteration=1
label_index=0
max_feature_idx=74
objective=regression_l1
feature_names=language format_type alias_type alias_group row_index_in_wav row_ratio_in_wav is_head_row is_tail_row wav_duration_ms base_offset base_cons base_cutoff_abs base_pre base_ovl base_cons_gap base_cut_gap base_ovl_ratio curr_phone_start_ms curr_phone_end_ms curr_phone_len_ms curr_vowel_start_ms curr_vowel_end_ms curr_vowel_len_ms syllable_start_ms syllable_end_ms syllable_len_ms prev_phone_gap_ms next_phone_gap_ms expected_anchor_ms base_offset_to_expected_ms base_pre_to_expected_ms base_cutoff_to_next_anchor_ms energy_mean energy_min energy_max energy_slope_pre energy_slope_post valley_energy valley_dist_from_cutoff_ms db_mean db_min db_silence_ratio f0_voicing_mean f0_voicing_near_pre zcr_mean spectral_flux_mean onset_class voicing_class is_tense is_diphthong coda_type vowel_class mora_position bridge_type is_nasal_or_sonorant prev_alias_type next_alias_type prev_base_pre next_base_pre prev_base_offset next_base_offset prev_base_cutoff_abs next_base_cutoff_abs mapping_confidence used_alias_occurrence_mapping used_exact_vowel_fix used_nuclei_fallback used_alias_based_syllables words_vs_alias_score_margin jump_blocked_flag mapping_reason_code local_peak_db local_valley_db mel_window_energy_mean mel_window_silence_ratio
feature_infos=none none -1:0:1:2:3 -1:1:0:3:2:4:6 [0:7] [0:1] [0:1] [0:1] [700.6802721088435:5749.8412698412694] [0:3535.5999999999999] [100.16:293.76999999999998] [225.94999999999999:3839.54] [0:167.40000000000001] [0:141.74000000000001] [29.010000000000005:161.56] [8:683.36000000000001] [0:0.85035714285714281] [10:3630] [40:4180] [10:2070] [0:3630] [0:4180] [0:2070] [0:3570] [40:4180] [40:2210] none [0:560] [10:3630] [-187.78:5.6599999999999966] [-24.970000000000027:93.599999999999923] [-541.99000000000001:2038.79] [0.0164389487117606:1] [0:1] [0.1052411831442804:1] [-0.1082870304136998:0.99746521059252979] [-0.26561884225717758:0.91554178097058081] [0:1] [0.13476190476194461:686.86893424036271] [-57.858591754737994:-9.6683194513510955] [-94.624466016092001:-13.058172385845188] [0:0.64864864864864868] [0.1454008151692944:1] [0.0047033252354277003:1] [0.0056705415367167:0.17947263963708529] [0:0.066769476333917596] -1:1:3:2:0 -1:1:2:0 [0:1] [0:1] -1:1:2 -1:15:18:19:6:11:13:1:3:17:9:16:4:7:20:14:8:12:2:5:0:10 -1:0:1:2 -1:0:1 [0:1] -1:0:1:2:4 none [0:184.91999999999999] [0:185.41999999999999] [0:3428.02] [0:4101.6999999999998] [0:3735.0700000000002] [0:4368.3199999999997] [0.55882726817388217:1] none [0:1] none none [-0.56599999999999973:1610.3230000000001] none none [-57.858591754737994:-9.6683194513510955] [-94.624466016092001:-13.058172385845188] [0.0164389487117606:1] [0:0.64864864864864868]
tree_sizes=1547 1738 1714 1670 1567 1670 1584 1583 1577 1558 1733 1554 1498 1742 1746 1583 1764 1669 1666 1750 1653 1483 1663 1831 1659 1580 1661 1748 1763 1734 1748 1656 1581 1766 1757 1744 1674 1771 1814 1665 1601 1735 1657 1597 1867 1764

Tree=0
num_leaves=17
num_cat=1
split_feature=12 44 12 15 5 68 10 25 8 48 23 47 25 37 63 10
split_gain=186.601 70.4241 60.8715 52.6086 30.7826 28.02 14.7491 9.21078 8.05085 4.90343 8.85238 4.19554 2.4114 2.85041 2.02677 1.96364
threshold=134.27500000000003 0.021973348454777403 102.12500000000001 75.410000000000011 0.41428571428571431 99.206000000000017 216.83500000000004 555.00000000000011 1124.8752834467123 1.0000000180025095e-35 225.00000000000003 0 701.81500000000017 0.80436364427800788 0.75637500093584531 192.38500000000002
decision_type=2 2 2 2 2 2 2 2 2 2 2 1 2 2 2 2
left_child=1 3 9 6 5 8 15 -2 -4 -3 -11 -10 -9 14 -14 -1
right_child=7 2 4 -5 -6 -7 -8 12 11 10 -12 -13 13 -15 -16 -17
leaf_value=-70.991250610351557 -71.148275566101077 -68.125000572204584 -70.196525573730469 -68.713000488281253 -70.903000640869138 -70.481950759887695 -70.36100063323974 -71.803750610351557 -70.098000717163089 -68.98230056762695 -69.909250545501706 -69.558000564575195 -71.393000602722168 -70.907500648498541 -71.675100517272952 -71.91000061035156
leaf_weight=44 50 131 54 49 51 65 40 60 43 44 40 73 58 46 52 66
leaf_count=44 50 131 54 49 51 65 40 60 43 44 40 73 58 46 52 66
internal_value=-70.3597 -70.3461 -70.3361 -70.3713 -70.3513 -70.3436 -70.386 -70.3953 -70.3329 -70.316 -70.3255 -70.3255 -70.3998 -70.3965 -70.4009 -70.3955
internal_weight=966 700 501 199 286 235 150 266 170 215 84 116 216 156 110 110
internal_count=966 700 501 199 286 235 150 266 170 215 84 116 216 156 110 110
cat_boundaries=0 1
cat_threshold=4
is_linear=0
shrinkage=1


Tree=1
num_leaves=19
num_cat=1
split_feature=12 44 15 12 62 47 11 15 5 11 19 19 16 15 12 9 10 15
split_gain=168.257 83.301 44.573 31.1281 22.0026 14.7251 16.3241 11.9271 7.41053 13.8262 7.30203 9.65343 7.21672 6.51337 2.67273 2.48082 1.01844 0.656757
threshold=115.88500000000001 0.021406294301105702 75.410000000000011 134.53500000000003 2267.9700000000007 0 828.80500000000018 57.405000000000008 0.36666666666666675 1187.1650000000002 465.00000000000006 621.03000000000009 0.78034544059977062 58.010000000000012 99.720000000000013 215.88500000000002 192.51500000000001 69.03000000000003
decision_type=2 2 2 2 2 1 2 2 2 2 2 2 2 2 2 2 2 2
left_child=1 2 16 5 10 12 7 -7 9 13 17 -12 -2 15 -13 -5 -1 -3
right_child=3 4 -4 8 -6 6 -8 -9 -10 -11 11 14 -14 -15 -16 -17 -18 -19
leaf_value=-0.64693748474121127 -1.8644251441955568 0.77824995994567847 1.2824000930786135 -0.85195985794067364 0.098462595939636091 0.09779990196228 0.41559762954711915 -0.21194989204406767 -2.1988501071929933 -0.13296868801116943 0.74632625579833989 1.3946575164794923 -0.49285007476806658 -0.67284989356994629 0.41305122375488285 -0.99281265258789098 -1.0725000000000002 1.8844312739372253
leaf_weight=46 42 40 42 50 44 40 57 51 71 44 51 48 47 49 40 47 45 108
leaf_count=46 42 40 42 50 44 40 57 51 71 44 51 48 47 49 40 47 45 108
internal_value=0.00010395 0.0217672 -0.0116541 -0.0200803 0.0351964 -0.00696203 0.0027027 -0.0104396 -0.0319923 -0.0268421 0.0402439 0.0320144 -0.0230337 -0.0342466 0.0420455 -0.0417526 -0.0313187 0.047973
internal_weight=962 464 133 498 331 237 148 91 261 190 287 139 89 146 88 97 91 148
internal_count=962 464 133 498 331 237 148 91 261 190 287 139 89 146 88 97 91 148
cat_boundaries=0 1
cat_threshold=4
is_linear=0
shrinkage=0.05


Tree=2
num_leaves=19
num_cat=0
split_feature=29 44 42 12 29 20 38 15 15 40 5 23 9 40 29 63 42 12
split_gain=169.665 67.7278 33.0468 28.7571 26.1427 16.3991 13.6653 12.4999 10.6042 9.27507 6.72081 16.7821 6.05 5.77516 5.3752 5.64319 3.58618 0.0735099
threshold=-109.02999999999996 0.024808619223135753 0.90705280381528042 134.27500000000003 -93.99499999999999 1585.0000000000002 204.7016099773243 66.15000000000002 72.54000000000002 -21.471824998049662 0.36666666666666675 915.00000000000011 314.86500000000007 -24.364959547912388 -128.06500000000005 0.76070757228975627 0.9020470146250511 90.530000000000015
decision_type=2 2 2 2 2 2 2 2 2 2 2 2 2 2 2 2 2 2
left_child=3 2 8 6 5 13 7 -1 -2 -4 11 14 -9 -3 15 -5 -6 -18
right_child=1 4 9 10 16 -7 -8 12 -10 -11 -12 -13 -14 -15 -16 -17 17 -19
leaf_value=0.012647541522979111 -0.9235906257629396 0.70513495302200302 1.3243579903244971 -0.65039211964607235 1.1830672972202299 -0.1883668882846834 0.19337001323699923 -1.0479799475669864 -0.18284050369262703 0.070030080795288538 -2.1928888440132144 -0.021932884454727034 -1.0481942887306215 0.21247245788574248 -0.69807723116874709 -1.0881932406425481 1.7971375641822811 1.1074806873798371
leaf_weight=65 65 45 40 44 40 40 53 40 42 41 72 42 40 40 46 58 111 40
leaf_count=65 65 45 40 44 40 40 53 40 42 41 72 42 40 40 46 58 111 40
internal_value=0 0.0200397 -0.0037234 -0.0219565 0.0341772 0.0164 -0.00757576 -0.0155172 -0.0219626 0.0203704 -0.0328244 -0.0278947 -0.02875 0.0288235 -0.0358108 -0.0294118 0.0458115 0.0493377
internal_weight=964 504 188 460 316 125 198 145 107 81 262 190 80 85 148 102 191 151
internal_count=964 504 188 460 316 125 198 145 107 81 262 190 80 85 148 102 191 151
is_linear=0
shrinkage=0.05


Tree=3
num_leaves=18
num_cat=1
split_feature=12 44 15 12 60 14 9 25 42 5 29 68 42 63 47 13 35
split_gain=157.092 72.3068 42.6107 35.01 27.6104 12.0435 15.1067 14.5242 11.5977 10.0737 12.9426 11.9857 9.68232 6.24924 5.68469 4.78026 0.0774011
threshold=115.43500000000002 0.021973348454777403 75.410000000000011 134.53500000000003 1997.8900000000003 88.39500000000001 658.15500000000009 680.34000000000003 0.94078573413736588 0.36666666666666675 -126.88999999999999 106.88200000000002 0.88123684579327111 0.76113146956780209 0 81.045000000000016 0.086504081117341411
decision_type=2 2 2 2 2 2 2 2 2 2 2 2 2 2 1 2 2
left_child=1 2 14 5 12 8 7 -7 -2 10 11 -5 -3 -13 -1 16 -14
right_child=3 4 -4 9 -6 6 -8 -9 -10 -11 -12 13 15 -15 -16 -17 -18
leaf_value=-0.11530329685211171 -2.3973954860448843 0.88744463953971831 1.3060284317970279 0.068295763552189123 -0.10279227336645108 0.088527491641044523 0.62157662129402136 -0.29422864143848459 -0.056424693286419018 -2.0342253845930105 -0.72535564657449714 -0.37416523175239541 1.1486148501574991 -1.0363048755884172 -1.0384483869552612 0.55825204840898557 1.6552102509260174
leaf_weight=40 40 54 45 42 42 59 52 52 42 73 47 40 40 53 55 41 137
leaf_count=40 40 54 45 42 42 59 52 52 42 73 47 40 40 53 55 41 137
internal_value=0.000733753 0.0220264 -0.00785714 -0.0186 0.0353503 -0.00510204 0.00276074 -0.00765766 -0.0207317 -0.0315686 -0.0252747 -0.0174074 0.0411765 -0.0274194 -0.0268421 0.0458716 0.049435
internal_weight=954 454 140 500 314 245 163 111 82 255 182 135 272 93 95 218 177
internal_count=954 454 140 500 314 245 163 111 82 255 182 135 272 93 95 218 177
cat_boundaries=0 1
cat_threshold=2
is_linear=0
shrinkage=0.05


Tree=4
num_leaves=17
num_cat=0
split_feature=29 42 13 68 60 9 19 29 57 8 48 68 44 43 42 5
split_gain=162.922 57.7746 41.2062 33.9394 15.2714 33.1171 15.7241 13.1075 7.78842 9.19633 7.45921 6.30698 10.8151 4.80838 2.60031 0.0735099
threshold=-100.11499999999999 0.9020470146250511 106.68000000000002 40.354000000000006 1959.4950000000001 658.15500000000009 445.00000000000006 -93.364999999999995 90.965000000000018 1287.3696145124718 1.0000000180025095e-35 98.559500000000014 0.025424124884833855 0.86545670879684178 0.9291089631802818 0.2678571428571429
decision_type=2 2 2 2 2 2 2 2 2 2 2 2 2 2 2 2
left_child=2 3 4 -2 5 6 -1 -3 9 13 -5 12 -8 -4 -9 -16
right_child=1 7 8 10 -6 -7 11 14 -10 -11 -12 -13 -14 -15 15 -17
leaf_value=0.13952076059848081 1.3434622178864473 0.49916605117946844 -0.68764725071489829 -0.045430288610458551 -0.68321524648249154 0.63534769417673376 -2.0619886522388455 1.2590192241761089 -1.9091510830223559 -0.26331250795304728 -0.77693412029266362 -0.42089880664706247 0.034420592964440999 -0.76890518125474405 1.2954110207521916 1.7746549261501432
leaf_weight=60 44 49 47 52 41 64 42 40 70 71 44 59 46 71 111 40
leaf_count=60 44 49 47 52 41 64 42 40 70 71 44 59 46 71 111 40
internal_value=0.000157729 0.0255263 -0.016725 0 -0.00448718 -0.000184502 -0.00990338 0.0404167 -0.0314672 -0.0261905 -0.0166667 -0.0187075 -0.0102273 -0.0347458 0.0463351 0.0493377
internal_weight=951 380 571 140 312 271 207 240 259 189 96 147 88 118 191 151
internal_count=951 380 571 140 312 271 207 240 259 189 96 147 88 118 191 151
is_linear=0
shrinkage=0.05


Tree=5
num_leaves=18
num_cat=1
split_feature=12 44 15 12 29 16 29 60 47 42 5 11 8 15 40 68 15
split_gain=151.841 67.8691 35.2364 29.1265 28.1901 11.0605 10.8283 9.05381 8.06434 7.71877 7.71026 13.1264 5.69783 5.68618 5.59288 3.7599 0.0764706
threshold=115.43500000000002 0.022256875531613204 75.410000000000011 134.27500000000003 -93.99499999999999 0.7722577291353151 -114.60000000000001 1523.9650000000004 0 0.89593295738729017 0.2678571428571429 1187.1650000000002 1157.4716553287985 58.92499999999999 -21.946017115892733 136.24500000000003 80.880000000000024
decision_type=2 2 2 2 2 2 2 2 1 2 2 2 2 2 2 2 2
left_child=1 2 8 5 7 -2 14 12 -1 -6 11 13 -3 15 -7 -5 -11
right_child=3 4 -4 10 9 6 -8 -9 -10 16 -12 -13 -14 -15 -16 -17 -18
leaf_value=-0.04315877417993548 -0.32869180149914395 0.14649513076035633 1.25659993233376 -0.65195374668109418 0.9284541279984112 0.02426303270991852 0.20182839551009232 -0.11870852663484968 -0.99633150212436883 1.2076055251802804 -1.822472237403705 -0.0023749787856189642 1.2589018488314601 -0.58094198020568444 -0.32356596974682861 -0.80256475161120311 1.8504210437297226
leaf_weight=44 66 41 50 42 40 75 44 40 60 130 69 42 40 45 44 65 40
leaf_count=44 66 41 50 42 40 75 44 40 60 130 69 42 40 45 44 65 40
internal_value=0.00107472 0.0209278 -0.00649351 -0.0184959 0.0336858 -0.00545852 0.00153374 0.0144628 -0.0230769 0.0447619 -0.0298479 -0.0247423 0.0240741 -0.0315789 -0.00630252 -0.0378505 0.0494118
internal_weight=977 485 154 492 331 229 163 121 104 210 263 194 81 152 119 107 170
internal_count=977 485 154 492 331 229 163 121 104 210 263 194 81 152 119 107 170
cat_boundaries=0 1
cat_threshold=2
is_linear=0
shrinkage=0.05


Tree=6
num_leaves=17
num_cat=1
split_feature=29 44 12 44 60 9 10 19 14 5 68 12 10 47 68 29
split_gain=135.262 47.8956 43.4757 23.95 32.9795 24.6608 15.9746 12.6006 11.5866 10.4261 10.8866 9.49646 7.47664 8.05827 7.43423 5.07163
threshold=-93.99499999999999 0.022256875531613204 134.27500000000003 0.021973348454777403 1997.8900000000003 681.53000000000009 206.11000000000004 555.00000000000011 109.78000000000002 0.36666666666666675 105.85650000000003 121.43000000000002 185.37500000000003 0 89.328500000000005 -135.65999999999997
decision_type=2 2 2 2 2 2 2 2 2 2 2 2 2 1 2 2
left_child=2 8 3 6 5 7 -1 -5 -2 10 -4 -7 -3 -14 -9 -12
right_child=1 12 9 4 -6 11 -8 14 -10 -11 15 -13 13 -15 -16 -17
leaf_value=-2.1055074754651182 -0.32696769556562588 1.6779070431517327 -0.16202793473389152 0.2248227494278183 -0.48161888997994495 0.85584047611616687 -0.059764468066780554 0.016133050732122102 1.3772871957899291 -1.7684518368618933 -0.85094228254788229 0.30488418881626561 1.5091459501854059 0.25851337952648701 -0.30474426714339775 -0.33114996836259147
leaf_weight=43 62 107 56 42 41 63 69 46 40 72 62 40 44 63 43 76
leaf_count=43 62 107 56 42 41 63 69 46 40 72 62 40 44 63 43 76
internal_value=0.000361197 0.0272152 -0.012634 -0.00193798 0.006 0.0132479 -0.0214286 -0.00114504 -0.000980392 -0.0281955 -0.0221649 0.0315534 0.0406542 0.0313084 -0.0117978 -0.0297101
internal_weight=969 316 653 387 275 234 112 131 102 266 194 103 214 107 89 138
internal_count=969 316 653 387 275 234 112 131 102 266 194 103 214 107 89 138
cat_boundaries=0 1
cat_threshold=2
is_linear=0
shrinkage=0.05


Tree=7
num_leaves=17
num_cat=1
split_feature=12 44 15 57 9 29 12 12 15 24 13 47 42 42 14 13
split_gain=136.972 69.3185 37.4464 24.7752 28.0639 24.708 13.2645 12.0604 16.7163 11.5614 10.009 6.67393 5.87761 4.03692 1.92157 1.74545
threshold=115.43500000000002 0.022256875531613204 76.299999999999997 90.965000000000018 845.48500000000013 -93.99499999999999 131.05500000000004 136.95500000000001 64.490000000000009 899.99000000000012 84.640000000000015 0 0.89421900239537833 0.89859416522644009 94.280000000000015 60.45000000000001
decision_type=2 2 2 2 2 2 2 2 2 2 2 1 2 2 2 2
left_child=1 2 11 4 7 10 -6 8 9 -2 -3 -1 -7 -9 -5 -14
right_child=3 5 -4 14 6 12 -8 13 -10 -11 -12 -13 15 -15 -16 -17
leaf_value=-0.078674862374454702 0.20067286053795499 0.11043907062584424 1.5754784745392234 -1.5182843691109 0.60594721054986245 0.86347707136595497 -0.13285176291361367 -0.55796835598985195 -0.66274346662679096 -0.085847122236400966 0.48201828755183773 -0.93016654223986928 1.4372809502524753 -0.69723638077911765 -1.4859429842232048 0.73527281915110054
leaf_weight=52 40 73 42 51 42 40 55 45 77 45 41 58 110 79 51 55
leaf_count=52 40 73 42 51 42 40 55 45 77 45 41 58 110 79 51 55
internal_value=-0.000627615 0.0185775 -0.00921053 -0.0192784 -0.0134465 0.0318182 0.00979381 -0.0213287 -0.0123457 0.00294118 0.0131579 -0.0245455 0.0421951 -0.0330645 -0.0411765 0.0463636
internal_weight=956 471 152 485 383 319 97 286 162 85 114 110 205 124 102 165
internal_count=956 471 152 485 383 319 97 286 162 85 114 110 205 124 102 165
cat_boundaries=0 1
cat_threshold=2
is_linear=0
shrinkage=0.05


Tree=8
num_leaves=17
num_cat=0
split_feature=29 44 48 60 42 57 11 18 10 23 18 14 68 42 72 14
split_gain=139.629 55.436 36.3504 29.7726 23.2656 22.6553 26.787 13.5563 11.4293 12.5644 10.5702 5.39607 5.33741 5.14949 4.72597 5.09697
threshold=-109.02999999999996 0.024509182552116152 1.0000000180025095e-35 1997.8900000000003 0.91343831931105213 67.750000000000014 1209.9650000000004 665.00000000000011 185.37500000000003 975.00000000000011 765.00000000000011 102.81000000000002 96.384500000000017 0.89593295738729017 -22.903956265347436 105.32000000000001
decision_type=2 2 2 2 2 2 2 2 2 2 2 2 2 2 2 2
left_child=5 2 4 8 -2 6 7 -1 -3 10 -10 -7 -9 -14 -15 -16
right_child=1 3 -4 -5 -6 11 -8 12 9 -11 -12 -13 13 14 15 -17
leaf_value=0.15363568448033221 -0.084826550972982778 1.3730008929674868 -0.76116600571839088 -0.10616964777708376 0.96548817903642081 -1.4186283953557415 0.4941376560156201 -0.34897041671433371 0.38705151248445663 1.3683246108855578 0.068528811020803465 -1.3607133608756925 -0.45846600441973495 -0.47863589450480792 -0.8000687117194869 -0.21327591855283856
leaf_weight=43 74 101 50 43 65 59 64 50 41 75 65 49 47 41 66 44
leaf_count=43 74 101 50 43 65 59 64 50 41 75 65 49 47 41 66 44
internal_value=0.000153531 0.0180934 -0.00343915 0.0306154 0.00971223 -0.0197624 -0.013662 -0.0201031 0.0365248 0.0290055 0.0179245 -0.0398148 -0.0245968 -0.0282828 -0.0327815 -0.0381818
internal_weight=977 514 189 325 139 463 355 291 282 181 106 108 248 198 151 110
internal_count=977 514 189 325 139 463 355 291 282 181 106 108 248 198 151 110
is_linear=0
shrinkage=0.05


Tree=9
num_leaves=17
num_cat=0
split_feature=12 44 62 14 12 42 5 11 68 40 38 40 39 22 12 14
split_gain=126.944 66.1675 50.0896 42.6759 28.766 18.7465 12.8598 12.6371 11.5401 8.98767 7.83379 6.16678 4.91156 4.10889 2.48439 1.86506
threshold=131.05500000000004 0.024650946090534056 2659.5650000000005 114.37500000000001 106.26500000000001 0.9296171416046457 0.2678571428571429 363.64500000000004 113.21600000000002 -33.264366129986655 192.86673469387759 -22.462184838649545 -17.304689624151248 565.00000000000011 84.310000000000016 91.540000000000006
decision_type=2 2 2 2 2 2 2 2 2 2 2 2 2 2 2 2
left_child=1 3 4 5 14 10 8 -6 -2 -9 -1 -10 -12 -11 -3 -8
right_child=6 2 -4 -5 7 -7 15 9 11 13 12 -13 -14 -15 -16 -17
leaf_value=-1.6297609788795151 -0.10187566377253249 1.5321805802105655 -0.3168394863716838 1.2438138448526663 -0.053429606935486623 0.39715074041382509 -1.51066471927563 0.22791864589879013 -0.50964289001448437 0.62679878523887655 -0.35947461798159425 -0.5892602482069762 -0.04120364948456974 0.27832861950920423 0.71563675260670756 -1.3159463590993028
leaf_weight=65 79 111 44 43 45 45 43 53 56 50 56 75 42 40 77 40
leaf_count=65 79 111 44 43 45 45 43 53 56 50 56 75 42 40 77 40
internal_value=0.00134855 0.0133383 0.0254762 -0.00697211 0.031383 -0.0163462 -0.0261092 0.0175532 -0.0195238 0.0248252 -0.0242331 -0.028626 -0.0153061 0.0344444 0.0452128 -0.0427711
internal_weight=964 671 420 251 376 208 293 188 210 143 163 131 98 90 188 83
internal_count=964 671 420 251 376 208 293 188 210 143 163 131 98 90 188 83
is_linear=0
shrinkage=0.05


Tree=10
num_leaves=19
num_cat=0
split_feature=13 42 68 12 18 60 21 29 5 14 25 14 43 48 29 29 17 14
split_gain=138.587 45.7148 29.8867 27.4497 14.0449 38.8647 14.1339 13.0294 11.0729 10.7143 9.82239 8.43737 8.86154 6.71646 5.6595 8.23975 2.38233 3.75833
threshold=80.760000000000005 0.90411266812082069 40.354000000000006 134.27500000000003 1125.0000000000002 1927.4750000000001 765.00000000000011 -93.99499999999999 0.2678571428571429 93.90000000000002 595.00000000000011 89.055000000000021 0.90299736009579623 1.0000000180025095e-35 -141.47499999999999 -128.50499999999997 325.00000000000006 114.37500000000001
decision_type=2 2 2 2 2 2 2 2 2 2 2 2 2 2 2 2 2 2
left_child=1 2 -1 4 6 9 -2 -3 10 -6 -5 -8 -13 -4 -12 -16 -9 -18
right_child=3 7 13 8 5 -7 11 16 -10 -11 14 12 -14 -15 15 -17 17 -19
leaf_value=1.1204824620921028 0.12812003618029097 0.34655203271056295 -0.0055036186086283578 0.018897768788180259 0.19439476714448498 -0.65348843366868015 -2.066722670246449 0.73212154838538768 -1.3975769331228365 0.64639742448284565 -0.90106116501933475 0.044517743815181282 -0.15627881838473634 -0.5679366509309034 -0.22727355275475852 -0.49328459902326538 1.2277418193085841 1.5877417620881251
leaf_weight=51 42 44 49 41 42 40 41 86 74 42 40 40 64 41 66 50 55 41
leaf_count=51 42 44 49 41 42 40 41 86 74 42 40 40 64 41 66 50 55 41
internal_value=5.2687e-05 0.0241144 0.00177305 -0.0151203 -0.00498392 0.00806452 -0.0136364 0.0380531 -0.0267528 0.027381 -0.0205584 -0.0210345 -0.0134615 -0.0155556 -0.0262821 -0.0206897 0.043956 0.0385417
internal_weight=949 367 141 582 311 124 187 226 271 84 197 145 104 90 156 116 182 96
internal_count=949 367 141 582 311 124 187 226 271 84 197 145 104 90 156 116 182 96
is_linear=0
shrinkage=0.05


Tree=11
num_leaves=17
num_cat=0
split_feature=13 44 12 15 44 5 11 5 5 22 40 10 10 8 14 14
split_gain=116.995 46.5814 41.0969 29.6149 25.5032 31.3027 23.0754 13.5854 12.5086 9.74418 9.10322 7.26229 4.60882 5.41401 4.41602 3.26762
threshold=79.360000000000014 0.022256875531613204 134.53500000000003 75.410000000000011 0.022256875531613204 0.41428571428571431 872.5150000000001 0.41428571428571431 0.36666666666666675 555.00000000000011 -21.946017115892733 219.43000000000004 185.37500000000003 1201.5079365079366 91.000000000000014 84.615000000000023
decision_type=2 2 2 2 2 2 2 2 2 2 2 2 2 2 2 2
left_child=1 3 4 -1 11 6 10 12 9 -4 -6 -2 -3 -14 -8 -11
right_child=2 7 8 -5 5 -7 14 -9 -10 15 -12 -13 13 -15 -16 -17
leaf_value=-0.3472286360424548 -1.7648905536366433 1.2232872493863689 -0.33024544646259424 1.4887056463235666 0.1046061201868021 -0.68585932371096092 0.45212391424238807 0.079982497878076236 -1.4270725169904528 -0.56226395227916726 -0.13985234983714251 -0.040029762787693463 0.39362305779769358 1.2126274034461668 1.0782938461523603 -0.49254743121476707
leaf_weight=71 46 90 76 46 69 47 40 51 74 40 52 40 53 42 44 67
leaf_count=71 46 90 76 46 69 47 40 51 74 40 52 40 53 42 44 67
internal_value=0 0.0228045 -0.0135294 -0.00299145 -0.00207101 0.00595238 0.0143902 0.0355932 -0.0285992 -0.0215847 0.000413223 -0.0255814 0.0418919 0.0342105 0.0345238 -0.0313084
internal_weight=948 353 595 117 338 252 205 236 257 183 121 86 185 95 84 107
internal_count=948 353 595 117 338 252 205 236 257 183 121 86 185 95 84 107
is_linear=0
shrinkage=0.05


Tree=12
num_leaves=16
num_cat=1
split_feature=29 42 5 9 47 68 18 14 68 10 10 29 42 10 33
split_gain=122.293 46.3992 44.3887 51.8916 41.5366 26.0398 19.126 11.5492 10.66 17.9985 5.4872 9.05395 6.65602 2.41336 1.67247
threshold=-91.514999999999972 0.91343831931105213 0.41428571428571431 681.53000000000009 0 40.96200000000001 685.00000000000011 109.15500000000002 98.559500000000014 207.08500000000001 219.17500000000004 -134.24999999999997 0.95307399424330497 188.01500000000001 0.3029216514795246
decision_type=2 2 2 2 1 2 2 2 2 2 2 2 2 2 2
left_child=2 5 3 6 -5 -2 -1 -4 9 -8 -10 -12 -13 -3 -6
right_child=1 13 7 4 14 -7 8 -9 10 -11 11 12 -14 -15 -16
leaf_value=0.070119930492671054 1.0139907312729606 1.4319329658498336 -1.0461727325011303 -0.15910186474816224 0.8869446050291977 -0.32228508296526148 -1.4857719567729071 -0.91468531120001373 -1.2429880635520059 0.074711171425881059 -0.83953912527527741 -0.040509079460337105 -0.46750103974196694 0.82141736822115208 1.4733123499070704
leaf_weight=69 45 87 83 66 42 69 57 49 40 70 49 60 42 73 40
leaf_count=69 45 87 83 66 42 69 57 49 40 70 49 60 42 73 40
internal_value=-0.00111583 0.0270073 -0.0126687 -0.00626168 0.0189189 0.00263158 -0.0158915 -0.0386364 -0.0210692 -0.00984252 -0.028534 -0.0241722 -0.0156863 0.044375 0.0426829
internal_weight=941 274 667 535 148 114 387 132 318 127 191 151 102 160 82
internal_count=941 274 667 535 148 114 387 132 318 127 191 151 102 160 82
cat_boundaries=0 1
cat_threshold=4
is_linear=0
shrinkage=0.05


Tree=13
num_leaves=19
num_cat=0
split_feature=16 12 62 44 44 5 23 45 14 21 68 42 25 63 14 39 40 12
split_gain=111.663 40.8418 35.3625 52.5566 34.1709 16.9801 14.0485 15.0212 12.8067 11.4852 10.5243 7.69365 5.8027 5.70937 5.41242 3.39946 1.38301 1.13957
threshold=0.68660768546049689 134.27500000000003 2659.5650000000005 0.024509182552116152 0.022256875531613204 0.36666666666666675 85.000000000000014 0.020191641341178051 85.450000000000017 1005.0000000000001 97.108500000000006 0.91595897998454745 701.81500000000017 0.76368620996472847 95.27500000000002 -17.328776162518675 -23.098353747349233 80.230000000000018
decision_type=2 2 2 2 2 2 2 2 2 2 2 2 2 2 2 2 2 2
left_child=4 2 3 8 -1 10 -5 12 -2 15 -3 -9 16 14 -12 -10 -8 -6
right_child=1 5 -4 6 17 -7 7 11 9 -11 13 -13 -14 -15 -16 -17 -18 -19
leaf_value=0.040278472457950444 -1.9846108718940911 0.072264032215959159 -0.36063352462228693 -0.059531177338814169 1.403836359519012 -1.3265365899892516 0.86924742458714988 -0.063673672869805395 -0.18776158036295174 0.086512104131279355 -0.44454500766693034 0.31029880397894838 0.090336397645458366 -0.71402781712719021 -0.071333531248752996 -0.14009994359566438 0.47521574077617257 0.45128129686611729
leaf_weight=70 48 49 47 54 99 70 45 53 41 44 45 48 42 53 40 40 40 40
leaf_count=70 48 49 47 54 99 70 45 53 41 44 45 48 42 53 40 40 40 40
internal_value=0.000413223 -0.00849802 -0.000199203 0.00406593 0.0327751 -0.0247082 0.0173759 0.022807 -0.0176301 -0.0092 -0.0168449 0.00841584 0.034252 -0.023913 -0.0158824 -0.0203704 0.0417647 0.0471223
internal_weight=968 759 502 455 209 257 282 228 173 125 187 101 127 138 85 81 85 139
internal_count=968 759 502 455 209 257 282 228 173 125 187 101 127 138 85 81 85 139
is_linear=0
shrinkage=0.05


Tree=14
num_leaves=19
num_cat=1
split_feature=16 29 42 40 57 25 42 4 47 25 10 68 29 14 29 38 38 8
split_gain=119.213 36.8622 27.0785 25.9488 24.7347 17.9046 13.8832 11.8915 9.8645 10.0873 9.81913 9.65262 6.70087 16.4613 3.42317 3.06549 1.62471 0.0619048
threshold=0.66444237953477081 -112.87499999999999 0.89593295738729017 -22.72632915895058 81.635000000000005 545.00000000000011 0.91382400795460506 1.0000000180025095e-35 0 605.00000000000011 201.41000000000003 106.24050000000001 -135.65999999999997 96.91500000000002 -85.670000000000002 196.7082199546486 206.99828798185942 1162.1428571428573
decision_type=2 2 2 2 2 2 2 2 1 2 2 2 2 2 2 2 2 2
left_child=6 4 10 7 5 -2 -1 16 -5 -10 14 -7 -13 -14 -3 -6 -4 -8
right_child=1 2 3 8 15 11 17 -9 9 -11 -12 12 13 -15 -16 -17 -18 -19
leaf_value=0.41351751578088314 0.13645963512704215 -1.28495993999138 0.4419925712015822 -0.073110858777810428 -1.1437636820107671 -0.092077660314841839 0.88370652039067343 0.10514122061715768 0.28734117564379996 -0.053852111581251451 0.01232683402067849 -0.69301414266548567 -0.44799894537227658 0.059584847021972115 -0.17745121639641293 -1.0315158664768582 0.58405807275081156 1.504144533913667
leaf_weight=71 61 43 49 42 49 72 40 43 44 48 41 50 71 45 41 44 41 65
leaf_count=71 61 43 49 42 49 72 40 43 44 48 41 50 71 45 41 44 41 65
internal_value=0.0003125 -0.00803571 0.00280612 0.0117978 -0.0188776 -0.0118729 0.0375 0.0274436 -0.00373134 0.00543478 -0.0164 -0.0180672 -0.0246988 -0.0181034 -0.0261905 -0.0413978 0.0377778 0.0490476
internal_weight=960 784 392 267 392 299 176 133 134 92 125 238 166 116 84 93 90 105
internal_count=960 784 392 267 392 299 176 133 134 92 125 238 166 116 84 93 90 105
cat_boundaries=0 1
cat_threshold=1
is_linear=0
shrinkage=0.05


Tree=15
num_leaves=17
num_cat=1
split_feature=13 12 44 62 9 5 44 47 40 21 14 12 40 15 42 43
split_gain=112.504 41.7785 35.079 36.3145 21.2261 17.9875 15.8203 11.816 11.8095 14.8102 11.0402 8.07421 10.5812 3.13205 2.56403 1.62933
threshold=55.14500000000001 134.27500000000003 0.021973348454777403 2659.5650000000005 731.12000000000012 0.36666666666666675 0.018854550609583156 0 -22.536934602986644 955.00000000000011 89.970000000000013 148.56500000000003 -24.089382235555778 70.79000000000002 0.91789789887953521 0.99840985654344505
decision_type=2 2 2 2 2 2 2 1 2 2 2 2 2 2 2 2
left_child=6 2 7 4 8 11 -1 -2 9 -4 -6 12 -3 -9 -8 -12
right_child=1 5 3 -5 10 -7 14 13 -10 -11 15 -13 -14 -15 -16 -17
leaf_value=0.15069795233929853 -0.024119274505581958 0.095006268226244125 0.26406274483855352 -0.35362522408797337 0.29092448768097262 -1.1016091454440382 0.61640175305599143 -1.501415190973949 -0.024425842558257929 -0.12121206122358288 0.87278319385305458 -0.70800528095613235 -0.32152633437156697 -0.82165603998464187 1.3107324309097721 0.896523034109733
leaf_weight=40 72 58 70 42 43 74 40 46 77 46 45 59 76 40 99 46
leaf_count=40 72 58 70 42 43 74 40 46 77 46 45 59 76 40 99 46
internal_value=0.00190134 -0.00617128 0.00199241 0.0104336 0.016055 -0.0222846 0.0377095 -0.0177215 0.00544041 0.0155172 0.0313433 -0.0142487 -0.00746269 -0.0302326 0.0456835 0.0412088
internal_weight=973 794 527 369 327 267 179 158 193 116 134 193 134 86 139 91
internal_count=973 794 527 369 327 267 179 158 193 116 134 193 134 86 139 91
cat_boundaries=0 1
cat_threshold=2
is_linear=0
shrinkage=0.05


Tree=16
num_leaves=19
num_cat=1
split_feature=13 29 42 5 23 40 44 5 47 24 42 44 40 44 8 39 63 8
split_gain=121.147 40.3578 27.9337 24.9463 21.5276 18.2751 13.3236 11.2644 8.86154 8.64798 8.31148 6.72267 5.66814 4.57619 4.54075 4.06148 2.14272 0.0622642
threshold=51.590000000000011 -109.02999999999996 0.90521042416553954 0.36666666666666675 955.00000000000011 -22.72632915895058 0.030195633683016702 0.18333333333333332 0 744.25000000000011 0.87402067010689877 0.022256875531613204 -23.328175720365756 0.017436915225404002 1173.3446712018142 -17.526186672387414 0.82881109191913194 1157.4716553287985
decision_type=2 2 2 2 2 2 2 2 1 2 2 2 2 2 2 2 2 2
left_child=11 3 6 4 9 7 13 16 -5 -2 -11 -1 -12 -3 -7 -14 -4 -13
right_child=1 2 5 8 -6 14 -8 -9 -10 10 12 17 15 -15 -16 -17 -18 -19
leaf_value=1.5085897411862765 0.044224536052862362 -0.13154946969172984 0.41671257713588017 -0.89239679378394676 0.3149448655317123 -0.023204550430344997 0.19805912739548789 0.10882720319364747 -0.96483545691567807 -0.067784863809394122 -0.38270259811981977 0.60897990757703946 -0.38629169333957236 -0.87192845672867425 0.11794734094485833 -0.50967499152370555 0.74303640837589569 1.3520293360934319
leaf_weight=40 40 40 40 40 66 59 47 48 64 61 45 40 66 56 40 72 47 66
leaf_count=40 40 40 40 40 66 59 47 48 64 61 45 40 66 56 40 72 47 66
internal_value=0.000460594 -0.00691937 0.00517241 -0.0169604 -0.0105714 0.015812 -0.0122378 0.0277778 -0.0384615 -0.0165493 -0.020082 0.0424658 -0.0254098 -0.0229167 -0.000505051 -0.0304348 0.0385057 0.0490566
internal_weight=977 831 377 454 350 234 143 135 104 284 244 146 183 96 99 138 87 106
internal_count=977 831 377 454 350 234 143 135 104 284 244 146 183 96 99 138 87 106
cat_boundaries=0 1
cat_threshold=2
is_linear=0
shrinkage=0.05


Tree=17
num_leaves=18
num_cat=1
split_feature=16 5 25 44 47 11 25 68 44 30 30 13 68 35 14 10 15
split_gain=91.0147 44.7246 37.5203 36.607 21.7981 18.7807 12.0081 11.8658 11.7846 8.94592 8.32498 5.28644 4.26667 2.07182 0.8 0.222222 0.060396
threshold=0.69446443169563488 0.41428571428571431 555.00000000000011 0.021406294301105702 0 872.5150000000001 630.00000000000023 98.798000000000016 0.025424124884833855 14.049999999999985 8.7450000000000063 51.590000000000011 97.874000000000009 0.096242593942567414 95.105000000000018 213.16500000000005 75.410000000000011
decision_type=2 2 2 2 1 2 2 2 2 2 2 2 2 2 2 2 2
left_child=3 2 9 -1 -3 6 -4 8 -8 12 13 16 14 -9 -2 -6 -5
right_child=1 4 5 11 15 -7 7 10 -10 -11 -12 -13 -14 -15 -16 -17 -18
leaf_value=-0.028248648458760784 0.30075344509586466 -0.53424325219808189 -0.8365087311234618 0.51815088152897781 -0.31287605136546637 0.26835650757939294 -0.55933426671982289 -0.6114793853901066 0.089324012222741445 -0.011692786701954817 -0.03980661933449739 0.29350163169479021 0.21166278722296711 -0.44824006319270782 0.6725675169734846 -0.96394861079170657 1.3810565120803027
leaf_weight=73 40 51 73 40 40 72 51 50 62 41 65 54 40 53 40 50 61
leaf_count=73 40 51 73 40 40 72 51 50 62 41 65 54 40 53 40 50 61
internal_value=0.000941423 -0.00769231 -0.0016184 0.0285088 -0.0329787 -0.00938967 -0.0141243 -0.0094306 0.00309735 0.0189441 -0.0178571 0.0422581 0.0258333 -0.026699 0.0325 -0.0477778 0.0490099
internal_weight=956 728 587 228 141 426 354 281 113 161 168 155 120 103 80 90 101
internal_count=956 728 587 228 141 426 354 281 113 161 168 155 120 103 80 90 101
cat_boundaries=0 1
cat_threshold=2
is_linear=0
shrinkage=0.05


Tree=18
num_leaves=18
num_cat=1
split_feature=12 13 44 60 17 5 44 39 51 24 40 32 8 38 14 42 14
split_gain=99.7604 51.3013 27.5344 28.8409 19.2021 19.1138 13.7493 13.6906 13.5913 13.2786 11.172 10.4053 7.14759 7 4.55622 4.50976 2.67273
threshold=129.77000000000001 51.590000000000011 0.024650946090534056 1959.4950000000001 975.00000000000011 0.36666666666666675 0.022823929685284905 -17.97558377698007 0 955.00000000000011 -23.16458415776011 0.95672197008416959 1278.1859410430841 192.86673469387759 94.65000000000002 0.92064229748101623 101.60000000000001
decision_type=2 2 2 2 2 2 2 2 1 2 2 2 2 2 2 2 2
left_child=1 6 7 4 9 8 -1 15 12 10 -4 -10 -2 -9 -6 -3 -7
right_child=5 2 3 -5 14 16 -8 13 11 -11 -12 -13 -14 -15 -16 -17 -18
leaf_value=1.0781155586437972 -0.58563414884494092 -0.037816288367772448 0.29658245125968768 -0.18646708036844828 0.46125498738905346 -1.0071267315981278 1.1217398942837915 -1.3182605228933182 0.12381215317053745 -0.036827642391408948 0.010552649649327251 -0.26193820767250531 -0.43848834223984245 -0.19782879861274483 1.2797329899608794 0.24623266879467495 -0.99268540450667686
leaf_weight=40 62 41 66 55 42 48 94 56 65 51 50 61 41 56 54 40 40
leaf_count=40 62 41 66 55 42 48 94 56 65 51 50 61 41 56 54 40 40
internal_value=0.000727651 0.0120155 0.00479452 0.0138365 0.0207224 -0.0222397 0.0395522 -0.0101036 -0.0146288 0.010479 0.0198276 -0.00220588 -0.0269912 -0.0214286 0.0385417 0.00555556 -0.0420455
internal_weight=962 645 511 318 263 317 134 193 229 167 116 126 103 112 96 81 88
internal_count=962 645 511 318 263 317 134 193 229 167 116 126 103 112 96 81 88
cat_boundaries=0 1
cat_threshold=265112
is_linear=0
shrinkage=0.05


Tree=19
num_leaves=19
num_cat=1
split_feature=13 42 68 12 60 23 47 13 24 38 42 68 16 42 21 63 29 21
split_gain=95.9667 34.5362 33.7072 32.7826 18.5548 33.807 15.9267 13.5119 10.6396 10.2058 7.4633 7.0098 5.97211 9.07051 5.48579 7.90215 4.7619 0.0591837
threshold=79.13000000000001 0.91493430112147511 40.533500000000011 144.33000000000001 1963.1150000000002 955.00000000000011 0 54.400000000000006 751.47500000000014 204.01580498866215 0.99578500500049549 60.711500000000008 0.77167855728313417 0.90336724537357405 1585.0000000000002 0.75838623900403423 -119.25999999999996 905.00000000000011
decision_type=2 2 2 2 2 2 1 2 2 2 2 2 2 2 2 2 2 2
left_child=1 2 -1 4 5 8 -7 17 -2 12 -9 -4 -10 -14 15 -5 -15 -3
right_child=3 7 11 14 -6 6 -8 10 9 -11 -12 -13 13 16 -16 -17 -18 -19
leaf_value=0.51428475451285516 0.078915707262227741 0.45532877500259661 -0.29906666792594411 -0.36872718532121457 -0.52267115164196454 -0.055559825441616084 0.88275945852766036 0.057250984520643304 -1.0348814263975983 0.015863488840367524 0.6385901312508846 -0.082780170728243979 0.11212996474534656 -0.44897872482195605 -1.1603364454435632 -0.62852517228403437 -0.087735937790498403 1.1945846856808107
leaf_weight=52 50 40 45 47 48 41 68 68 71 58 41 53 40 42 52 45 42 58
leaf_count=52 50 40 45 47 48 41 68 68 71 58 41 53 40 42 52 45 42 58
internal_value=0.00171696 0.0222689 0.004 -0.0104305 -0.00391304 -0.000485437 0.0233945 0.0355072 -0.00907591 -0.0132411 0.0233945 -0.0132653 -0.0187179 -0.0120968 -0.03125 -0.023913 -0.0214286 0.0489796
internal_weight=961 357 150 604 460 412 109 207 303 253 109 98 195 124 144 92 84 98
internal_count=961 357 150 604 460 412 109 207 303 253 109 98 195 124 144 92 84 98
cat_boundaries=0 1
cat_threshold=4
is_linear=0
shrinkage=0.05


Tree=20
num_leaves=18
num_cat=1
split_feature=13 29 60 23 51 23 13 68 30 42 35 38 40 14 35 29 35
split_gain=90.7818 51.956 32.6391 37.3872 20.6226 20.126 15.3127 14.4449 11.963 11.8925 9.2044 8.92507 6.24769 3.86905 3.68767 2.96199 1.88196
threshold=51.590000000000011 -137.10999999999996 2309.3600000000001 965.00000000000011 0 215.00000000000003 100.47500000000001 99.206000000000017 8.7200000000000291 0.91382400795460506 0.2745696029708739 199.43620181405899 -32.287848299142709 106.855 0.0039924831490592508 -114.735 0.21976461280219015
decision_type=2 2 2 2 1 2 2 2 2 2 2 2 2 2 2 2 2
left_child=9 13 3 4 10 7 12 16 11 -1 14 -7 -5 -2 -3 -16 -6
right_child=1 2 -4 6 5 8 -8 -9 -10 -11 -12 -13 -14 -15 15 -17 -18
leaf_value=0.69274888664160383 -0.87843267077117781 -0.1902693759148967 -0.50991810141751015 0.41883247189004752 0.29705496144082416 -1.4250405551740792 0.049601500316610016 0.0032894571188798239 0.12393197487217195 1.0656615829106582 -0.0060448503926757271 -0.13283950119761165 0.85486516578643157 -0.73676037543142714 -0.46254211703705295 -0.42173290361828109 0.20117607858056952
leaf_weight=49 48 53 63 43 41 41 60 63 42 90 71 55 68 56 47 43 40
leaf_count=49 48 53 63 43 41 41 60 63 42 90 71 55 68 56 47 43 40
internal_value=0.00179856 -0.00443645 0.000273973 0.00352324 -0.00342742 0.00547945 0.0236842 0.01875 -0.00797101 0.0392086 -0.0147321 -0.0177083 0.0346847 -0.0375 -0.0227273 -0.0288889 0.032716
internal_weight=973 834 730 667 496 282 171 144 138 139 214 96 111 104 143 90 81
internal_count=973 834 730 667 496 282 171 144 138 139 214 96 111 104 143 90 81
cat_boundaries=0 1
cat_threshold=531394
is_linear=0
shrinkage=0.05


Tree=21
num_leaves=16
num_cat=0
split_feature=12 13 44 5 5 14 48 42 23 15 12 29 35 45 10
split_gain=94.9563 53.2349 28.6435 24.4123 20.0716 19.5872 17.2227 13.1657 12.9777 7.54047 7.35234 9.94656 6.7001 3.73556 1.30952
threshold=131.57000000000002 51.590000000000011 0.024650946090534056 0.41428571428571431 0.2678571428571429 85.450000000000017 1.0000000180025095e-35 0.91382400795460506 85.000000000000014 72.54000000000002 148.06500000000003 -125.675 0.37338080821412772 0.015142803379942503 247.06000000000003
decision_type=2 2 2 2 2 2 2 2 2 2 2 2 2 2 2
left_child=1 7 5 8 10 -3 9 -1 -4 -7 11 -2 13 -10 -6
right_child=4 2 3 -5 14 6 -8 -9 12 -11 -12 -13 -14 -15 -16
leaf_value=0.57076784643077971 0.029820372963715161 -1.6497201042511165 0.003818073336665151 -0.13686555563425565 -0.86777390878737504 -0.0057426078730419055 -0.6034787069319848 0.99840903817759785 0.30806524763499721 0.28986024516755721 -0.56022597481326886 -0.34732324896066447 0.18504042061176237 0.59477017525116194 -0.84465448585409997
leaf_weight=50 79 43 63 74 44 71 49 90 75 43 65 49 71 45 40
leaf_count=50 79 43 63 74 44 71 49 90 75 43 65 49 71 45 40
internal_value=0.000998948 0.0111276 0.00393258 0.0131098 -0.0236462 -0.0106796 -0.00276074 0.0385714 0.0204724 0.00789474 -0.0147668 -0.0078125 0.0269634 0.0341667 -0.0440476
internal_weight=951 674 534 328 277 206 163 140 254 114 193 128 191 120 84
internal_count=951 674 534 328 277 206 163 140 254 114 193 128 191 120 84
is_linear=0
shrinkage=0.05


Tree=22
num_leaves=18
num_cat=2
split_feature=13 5 23 47 14 44 51 39 14 44 68 21 39 20 62 19 10
split_gain=93.9193 37.6143 33.2441 30.467 25.2164 19.3669 19.0985 14.0182 13.3066 11.0213 12.0313 7.95649 5.64903 3.18931 2.78081 1.67355 1.41304
threshold=55.14500000000001 0.41428571428571431 915.00000000000011 0 108.92500000000003 0.021122767224269853 1 -18.206664815003212 95.105000000000018 0.021406294301105702 136.88500000000002 905.00000000000011 -18.249303863652198 365.00000000000006 1752.0350000000003 445.00000000000006 211.05500000000004
decision_type=2 2 2 1 2 2 1 2 2 2 2 2 2 2 2 2 2
left_child=5 2 6 -4 16 -1 7 11 -9 13 12 -2 -11 -8 -5 -7 -3
right_child=1 4 3 14 -6 15 9 8 -10 10 -12 -13 -14 -15 -16 -17 -18
leaf_value=0.12188884733656274 0.22124549424674811 -0.2971173432603898 -0.075780915826917913 1.2947689582553084 -0.36358122703175799 0.90207654255658198 -0.46274051618192191 -0.797763020232652 0.11984410160570676 -0.139006910830307 -0.36789066650254443 0.017827001614183758 0.048675443036049162 -0.4921955531343315 0.79426886923884943 0.78000613004318231 -0.74144880601298879
leaf_weight=48 65 40 58 48 68 81 41 46 49 66 41 45 56 77 47 40 52
leaf_count=48 65 40 58 48 68 81 41 46 49 66 41 45 56 77 47 40 52
internal_value=0.00134298 -0.00581977 -0.000391236 0.0199346 -0.0275 0.0352071 -0.00679012 0.00488372 -0.00894737 -0.0149485 -0.00705521 0.0172727 0.000819672 -0.0271186 0.0373684 0.0458678 -0.0445652
internal_weight=968 799 639 153 160 169 486 205 95 281 163 110 122 118 95 121 92
internal_count=968 799 639 153 160 169 486 205 95 281 163 110 122 118 95 121 92
cat_boundaries=0 1 2
cat_threshold=4 1557542
is_linear=0
shrinkage=0.05


Tree=23
num_leaves=20
num_cat=1
split_feature=13 5 42 8 47 40 22 14 13 16 25 10 40 32 19 12 11 10 8
split_gain=89.4165 45.6974 38.2193 18.4722 18.5835 18.4438 15.0317 11.908 10.6046 7.61846 6.7587 6.54636 6.3726 8.51018 5.31258 5.30191 4.98127 4.30222 0.0636364
threshold=79.13000000000001 0.41428571428571431 0.86073492290698417 1287.3696145124718 0 -20.695528699053309 255.00000000000003 109.15500000000002 55.785000000000004 0.66907885806009515 630.00000000000023 214.72500000000002 -23.351889026045512 0.95235139718782047 535.00000000000011 132.97000000000003 1225.5150000000001 225.43000000000004 1125.7369614512475
decision_type=2 2 2 2 1 2 2 2 2 2 2 2 2 2 2 2 2 2 2
left_child=2 3 9 6 11 8 -2 -3 18 -1 -8 -5 15 -14 -10 -12 -6 -15 -4
right_child=1 7 5 4 16 -7 10 -9 14 -11 12 -13 13 17 -16 -17 -18 -19 -20
leaf_value=0.14429438971094549 0.082394858635315427 -0.67306901984224865 0.28667425383144279 0.15496374983738515 0.18825586766612404 0.023403409424212464 -0.74516238618153707 -0.63566507886555579 0.2158474344057531 -0.31026482848256837 0.10243123606265528 -0.40969811036410742 -0.34469594344794885 -0.26692211133069321 1.0083900194386752 -0.28684766224306241 0.76379979199341941 0.0052923578541921763 0.96395527131959102
leaf_weight=40 45 74 40 42 43 64 62 42 48 41 43 44 49 40 44 40 50 50 70
leaf_count=40 45 74 40 42 43 64 62 42 48 41 43 44 49 40 44 40 50 50 70
internal_value=0.00169928 -0.00961538 0.0220461 -0.00314961 0.00977654 0.031203 -0.0101824 -0.037931 0.0386139 -0.00802469 -0.0144366 -0.00697674 -0.0103604 -0.0169065 0.026087 0.00060241 0.0252688 -0.00777778 0.0490909
internal_weight=971 624 347 508 179 266 329 116 202 81 284 86 222 139 92 83 93 90 110
internal_count=971 624 347 508 179 266 329 116 202 81 284 86 222 139 92 83 93 90 110
cat_boundaries=0 1
cat_threshold=4
is_linear=0
shrinkage=0.05


Tree=24
num_leaves=18
num_cat=0
split_feature=13 12 60 23 44 22 12 5 25 68 42 19 10 42 63 19 63
split_gain=76.2379 39.8236 27.7574 29.7503 25.5493 23.7583 11.4831 9.76001 8.52651 9.60317 8.56123 8.85936 9.85788 8.52174 5.64008 3.31935 3.15675
threshold=55.14500000000001 143.19500000000002 2309.3600000000001 975.00000000000011 0.021122767224269853 445.00000000000006 121.97500000000001 0.36666666666666675 630.00000000000023 68.687500000000014 0.99964761658836154 671.56500000000017 209.96500000000003 0.97853421679239416 0.75838623900403423 475.00000000000006 0.76368620996472847
decision_type=2 2 2 2 2 2 2 2 2 2 2 2 2 2 2 2 2
left_child=4 2 3 5 -1 16 13 14 9 -7 11 12 -10 -5 -3 -6 -2
right_child=1 7 -4 6 15 8 -8 -9 10 -11 -12 -13 -14 -15 -16 -17 -18
leaf_value=0.057503220672743542 0.040398204188451817 -0.28046082732343791 -0.32069732349774899 0.49697771281451719 0.92393280063069627 -0.10130838389522019 0.047244004053694159 -1.0321483186571403 -0.89160716223838854 -1.030380500721195 -0.15934036224276654 0.18177774845255323 0.06841012664057225 0.83156076449352367 -0.44324460521644443 0.54716250785692011 0.098755672061747651
leaf_weight=47 42 62 56 46 84 42 60 46 52 48 45 60 60 46 59 40 67
leaf_count=47 42 62 56 46 84 42 60 46 52 48 45 60 60 46 59 40 67
internal_value=0.00218295 -0.00436157 0.00144231 0.00475352 0.0324561 -0.00216346 0.0236842 -0.0260479 -0.00928339 -0.0222222 -0.00391705 0.00116279 -0.00714286 0.0347826 -0.018595 0.0443548 0.0178899
internal_weight=962 791 624 568 171 416 152 167 307 90 217 172 112 92 121 124 109
internal_count=962 791 624 568 171 416 152 167 307 90 217 172 112 92 121 124 109
is_linear=0
shrinkage=0.05


Tree=25
num_leaves=17
num_cat=1
split_feature=16 29 14 60 44 13 30 47 23 24 25 30 40 17 25 49
split_gain=72.0693 42.622 26.994 24.7692 32.5341 16.2417 12.7896 14.1944 11.2152 18.3825 13.3839 9.24557 7.25433 6.13702 4.67031 3.57707
threshold=0.62241741545870888 -136.30000000000004 115.04000000000001 2309.3600000000001 0.021973348454777403 105.70000000000002 12.364999999999954 0 975.00000000000011 995.00000000000011 460.00000000000017 18.02 -21.859277753557603 495.00000000000006 625.00000000000011 1.0000000180025095e-35
decision_type=2 2 2 2 2 2 2 1 2 2 2 2 2 2 2 2
left_child=-1 13 3 4 6 8 7 -3 9 12 -10 -7 15 -2 -9 -6
right_child=1 2 -4 -5 5 11 -8 14 10 -11 -12 -13 -14 -15 -16 -17
leaf_value=1.0534564582614614 -0.33927559677658259 -0.04599843488745492 0.26169819178215087 -0.35673822513201153 0.11234268609891523 0.021116101581193904 0.089038019050957484 -0.90986327293172031 0.17755039313504142 -0.17307309416321531 0.83975967925076367 -0.39378483030546652 0.012694854882234808 -0.72953904219702681 -0.97919075268536959 0.20099228097175798
leaf_weight=79 42 71 52 54 52 67 42 47 42 61 72 42 63 67 40 68
leaf_count=79 42 71 52 54 52 67 42 47 42 61 72 42 63 67 40 68
internal_value=0.00171696 -0.00238095 0.00174644 -0.000762829 0.00187406 0.00910064 -0.015 -0.021519 0.0142458 0.00819672 0.027193 -0.00779817 0.0161202 -0.0316514 -0.0350575 0.0233333
internal_weight=961 882 773 721 667 467 200 158 358 244 114 109 183 109 87 120
internal_count=961 882 773 721 667 467 200 158 358 244 114 109 183 109 87 120
cat_boundaries=0 1
cat_threshold=2
is_linear=0
shrinkage=0.05


Tree=26
num_leaves=18
num_cat=0
split_feature=13 12 42 63 58 40 5 30 44 21 14 48 10 63 29 12 8
split_gain=78.858 37.8963 24.2645 18.9194 16.4016 21.8467 15.6471 15.475 10.7505 16.5342 13.3413 8.96032 8.25684 9.61539 5.08081 4.78818 4.02963
threshold=47.585000000000008 139.54000000000005 0.91933351485740189 0.83854061145421876 111.72000000000001 -22.802523585005257 0.36666666666666675 8.8549999999999631 0.027076835837822454 1785.0000000000002 85.450000000000017 1.0000000180025095e-35 257.15000000000003 0.72296201372896107 -112.64000000000003 94.055000000000021 1120.2380952380954
decision_type=2 2 2 2 2 2 2 2 2 2 2 2 2 2 2 2 2
left_child=16 2 8 4 5 14 12 -7 10 -10 -2 -12 13 -3 -4 -5 -1
right_child=1 6 3 15 -6 7 -8 -9 9 -11 11 -13 -14 -15 -16 -17 -18
leaf_value=0.50129542353418466 -1.4794089117919171 -0.40727975575479541 0.10458250063358605 0.1393989392054289 -0.30446370758298935 -0.16833006822574781 -0.78736744434604233 0.047652773106637625 0.16264568611076077 -0.25510354332139118 0.056927981383478966 -0.35228414399167818 -0.40927401327006552 0.027760171526990618 0.43996481645327545 0.6164862784610895 0.89856286897053084
leaf_weight=40 42 40 56 58 40 68 55 59 66 41 73 53 40 64 50 42 68
leaf_count=40 42 40 56 58 40 68 55 59 66 41 73 53 40 64 50 42 68
internal_value=0.00235602 -0.0027745 0.00308642 0.0113941 0.00457875 0.00965665 -0.0218593 -0.00433071 -0.00818182 0.00420561 -0.0160714 -0.00793651 -0.0131944 -0.00576923 0.0264151 0.03 0.0425926
internal_weight=955 847 648 373 273 233 199 127 275 107 168 126 144 104 106 100 108
internal_count=955 847 648 373 273 233 199 127 275 107 168 126 144 104 106 100 108
is_linear=0
shrinkage=0.05


Tree=27
num_leaves=19
num_cat=1
split_feature=16 12 39 5 47 30 38 58 22 68 65 19 19 19 12 33 40 8
split_gain=81.8199 32.7678 23.8517 21.9515 15.2399 13.7938 16.8045 12.4423 10.5736 13.7966 9.64448 10.1582 9.43946 8.96668 4.45533 1.96283 1.8 0.216092
threshold=0.62241741545870888 131.38500000000002 -20.848561535322442 0.2678571428571429 0 10.215000000000005 194.21390022675743 73.285000000000011 445.00000000000006 98.385000000000019 1.0000000180025095e-35 650.00000000000023 595.00000000000011 535.00000000000011 107.12000000000002 0.78813203264972331 -24.92056558932688 2100.0000000000005
decision_type=2 2 2 2 1 2 2 2 2 2 2 2 2 2 2 2 2 2
left_child=17 2 7 10 8 6 15 14 -4 16 11 -3 -12 -8 -2 -6 -10 -1
right_child=1 3 4 -5 5 -7 13 -9 9 -11 12 -13 -14 -15 -16 -17 -18 -19
leaf_value=2.1919050650649856 0.67874501903522622 -0.43473674024559872 0.14816516190098525 -0.66500354522193639 -1.3822680901160798 0.09043488813808942 -0.079870102526655273 -0.014018187319178567 0.15236522720863555 -0.25134111283684035 0.13753979550271397 -0.15874386938584806 -0.23715619758086603 0.055574980949803891 0.16276414098840386 -0.58954172919311387 0.042562898322860046 0.81765502921899158
leaf_weight=40 54 68 62 74 42 48 63 43 40 41 52 49 40 75 46 40 40 47
leaf_count=40 54 68 62 74 42 48 63 43 40 41 52 49 40 75 46 40 40 47
internal_value=0.00145228 -0.00313569 0.00353535 -0.0171378 -0.00210643 -0.00970149 -0.015 0.0213287 0.00901639 0.000413223 -0.00885167 -0.0183761 0.00326087 -0.00434783 0.031 -0.0329268 0.0125 0.0477011
internal_weight=964 877 594 283 451 268 220 143 183 121 209 117 92 138 100 82 80 87
internal_count=964 877 594 283 451 268 220 143 183 121 209 117 92 138 100 82 80 87
cat_boundaries=0 1
cat_threshold=2
is_linear=0
shrinkage=0.05


Tree=28
num_leaves=19
num_cat=1
split_feature=13 48 57 44 39 44 36 15 12 43 13 42 47 23 44 19 42 22
split_gain=73.2415 32.3388 31.9387 21.2367 18.6645 18.5448 12.3729 11.4511 11.6053 8.47195 8.0991 7.94105 7.48664 7.08765 6.57327 5.51484 5.4022 0.972549
threshold=81.555000000000021 1.0000000180025095e-35 74.330000000000013 0.024241565069464104 -17.687792672488616 0.021973348454777403 0.0028183210482992005 63.895000000000003 136.95500000000001 0.99992356530171489 54.400000000000006 0.98532263686175259 0 245.00000000000003 0.034448539835554258 555.00000000000011 0.98039737302544872 475.00000000000006
decision_type=2 2 2 2 2 2 2 2 2 2 2 2 1 2 2 2 2 2
left_child=1 4 5 -3 10 7 12 8 -2 -4 17 -12 16 -14 -8 -5 -7 -1
right_child=2 3 9 15 -6 6 14 -9 -10 -11 11 -13 13 -15 -16 -17 -18 -19
leaf_value=0.8192900035071331 0.063521251563516054 -0.57150099503661778 -0.61070584957923657 0.00019522675140315471 0.046313127766022082 0.20261268251568013 0.0094849826718402148 -1.1342082429813389 -0.32409877285193933 -0.51795870287567392 0.10967717705451713 0.4780986678415623 0.042611644713482735 0.43718995637200248 -0.26142232952775474 0.23060316890855576 -0.14338889398182283 0.78294948775391726
leaf_weight=62 44 42 68 51 62 44 51 60 41 52 46 49 40 57 73 41 46 40
leaf_count=62 44 42 68 51 62 44 51 60 41 52 46 49 40 57 73 41 46 40
internal_value=0.00180599 0.0184478 -0.00954861 -0.00149254 0.0287645 -0.00350877 0.00337621 -0.0182759 -0.00647059 -0.0325 0.0362944 0.0257895 0.0114973 0.021134 -0.00887097 0.0119565 0.00111111 0.0460784
internal_weight=969 393 576 134 259 456 311 145 85 120 197 95 187 97 124 92 90 102
internal_count=969 393 576 134 259 456 311 145 85 120 197 95 187 97 124 92 90 102
cat_boundaries=0 1
cat_threshold=4
is_linear=0
shrinkage=0.05


Tree=29
num_leaves=19
num_cat=0
split_feature=13 12 5 39 14 13 25 10 49 22 45 30 33 32 12 8 32 10
split_gain=63.8899 41.0019 27.9935 20.6442 36.6617 13.215 10.9517 11.0103 10.5676 11.6431 9.05749 8.33261 5.70327 9.77945 8.3088 3.49091 1.43101 1.29518
threshold=46.225000000000001 133.32500000000002 0.36666666666666675 -20.848561535322442 81.38000000000001 79.510000000000019 485.00000000000006 192.51500000000001 1.0000000180025095e-35 595.00000000000011 0.016283040649919905 6.99000000000001 0.87023623018406637 0.9533416112427171 115.43500000000002 1242.2675736961453 0.95454874769562281 244.37000000000003
decision_type=2 2 2 2 2 2 2 2 2 2 2 2 2 2 2 2 2 2
left_child=15 3 8 5 -5 -2 16 -8 10 -10 -3 -9 13 14 -13 -1 -6 -4
right_child=1 2 17 4 6 -7 7 11 9 -11 -12 12 -14 -15 -16 -17 -18 -19
leaf_value=0.94366128526015425 0.48485126821465574 -0.37043122181496885 -0.66604562072378148 -0.72812690672253455 0.1094389563307912 0.092942351736186535 -0.20509888597464682 -0.36252151865114829 0.1940232036747922 -0.26925068127718926 -0.22027078358313013 0.22757833629002455 -0.024067325553601651 0.14000476859693781 -0.065226066568153135 0.8017930970522138 0.19959860779408897 -0.5575201257085326
leaf_weight=40 60 45 43 68 42 74 61 43 41 42 66 54 44 62 43 48 40 40
leaf_count=40 60 45 43 68 42 74 61 43 41 42 66 54 44 62 43 48 40 40
internal_value=0.000313808 -0.00380184 -0.0196751 0.0036379 -0.00142232 0.0208955 0.00449871 0.000162866 -0.00927835 0.00421687 -0.0193694 0.00487805 0.0091133 0.013522 0.00360825 0.0409091 0.0207317 -0.0439759
internal_weight=956 868 277 591 457 134 389 307 194 83 111 246 203 159 97 88 82 83
internal_count=956 868 277 591 457 134 389 307 194 83 111 246 203 159 97 88 82 83
is_linear=0
shrinkage=0.05


Tree=30
num_leaves=19
num_cat=1
split_feature=13 38 5 71 42 14 5 15 15 3 14 38 22 71 10 68 10 29
split_gain=67.415 45.1326 30.8013 26.932 21.3432 21.5711 10.3907 16.7059 10.0151 9.95012 12.1692 9.24552 8.99554 7.59433 5.90244 5.13774 1.29518 1.16279
threshold=103.76500000000001 226.39688208616795 0.36666666666666675 -21.024977120102168 0.91833460671622624 85.450000000000017 0.22500000000000003 72.65000000000002 69.745000000000005 0 88.39500000000001 190.39062358276632 650.00000000000023 -18.006928056132512 201.86000000000004 48.719999999999999 241.76000000000002 -69.624999999999986
decision_type=2 2 2 2 2 2 2 2 2 9 2 2 2 2 2 2 2 2
left_child=1 3 9 11 5 -5 7 13 -7 12 -11 -1 -2 -6 -9 -10 -4 -3
right_child=2 17 16 4 6 8 -8 14 15 10 -12 -13 -14 -15 -16 -17 -18 -19
leaf_value=0.62293836717728834 -0.34354734938410164 0.5228995949527836 -0.63274333968759255 -1.2432083042113229 0.11229186972299701 0.087554208962878743 -0.093452037698492071 0.57087054056379427 0.021870913633428125 -0.37461517229440561 0.10631438379470276 0.14519311779221269 -0.26457001199032676 -0.025137601311160475 0.35759438741878213 -0.47947406071690324 -0.50211643634067082 0.78806392797366742
leaf_weight=47 56 43 43 44 63 55 41 41 46 46 70 75 51 64 41 61 40 43
leaf_count=47 56 43 43 44 63 55 41 41 46 46 70 75 51 64 41 61 40 43
internal_value=0.0014433 0.0103916 -0.0179739 0.00536332 -0.000219298 -0.0121359 0.0096 0.0141148 -0.0037037 -0.00829596 0.00238095 0.0262295 -0.0183761 0.00275591 0.0317073 -0.0126168 -0.0439759 0.044186
internal_weight=970 664 306 578 456 206 250 209 162 223 116 122 107 127 82 107 83 86
internal_count=970 664 306 578 456 206 250 209 162 223 116 122 107 127 82 107 83 86
cat_boundaries=0 1
cat_threshold=1
is_linear=0
shrinkage=0.05


Tree=31
num_leaves=18
num_cat=1
split_feature=16 12 44 5 62 47 9 12 45 8 39 24 37 40 8 9 42
split_gain=68.9939 41.9608 29.418 23.8819 16.3529 16.197 12.478 9.40546 8.84041 8.16233 8.13625 6.71863 6.44532 4.14924 2.67273 2.55545 2.48531
threshold=0.62241741545870888 134.27500000000003 0.023390983838956603 0.36666666666666675 2236.3000000000006 0 960.84000000000015 148.06500000000003 0.0091746282105603007 1287.3696145124718 -17.526186672387414 854.86500000000012 0.77349772128232552 -30.200356777045545 1335.8163265306123 86.555000000000021 0.99356641183867678
decision_type=2 2 2 2 2 1 2 2 2 2 2 2 2 2 2 2 2
left_child=14 2 5 7 6 8 10 9 -2 -3 11 15 -7 -13 -1 -4 -8
right_child=1 3 4 -5 -6 12 16 -9 -10 -11 -12 13 -14 -15 -16 -17 -18
leaf_value=0.98373452532457561 -0.060303577055945828 -0.19011691640693656 0.11691115940269654 -0.50768967916384466 -0.10306162586530726 -0.6373606897459787 0.61206582428637546 -0.34255323231699714 0.12087717119698241 0.050505533236778179 -0.012988256212892325 0.23787017521646625 -0.45259005967362287 -0.018663067930198275 0.7251904015462195 0.14093208505532415 0.59631863974186305
leaf_weight=40 43 73 43 76 66 68 41 62 57 52 78 48 40 46 48 40 42
leaf_count=40 43 73 43 76 66 68 41 62 57 52 78 48 40 46 48 40 42
internal_value=-0.000155763 -0.0044 0.00277778 -0.0211027 0.0106436 -0.0125 0.0150888 -0.0114973 0.002 -0.0036 0.00960784 0.0155367 -0.0259259 0.00638298 0.0420455 0.0259036 0.0319277
internal_weight=963 875 612 263 404 208 338 187 100 125 255 177 108 94 88 83 83
internal_count=963 875 612 263 404 208 338 187 100 125 255 177 108 94 88 83 83
cat_boundaries=0 1
cat_threshold=2
is_linear=0
shrinkage=0.05


Tree=32
num_leaves=17
num_cat=0
split_feature=16 12 5 39 14 63 42 15 39 48 25 25 14 15 30 9
split_gain=71.9677 32.4482 25.108 20.8401 20.8788 14.7553 12.5957 11.5228 12.0089 10.8405 13.5641 11.2946 10.0323 8.84603 6.06926 1.92558
threshold=0.62241741545870888 133.32500000000002 0.36666666666666675 -20.938993020335271 87.02500000000002 0.82960565548744758 0.94078573413736588 56.589999999999996 -19.11650409693905 1.0000000180025095e-35 625.00000000000011 545.00000000000011 97.355000000000018 69.405000000000015 10.310000000000004 432.62000000000006
decision_type=2 2 2 2 2 2 2 2 2 2 2 2 2 2 2 2
left_child=15 3 7 5 6 -2 -5 14 -9 11 -11 -6 -13 -14 -3 -1
right_child=1 2 -4 4 9 -7 -8 8 -10 10 -12 12 13 -15 -16 -17
leaf_value=1.1025948739912697 0.095789489697288135 -0.36656521254752339 -0.46222491674069632 -1.0185345536289141 0.35413061828815628 0.38415185886320491 -0.0098875693875285723 0.30736559569150335 -0.26366945335506992 -0.15302396226914255 0.070101903263780588 0.058852148270760907 0.026955717152724646 -0.20823598109606112 -0.20543632644743504 0.6635738701824837
leaf_weight=40 79 40 77 53 75 51 41 47 58 78 78 40 65 48 46 46
leaf_count=40 79 40 77 53 75 51 41 47 58 78 78 40 65 48 46 46
internal_value=-0.000623701 -0.00490868 -0.019403 0.00148026 -0.00334728 0.0192308 -0.0244681 -0.00968586 0.00142857 0.00182292 -0.00833333 0.00877193 0.000980392 -0.00663717 -0.0232558 0.0430233
internal_weight=962 876 268 608 478 130 94 191 105 384 156 228 153 113 86 86
internal_count=962 876 268 608 478 130 94 191 105 384 156 228 153 113 86 86
is_linear=0
shrinkage=0.05


Tree=33
num_leaves=19
num_cat=1
split_feature=16 12 58 44 14 51 5 21 11 5 19 63 15 12 10 9 68 42
split_gain=62.0056 33.8724 19.2927 22.9381 15.6588 14.2843 13.9116 10.7132 9.47166 20.199 9.98015 8.02892 7.02572 5.16542 5.08417 4.39686 7.64496 3.50432
threshold=0.62241741545870888 143.19500000000002 133.66000000000003 0.020839240147434004 89.055000000000021 0 0.36666666666666675 854.86500000000012 1209.9650000000004 0.2678571428571429 445.00000000000006 0.83489698142803792 61.495000000000012 148.06500000000003 208.63500000000002 302.36500000000007 98.126500000000007 0.88912707530327595
decision_type=2 2 2 2 2 1 2 2 2 2 2 2 2 2 2 2 2 2
left_child=-1 2 3 4 -2 11 13 -6 10 -10 -7 12 -5 -3 -14 16 -12 -9
right_child=1 6 -4 5 7 8 -8 17 9 -11 15 -13 14 -15 -16 -17 -18 -19
leaf_value=0.67891561826421709 -0.83017224572707815 -0.057918197114981855 -0.22426820856047344 0.091000015212424054 0.10900670474440909 0.073804060768114257 -0.74437337130859405 -0.10551145940367662 0.622239704244273 -0.13658484174550445 0.048254239813989311 0.22185619352173838 0.15292642605825757 -0.31037601398773307 -0.030384912517589416 -0.61977635788119345 -0.32412099694712071 -0.16742759791883657
leaf_weight=79 40 54 46 43 46 57 45 41 52 46 46 69 44 70 63 40 41 49
leaf_count=79 40 54 46 43 46 57 45 41 52 46 46 69 44 70 63 40 41 49
internal_value=-5.14933e-05 -0.00381166 0.000899032 0.00302806 -0.0125 0.00848303 -0.0239645 -0.00441176 0.000684932 0.0132653 -0.00597826 0.0176856 0.012 -0.0153226 0.00514019 -0.0137795 -0.00747126 -0.0144444
internal_weight=971 892 723 677 176 501 169 136 282 98 184 219 150 124 107 127 87 90
internal_count=971 892 723 677 176 501 169 136 282 98 184 219 150 124 107 127 87 90
cat_boundaries=0 1
cat_threshold=1352899
is_linear=0
shrinkage=0.05


Tree=34
num_leaves=19
num_cat=1
split_feature=16 29 58 25 14 39 11 46 58 44 42 68 18 16 29 30 14 8
split_gain=68.8642 27.8402 23.409 15.7331 18.2462 24.2969 15.8754 12.9469 11.1438 10.7902 13.6425 18.3857 9.77779 6.3688 4.9462 4.67115 4.75925 2.76957
threshold=0.62241741545870888 -136.30000000000004 133.66000000000003 485.00000000000006 89.055000000000021 -18.679361587637683 828.80500000000018 0 60.240000000000002 0.03898497306492766 0.88733171462949656 69.023999999999901 1135.0000000000002 0.76865170841838693 -109.02999999999996 6.780000000000002 93.065000000000012 1281.4058956916103
decision_type=2 2 2 2 2 2 2 1 2 2 2 2 2 2 2 2 2 2
left_child=17 12 3 15 5 -5 7 14 13 10 11 -9 -2 -8 -6 -3 -17 -1
right_child=1 2 -4 4 6 -7 8 9 -10 -11 -12 -13 -14 -15 -16 16 -18 -19
leaf_value=0.87691960821740444 -0.24146488934591659 0.0029940899475102258 -0.26278686333047219 0.12932212834300039 0.029327433189163445 -0.6955115991202373 0.72191494086526076 -0.32027910190271813 -0.015429656868016296 0.041492690573725538 -0.54004654671063013 0.13875044427626976 -0.6218916370134544 0.074219933213572273 0.26667430546972709 0.036679424908455084 0.30531210216153504 0.5982889872349002
leaf_weight=40 65 40 54 64 62 68 50 45 46 40 67 41 43 41 41 52 57 52
leaf_count=40 65 40 54 64 62 68 50 45 46 40 67 41 43 41 41 52 57 52
internal_value=0.00123967 -0.00308219 0.000260417 0.00266106 -0.00115044 -0.0174242 0.00381062 -0.0027027 0.0178832 -0.0100985 -0.0166667 -0.00348837 -0.0268519 0.028022 0.0110619 0.0171141 0.0224771 0.0423913
internal_weight=968 876 768 714 565 132 433 296 137 193 153 86 108 91 103 149 109 92
internal_count=968 876 768 714 565 132 433 296 137 193 153 86 108 91 103 149 109 92
cat_boundaries=0 1
cat_threshold=12
is_linear=0
shrinkage=0.05


Tree=35
num_leaves=19
num_cat=0
split_feature=16 13 5 44 58 39 25 25 35 18 12 16 68 10 40 9 10 8
split_gain=68.4119 28.6206 24.5123 20.0766 17.7403 13.7205 6.33873 8.63999 6.43648 6.553 6.09472 7.31347 5.39777 7.34221 5.28304 4.65184 3.23951 1.90588
threshold=0.62241741545870888 103.76500000000001 0.2678571428571429 0.021122767224269853 126.09500000000001 -17.328776162518675 885.00000000000011 675.00000000000011 0.10807914365963957 765.00000000000011 148.28500000000005 0.80963521489762691 52.750500000000009 205.59500000000003 -22.978688873158095 196.55000000000004 240.54500000000004 1548.9455782312928
decision_type=2 2 2 2 2 2 2 2 2 2 2 2 2 2 2 2 2 2
left_child=17 3 10 12 5 6 7 8 -5 -10 11 14 -2 -14 -3 -7 -4 -1
right_child=1 2 16 4 -6 15 -8 -9 9 -11 -12 -13 13 -15 -16 -17 -18 -19
leaf_value=1.3831720343773568 0.047910326078184795 0.010313792148017954 -0.52315511123814173 0.20112079532819963 -0.096447316991693913 -0.028037051761409516 -0.016909392979303918 0.24213500647004571 0.067470858309446768 -0.0095687313074570568 -0.2873557469781382 0.17884358418441409 -0.5130442193750987 -0.010364528786055871 -0.25843552714470736 0.10045146674955099 -0.3863081981263598 0.56546404846799803
leaf_weight=40 41 54 41 45 43 43 46 76 42 79 70 41 69 59 51 41 40 45
leaf_count=40 41 54 41 45 43 43 46 76 42 79 70 41 69 59 51 41 40 45
internal_value=0.00010352 -0.00402951 -0.0166667 0.00239726 0.00831325 0.011828 0.0170139 0.0202479 0.0138554 0.00785124 -0.00787037 -0.00205479 -0.0121302 -0.0171875 -0.00904762 -0.00595238 -0.0401235 0.0429412
internal_weight=966 881 297 584 415 372 288 242 166 121 216 146 169 128 105 84 81 85
internal_count=966 881 297 584 415 372 288 242 166 121 216 146 169 128 105 84 81 85
is_linear=0
shrinkage=0.05


Tree=36
num_leaves=18
num_cat=1
split_feature=16 12 71 59 14 63 44 60 9 47 44 14 10 14 29 15 14
split_gain=62.0829 31.384 26.1989 23.0546 19.89 11.5963 10.025 8.58806 20.8575 9.2259 10.6904 7.41728 6.06098 7.61703 5.56017 4.69904 3.6
threshold=0.62558375463003724 134.27500000000003 -20.938993020335271 512.52500000000009 82.110000000000014 0.82960565548744758 0.024808619223135753 1920.7700000000002 731.12000000000012 0 0.027927417068330004 99.390000000000015 258.55000000000007 96.730000000000004 -131.40499999999997 69.579999999999984 115.55500000000002
decision_type=2 2 2 2 2 2 2 2 2 1 2 2 2 2 2 2 2
left_child=16 2 5 12 6 -2 -4 8 9 10 -6 -11 13 14 -3 -13 -1
right_child=1 3 4 -5 7 -7 -8 -9 -10 11 -12 15 -14 -15 -16 -17 -18
leaf_value=0.40182715126231017 0.090462277975066743 0.086047774561341592 -1.0175478562516644 -0.39164556751115359 -0.39268205045831267 0.46885908440033291 -0.09378162894321368 -0.077612661488549867 0.64670331179972962 0.079051957394502284 0.012789726890882492 0.028800951828886669 -0.27369426956338216 0.13173416519984507 -0.29789878469860936 -0.11556650403810664 1.1507699112802638
leaf_weight=45 78 44 41 77 63 53 40 40 65 60 47 65 41 46 62 47 45
leaf_count=45 78 44 41 77 63 53 40 40 65 60 47 65 41 46 62 47 45
internal_value=0.000469239 -0.00362486 0.00275459 -0.0177778 -0.00277778 0.0225191 -0.0253086 0.00193798 0.00446686 -0.00141844 -0.0127273 0.00581395 -0.00854922 -0.00394737 -0.0113208 -0.00178571 0.04
internal_weight=959 869 599 270 468 131 81 387 347 282 110 172 193 152 106 112 90
internal_count=959 869 599 270 468 131 81 387 347 282 110 172 193 152 106 112 90
cat_boundaries=0 1
cat_threshold=1
is_linear=0
shrinkage=0.05


Tree=37
num_leaves=19
num_cat=1
split_feature=16 29 60 51 39 42 68 44 30 14 39 16 4 12 16 36 54 14
split_gain=61.3361 27.197 31.0047 18.6461 15.5114 14.3111 11.2046 10.6544 9.45312 12.6751 16.7126 9.08141 8.88192 8.2439 6.51905 5.73134 3.2588 2.39024
threshold=0.62241741545870888 -99.969999999999985 2389.0050000000006 0 -16.178063732876669 0.82994875693866188 62.536000000000008 0.021973348454777403 6.99000000000001 88.100000000000023 -18.679361587637683 0.80098571762565896 1.0000000180025095e-35 147.57500000000002 0.68256153302703149 0.0028183210482992005 1.0000000180025095e-35 117.33000000000001
decision_type=2 2 2 1 2 2 2 2 2 2 2 2 2 2 2 2 2 2
left_child=17 2 3 7 5 -3 12 -2 -5 10 -10 16 14 15 -7 -9 -11 -1
right_child=1 4 -4 8 -6 6 -8 13 9 11 -12 -13 -14 -15 -16 -17 -18 -19
leaf_value=0.38173579369919469 -0.33915195044956586 -0.17403196956015954 -0.33809760508995057 -0.20327975607056673 -0.12041066828180753 0.16424234135116259 0.0041359139716742989 0.081022834499301422 0.19539898495313396 0.15551394387704001 -0.46590219470779748 -0.0050618864814630628 0.010709083647114072 -0.4387078636986857 0.40554543452842151 -0.21690817686298375 0.046862494545989369 1.0932314157162508
leaf_weight=41 62 41 49 64 40 40 64 67 40 76 41 59 46 41 56 54 40 41
leaf_count=41 62 41 49 64 40 40 64 67 40 76 41 59 46 41 56 54 40 41
internal_value=0.00010395 -0.00375 -0.00986509 -0.00643382 0.00888502 0.0135628 0.018932 -0.017094 0.00151515 0.00585938 -0.0104938 0.0134286 0.0267606 -0.0111111 0.0354167 -0.00454545 0.0215517 0.0414634
internal_weight=962 880 593 544 287 247 206 224 320 256 81 175 142 162 96 121 116 82
internal_count=962 880 593 544 287 247 206 224 320 256 81 175 142 162 96 121 116 82
cat_boundaries=0 1
cat_threshold=299804
is_linear=0
shrinkage=0.05


Tree=38
num_leaves=20
num_cat=0
split_feature=13 5 15 12 8 14 15 39 15 40 42 14 38 68 12 13 40 4 9
split_gain=62.4476 47.0127 29.5215 16.3034 15.3071 12.5975 12.2169 10.3743 10.711 10.5489 10.2674 9.03552 7.63635 7.0792 5.13173 4.35426 4.22357 0.819512 0.2
threshold=75.50500000000001 0.41428571428571431 76.555000000000021 148.06500000000003 1430.4648526077099 110.88000000000001 67.580000000000013 -18.29788716755067 62.735000000000021 -23.007429302739926 0.86073492290698417 95.27500000000002 189.90105442176881 42.800500000000007 129.50500000000002 58.515000000000008 -22.107584171555185 1.0000000180025095e-35 1976.8550000000002
decision_type=2 2 2 2 2 2 2 2 2 2 2 2 2 2 2 2 2 2 2
left_child=2 3 10 4 6 18 7 9 -9 -2 -1 14 -8 -12 -6 17 -15 -4 -3
right_child=1 5 15 -5 11 -7 12 8 -10 -11 13 -13 -14 16 -16 -17 -18 -19 -20
leaf_value=-0.12025115353334109 0.2714185589448736 -0.35809683101913026 1.7778048250298248 -0.25435866474916685 0.33537778919792133 -0.31123863565129001 -0.71803716676801954 0.020586445808245202 -0.49225510420502555 -0.042764844702183072 0.37085039562239808 0.69547351153570425 -0.0023069759691189519 0.1854811031552405 -0.022216004345791164 0.26879357425533162 -0.0012292202024354994 0.47661810144241934 -0.45553400458033694
leaf_weight=60 46 40 40 74 55 41 62 65 40 40 40 45 41 45 41 40 54 42 40
leaf_count=60 46 40 40 74 55 41 62 65 40 40 40 45 41 45 41 40 54 42 40
internal_value=0.00120925 -0.00793651 0.0191589 -0.00127701 0.00241379 -0.0359504 -0.00408163 0.00340314 -0.00714286 0.0162791 0.00728643 0.0159574 -0.0179612 0.0147482 0.00729167 0.0385246 0.00757576 0.045122 -0.0475
internal_weight=951 630 321 509 435 121 294 191 105 86 199 141 103 139 96 122 99 82 80
internal_count=951 630 321 509 435 121 294 191 105 86 199 141 103 139 96 122 99 82 80
is_linear=0
shrinkage=0.05


Tree=39
num_leaves=18
num_cat=0
split_feature=16 12 5 9 9 44 10 44 14 14 38 39 39 10 44 39 14
split_gain=63.7637 27.4512 41.1714 15.1944 20.5288 9.31257 8.31386 7.56493 7.56229 7.26799 11.9188 8.05102 7.75758 5.83346 5.37075 4.87435 1.82222
threshold=0.62241741545870888 108.32000000000001 0.41428571428571431 759.82500000000016 349.12500000000006 0.021973348454777403 215.98000000000005 0.035582648142897612 107.98000000000002 77.560000000000002 187.13202947845812 -20.742328562430941 -17.947127258296518 192.51500000000001 0.035582648142897612 -17.193325492093006 116.03500000000001
decision_type=2 2 2 2 2 2 2 2 2 2 2 2 2 2 2 2 2
left_child=16 3 5 4 7 6 -3 13 -4 -7 14 -12 -13 -2 -11 -8 -1
right_child=1 2 8 -5 -6 9 15 -9 -10 10 11 12 -14 -15 -16 -17 -18
leaf_value=0.37422896856582888 -0.081234160401886871 -0.75559706184997355 -0.34630699556999717 0.30527066552104787 -0.29303900951003925 0.20337440497611789 -0.064854504585585823 0.059972274135004257 -0.30112738985701032 -0.16736351301886077 -0.083986236777900208 0.1014761165689425 -0.0047022298110181993 0.14565364710413817 -0.39079301160850588 0.055803869207282732 1.6753195909345786
leaf_weight=40 50 51 71 77 50 74 50 65 40 43 40 66 66 43 42 44 41
leaf_count=40 50 51 71 77 50 74 50 65 40 43 40 66 66 43 42 44 41
internal_value=0.000157398 -0.0037844 -0.00996593 0.00894737 0.00192308 -0.00357143 -0.0141379 0.0107595 -0.0373874 0.0010574 -0.00291829 0.00465116 0.0106061 0.0016129 -0.0182353 -0.00531915 0.0425926
internal_weight=953 872 587 285 208 476 145 158 111 331 257 172 132 93 85 94 81
internal_count=953 872 587 285 208 476 145 158 111 331 257 172 132 93 85 94 81
is_linear=0
shrinkage=0.05


Tree=40
num_leaves=17
num_cat=1
split_feature=16 58 25 29 48 71 14 63 33 51 12 63 68 38 25 21
split_gain=51.2465 25.9803 29.0704 18.8051 15.8487 15.5602 21.4253 18.1221 10.4321 10.0949 9.60439 8.03412 7.18685 9.03556 6.71118 2.45
threshold=0.60959767171151491 134.44500000000002 545.00000000000011 -141.47499999999999 1.0000000180025095e-35 -19.256204845723961 85.450000000000017 0.7665126575383534 0.68503853935262737 0 121.43000000000002 0.82881109191913194 68.687500000000014 189.90105442176881 395.00000000000006 1805.0000000000002
decision_type=2 2 2 2 2 2 2 2 2 1 2 2 2 2 2 2
left_child=-1 2 4 -4 11 7 -7 15 -9 10 -8 14 -11 -14 -2 -5
right_child=1 -3 3 5 -6 6 9 8 -10 12 -12 -13 13 -15 -16 -17
leaf_value=0.46740053407731746 0.10223277490096194 -0.2583361032242763 -0.39908057006370967 -0.10704483454349188 -0.065311066933772463 -0.66838450105419056 -0.20844913564621095 0.3427712903405869 -0.00098358997473031447 -0.021387307517227686 0.021555417699873305 0.36408049458394776 -0.0066080376886880291 0.23081976492857451 0.0039486977735457172 -0.31664895307190516
leaf_weight=69 64 54 73 40 60 78 61 77 44 54 42 55 43 53 53 40
leaf_count=69 64 54 73 40 60 78 61 77 44 54 42 55 43 53 53 40
internal_value=-0.000208333 -0.00342312 -0.00125448 -0.00702479 0.0137931 -0.0037594 -0.010423 0.00721393 0.0194215 -0.00335968 -0.0146018 0.0215116 0.005 0.0135417 0.0141026 -0.01125
internal_weight=960 891 837 605 232 532 331 201 121 253 103 172 150 96 117 80
internal_count=960 891 837 605 232 532 331 201 121 253 103 172 150 96 117 80
cat_boundaries=0 1
cat_threshold=14784
is_linear=0
shrinkage=0.05


Tree=41
num_leaves=19
num_cat=0
split_feature=16 13 5 14 44 5 9 63 29 10 30 29 24 42 35 17 22 8
split_gain=45.8556 23.7379 19.6596 18.2853 17.9064 17.5176 14.1869 13.6421 10.1649 11.0315 8.78028 7.61392 6.71329 5.73919 8.19405 4.99221 3.40844 2.70173
threshold=0.61983370751374733 111.18000000000002 0.36666666666666675 114.37500000000001 0.020839240147434004 0.41428571428571431 960.84000000000015 0.75907278790877963 -88.105000000000032 210.36500000000004 17.834999999999983 -137.92000000000004 864.3900000000001 0.88827404264373522 0.21233774896152163 145.00000000000003 435.00000000000006 1373.2766439909299
decision_type=2 2 2 2 2 2 2 2 2 2 2 2 2 2 2 2 2 2
left_child=17 3 10 4 8 6 7 -6 9 -2 11 -3 15 -14 -15 -9 -8 -1
right_child=1 2 -4 -5 5 -7 16 12 -10 -11 -12 -13 13 14 -16 -17 -18 -19
leaf_value=0.73482085552176046 -0.66251499734074459 -0.20029717991500748 -0.44204496417200512 0.1919267050115015 0.10980653561804275 -0.10483561436265348 0.18823521568804313 -0.023328486731652553 0.030819385518656262 -0.049565974740617948 -0.28131976029302985 0.1849778791180004 -0.45346893277244366 -0.062819336019564534 0.21301399512191496 0.089083517135158635 0.73702021656363792 0.36068400788943755
leaf_weight=40 51 61 68 56 45 79 44 40 62 43 44 52 41 48 41 70 42 44
leaf_count=40 51 61 68 56 45 79 44 40 62 43 44 52 41 48 41 70 42 44
internal_value=0.00159629 -0.00174746 -0.0157778 0.00302115 0.00049505 0.00555556 0.0101078 0.00473684 -0.0141026 -0.0244681 -0.00605096 0.00132743 0 -0.00769231 -0.000561798 0.00909091 0.027907 0.0369048
internal_weight=971 887 225 662 606 450 371 285 156 94 157 113 240 130 89 110 86 84
internal_count=971 887 225 662 606 450 371 285 156 94 157 113 240 130 89 110 86 84
is_linear=0
shrinkage=0.05


Tree=42
num_leaves=18
num_cat=0
split_feature=16 29 5 44 32 42 15 30 13 63 14 14 38 29 36 63 8
split_gain=51.6574 27.4861 34.8419 19.9214 14.338 16.0827 13.5171 10.0266 8.98511 9.28286 8.35266 7.6741 7.17554 6.396 6.12078 3.34448 2.76144
threshold=0.61983370751374733 -105.01499999999997 0.2678571428571429 0.021973348454777403 0.87071548521447983 0.90806466450300061 64.27000000000001 6.780000000000002 107.27500000000002 0.76253923858152584 110.88000000000001 95.105000000000018 204.41649659863961 -131.40499999999997 0.0059672209559064006 0.82960565548744758 1360.3968253968258
decision_type=2 2 2 2 2 2 2 2 2 2 2 2 2 2 2 2 2
left_child=16 2 3 6 -3 12 -2 -7 9 -5 -4 -11 -6 -10 15 -9 -1
right_child=1 4 10 8 5 7 -8 14 13 11 -12 -13 -14 -15 -16 -17 -18
leaf_value=1.1109511453916301 -0.020018461777565479 0.29268512617332582 -0.32587284752704343 0.17225798997507269 -0.1233380144136394 -0.050386169581440404 -0.96296121175370752 0.007065477520431962 0.08700867701408016 -0.097997254672374023 -0.28200214300938814 0.13400574846350607 -0.022161981830164025 -0.20859838525258817 0.26675683820839352 0.22905050606213584 0.35135677310442903
leaf_weight=40 77 67 72 40 40 52 44 40 72 48 44 52 71 62 43 52 45
leaf_count=40 77 67 72 40 40 52 44 40 72 48 44 52 71 62 43 52 45
internal_value=-0.000156087 -0.00376712 -0.0112524 -0.00417722 0.00671233 0.00201342 -0.0210744 0.0109626 0.00328467 0.0121429 -0.0353448 0.004 -0.0130631 -0.00597015 0.0181481 0.0108696 0.0370588
internal_weight=961 876 511 395 365 298 121 187 274 140 116 100 111 134 135 92 85
internal_count=961 876 511 395 365 298 121 187 274 140 116 100 111 134 135 92 85
is_linear=0
shrinkage=0.05


Tree=43
num_leaves=17
num_cat=2
split_feature=12 12 39 14 59 51 51 35 21 21 42 15 13 11 13 38
split_gain=53.0406 24.3668 28.0221 26.7497 18.0915 10.6513 8.79265 8.27974 7.03504 13.3762 5.89088 5.36285 11.6319 5.05835 4.75273 4.29988
threshold=72.975000000000009 139.54000000000005 -19.256204845723961 81.38000000000001 512.52500000000009 0 1 0.078449008363566511 945.00000000000011 822.12000000000012 0.92444055466968478 68.77500000000002 80.760000000000005 546.79500000000019 120.74500000000002 205.95037414966001
decision_type=2 2 2 2 2 1 1 2 2 2 2 2 2 2 2 2
left_child=-1 2 5 13 14 10 7 -5 9 -8 -2 -7 -13 -4 -3 -10
right_child=1 4 3 6 -6 11 8 -9 15 -11 -12 12 -14 -15 -16 -17
leaf_value=0.35114013262382182 -0.1232182094174835 -0.0078611650332021561 -0.089407547710583665 -0.010112826340749059 -0.40639384428966852 0.21829419351110532 -0.003070625322063059 0.19566300794264394 0.11168853500609544 -0.6174193335752286 0.063822717586318592 0.20570008012947341 -0.060723169885177342 -0.74258278180511683 -0.22862558894683824 -0.094630834811283301
leaf_weight=79 41 78 45 54 62 73 54 71 41 40 67 61 42 42 60 44
leaf_count=79 41 78 45 54 62 73 54 71 41 40 67 61 42 42 60 44
internal_value=-0.000628931 -0.00417143 0.00037037 -0.00831202 -0.0195 0.0123239 -0.00131579 0.00851852 -0.00820106 -0.0180851 -0.000847458 0.0193548 0.0131068 -0.0327586 -0.00942029 0.00176471
internal_weight=954 875 675 391 200 284 304 125 179 94 108 176 103 87 138 85
internal_count=954 875 675 391 200 284 304 125 179 94 108 176 103 87 138 85
cat_boundaries=0 1 2
cat_threshold=789002 737832
is_linear=0
shrinkage=0.05


Tree=44
num_leaves=20
num_cat=1
split_feature=16 22 68 51 44 15 36 5 32 12 25 44 36 12 44 12 10 43 8
split_gain=52.7743 24.7079 21.8771 19.1157 15.2525 14.6655 14.1355 12.4368 9.77981 9.63333 7.60075 6.75713 7.65572 6.89074 5.3038 5.05468 3.34913 3.18977 1.95282
threshold=0.61983370751374733 1142.4150000000002 31.914000000000009 0 0.034165012758718409 75.300000000000011 0.0080462399443421012 0.41428571428571431 0.93925277990125056 102.92500000000001 655.00000000000011 0.021973348454777403 0.04180062976178401 118.45000000000002 0.016019279841224802 137.12500000000003 208.63500000000002 0.97484896097213525 1360.3968253968258
decision_type=2 2 2 1 2 2 2 2 2 2 2 2 2 2 2 2 2 2 2
left_child=18 2 9 4 6 7 8 11 -4 -2 -10 14 13 -13 -5 -15 -6 -8 -1
right_child=1 -3 3 5 16 -7 17 -9 10 -11 -12 12 -14 15 -16 -17 -18 -19 -20
leaf_value=0.76382988926135909 0.33603654553522944 -0.38286849375268911 -0.23761381791528891 -0.062540859873029583 0.15589973210688798 0.092489918997392104 0.061741884423258502 -0.29050449798035949 -0.088159696880979521 0.069198907408476451 0.088339437963707121 -0.064103909222879105 -0.19059847438066946 0.097121879039072934 -0.36534096463768295 -0.10833575319567218 0.059037379520546551 0.30038625742128033 0.29881799659909003
leaf_weight=40 49 43 58 50 53 49 44 48 55 56 56 54 52 41 61 49 43 42 43
leaf_count=40 49 43 58 50 53 49 44 48 55 56 56 54 52 41 61 49 43 42 43
internal_value=-0.00020284 -0.00370986 -0.00186047 -0.00483444 0.00373961 -0.0120773 -0.00254902 -0.0159155 -0.0109467 0.0195238 -0.00225225 -0.012215 -0.00663265 -0.000694444 -0.0220721 0.00777778 0.0208333 0.0139535 0.0379518
internal_weight=986 903 860 755 351 404 255 355 169 105 111 307 196 144 111 90 96 86 83
internal_count=986 903 860 755 351 404 255 355 169 105 111 307 196 144 111 90 96 86 83
cat_boundaries=0 1
cat_threshold=1811620
is_linear=0
shrinkage=0.05


Tree=45
num_leaves=19
num_cat=1
split_feature=16 13 59 42 15 14 51 62 9 24 33 9 44 35 15 33 68 8
split_gain=51.3057 24.3758 21.6291 13.0694 14.0723 14.7636 12.9595 10.141 13.4337 8.72512 9.0381 7.33968 6.68684 6.28874 4.61781 6.98928 4.59417 4.39477
threshold=0.61983370751374733 110.26000000000001 512.52500000000009 0.91933351485740189 64.66500000000002 85.450000000000017 0 2202.9950000000003 960.84000000000015 854.86500000000012 0.70128147508448191 372.19500000000005 0.018477389921550302 0.11605049378787262 56.589999999999996 0.77796072849366682 98.559500000000014 1335.8163265306123
decision_type=2 2 2 2 2 2 1 2 2 2 2 2 2 2 2 2 2 2
left_child=17 3 14 4 -2 -6 16 8 9 13 -11 12 -7 -8 -3 -16 -5 -1
right_child=1 2 -4 6 5 11 7 -9 -10 10 -12 -13 -14 -15 15 -17 -18 -19
leaf_value=0.72563839479829118 0.1012480143038367 -0.17742317586162529 -0.35211053143765914 0.029395690512406071 -0.66282855274720376 -0.089142911368390365 0.17624615974582342 -0.083765789944453675 0.53291021011553619 0.18630828415553272 -0.020502722497437988 -0.15229993922516272 0.043562106201137853 0.024831168856020016 0.13270892028708411 -0.18385025736756655 -0.14363282893719997 0.32167681954409044
leaf_weight=40 49 74 64 40 57 48 41 40 66 47 41 63 57 40 52 46 63 45
leaf_count=40 49 74 64 40 57 48 41 40 66 47 41 63 57 40 52 46 63 45
internal_value=-5.13875e-05 -0.0036036 -0.0173729 0.00138037 -0.00693431 -0.0122222 0.00740741 0.012807 0.017234 0.00976331 -0.00113636 -0.0047619 0.00333333 0.0216049 -0.00813953 -0.00102041 -0.00752212 0.0370588
internal_weight=973 888 236 652 274 225 378 275 235 169 88 168 105 81 172 98 103 85
internal_count=973 888 236 652 274 225 378 275 235 169 88 168 105 81 172 98 103 85
cat_boundaries=0 1
cat_threshold=53536
is_linear=0
shrinkage=0.05


end of trees

feature_importances:
base_pre=56
base_cons_gap=52
zcr_mean=49
f0_voicing_mean=44
row_ratio_in_wav=40
base_offset_to_expected_ms=37
base_ovl=34
base_cut_gap=32
base_cons=31
words_vs_alias_score_margin=31
base_ovl_ratio=26
db_min=23
wav_duration_ms=22
syllable_len_ms=22
db_mean=21
base_offset=20
voicing_class=19
mapping_confidence=18
valley_dist_from_cutoff_ms=15
curr_phone_len_ms=13
syllable_start_ms=13
base_pre_to_expected_ms=13
next_base_offset=13
base_cutoff_abs=11
curr_vowel_end_ms=11
curr_vowel_len_ms=10
energy_slope_pre=10
vowel_class=10
is_tense=9
syllable_end_ms=8
next_base_pre=7
next_base_cutoff_abs=7
curr_phone_end_ms=6
energy_mean=6
energy_min=6
energy_slope_post=5
f0_voicing_near_pre=5
prev_base_pre=5
curr_phone_start_ms=4
spectral_flux_mean=4
local_peak_db=4
row_index_in_wav=3
prev_base_offset=3
curr_vowel_start_ms=2
valley_energy=2
is_diphthong=2
alias_group=1
onset_class=1
is_nasal_or_sonorant=1
used_exact_vowel_fix=1
local_valley_db=1

parameters:
[boosting: gbdt]
[objective: regression_l1]
[metric: l1]
[tree_learner: serial]
[device_type: cpu]
[data_sample_strategy: bagging]
[data: ]
[valid: ]
[num_iterations: 500]
[learning_rate: 0.05]
[num_leaves: 31]
[num_threads: 0]
[seed: 0]
[deterministic: 0]
[force_col_wise: 0]
[force_row_wise: 0]
[histogram_pool_size: -1]
[max_depth: -1]
[min_data_in_leaf: 40]
[min_sum_hessian_in_leaf: 0.001]
[bagging_fraction: 0.85]
[pos_bagging_fraction: 1]
[neg_bagging_fraction: 1]
[bagging_freq: 1]
[bagging_seed: 3]
[bagging_by_query: 0]
[feature_fraction: 0.85]
[feature_fraction_bynode: 1]
[feature_fraction_seed: 2]
[extra_trees: 0]
[extra_seed: 6]
[early_stopping_round: 0]
[early_stopping_min_delta: 0]
[first_metric_only: 0]
[max_delta_step: 0]
[lambda_l1: 0]
[lambda_l2: 0]
[linear_lambda: 0]
[min_gain_to_split: 0]
[drop_rate: 0.1]
[max_drop: 50]
[skip_drop: 0.5]
[xgboost_dart_mode: 0]
[uniform_drop: 0]
[drop_seed: 4]
[top_rate: 0.2]
[other_rate: 0.1]
[min_data_per_group: 100]
[max_cat_threshold: 32]
[cat_l2: 10]
[cat_smooth: 10]
[max_cat_to_onehot: 4]
[top_k: 20]
[monotone_constraints: ]
[monotone_constraints_method: basic]
[monotone_penalty: 0]
[feature_contri: ]
[forcedsplits_filename: ]
[refit_decay_rate: 0.9]
[cegb_tradeoff: 1]
[cegb_penalty_split: 0]
[cegb_penalty_feature_lazy: ]
[cegb_penalty_feature_coupled: ]
[path_smooth: 0]
[interaction_constraints: ]
[verbosity: -1]
[saved_feature_importance_type: 0]
[use_quantized_grad: 0]
[num_grad_quant_bins: 4]
[quant_train_renew_leaf: 0]
[stochastic_rounding: 1]
[linear_tree: 0]
[max_bin: 255]
[max_bin_by_feature: ]
[min_data_in_bin: 3]
[bin_construct_sample_cnt: 200000]
[data_random_seed: 1]
[is_enable_sparse: 1]
[enable_bundle: 1]
[use_missing: 1]
[zero_as_missing: 0]
[feature_pre_filter: 1]
[pre_partition: 0]
[two_round: 0]
[header: 0]
[label_column: ]
[weight_column: ]
[group_column: ]
[ignore_column: ]
[categorical_feature: 0,1,2,3,46,47,50,51,52,53,55,56,70]
[forcedbins_filename: ]
[precise_float_parser: 0]
[parser_config_file: ]
[objective_seed: 5]
[num_class: 1]
[is_unbalance: 0]
[scale_pos_weight: 1]
[sigmoid: 1]
[boost_from_average: 1]
[reg_sqrt: 0]
[alpha: 0.9]
[fair_c: 1]
[poisson_max_delta_step: 0.7]
[tweedie_variance_power: 1.5]
[lambdarank_truncation_level: 30]
[lambdarank_norm: 1]
[label_gain: ]
[lambdarank_position_bias_regularization: 0]
[eval_at: ]
[multi_error_top_k: 1]
[auc_mu_weights: ]
[num_machines: 1]
[local_listen_port: 12400]
[time_out: 120]
[machine_list_filename: ]
[machines: ]
[gpu_platform_id: -1]
[gpu_device_id: -1]
[gpu_use_dp: 0]
[num_gpu: 1]

end of parameters

pandas_categorical:[["korean"], ["cv"], ["cv", "cv_head", "mono", "vc"], ["cv", "cv_glide", "cv_head", "cv_head_glide", "mono", "vc_sonorant", "vc_stop"], ["other", "plosive", "sibilant", "sonorant"], ["unknown", "voiced", "voiceless"], ["nasal", "none", "stop"], ["", "a", "ae", "e", "eo", "eui", "i", "o", "oe", "u", "ui", "wa", "wae", "we", "weo", "wi", "ya", "ye", "yeo", "yo", "yu"], ["head", "mid", "tail"], ["", "vc"], ["", "cv", "cv_head", "mono", "vc"], [""], ["unknown"]]
