tree
version=v4
num_class=1
num_tree_per_iteration=1
label_index=0
max_feature_idx=49
objective=regression
feature_names=language format_type alias_type alias_group candidate_mode candidate_index mapping_confidence jump_blocked_flag used_alias_based_syllables used_nuclei_fallback words_vs_alias_score_margin wav_duration_ms expected_anchor_ms base_offset_to_expected_ms base_pre_to_expected_ms base_cutoff_to_next_anchor_ms prev_phone_gap_ms next_phone_gap_ms energy_mean db_silence_ratio local_peak_db local_valley_db mel_window_energy_mean mel_window_silence_ratio coda_type vowel_class bridge_type mora_position onset_class voicing_class mapping_reason_code prev_alias_type next_alias_type cand_offset cand_cons cand_cutoff_abs cand_pre cand_ovl cand_pre_abs cand_cons_gap cand_cut_gap cand_ovl_ratio cand_offset_to_expected_ms cand_pre_to_expected_ms cand_cutoff_to_next_anchor_ms cand_delta_from_base_total cand_delta_from_base_anchor cand_overlap_margin cand_pre_cons_margin cand_leak_risk
feature_infos=none none -1:0:1:2:3 -1:1:0:3:2:4:6 -1:2:0:1:6:7:4:5 [0:6] [0.55882726817388217:1] none none none [-0.56599999999999973:1610.3230000000001] [700.6802721088435:5749.8412698412694] [10:3630] [-187.78:5.6599999999999966] [-24.970000000000027:93.599999999999923] [-541.99000000000001:2038.79] none [0:560] [0.0164389487117606:1] [0:0.64864864864864868] [-57.858591754737994:-9.6683194513510955] [-94.624466016092001:-13.058172385845188] [0.0164389487117606:1] [0:0.64864864864864868] -1:1:2 -1:15:18:19:13:11:1:6:17:3:16:9:20:4:7:14:8:12:2:5:0:10 -1:0:1 -1:0:1:2 -1:1:3:2:0 -1:1:2:0 none -1:0:1:2:4 none [0:3535.5999999999999] [100.16:293.76999999999998] [225.94999999999999:3839.54] [4:176.51050000000001] [0:141.74000000000001] [53.579999999999998:3635.9000000000001] [29.010000000000005:167.51099999999997] [59.510000000000019:3620.5300000000002] [0:0.90178571428571441] [-187.78:5.6599999999999966] [-34.32100000000014:93.599999999999923] [-204.16999999999999:2038.79] [0:394.48000000000002] [0:10.043999999999867] [4:82.069999999999993] [29.010000000000005:167.51099999999997] [0:204.16999999999999]
tree_sizes=2718 2678 2673 2672 2679 2665 2697 2690 2706 2694 2675 2663 2621 2654 2688 2674 2649 2705 2676 2664 2689 2677 2671

Tree=0
num_leaves=31
num_cat=7
split_feature=13 27 3 11 35 25 15 17 13 13 35 35 48 33 28 10 20 28 6 11 10 15 25 14 15 11 33 20 15 29
split_gain=5.03717e+06 3.3929e+06 4.15099e+06 2.78794e+06 1.83181e+06 1.4533e+06 1.33252e+06 1.59095e+06 1.24484e+06 1.13406e+06 1.09299e+06 2.06399e+06 783927 756734 640578 516988 515312 482635 465773 418574 405392 402668 388003 333054 314972 645579 379704 367855 311475 299495
threshold=-92.359999999999943 0 1 2644.8979591836737 1827.8900000000001 2 415.04000000000013 29.99999999999989 -126.88999999999999 -148.505 1217.1100000000004 2190.8000000000006 96.498000000000019 2477.4450000000002 3 51.283499999999997 -19.668312070025589 4 0.76675371398622794 1392.8571428571431 26.874500000000001 203.17499999999998 5 12.089999999999989 -1.0000000180025095e-35 2351.020408163266 196.90500000000003 -19.710880537847853 306.33000000000021 6
decision_type=2 1 9 2 2 1 2 2 2 2 2 2 2 2 1 2 2 1 2 2 2 2 1 2 2 2 2 2 2 1
left_child=1 8 10 5 -5 20 7 9 -1 -4 14 28 -13 21 23 -7 17 -16 24 -20 -2 -6 -17 -3 -11 26 27 -26 -12 -18
right_child=3 2 6 4 13 15 -8 -9 -10 18 11 12 -14 -15 16 22 29 -19 19 -21 -22 -23 -24 -25 25 -27 -28 -29 -30 -31
leaf_value=-261.39628786355138 -254.18687436687611 -248.17674736574884 -252.53177208071023 -247.88934207781318 -260.44855289193725 -251.24046240114234 -262.76066272047751 -251.20448605090843 -255.83684373113942 -260.93721802309744 -250.70644493459076 -252.96005161542809 -258.76549434278462 -250.8220981285348 -252.18461888592486 -256.29085235742122 -254.79872168309717 -256.16014558155842 -259.17293520208909 -255.44194741187158 -257.46454731562665 -254.04304649541271 -253.06912966111855 -253.11071126567697 -253.46018167397352 -251.26827587153954 -258.67731478531601 -257.31888731055147 -255.20831375168092 -256.51172161983163
leaf_weight=315 145 40 114 419 42 357 100 117 148 40 611 98 143 119 234 107 520 105 553 87 270 59 503 236 106 56 187 148 41 501
leaf_count=315 145 40 114 419 42 357 100 117 148 40 611 98 143 119 234 107 520 105 553 87 270 59 503 236 106 56 187 148 41 501
internal_value=-254.634 -255.565 -255.1 -252.56 -249.829 -253.823 -257.167 -256.787 -259.619 -257.293 -253.861 -252.451 -256.405 -253.524 -254.626 -252.771 -255.075 -253.389 -257.755 -258.666 -256.279 -256.707 -253.636 -252.474 -256.669 -256.325 -256.967 -255.709 -250.99 -255.639
internal_weight=6521 4500 4037 2021 639 1382 1508 1408 463 1291 2529 893 241 220 1636 967 1360 339 1177 640 415 101 610 276 537 497 441 254 652 1021
internal_count=6521 4500 4037 2021 639 1382 1508 1408 463 1291 2529 893 241 220 1636 967 1360 339 1177 640 415 101 610 276 537 497 441 254 652 1021
cat_boundaries=0 1 2 3 4 5 6 7
cat_threshold=4 14 726 4 2 1310728 2
is_linear=0
shrinkage=1


Tree=1
num_leaves=31
num_cat=9
split_feature=31 25 31 35 15 15 13 21 13 25 29 20 28 10 13 20 34 15 10 37 12 15 29 25 21 25 10 10 34 11
split_gain=6.27552e+06 3.22655e+06 3.08963e+06 1.7606e+06 1.17747e+06 1.69861e+06 990658 929644 923233 890406 843812 692284 580766 580180 545536 524784 484841 468858 424753 407818 468388 405389 398396 385790 342789 270929 314291 260962 340905 258025
threshold=0 1 2 1233.8300000000002 410.25500000000005 99.57500000000006 -90.224999999999994 -46.307459760851991 -134.56999999999996 3 4 -20.580744279192192 5 81.09350000000002 -96.804999999999936 -20.206325711121259 237.23000000000005 245.40000000000015 67.770000000000024 126.80000000000001 495.00000000000006 287.56999999999988 6 7 -27.782580900491869 8 145.06400000000002 188.42450000000002 190.22000000000003 1146.1791383219959
decision_type=9 1 9 2 2 2 2 2 2 1 1 2 1 2 2 2 2 2 2 2 2 2 1 1 2 1 2 2 2 2
left_child=13 4 8 9 5 6 7 -2 -3 15 17 -8 -11 -1 22 -4 21 -10 -7 25 -21 -5 -14 -12 -13 -9 29 28 -17 -27
right_child=1 2 3 16 -6 18 11 19 10 12 23 24 14 -15 -16 27 -18 -19 -20 20 -22 -23 -24 -25 -26 26 -28 -29 -30 -31
leaf_value=6.5446118046918258 -9.2658011627197272 -5.6447720610880827 4.1014016345697781 4.5618892708389049 -6.67288289864858 3.6708378979764831 2.4602289088360676 -0.89026910112756819 -2.5953696709270626 2.1727733378844021 -2.2988481648943639 -2.4878310039310776 -0.18231478630214304 0.59999360442161564 0.85628197793770777 2.9073139608782883 -0.93464058120295679 -8.2583743375890393 -0.37228860744723569 2.0421415839876449 -4.0212830212651474 0.061438934478376596 -2.2008023498884213 1.3422279131256565 0.6583485805642183 -3.5377396464003041 -5.0838834679003853 4.2095020029279926 -0.048520171236300813 -1.6788934703255975
leaf_weight=381 55 184 215 470 123 163 154 170 129 241 100 272 523 46 537 136 53 51 108 91 49 56 459 205 127 497 194 63 345 299
leaf_count=381 55 184 215 470 123 163 154 170 129 241 100 272 523 46 537 136 53 51 108 91 49 56 459 205 127 497 194 63 345 299
internal_value=-0.0183068 -0.434285 0.467145 1.13363 -1.90503 -1.64464 -2.17075 -2.89859 -2.59044 0.56583 -1.4851 -0.38735 -0.0566833 5.7691 -0.422299 1.98395 3.62348 -4.19989 2.05956 -2.62921 -0.080057 4.08275 -1.12578 0.117068 -1.48642 -2.93687 -3.24652 1.18355 0.787225 -2.8395
internal_weight=6496 6069 3767 3098 2302 2179 1908 1355 669 2519 485 553 1760 427 1519 759 579 180 271 1300 140 526 982 305 399 1160 990 544 481 796
internal_count=6496 6069 3767 3098 2302 2179 1908 1355 669 2519 485 553 1760 427 1519 759 579 180 271 1300 140 526 982 305 399 1160 990 544 481 796
cat_boundaries=0 1 2 3 4 5 6 7 8 9
cat_threshold=4 5085 2 328736 1 4 2 1703936 4096
is_linear=0
shrinkage=0.05


Tree=2
num_leaves=31
num_cat=9
split_feature=31 31 33 25 6 17 10 10 12 21 14 13 10 15 25 37 29 17 25 29 20 13 25 18 28 13 20 20 10 41
split_gain=5.36138e+06 2.82563e+06 3.5424e+06 2.73478e+06 1.55024e+06 1.05744e+06 1.00702e+06 872029 710535 664005 730277 661034 601529 511880 480501 478961 456518 417166 395613 382125 356920 353619 350907 327571 297149 281779 270789 258137 251711 236618
threshold=0 1 932.80000000000007 2 0.86426243406544245 35.000000000000007 52.162000000000013 31.411999999999999 2075.0000000000005 -49.701562733342726 6.2549999999999963 -149.86499999999998 79.521500000000017 287.56999999999988 3 103.72500000000001 4 115.00000000000001 5 6 -21.093114994066671 -76.825000000000003 7 0.94414589895654 8 -81.964999999999989 -21.509237226711566 -20.167573074320881 188.42450000000002 0.82112869033337288
decision_type=9 9 2 1 2 2 2 2 2 2 2 2 2 2 1 2 1 2 1 1 2 2 1 2 1 2 2 2 2 2
left_child=12 4 3 7 5 9 -5 19 -6 29 -11 -9 -1 15 -13 -12 -4 -7 26 -3 -16 -22 -17 27 -20 -21 -8 -18 -28 -2
right_child=1 2 16 6 8 17 18 11 -10 10 13 14 -14 -15 20 22 23 -19 24 25 21 -23 -24 -25 -26 -27 28 -29 -30 -31
leaf_value=6.2266687997444938 -5.7684732969601953 5.4046296285546349 5.4450989415989595 3.3547472069660822 -2.620574166968062 2.4424057454478985 3.9889375667462406 1.8846099726417487 3.4597640691882505 -5.7569854036421226 0.43424406641755592 -1.0494263779501369 0.93394283037337056 -5.2204357115690376 -0.52274965130620543 -0.66667602580526608 0.06197556010507918 -3.5641678425051815 1.962358461341388 3.6482688654552811 -3.4258097427230059 0.20481862674156825 -4.9070403267355527 3.787165876613674 -0.48132755404852268 -1.0454586357515083 0.56959918938513354 3.7798386175241045 3.8467444234819554 -10.208984745873346
leaf_weight=363 90 46 201 339 74 98 87 102 137 233 176 609 63 121 144 105 154 41 132 44 979 72 109 269 1001 117 467 67 67 45
leaf_count=363 90 46 201 339 74 98 87 102 137 233 176 609 63 121 144 105 154 41 132 44 979 72 109 269 1001 117 467 67 67 45
internal_value=-0.0385012 -0.419064 0.120466 -0.424365 -2.55247 -3.3817 0.855951 -1.68862 1.32732 -4.02252 -3.43714 -2.03135 5.31908 -2.37936 -2.25277 -1.49789 3.4385 0.670683 0.377882 1.38559 -2.83352 -3.17709 -3.08694 2.61539 -0.181949 0.237299 1.37999 1.18911 0.980777 -7.24864
internal_weight=6552 6126 4897 4206 1229 1018 2093 2113 211 879 744 1906 426 511 1804 390 691 139 1754 207 1195 1051 214 490 1133 161 621 221 534 135
internal_count=6552 6126 4897 4206 1229 1018 2093 2113 211 879 744 1906 426 511 1804 390 691 139 1754 207 1195 1051 214 490 1133 161 621 221 534 135
cat_boundaries=0 1 2 3 4 5 6 7 8 9
cat_threshold=4 18 7134 6146 1 328736 2 573520 4
is_linear=0
shrinkage=0.05


Tree=3
num_leaves=31
num_cat=6
split_feature=31 27 35 3 34 21 10 13 13 13 29 10 12 13 37 37 45 33 35 35 25 20 18 21 34 38 29 20 10 33
split_gain=4.90898e+06 2.73717e+06 3.70521e+06 2.51375e+06 1.44997e+06 1.74003e+06 957198 964829 840739 752434 669082 626912 501725 653124 418573 393325 368330 353142 351138 345867 444474 334607 314890 273314 273094 271209 266646 259541 245411 244280
threshold=0 1 1233.8300000000002 2 232.60000000000005 -54.108656338891898 26.874500000000001 -149.86499999999998 -92.749999999999986 -90.549999999999969 3 79.521500000000017 2625.0000000000005 -105.72499999999998 101.07500000000002 110.84000000000002 13.050999999999975 281.12000000000006 485.31 662.43000000000006 4 -18.126682358991612 0.94208642465142522 -34.189947854189036 241.76000000000002 297.18000000000006 5 -19.740422878336144 197.69300000000001 141.14000000000001
decision_type=9 1 2 9 2 2 2 2 2 2 1 2 2 2 2 2 2 2 2 2 1 2 2 2 2 2 1 2 2 2
left_child=11 2 3 6 5 -3 21 -8 10 12 -5 -1 13 22 23 28 -11 -9 -10 20 -12 26 -7 -4 -17 29 -2 -15 -6 -22
right_child=1 4 14 8 15 9 7 17 18 16 19 -13 -14 27 -16 24 -18 -19 -20 -21 25 -23 -24 -25 -26 -27 -28 -29 -30 -31
leaf_value=6.0262894043962056 0.15738917467925623 -5.9806565278913917 1.895283339569966 -2.4868157055888158 0.39895110752271568 1.7127646466337361 2.273858597209153 -2.1062313016826999 2.8405396981606299 3.2876533097416694 -1.2260232034548388 0.65691082682460555 -4.8374187802159518 -1.4967893435425168 2.3815735191393359 -9.5538082903081722 -1.423075685081157 -3.7822560562167831 0.79154568989620067 1.472377401068327 1.2651598844845691 -1.3955599986455021 -2.2557524652417862 5.6311642083906595 -5.280801600337508 -0.20675307960490455 4.9525258977648239 -6.0653173397327294 -4.6376606006248329 5.1744877239465721
leaf_weight=361 49 164 60 243 46 206 103 819 443 169 500 64 86 67 312 44 55 510 396 466 199 68 66 266 249 286 71 58 51 50
leaf_count=361 49 164 60 243 46 206 103 819 443 169 500 64 86 67 312 44 55 510 396 466 199 68 66 266 249 286 71 58 51 50
internal_value=-0.0343899 -0.399541 0.140278 -0.398661 -2.47508 -1.34056 -1.93577 -2.38809 0.570664 -0.264211 -0.0527984 5.09778 -1.37503 -0.624996 3.69069 -5.00886 2.131 -2.7494 1.87343 0.34125 -0.168031 1.40661 0.749816 4.94358 -5.92248 0.828183 2.99451 -3.61659 -2.24916 2.05017
internal_weight=6527 6102 4841 4203 1261 871 1620 1432 2583 707 1744 425 483 397 638 390 224 1329 839 1501 1035 188 272 326 293 535 120 125 97 249
internal_count=6527 6102 4841 4203 1261 871 1620 1432 2583 707 1744 425 483 397 638 390 224 1329 839 1501 1035 188 272 326 293 535 120 125 97 249
cat_boundaries=0 1 2 3 4 5 6
cat_threshold=4 1 1 1 571392 1
is_linear=0
shrinkage=0.05


Tree=4
num_leaves=31
num_cat=7
split_feature=31 27 35 3 6 17 20 10 37 14 34 21 37 25 15 10 18 17 38 33 37 34 34 35 20 28 25 25 21 11
split_gain=4.17621e+06 2.36988e+06 3.3488e+06 2.18091e+06 1.5123e+06 966503 838133 699123 653366 647333 547297 546917 649428 466615 436203 392896 370639 360957 358192 331820 313811 304235 301880 288121 335806 282852 269671 266769 261686 240488
threshold=0 1 1233.8300000000002 2 0.86426243406544245 35.000000000000007 -21.029097170112788 52.162000000000013 124.96500000000002 6.99000000000001 204.24000000000004 -49.701562733342726 109.58500000000002 3 856.21500000000026 39.529000000000003 0.84358578286864905 115.00000000000001 256.65000000000009 249.08000000000001 101.07500000000002 223.30500000000004 228.69000000000003 414.49500000000006 -19.740422878336144 4 5 6 -34.189947854189036 1124.8752834467123
decision_type=9 1 2 9 2 2 2 2 2 2 2 2 2 1 2 2 2 2 2 2 2 2 2 2 2 1 1 1 2 2
left_child=10 2 3 6 5 11 16 19 15 -6 -1 -3 14 21 27 -8 -2 -7 -18 -5 28 -9 -14 24 -17 -15 -25 -13 -4 -27
right_child=1 4 20 7 9 17 8 13 -10 -11 -12 12 22 25 -16 23 18 -19 -20 -21 -22 -23 -24 26 -26 29 -28 -29 -30 -31
leaf_value=5.7324330240922485 3.3683807034646316 -6.7792153377686777 1.7417901296394342 3.8125537564128225 -1.7865527492037723 2.1952243056252736 -0.49274939752993041 -1.0592342051189341 1.2778291478776971 3.7754036058751193 1.0428443072657838 -2.8482518338021778 -2.146173111597697 1.3814443778892418 -6.5892393875122073 1.7835281762751667 1.7694263139328399 -3.22874692512113 -3.0691917782159228 0.81130591109395034 2.3519738565112154 0.60770213408329909 -5.3636574153459513 -4.7437408312824427 -2.4924224796778649 0.21105674859639764 -2.4933363436588221 0.091651738116946005 5.2476857386502358 -3.9630002106560607
leaf_weight=343 93 124 66 217 88 107 183 769 117 129 76 116 96 838 40 55 77 43 76 160 300 425 303 311 278 148 410 206 275 45
leaf_count=343 93 124 66 217 88 107 183 769 117 129 76 116 96 838 40 55 77 43 76 160 300 425 303 311 278 148 410 206 275 45
internal_value=-0.000526324 -0.335612 0.16513 -0.348391 -2.27527 -3.07096 -1.79451 0.545644 -2.29351 1.51986 4.76802 -3.7 -3.19826 0.210377 -1.66479 -2.6313 0.879051 0.640353 -0.63407 2.53881 3.53146 -0.462025 -4.58953 -3.0026 -1.78618 0.984021 -3.56441 -1.05305 4.56913 -0.724624
internal_weight=6514 6095 4843 4202 1252 1035 1600 2602 1354 217 419 885 761 2225 362 1237 246 150 153 377 641 1194 399 1054 333 1031 721 322 341 193
internal_count=6514 6095 4843 4202 1252 1035 1600 2602 1354 217 419 885 761 2225 362 1237 246 150 153 377 641 1194 399 1054 333 1031 721 322 341 193
cat_boundaries=0 1 2 3 4 5 6 7
cat_threshold=4 1 1 1620240 6 92 1458184
is_linear=0
shrinkage=0.05


Tree=5
num_leaves=31
num_cat=8
split_feature=31 25 27 15 35 10 37 17 21 10 34 35 3 25 28 13 38 28 34 21 28 13 33 11 11 12 10 10 11 39
split_gain=4.16427e+06 2.16679e+06 1.86876e+06 1.35095e+06 1.14178e+06 1.08385e+06 939753 838075 784107 769053 499345 496382 520103 433480 431527 629090 399100 380789 329667 321629 312689 319229 296120 269049 332866 305425 264770 246688 238009 230499
threshold=0 1 2 410.25500000000005 1214.0050000000003 29.500000000000117 107.36000000000001 29.99999999999989 -45.533020090672004 52.162000000000013 204.24000000000004 3240.2550000000006 3 4 5 -149.86499999999998 147.10500000000005 6 226.75500000000002 -51.30420152555039 7 -128.28499999999997 785.4000000000002 1052.5510204081636 5638.0952380952394 955.00000000000011 52.162000000000013 135.69800000000001 1124.8752834467123 107.08060000000002
decision_type=9 1 1 2 2 2 2 2 2 2 2 2 9 1 1 2 2 1 2 2 1 2 2 2 2 2 2 2 2 2
left_child=10 2 4 5 9 16 17 8 22 -2 -1 12 14 -11 15 -10 -3 -4 -9 -18 21 -15 -7 29 25 27 -14 -25 -22 -17
right_child=1 3 6 -5 -6 7 -8 18 11 13 -12 -13 26 20 -16 23 19 -19 -20 -21 28 -23 -24 24 -26 -27 -28 -29 -30 -31
leaf_value=5.5005939395291286 3.2178803224455232 -2.8536037535894487 -1.7725117903360179 -6.0666791425624362 3.501884946368349 -3.0092189254760746 -4.332501949582781 2.7341103538206433 2.139967089023405 -0.54009248926217512 0.99822665034113711 2.7321369619930493 3.5543255816806445 5.6345524181019186 -3.6888394696716063 -3.3366529696943736 -1.386788328911396 1.305560264939257 -1.0888492346656593 3.1557386442708477 0.21232356044975731 1.2493793154562152 -7.4673244804949377 -1.0616233583490275 -5.5572306156158451 1.7142626851797105 -0.51660106211005952 -4.7300011279536234 -3.8295599609613422 -0.67660662766326884
leaf_weight=367 264 42 203 142 443 75 238 157 103 795 74 68 44 44 324 404 47 181 88 228 151 731 74 452 42 91 433 51 48 102
leaf_count=367 264 42 203 142 443 75 238 157 103 795 74 68 44 44 324 404 47 181 88 228 151 731 74 452 42 91 433 51 48 102
internal_value=0.00434997 -0.3398 0.58437 -1.3035 1.20175 -1.06869 -1.86386 -1.41687 -1.71761 0.700543 4.63988 -1.47052 -1.6102 0.324864 -2.0438 -1.58972 1.68605 -0.33381 1.36097 2.37938 1.02587 1.47926 -5.22331 -1.94003 -1.25549 -0.951323 -0.138189 -1.43357 -0.726115 -2.80044
internal_weight=6506 6065 3098 2967 2476 2825 622 2508 2263 2033 441 2114 2046 1769 1569 1245 317 384 245 275 974 775 149 1142 636 594 477 503 199 506
internal_count=6506 6065 3098 2967 2476 2825 622 2508 2263 2033 441 2114 2046 1769 1569 1245 317 384 245 275 974 775 149 1142 636 594 477 503 199 506
cat_boundaries=0 1 2 3 4 5 6 7 8
cat_threshold=4 1043488 1 13 567296 6 2 6
is_linear=0
shrinkage=0.05


Tree=6
num_leaves=31
num_cat=4
split_feature=31 25 31 35 15 17 10 34 21 13 29 10 13 10 34 11 12 39 17 34 37 20 14 20 12 21 33 34 21 39
split_gain=3.73622e+06 1.91261e+06 1.84154e+06 1.04549e+06 857818 1.2497e+06 749354 623332 588297 560325 616575 497721 453694 409103 384518 319003 304486 300620 322294 294399 292899 287274 283481 282537 279738 249839 235207 234994 217024 214070
threshold=0 1 2 1229.7550000000003 410.25500000000005 29.99999999999989 29.731999999999999 245.465 -45.533020090672004 -100.00499999999998 3 117.45750000000002 -80.17000000000003 79.521500000000017 237.23000000000005 2100.0000000000005 295.00000000000006 115.17799999999998 35.000000000000007 226.95000000000002 126.80000000000001 -19.798275941551591 10.415000000000022 -18.470409413858331 495.00000000000006 -32.623663256892421 785.4000000000002 266.01000000000005 -38.4273911354963 121.54500000000003
decision_type=9 1 9 2 2 2 2 2 2 2 1 2 2 2 2 2 2 2 2 2 2 2 2 2 2 2 2 2 2 2
left_child=13 4 7 9 5 6 23 17 26 10 -4 15 20 -1 21 -12 -11 18 -3 -7 27 25 29 28 -22 -5 -8 -10 -2 -18
right_child=1 2 3 14 -6 19 8 -9 12 16 11 -13 -14 -15 -16 -17 22 -19 -20 -21 24 -23 -24 -25 -26 -27 -28 -29 -30 -31
leaf_value=5.1147825288898403 -0.20637402923739689 -2.6822026494175497 -2.9869040958281889 -0.14884356320613909 -5.5038382253339222 3.3873299363818838 -3.4173332878305942 -4.823362756554598 -2.0198107704423132 2.1692489111168127 -1.225543168338131 1.1554682632392546 0.61227820047454262 0.67129932006200166 -1.0592147016319735 2.0268826138699194 -0.33348584568216688 1.0025663327177365 0.58742744946243741 -0.52563562884050252 1.717333976183367 4.4780374379060701 3.456254372596741 -1.4140993118286134 -3.2830147886276246 3.1231322093081726 -7.6757924343781045 -4.2248403934416947 3.9209524632155244 3.0108945599170749
leaf_weight=379 49 297 173 84 124 164 79 153 1151 531 565 661 185 60 58 87 420 120 101 68 93 245 70 70 40 191 55 135 91 54
leaf_count=379 49 297 173 84 124 164 79 153 1151 531 565 661 185 60 58 87 420 120 101 68 93 245 70 70 40 191 55 135 91 54
internal_value=0.00460553 -0.318191 0.369639 0.878682 -1.4523 -1.22851 -1.64164 -1.98965 -1.98253 0.447977 -0.181065 0.18863 -1.71664 4.40708 2.80225 -0.791554 1.31752 -1.19107 -1.85247 2.24043 -2.02027 3.23295 0.486143 1.17956 0.21347 2.12369 -5.16521 -2.25129 2.47639 0.0475195
internal_weight=6553 6114 3810 3139 2304 2180 1948 671 1738 2561 1486 1313 1604 439 578 652 1075 518 398 232 1419 520 544 210 133 275 134 1286 140 474
internal_count=6553 6114 3810 3139 2304 2180 1948 671 1738 2561 1486 1313 1604 439 578 652 1075 518 398 232 1419 520 544 210 133 275 134 1286 140 474
cat_boundaries=0 1 2 3 4
cat_threshold=4 5085 2 1
is_linear=0
shrinkage=0.05


Tree=7
num_leaves=31
num_cat=6
split_feature=31 25 27 12 44 17 10 10 34 21 28 40 25 33 13 12 21 13 28 34 13 10 13 38 13 40 13 36 21 33
split_gain=3.39353e+06 1.80937e+06 1.85735e+06 1.05361e+06 970902 1.24685e+06 685831 681268 632714 542054 454734 439042 388493 352623 323647 319192 301788 288888 283316 314355 267935 249600 238956 235233 233560 224869 222340 214927 199720 191113
threshold=0 1 2 1035.0000000000002 410.25500000000005 29.99999999999989 52.162000000000013 29.500000000000117 245.465 -45.533020090672004 3 3016.8400000000006 4 976.98000000000013 -99.795000000000002 2625.0000000000005 -46.307459760851991 -113.78499999999998 5 266.01000000000005 -91.940000000000026 117.65850000000002 -128.28499999999997 269.73030000000006 -149.86499999999998 331.44500000000005 -74.024999999999991 119.44120000000002 -25.386077864959663 120.01000000000001
decision_type=9 1 1 2 2 2 2 2 2 2 1 2 1 2 2 2 2 2 1 2 2 2 2 2 2 2 2 2 2 2
left_child=14 2 3 6 5 7 25 16 10 -9 20 18 22 -7 -1 17 -3 -12 19 -11 28 26 -8 -23 -20 -2 29 -5 -4 -14
right_child=1 4 8 27 -6 13 12 9 -10 11 15 -13 21 -15 -16 -17 -18 -19 24 -21 -22 23 -24 -25 -26 -27 -28 -29 -30 -31
leaf_value=1.6628631279203629 3.4991432056858622 -2.7375017245610556 -1.9724253216834917 4.1709830426333241 -5.3223839753110651 0.41168379324003007 4.294651654301858 -4.7008978957143324 -4.6965210641199544 -1.7449553122128767 0.30096472915442241 2.4779866695404054 -0.044046406831570017 4.0230459279792257 5.0347968791512887 -6.1214318795637652 1.9437051591838843 -2.8080488917992472 1.8390739636951023 -4.2060550802283814 3.8508360366418701 -1.5214242272898555 0.71190225481474623 1.3446692526577013 -1.1221118417597609 0.54284749010975442 1.7244349753270385 2.1416098886142012 2.0824083015895805 -2.0693799296224658
leaf_weight=90 232 42 73 228 142 142 49 145 155 1311 124 66 167 129 340 44 191 188 90 144 57 100 927 252 256 89 61 305 52 385
leaf_count=90 232 42 73 228 142 142 49 145 155 1311 124 66 167 129 340 44 191 188 90 144 57 100 927 252 256 89 61 305 52 385
internal_value=-0.0114543 -0.314622 0.434076 1.00984 -1.29506 -1.07291 0.538605 -1.45963 -1.88182 -1.75603 -1.07089 -1.52732 0.184549 2.13075 4.23066 -2.07633 1.09988 -1.57242 -1.6741 -1.97495 0.95727 -0.525295 0.88273 0.530438 -0.341977 2.67948 -1.14009 3.00971 -0.285615 -1.45664
internal_weight=6576 6146 3488 2795 2658 2516 2262 2245 693 2012 538 1867 1941 271 430 356 233 312 1801 1455 182 965 976 352 346 321 613 533 125 552
internal_count=6576 6146 3488 2795 2658 2516 2262 2245 693 2012 538 1867 1941 271 430 356 233 312 1801 1455 182 965 976 352 346 321 613 533 125 552
cat_boundaries=0 1 2 3 4 5 6
cat_threshold=4 2092064 1 9 476192 10
is_linear=0
shrinkage=0.05


Tree=8
num_leaves=31
num_cat=3
split_feature=31 27 35 6 20 21 17 34 13 28 43 21 14 6 11 34 14 13 37 37 34 35 17 34 21 21 39 35 21 11
split_gain=2.85391e+06 1.68586e+06 2.27181e+06 1.12964e+06 773497 797935 738282 607168 598026 595747 490900 395748 504544 367376 365238 357601 351514 335631 281742 280006 269120 259868 249085 231194 218671 208308 221691 208154 186309 185604
threshold=0 1 1233.8300000000002 0.86426243406544245 -20.312398907819304 -29.808349648372594 35.000000000000007 191.19500000000002 -92.359999999999943 2 1.2195500000000268 -49.701562733342726 5.5599999999999747 0.71780769225494068 1310.0340136054424 204.24000000000004 3.7049999999999277 -76.825000000000003 110.54500000000002 101.07500000000002 250.04000000000002 439.06000000000006 115.00000000000001 171.54500000000004 -16.171254527290749 -23.341887492385382 117.54500000000003 485.31 -34.189947854189036 1140.0000000000002
decision_type=9 1 2 2 2 2 2 2 2 1 2 2 2 2 2 2 2 2 2 2 2 2 2 2 2 2 2 2 2 2
left_child=15 2 4 6 7 17 11 23 9 18 -5 -3 16 -14 20 -1 -13 29 -7 28 24 -9 -8 -2 -11 -10 27 -27 -4 -6
right_child=1 3 19 10 5 8 22 21 25 14 -12 12 13 -15 -16 -17 -18 -19 -20 -21 -22 -23 -24 -25 -26 26 -28 -29 -30 -31
leaf_value=4.7512247129619301 0.76003509600957242 -5.6971114349365237 1.3811030639556505 -2.89356086955351 -3.395980748902593 4.0373965391214339 2.1719528915906192 1.424816458322564 -0.25503884774433183 -1.2566393415059935 2.7150749619466712 -3.6798646686517671 -6.1469261345008146 -1.4840306232858096 1.3572722847879368 0.78023144637837127 -8.60982903374566 -0.31758821335528536 0.48606211848226427 1.8498639647536519 -3.4110522475041138 -0.55836851410963018 -2.3856440671654635 4.4289350705431003 1.9386397480964661 2.4247547256136404 4.9700458893721757 0.27033503261523517 4.4816142330970274 -1.3357862106554068
leaf_weight=341 60 125 59 51 360 69 99 294 224 1221 166 184 46 517 137 68 45 191 293 319 142 377 43 151 56 206 44 246 271 157
leaf_count=341 60 125 59 51 360 69 99 294 224 1221 166 184 46 517 137 68 45 191 293 319 142 377 43 151 56 206 44 246 271 157
internal_value=0.000364618 -0.271107 0.151789 -1.88958 -0.271011 -0.618229 -2.56302 1.04622 -0.21822 -0.679468 1.39692 -3.08253 -2.66987 -1.86501 -1.10103 3.99337 -4.64863 -2.10866 1.13171 2.90618 -1.34613 0.310568 0.791836 3.38565 -1.11652 1.01049 1.58202 1.25222 3.92728 -2.77035
internal_weight=6562 6153 4877 1276 4228 3346 1059 882 2638 1918 217 917 792 563 1556 409 229 708 362 649 1419 671 142 211 1277 720 496 452 330 517
internal_count=6562 6153 4877 1276 4228 3346 1059 882 2638 1918 217 917 792 563 1556 409 229 708 362 649 1419 671 142 211 1277 720 496 452 330 517
cat_boundaries=0 1 2 3
cat_threshold=4 1 4
is_linear=0
shrinkage=0.05


Tree=9
num_leaves=31
num_cat=5
split_feature=31 3 27 35 6 13 15 17 13 10 33 21 21 13 21 33 33 33 6 11 21 12 38 18 29 14 11 35 28 6
split_gain=2.74205e+06 1.43004e+06 1.94728e+06 942210 774302 682143 501310 836919 517711 407335 373006 394113 337684 314365 245938 223733 215544 250194 211768 210786 208280 289219 260617 194130 207200 183147 178229 286227 196856 194423
threshold=0 1 2 1233.8300000000002 0.90320085033242659 -134.24999999999997 419.24000000000007 29.99999999999989 -149.86499999999998 52.162000000000013 107.75000000000001 -21.803835791205568 -26.566289010243462 -99.795000000000002 -30.38757803148135 249.08000000000001 1987.9350000000002 1955.0150000000001 0.78048974550814665 1201.5079365079366 -35.588507991681979 1115.0000000000002 2104.5685000000008 0.86144529521179336 3 10.044999999999961 859.63718820861686 285.99500000000006 4 0.74436398292685768
decision_type=9 9 1 2 2 2 2 2 2 2 2 2 2 2 2 2 2 2 2 2 2 2 2 2 1 2 2 2 1 2
left_child=13 4 3 9 6 -4 7 8 -2 15 11 25 19 -1 -7 -3 17 -16 -5 -6 22 -22 23 -12 -25 -10 27 -11 29 -28
right_child=1 2 5 18 12 14 -8 -9 10 26 20 -13 -14 -15 16 -17 -18 -19 -20 -21 21 -23 -24 24 -26 -27 28 -29 -30 -31
leaf_value=1.2607334911994552 1.5295513848278011 3.4284183640191053 -3.8713103112808365 1.8597998156652835 -0.92975086107552052 -2.1781582564842412 -5.0842587542311053 3.1080876822000025 -0.78665903752846444 2.3179043664976402 -0.87674105763435373 -3.0541066940873862 3.4101718590816574 4.6330461760361992 -0.15139504401148229 0.64279881259426475 1.394060157832097 -4.6424581813812251 3.7690116389484261 1.6124780596657233 -2.3564841903377571 1.2980439036579456 -6.9214004214929084 -6.1783741602821962 -2.8048353212635693 1.945931025050782 1.0127033869887949 -1.7339448548709164 0.1900275869552891 4.4010626360222149
leaf_weight=87 107 165 277 334 250 205 107 91 137 54 80 120 84 336 138 128 154 40 257 121 657 59 49 63 164 111 196 226 1601 54
leaf_count=87 107 165 277 334 250 205 107 91 137 54 80 120 84 336 138 128 154 40 257 121 657 59 49 63 164 111 196 226 1601 54
internal_value=0.00498417 -0.270613 0.313251 0.899951 -1.28362 -1.856 -1.76844 -1.55184 -1.82595 0.463508 -2.07529 -0.701812 0.547531 3.84847 -0.81644 2.21149 0.0243808 -1.16062 2.69003 -0.100614 -2.54678 -2.05534 -3.53516 -2.99469 -3.7411 0.436395 0.223171 -0.952517 0.401017 1.67749
internal_weight=6452 6029 3829 3015 2200 814 1745 1638 1547 2424 1440 368 455 423 537 293 332 178 591 371 1072 716 356 307 227 248 2131 280 1851 250
internal_count=6452 6029 3829 3015 2200 814 1745 1638 1547 2424 1440 368 455 423 537 293 332 178 591 371 1072 716 356 307 227 248 2131 280 1851 250
cat_boundaries=0 1 2 3 4 5
cat_threshold=4 81 1 2 4
is_linear=0
shrinkage=0.05


Tree=10
num_leaves=31
num_cat=7
split_feature=31 25 13 15 17 21 10 12 29 31 13 10 34 12 35 11 29 25 37 34 3 37 21 20 37 6 21 10 6 10
split_gain=2.47334e+06 1.45692e+06 926625 836729 780305 641525 894035 387942 363439 362254 349021 338293 320862 295588 382775 598963 557933 260202 351891 254950 243715 299308 232487 375212 226634 222183 217105 208947 206761 193143
threshold=0 1 -137.10999999999996 410.25500000000005 29.99999999999989 -46.307459760851991 38.293000000000127 1095.0000000000002 2 3 -94.129999999999981 79.521500000000017 196.27500000000001 3115.0000000000005 868.54000000000008 3885.7142857142867 4 5 99.225000000000009 226.75500000000002 6 125.78500000000001 -42.499059363974204 -19.889368206714458 115.53500000000001 0.74512387316909157 -34.755020357331794 118.47400000000002 0.77216288062887128 42.140500000000117
decision_type=9 1 2 2 2 2 2 2 1 9 2 2 2 2 2 2 1 1 2 2 9 2 2 2 2 2 2 2 2 2
left_child=11 2 9 4 5 12 -7 20 -9 -2 13 -1 -3 14 17 28 -17 -4 -19 -6 21 25 -12 29 -20 -8 -5 -22 -16 -24
right_child=1 3 10 26 19 6 7 8 -10 -11 22 -13 -14 -15 15 16 -18 18 24 -21 27 -23 23 -25 -26 -27 -28 -29 -30 -31
leaf_value=4.2011818503877425 0.182157159277371 -2.2526518392331396 -0.96657883903978115 -3.6445885123276129 2.5829590929025099 1.6854844281588919 -0.55700800011429608 -1.7195765438832735 2.9193231793140111 -3.605597968817388 -1.694145719628585 0.34704712682695532 -6.4734184837341306 -3.2053331274476093 1.8293100687861443 -2.199365877188169 1.3187004666867221 -0.23786369814832931 2.9781908838035562 -0.98464176689877236 -1.4463073517589611 0.10554229637003831 5.0814708319577306 0.96323376399112581 -0.78374077081680305 -2.5847017469388724 -8.031091956205147 0.89291443442687024 4.7406850926337709 2.2432631481899583
leaf_weight=379 102 103 547 82 190 268 158 76 95 179 57 67 80 59 120 156 406 539 174 68 246 148 88 682 52 932 43 156 124 188
leaf_count=379 102 103 547 82 190 268 158 76 95 179 57 67 80 59 120 156 406 539 174 68 246 148 88 682 52 932 43 156 124 188
internal_value=-0.00984907 -0.274176 0.398967 -1.15622 -0.962523 -1.25967 -1.00985 -1.40871 0.85759 -2.35251 0.642437 3.54276 -4.0978 0.285437 0.382678 1.24026 0.342155 -0.144163 0.450635 1.64266 -1.64502 -1.98824 1.40814 1.59272 2.11261 -2.29078 -5.15355 -0.525478 3.30886 3.1482
internal_weight=6564 6118 3473 2645 2520 2262 2079 1811 171 281 3192 446 183 2177 2118 806 562 1312 765 258 1640 1238 1015 958 226 1090 125 402 244 276
internal_count=6564 6118 3473 2645 2520 2262 2079 1811 171 281 3192 446 183 2177 2118 806 562 1312 765 258 1640 1238 1015 958 226 1090 125 402 244 276
cat_boundaries=0 1 2 3 4 5 6 7
cat_threshold=4 1043490 4 1 1 559106 13
is_linear=0
shrinkage=0.05


Tree=11
num_leaves=31
num_cat=8
split_feature=31 25 27 15 35 10 37 17 21 13 12 11 6 10 14 29 3 40 25 39 25 34 12 34 21 11 15 12 29 10
split_gain=2.24931e+06 1.25829e+06 1.02444e+06 765507 724541 630238 563115 457548 582012 369882 334700 333371 400364 313629 308702 286695 283371 314456 320262 254447 248282 246390 242854 231542 227387 204097 201172 194214 188798 185780
threshold=0 1 2 410.25500000000005 1229.7550000000003 29.500000000000117 107.36000000000001 29.99999999999989 -45.533020090672004 -92.359999999999943 1065.0000000000002 4005.4421768707489 0.87514071483971467 81.09350000000002 6.6649999999999077 3 4 231.50000000000003 5 115.17799999999998 6 232.60000000000005 155.00000000000003 226.75500000000002 -51.30420152555039 5662.3356009070303 99.57500000000006 295.00000000000006 7 97.795500000000018
decision_type=9 1 1 2 2 2 2 2 2 2 2 2 2 2 2 1 9 2 1 2 1 2 2 2 2 2 2 2 1 2
left_child=13 2 4 5 9 22 14 8 25 15 16 -12 -13 -1 19 -2 17 18 29 -4 -19 -5 -3 -9 -24 -7 -8 -11 -22 -10
right_child=1 3 6 21 -6 7 26 23 10 27 11 12 -14 -15 -16 -17 -18 20 -20 -21 28 -23 24 -25 -26 -27 -28 -29 -30 -31
leaf_value=3.9630799232690763 -1.7093777155149728 -1.80719350239016 -3.1142146649567977 -3.2467054441137222 2.8034308811578388 -3.1423965364973121 -4.0694929531355815 2.164924646534172 -0.81261608259263607 2.2422409135131494 2.977257684951133 -3.1238391995429993 1.8882326418558759 -0.17077733369973991 1.0610563334836141 0.34052426254375168 -0.15875385841548306 -1.4407356315605178 -1.9665558966545527 0.99561843701771324 -4.4551512187236062 -7.8297290802001953 -1.2539205743911419 -1.0424667980228917 2.5804932355880741 -7.2209686501081611 -0.7516503097581082 0.57805460504518302 -2.1992874386049408 1.7450911090090557
leaf_weight=390 200 53 115 103 418 107 182 153 141 369 94 85 75 52 221 1159 423 526 249 56 185 41 47 89 218 43 61 334 186 143
leaf_count=390 200 53 115 103 418 107 182 153 141 369 94 85 75 52 221 1159 423 526 249 56 185 41 47 89 218 43 61 334 186 143
internal_value=-0.00324076 -0.255972 0.445023 -0.992441 0.905276 -0.814027 -1.34549 -1.08081 -1.30235 0.520489 -1.08812 0.61399 -0.774431 3.39982 -0.17318 0.0388463 -1.32143 -1.65269 -0.702381 -1.7683 -2.23579 -4.55159 1.28249 0.985347 1.90043 -4.31159 -3.23662 1.45157 -3.23693 0.459079
internal_weight=6518 6076 3115 2961 2480 2817 635 2499 2257 2062 2107 254 160 442 392 1359 1853 1430 533 171 897 144 318 242 265 150 243 703 371 284
internal_count=6518 6076 3115 2961 2480 2817 635 2499 2257 2062 2107 254 160 442 392 1359 1853 1430 533 171 897 144 318 242 265 150 243 703 371 284
cat_boundaries=0 1 2 3 4 5 6 7 8
cat_threshold=4 1043488 1 1 13 86 898 2
is_linear=0
shrinkage=0.05


Tree=12
num_leaves=31
num_cat=10
split_feature=31 25 27 35 15 33 21 13 17 10 10 34 25 27 13 3 35 20 25 18 21 29 10 28 20 34 10 28 10 35
split_gain=2.03604e+06 1.12166e+06 877011 653686 652831 595517 576400 439868 417986 415970 393887 349940 298182 289966 246463 300649 305853 296389 247419 233430 231258 234374 213564 212733 253497 316322 210012 311587 253139 193307
threshold=0 1 2 1214.0050000000003 410.25500000000005 921.04000000000008 -51.30420152555039 -134.56999999999996 29.99999999999989 53.488000000000007 34.113500000000009 228.01000000000002 3 4 -148.505 5 414.49500000000006 -19.740422878336144 6 0.87375115915565982 -46.307459760851991 7 79.521500000000017 8 -19.119680373608333 242.37500000000003 317.41500000000002 9 77.647500000000008 379.84500000000008
decision_type=9 1 1 2 2 2 2 2 2 2 2 2 1 1 2 9 2 2 1 2 2 1 2 1 2 2 2 1 2 2
left_child=22 2 3 9 5 10 8 -4 -7 -2 20 -8 -11 -13 -12 16 17 -16 -18 -6 -3 -22 -1 24 -14 -26 27 -9 -29 -19
right_child=1 4 7 -5 19 6 11 26 -10 12 14 13 23 -15 15 -17 18 29 -20 -21 21 -23 -24 -25 25 -27 -28 28 -30 -31
leaf_value=3.8196709065421213 2.0270726795200731 -2.4198252030781338 -3.4251948898037279 2.5773168421042736 -6.2312473562028678 -4.9428698365117469 1.9920272360978737 1.8099066217473689 1.4479009246826173 -0.79806082882036644 0.46894954814101164 1.2431715715749592 2.477661115536248 -4.2315893587858779 1.4828688029857244 -0.4400997488397389 -1.541214752130891 -2.4896711114092152 -3.3527378649702606 -2.1908814791957258 -0.4457405927681154 2.5651663666742821 0.42603601599639318 -0.7161310138157857 0.22164802773045333 4.7538879662025266 -3.2497747803556507 -1.9820757459849121 1.5584578306359405 0.24451594904382179
leaf_weight=370 355 56 168 451 72 71 403 139 40 554 159 51 213 46 102 453 439 207 445 71 124 135 53 233 631 41 58 196 68 94
leaf_count=370 355 56 168 451 72 71 403 139 40 554 159 51 213 46 102 453 439 207 445 71 124 135 53 233 631 41 58 196 68 94
internal_value=0.0033026 -0.23244 0.431059 0.855676 -0.926128 -0.762409 0.619489 -1.23491 -2.63989 0.472618 -1.14377 1.34307 0.142575 -1.35311 -1.41539 -1.58758 -1.97273 -0.846464 -2.50849 -4.22519 0.4937 1.12365 3.31607 0.610365 0.9637 0.498169 -0.436708 -0.0318502 -1.03106 -1.63581
internal_weight=6498 6075 3107 2478 2968 2825 611 629 111 2027 2214 500 1672 97 1899 1740 1287 403 884 143 315 259 423 1118 885 672 461 403 264 301
internal_count=6498 6075 3107 2478 2968 2825 611 629 111 2027 2214 500 1672 97 1899 1740 1287 403 884 143 315 259 423 1118 885 672 461 403 264 301
cat_boundaries=0 1 2 3 4 5 6 7 8 9 10
cat_threshold=4 1043488 1 559104 1 25 896 1 6 9
is_linear=0
shrinkage=0.05


Tree=13
num_leaves=31
num_cat=10
split_feature=31 27 35 25 6 34 13 27 34 13 10 21 3 29 19 34 25 11 36 28 20 25 25 14 18 14 35 20 14 20
split_gain=1.79945e+06 1.08352e+06 1.4834e+06 959987 808409 390279 386941 603527 341938 331780 339285 318323 277841 273277 267106 237442 230720 277787 240603 224828 287171 374649 240285 221790 219881 219563 222293 218991 218064 216701
threshold=0 1 1233.8300000000002 2 0.86426243406544245 232.60000000000005 -105.72499999999998 3 185.60000000000005 -149.86499999999998 39.529000000000003 -51.30420152555039 4 5 0.022474747474747453 189.03000000000003 6 5638.0952380952394 130.22420000000002 7 -18.329676071630686 8 9 11.784999999999998 0.85630149757037588 44.175000000000018 2231.0550000000007 -20.611353802932701 12.089999999999989 -20.09783631486243
decision_type=9 1 2 1 2 2 2 1 2 2 2 2 9 1 2 2 1 2 2 1 2 1 1 2 2 2 2 2 2 2
left_child=15 2 3 9 5 6 7 -3 -5 -2 13 -6 -12 -11 -14 -1 18 -18 -7 28 22 -22 -21 27 -9 26 -8 -24 -10 -4
right_child=1 4 29 8 11 16 25 24 19 10 12 -13 14 -15 -16 -17 17 -19 -20 20 21 -23 23 -25 -26 -27 -28 -29 -30 -31
leaf_value=4.0981832570296071 1.8649272412061693 1.3046923338321219 1.3690390617685495 2.0935783249991284 -2.8068348279813442 0.57138103934064988 -5.0674998670521347 -5.5276652143282057 4.9049589700477076 -1.1112146083797727 -0.32894332648082902 2.0602491941503298 -1.9498148507024853 1.996440665788584 1.932472322298133 1.6731683138961142 -3.7783240682938519 -8.2843144416809089 -3.0644593468535017 -0.76200101652455343 -2.4989187968395576 -0.019758653056125865 3.1375590019217796 -1.5530496254563333 -1.3055826156567305 0.41783863804778276 -2.0751682009944195 0.81782056482938614 1.0029588462628216 3.1966214705511358
leaf_weight=260 96 228 311 294 41 62 101 51 43 140 461 186 1202 143 46 165 119 48 171 171 184 722 180 55 78 49 161 234 214 339
leaf_count=260 96 228 311 294 41 62 101 51 43 140 461 186 1202 143 46 165 119 48 171 171 184 722 180 55 78 49 161 234 214 339
internal_value=-0.0235851 -0.243681 0.0999502 -0.245201 -1.52854 -2.10448 -1.36485 -0.241671 0.510012 -1.00132 -1.14448 1.18117 -1.41002 0.459085 -1.79236 3.08414 -3.33966 -4.78682 -2.01069 0.254622 0.0215534 -0.551053 0.832485 1.40024 -2.97478 -2.65417 -3.2287 1.8264 1.59381 2.32219
internal_weight=6555 6130 4835 4185 1295 1068 668 357 2097 2088 1992 227 1709 283 1248 425 400 167 233 1803 1546 906 640 469 129 311 262 414 257 650
internal_count=6555 6130 4835 4185 1295 1068 668 357 2097 2088 1992 227 1709 283 1248 425 400 167 233 1803 1546 906 640 469 129 311 262 414 257 650
cat_boundaries=0 1 2 3 4 5 6 7 8 9 10
cat_threshold=4 1 7134 2 14 1 829632 4 1082368 655360
is_linear=0
shrinkage=0.05


Tree=14
num_leaves=31
num_cat=8
split_feature=31 31 35 25 37 29 10 15 20 10 19 39 18 13 11 25 15 13 20 25 12 20 25 10 13 25 39 18 20 18
split_gain=1.63333e+06 923110 1.36953e+06 1.00586e+06 607926 603627 510574 397555 382285 331891 287823 280473 270788 264650 265248 258537 258236 257332 230946 211775 211264 210014 235774 268036 227513 222232 182050 181728 177959 162955
threshold=0 1 1217.1100000000004 2 109.58500000000002 3 188.42450000000002 268.86000000000018 -21.029097170112788 52.162000000000013 0.021054964539007053 80.123750000000001 0.84358578286864905 -149.86499999999998 1607.0975056689347 4 99.57500000000006 -99.795000000000002 -19.798275941551591 5 2835.0000000000005 -19.490432771839568 6 127.36400000000002 -126.24999999999999 7 107.37360000000001 0.92109978520684532 -17.657225361327352 0.9424860227651487
decision_type=9 9 2 1 2 1 2 2 2 2 2 2 2 2 2 1 2 2 2 1 2 2 1 2 2 1 2 2 2 2
left_child=17 2 3 8 5 6 7 10 12 27 -3 16 -2 -10 19 -7 -6 -1 -4 -15 -13 25 23 28 -24 -11 -27 -5 -23 -26
right_child=1 4 18 9 11 15 -8 -9 13 21 -12 20 -14 14 -16 -17 -18 -19 -20 -21 -22 22 24 -25 29 26 -28 -29 -30 -31
leaf_value=0.66428269509305349 2.9620766472816467 0.89126449946071296 1.199902475517413 0.65099861165046269 -2.8823470438666203 -0.95251644021151849 -7.1155073742533848 -3.6091278004834031 1.3972545230111413 -0.55819238120995796 -3.0971900822686371 -3.0725683745787697 -0.44021474585427856 -0.97078554956411356 1.3482866441394077 1.6725011754490187 2.3455702388828454 3.6209140676312743 2.9739498921672602 -2.1515505571775946 -6.8018962311190228 -0.0079653761158250784 4.1940720038115975 1.099212969554058 -0.8617786890318716 2.8391712554167992 0.057710417063839475 3.0510494362042606 -2.1447049158445717 0.80640524968951943
leaf_weight=94 90 175 373 141 51 138 43 127 86 124 61 325 167 817 81 259 44 339 361 824 43 146 40 137 207 202 83 179 293 500
leaf_count=94 90 175 373 141 51 138 43 127 86 124 61 325 167 817 81 259 44 339 361 824 43 146 40 137 207 202 83 179 293 500
internal_value=-0.0201324 -0.232055 0.0825785 -0.271981 -1.42885 -0.608161 -1.96375 -1.35349 -1.04809 0.511659 -0.13965 -2.88307 0.751249 -1.30966 -1.44484 0.778162 -0.460996 2.91181 2.07242 -1.58271 -3.50833 0.240827 -0.0653001 -0.817354 0.518596 1.23106 1.96035 1.99353 -1.43408 0.317984
internal_weight=6550 6117 4851 4117 1266 803 406 363 2065 2052 236 463 257 1808 1722 397 95 433 734 1641 368 1732 1323 576 747 409 285 320 439 707
internal_count=6550 6117 4851 4117 1266 803 406 363 2065 2052 236 463 257 1808 1722 397 95 433 734 1641 368 1732 1323 576 747 409 285 320 439 707
cat_boundaries=0 1 2 3 4 5 6 7 8
cat_threshold=4 1 7134 1 1705984 6662 1352704 655360
is_linear=0
shrinkage=0.05


Tree=15
num_leaves=31
num_cat=7
split_feature=31 3 31 10 15 17 6 33 13 33 12 35 20 10 29 13 11 21 25 20 13 13 20 28 6 20 34 29 33 12
split_gain=1.44827e+06 782543 1.08405e+06 511103 447985 541491 441315 369187 356385 335854 315468 267506 259623 241591 234730 232708 258401 271395 217991 208877 205195 249534 198173 187798 218767 195088 176561 176240 173650 162998
threshold=0 1 2 52.162000000000013 419.24000000000007 29.99999999999989 0.91663092594132489 976.98000000000013 -148.505 1987.9350000000002 3115.0000000000005 414.49500000000006 -19.740422878336144 81.09350000000002 3 -141.47499999999999 1194.1836734693882 -39.738074762098115 4 -17.116099680517362 -63.794999999999966 -102.45499999999998 -18.311600727618291 5 0.76641274925541503 -19.119680373608333 238.72000000000003 6 75.02500000000002 1095.0000000000002
decision_type=9 9 9 2 2 2 2 2 2 2 2 2 2 2 1 2 2 2 1 2 2 2 2 1 2 2 2 1 2 2
left_child=13 4 9 20 5 6 8 18 -2 27 22 12 -10 -1 -9 -13 -17 -18 -5 29 21 -4 -11 25 -25 -20 -27 -3 -14 -19
right_child=1 2 3 7 -6 -7 -8 14 11 10 -12 15 28 -15 -16 16 17 19 23 -21 -22 -23 -24 24 -26 26 -28 -29 -30 -31
leaf_value=3.2712780684154077 1.1696984216239716 -0.48556086447961788 0.55698340712793615 -0.37155147038248121 -4.0953133199816554 2.8122351777404546 0.62412872949799336 4.2410975286695693 1.1591617745801042 1.1975006273692816 -3.7902321201913498 -3.7300902695809643 -2.3666596811369991 -0.36307772489694451 0.97722974389555395 -2.3899209585950474 -2.9551699751789133 -0.49484557984117983 2.0862795532377745 -3.290852352551052 -1.2812538883902811 2.9642472443838916 -2.5071855631741613 -3.4992336478998078 0.13363197685072298 0.29998998454303583 3.5664463938637212 -2.9339575825795223 0.029483528390075221 1.9772392668165601
leaf_weight=379 135 94 151 1068 107 100 364 90 156 201 51 155 177 52 142 516 103 167 261 42 44 375 44 53 190 692 44 337 132 111
leaf_count=379 135 94 151 1068 107 100 364 90 156 201 51 155 177 52 142 516 103 167 261 42 44 375 44 53 190 692 44 337 132 111
internal_value=0.00132575 -0.198343 0.236786 0.643661 -0.933269 -0.780811 -0.9554 0.342086 -1.2948 -1.48888 -0.212569 -1.50821 -0.503608 2.76856 2.24339 -1.93522 -1.63894 -0.722846 0.150968 -0.00431704 1.99881 2.27319 0.532169 0.599173 -0.632685 0.902717 0.495267 -2.39997 -1.34306 0.49221
internal_weight=6533 6102 3837 3110 2265 2158 2058 2540 1694 727 296 1559 465 431 232 1094 939 423 2308 320 570 526 245 1240 243 997 736 431 309 278
internal_count=6533 6102 3837 3110 2265 2158 2058 2540 1694 727 296 1559 465 431 232 1094 939 423 2308 320 570 526 245 1240 243 997 736 431 309 278
cat_boundaries=0 1 2 3 4 5 6 7
cat_threshold=4 81 2 1 1612434 6 4
is_linear=0
shrinkage=0.05


Tree=16
num_leaves=31
num_cat=7
split_feature=13 31 40 31 3 21 17 13 25 10 21 34 18 21 18 21 34 34 13 14 25 6 10 14 29 13 34 14 29 10
split_gain=1.41596e+06 874803 1.12226e+06 659919 487701 442735 436013 311095 274117 263024 241784 245103 225350 214194 337878 204585 193732 191557 190490 179899 164652 164628 160072 158379 155720 150224 338812 142215 147995 140391
threshold=-92.359999999999943 0 997.22500000000014 1 2 -29.808349648372594 35.000000000000007 -148.505 3 51.283499999999997 -23.767734899403315 239.15000000000003 0.8201891460820927 -52.318618865709432 0.88062792498817033 -16.260421262366759 237.23000000000005 194.88500000000002 -142.69500000000002 16.315000000000001 4 0.91084747782049347 146.97450000000001 19.76499999999999 5 -105.01499999999997 211.40500000000003 4.7199999999999145 6 58.27150000000001
decision_type=2 9 2 9 9 2 2 2 1 2 2 2 2 2 2 2 2 2 2 2 1 2 2 2 1 2 2 2 1 2
left_child=1 2 4 -2 7 13 8 -1 18 21 17 15 -9 -5 -15 27 24 -6 -3 -13 -11 23 -19 -7 29 26 -10 -12 -29 -4
right_child=3 6 16 5 10 9 -8 12 25 20 11 19 -14 14 -16 -17 -18 22 -20 -21 -22 -23 -24 -25 -26 -27 -28 28 -30 -31
leaf_value=1.077237634120449 3.2545534387711559 -2.8035693724629702 0.86943984806537644 -2.4296120791759308 -1.3162626737534111 4.0007392219570752 0.75786220145646255 1.5884266496256547 1.17584563981403 -0.31897389526419651 1.010105199397852 3.2837119057144921 -1.7225921169382468 1.9442043139159315 -0.82597782478219983 2.4079592172916122 -1.3777772706686235 1.2023959469803154 -0.075247337723650595 0.18637492261503055 1.3239963716859793 1.2754531052805809 4.5822779560089115 1.1928072800238929 1.4905593640418646 -4.4573971022605896 -3.0315625332052942 -2.8371701775927738 -0.77985260699839198 4.3793724092570221
leaf_weight=124 300 93 40 103 67 166 143 54 55 257 96 71 1063 163 339 52 49 282 205 138 363 230 40 72 534 125 368 99 747 99
leaf_count=124 300 93 40 103 67 166 143 54 55 257 96 71 1063 163 339 52 49 282 205 138 363 230 40 72 534 125 368 99 747 99
internal_value=0.0166005 -0.47075 -0.101875 1.12775 -0.550642 0.727359 -1.77768 -1.28838 -2.22728 1.3346 0.0323313 -0.317857 -1.56252 -0.352647 0.0735036 -0.645116 1.65759 1.11614 -0.896616 1.23858 0.659169 2.2294 1.62226 3.15128 1.87859 -2.88193 -2.4845 -0.813651 -1.0206 3.36932
internal_weight=6537 4544 3555 1993 2833 1693 989 1241 846 1088 1592 1203 1117 605 502 994 722 389 298 209 620 468 322 238 673 548 423 942 846 139
internal_count=6537 4544 3555 1993 2833 1693 989 1241 846 1088 1592 1203 1117 605 502 994 722 389 298 209 620 468 322 238 673 548 423 942 846 139
cat_boundaries=0 1 2 3 4 5 6 7
cat_threshold=5 4 25 43042 1509379 1 1
is_linear=0
shrinkage=0.05


Tree=17
num_leaves=31
num_cat=3
split_feature=13 28 12 11 3 3 35 21 37 12 33 15 12 35 12 39 6 37 11 34 6 10 13 15 6 13 34 34 18 39
split_gain=1.17438e+06 861212 832187 564229 530285 461458 360897 356510 332828 258057 268326 245821 219687 218725 393838 204740 221075 185710 181834 353946 284018 181989 287537 177743 173076 230499 171291 161625 160825 171698
threshold=-92.359999999999943 0 2625.0000000000005 2644.8979591836737 1 2 1827.8900000000001 -26.952082435843927 82.605000000000004 235.00000000000003 72.02500000000002 -1.0000000180025095e-35 445.00000000000006 662.43000000000006 1930.0000000000002 99.799700000000016 0.76689114465717023 121.46500000000002 1052.5510204081636 242.83500000000004 0.68737325611239308 135.69800000000001 -149.86499999999998 410.25500000000005 0.76111717351702468 -105.22999999999998 202.63500000000002 223.30500000000004 0.8857422506723126 84.010800000000017
decision_type=2 1 2 2 9 9 2 2 2 2 2 2 2 2 2 2 2 2 2 2 2 2 2 2 2 2 2 2 2 2
left_child=1 2 5 7 12 8 -5 9 26 10 -2 -8 -3 24 17 16 -16 28 19 -10 -20 -22 -23 -6 -7 27 -1 -26 -15 -30
right_child=3 4 -4 6 23 13 11 -9 18 -11 -12 -13 -14 14 15 -17 -18 -19 20 -21 21 22 -24 -25 25 -27 -28 -29 29 -31
leaf_value=-4.573373139369024 -2.1176917264573887 -1.5655450667413151 -5.0885041391849519 3.0672120866095911 -2.3057691633902015 0.97226100106214752 -2.7205545120106804 1.1342627237992311 -2.110753930974425 -1.3097798053867342 1.6913856540050807 1.4229257954869952 0.70269500145062747 0.21214322538417615 2.5796640372759589 -2.0125258018328274 -1.2723360487620037 -1.0391628914985105 -4.0073104286193848 1.8128364420599408 0.72502221002488365 1.703906223035994 -3.5882467670874165 -5.0224378955897997 -1.4753218426676491 0.73708965871632104 -1.2046527201611852 1.6840770557191638 0.53460561489757097 2.4093313002100278
leaf_weight=77 61 188 80 428 594 291 45 806 285 366 191 175 247 157 74 142 75 69 40 72 521 42 66 67 403 250 74 45 158 538
leaf_count=77 61 188 80 428 594 291 45 806 285 366 191 175 247 157 74 142 75 69 40 72 521 42 66 67 403 250 74 45 158 538
internal_value=0.0112208 -0.437696 -0.0480884 0.998101 -1.6518 0.0711044 2.22123 0.441511 -0.724643 -0.46198 0.769347 0.575396 -0.271364 0.497474 0.949698 -0.653982 0.640738 1.45585 -0.408242 -1.31944 0.0780029 0.3378 -1.53019 -2.54267 -0.0521445 -0.479225 -2.92248 -1.15797 1.65767 1.98375
internal_weight=6627 4555 3459 2072 1096 3379 648 1424 1177 618 252 220 435 2202 1213 291 149 922 1026 357 669 629 108 661 989 698 151 448 853 696
internal_count=6627 4555 3459 2072 1096 3379 648 1424 1177 618 252 220 435 2202 1213 291 149 922 1026 357 669 629 108 661 989 698 151 448 853 696
cat_boundaries=0 1 2 3
cat_threshold=6 2 1
is_linear=0
shrinkage=0.05


Tree=18
num_leaves=31
num_cat=5
split_feature=13 27 3 31 21 15 11 20 21 35 22 13 13 37 39 10 6 21 10 10 13 25 21 21 6 28 6 37 45 10
split_gain=1.09922e+06 832312 700659 557938 379852 368336 360014 313698 312587 305169 304625 303205 298524 266601 251417 247155 241142 234737 226642 216744 192900 192264 180550 161485 152004 144303 135234 130800 128759 153625
threshold=-92.359999999999943 0 1 2 -52.318618865709432 419.24000000000007 1392.8571428571431 -19.889368206714458 -29.939673965617668 662.43000000000006 0.92254434674054397 -126.88999999999999 -148.505 82.240000000000023 103.22525000000002 159.47550000000004 0.74512387316909157 -22.733794472762906 42.863000000000007 41.786000000000008 -97.169999999999916 3 -20.919385866739123 -24.867514493009661 0.82881109191913194 4 0.71780769225494068 73.600000000000009 15.912250000000045 109.74750000000002
decision_type=2 1 9 9 2 2 2 2 2 2 2 2 2 2 2 2 2 2 2 2 2 1 2 2 2 1 2 2 2 2
left_child=1 11 9 -2 -5 6 12 19 13 21 14 15 -4 -8 -11 -1 22 -9 27 -6 24 25 -14 -13 26 28 -12 -19 29 -3
right_child=3 2 5 4 7 -7 8 17 -10 10 20 23 16 -15 -16 -17 -18 18 -20 -21 -22 -23 -24 -25 -26 -27 -28 -29 -30 -31
leaf_value=-4.2093727285355591 2.9050663602704176 0.12183823319975028 1.0961146039443206 -2.1884942736832995 3.1698938285748577 -3.9246781514500677 -2.2971811405817668 -0.30335428568642642 -2.5359224906739066 0.57683594396326299 -0.55816944613155106 -1.7064151346683503 1.5087100454916558 1.8952789882221162 -1.8741040079632114 -1.2028786566792702 -1.9617152866765037 4.7049606704711913 0.57804904858374506 0.95999369956695713 4.1377666292519413 -0.82225286351150551 -2.3010593373733372 1.8104981349160274 -1.2688205957412722 -1.1490438155045635 1.581087957675724 1.3292413785240869 -1.6618243412538007 2.187026424950393
leaf_weight=226 299 172 113 115 193 106 45 629 68 322 83 102 96 241 155 98 798 60 409 261 58 707 46 48 60 104 672 55 44 189
leaf_count=226 299 172 113 115 193 106 45 629 68 322 83 102 96 241 155 98 798 60 409 261 58 707 46 48 60 104 672 55 44 189
internal_value=-0.0256692 -0.456425 -0.225975 0.944757 0.584116 -1.07529 -0.868269 0.786164 0.511148 0.277918 0.796503 -2.43956 -1.332 1.23563 -0.219591 -3.3 -1.6239 0.347804 1.12944 1.89944 1.35169 -0.295528 0.274559 -0.581003 1.15342 0.443532 1.34591 3.09049 0.870323 1.20306
internal_weight=6574 4553 4079 2021 1722 1513 1407 1607 354 2566 1350 474 1053 286 477 324 940 1153 524 454 873 1216 142 150 815 509 755 115 405 361
internal_count=6574 4553 4079 2021 1722 1513 1407 1607 354 2566 1350 474 1053 286 477 324 940 1153 524 454 873 1216 142 150 815 509 755 115 405 361
cat_boundaries=0 1 2 3 4 5
cat_threshold=4 14 4 1393696 6
is_linear=0
shrinkage=0.05


Tree=19
num_leaves=31
num_cat=7
split_feature=42 31 11 35 25 25 17 35 34 42 6 27 25 18 42 35 10 34 10 37 35 10 18 25 37 6 21 25 18 39
split_gain=1.0626e+06 716297 842584 530537 489783 442500 358058 357030 287838 241985 259892 227606 205779 220107 214491 196038 184498 182104 200637 180203 164654 164246 163956 155983 153329 148893 147104 144152 214595 192210
threshold=-94.129999999999981 0 1935.918367346939 1024.4650000000004 1 2 35.000000000000007 1827.8900000000001 235.26500000000001 -149.86499999999998 0.74512387316909157 3 4 0.86630987616390376 -112.47499999999998 2282.355 42.140500000000117 239.15000000000003 197.69300000000001 104.05500000000002 584.5150000000001 69.340500000000006 0.91839496599842618 5 67.360000000000014 0.88760154540903913 -16.260421262366759 6 0.9648910983935578 94.420000000000016
decision_type=2 9 2 2 1 1 2 2 2 2 2 1 1 2 2 2 2 2 2 2 2 2 2 1 2 2 2 1 2 2
left_child=1 2 5 4 16 17 12 -5 22 -7 -11 25 19 15 -15 -14 -2 26 -19 21 23 -3 -4 -6 -22 -9 -1 29 -29 -12
right_child=3 6 8 7 20 9 -8 11 -10 10 27 -13 13 14 -16 -17 -18 18 -20 -21 24 -23 -24 -25 -26 -27 -28 28 -30 -31
leaf_value=-0.24582377502330083 -0.46025716150016116 -1.148130722264094 0.63592017222404884 2.9235693337006516 0.55783164164546239 1.2554091589835785 0.67905151495631311 -2.5565891542296484 -1.1426295632677796 0.13432402524786691 -2.3926468645855787 2.1820802132618065 -2.9884359391427591 -0.37344516367972402 -4.332927771409353 -6.1714379210970298 -3.0852309825203639 0.46122733395313847 3.9456989616644189 -2.0990901311778858 0.54990049086917536 1.9963314020272458 2.110993269487587 1.9510253352122247 -1.8377523114172261 1.1919122034835434 2.5638826058835402 -1.8167137235846547 -4.3878222652684862 -0.486146052861825
leaf_weight=945 171 112 303 445 453 96 142 69 113 240 200 98 174 119 48 67 110 128 61 231 275 66 498 396 89 43 49 336 107 390
leaf_count=945 171 112 303 445 453 96 142 69 113 240 200 98 174 119 48 67 110 128 61 231 275 66 498 396 89 43 49 336 107 390
internal_value=0.0229806 -0.420018 -0.0826781 0.935158 0.414977 -0.549463 -1.62146 2.12165 1.21974 -1.15684 -1.34784 0.42234 -2.04115 -2.83707 -1.5115 -3.87334 -1.4367 0.16182 1.58585 -1.1497 0.848778 0.0177934 1.55301 1.23721 -0.0338937 -1.11743 -0.107317 -1.6922 -2.38391 -1.11354
internal_weight=6574 4425 3466 2149 1494 2552 959 655 914 1369 1273 210 817 408 167 241 281 1183 189 409 1213 178 801 849 364 112 994 1033 443 590
internal_count=6574 4425 3466 2149 1494 2552 959 655 914 1369 1273 210 817 408 167 241 281 1183 189 409 1213 178 801 849 364 112 994 1033 443 590
cat_boundaries=0 1 2 3 4 5 6 7
cat_threshold=5 594 2061344 2 567338 1255813 2822
is_linear=0
shrinkage=0.05


Tree=20
num_leaves=31
num_cat=7
split_feature=31 27 35 25 6 20 17 14 20 11 6 10 21 25 25 18 37 18 39 49 37 18 42 34 34 10 12 25 42 25
split_gain=863511 581263 786486 527383 449472 315391 304682 241205 207440 191276 221856 221116 165204 165001 164187 175423 164522 171439 175293 162543 157950 155600 155164 151230 144555 201521 140645 155819 139427 227001
threshold=0 1 1233.8300000000002 2 0.86426243406544245 -21.029097170112788 35.000000000000007 4.6099999999999008 -21.692605676659614 1140.0000000000002 0.72223774393827833 186.73599999999993 -49.701562733342726 3 4 0.92557790718700617 127.90500000000002 0.91294244032945826 110.33125 161.55000000000004 101.07500000000002 0.94491801530346231 -101.57000000000002 189.03000000000003 239.15000000000003 194.56300000000002 435.00000000000006 5 -87.470000000000041 6
decision_type=9 1 2 1 2 2 2 2 2 2 2 2 2 1 1 2 2 2 2 2 2 2 2 2 2 2 2 1 2 1
left_child=23 2 3 8 6 13 12 -6 -2 10 -7 28 -3 21 15 19 17 -16 -19 -14 -4 -5 24 -1 -10 -26 -11 -28 -12 -30
right_child=1 4 20 5 7 9 -8 -9 22 26 11 -13 14 -15 16 -17 -18 18 -20 -21 -22 -23 -24 -25 25 -27 27 -29 29 -31
leaf_value=2.9987332446125246 2.556324281348632 -3.4818330056631748 2.5178616944000578 0.44505836717842984 -2.0284762056368701 1.3577664475928506 0.64522326844079159 1.8216376533806327 -0.41117084054377212 0.7700315066675345 -1.6649424382780307 0.74223685869210065 -4.6098884671926497 1.5927845122944957 -0.068298777914457737 -0.67703655785059236 -3.6683890236748589 -3.3790612866878513 -0.088634963070645056 -0.9370488810539247 0.93813928244145295 -2.6882072516348003 1.0443004049544566 1.0266845571880159 -0.042796940356493 3.9322563781738284 0.69429875527285345 -1.639000764917186 -1.566621522958632 0.62788889591938979
leaf_weight=258 130 134 330 157 53 92 140 175 554 300 1036 139 122 227 314 68 54 100 68 40 304 53 608 156 88 50 111 178 260 204
leaf_count=258 130 134 330 157 53 92 140 175 554 300 1036 139 122 227 314 68 54 100 68 40 304 53 608 156 88 50 111 178 260 204
internal_value=0.0206436 -0.131102 0.119221 -0.129287 -1.08388 -0.532576 -1.52465 0.926655 0.647441 -0.766606 -1.03144 -1.16555 -1.86218 0.697687 -1.57885 -2.69136 -1.032 -0.758048 -2.04722 -3.70301 1.76039 -0.330004 0.461533 2.20244 -0.0504942 1.39744 0.0116935 -0.775509 -1.34233 -0.622025
internal_weight=6503 6089 4821 4187 1268 2757 1040 228 1430 2320 1731 1639 900 437 766 230 536 482 168 162 634 210 1300 414 692 138 589 289 1500 464
internal_count=6503 6089 4821 4187 1268 2757 1040 228 1430 2320 1731 1639 900 437 766 230 536 482 168 162 634 210 1300 414 692 138 589 289 1500 464
cat_boundaries=0 1 2 3 4 5 6 7
cat_threshold=4 1 877600 133698 1458320 133640 1180242
is_linear=0
shrinkage=0.05


Tree=21
num_leaves=31
num_cat=7
split_feature=13 28 12 25 3 11 25 11 10 6 21 35 20 25 12 27 11 11 35 20 39 12 10 25 20 15 33 11 18 21
split_gain=761973 670480 531690 416991 370035 368332 449672 246645 281887 279686 296851 240945 217346 201168 185433 179758 225563 210062 171596 169174 166879 222253 166798 166041 154718 166031 151371 135406 133823 162024
threshold=-92.359999999999943 0 2625.0000000000005 1 2 2644.8979591836737 3 1171.2811791383222 70.231000000000009 0.71563857022672728 -58.088448709251573 1827.8900000000001 -19.798275941551591 4 445.00000000000006 5 1935.918367346939 2731.9727891156467 2255.5250000000005 -20.543847078724166 87.061500000000009 295.00000000000006 197.69300000000001 6 -17.763309499070321 284.67000000000024 127.17500000000003 5677.9591836734699 0.91569047774127255 -23.397699899414437
decision_type=2 1 2 1 9 2 1 2 2 2 2 2 2 1 2 1 2 2 2 2 2 2 2 1 2 2 2 2 2 2
left_child=1 2 3 15 14 6 -2 8 -5 27 -11 -7 -10 -14 -3 -1 20 -18 -13 -8 21 26 -12 -6 25 -19 -17 -9 -22 -30
right_child=5 4 -4 7 23 11 19 9 12 10 22 18 13 -15 -16 16 17 24 -20 -21 28 -23 -24 -25 -26 -27 -28 -29 29 -31
leaf_value=-2.3926744859326972 -0.86008224054259019 -1.4533864120419107 -4.2719388721274658 -2.8736236907728019 -1.118233794802344 2.5517190779875785 2.5298123604173117 -0.7728124784641579 1.7562753053193683 -3.7583909845352177 0.81666723900585125 -2.3925708679925828 0.037262793449543377 -1.6772468549386694 0.68407396902724849 -0.16648028877430732 4.0795421506229195 1.3936170407081561 1.1870910508343668 0.7277474162900206 -1.0737129239013068 -1.8554594877215984 -2.2472667267981996 -2.8767419484407863 2.6637314664567042 -1.0373431985899806 3.3533166320551011 -4.4364059514777612 2.7900541910901668 0.63196734142242172
leaf_weight=44 472 178 71 160 276 412 157 61 89 40 809 42 332 353 236 112 76 236 165 764 74 163 47 377 137 100 42 43 120 316
leaf_count=44 472 178 71 160 276 412 157 61 89 40 809 42 332 353 236 112 76 236 165 764 74 163 47 377 137 100 42 43 120 316
internal_value=0.0289889 -0.333207 0.00978428 0.100452 -1.42096 0.837629 0.386662 -0.376928 -0.963135 0.16682 0.451704 1.85249 -0.568202 -0.870214 -0.22939 0.748018 0.853883 1.63959 0.460783 1.02382 0.332294 -0.568601 0.648437 -2.16156 1.24755 0.670117 0.793464 -2.28757 0.892262 1.22594
internal_weight=6504 4492 3425 3354 1067 2012 1393 1934 934 1000 896 619 774 685 414 1420 1376 549 207 921 827 317 856 653 473 336 154 104 510 436
internal_count=6504 4492 3425 3354 1067 2012 1393 1934 934 1000 896 619 774 685 414 1420 1376 549 207 921 827 317 856 653 473 336 154 104 510 436
cat_boundaries=0 1 2 3 4 5 6 7
cat_threshold=6 1002530 2 1182290 1060928 4 535396
is_linear=0
shrinkage=0.05


Tree=22
num_leaves=31
num_cat=7
split_feature=31 25 13 15 10 29 11 6 6 20 11 35 29 13 29 35 35 10 38 25 39 27 11 12 39 12 6 39 10 12
split_gain=701091 493436 349816 274769 251514 210756 189009 235289 201366 197052 216483 231247 182183 175499 174628 172386 239549 207542 158021 150204 223314 144737 231251 134898 155393 129261 128546 125951 125592 114569
threshold=0 1 -137.10999999999996 410.25500000000005 39.529000000000003 2 1052.5510204081636 0.73152886903236125 0.70861619779448481 -24.075083033333428 1493.3900226757371 569.2650000000001 3 -94.129999999999981 4 662.43000000000006 2202.2100000000005 69.340500000000006 178.16850000000002 5 107.70050000000005 6 2492.5170068027214 295.00000000000006 121.80000000000003 2615.0000000000005 0.72223774393827833 94.420000000000016 79.521500000000017 2525.0000000000005
decision_type=9 1 2 2 2 1 2 2 2 2 2 2 1 2 1 2 2 2 2 1 2 1 2 2 2 2 2 2 2 2
left_child=28 3 5 4 14 -3 7 -6 -8 27 11 18 -9 15 -2 19 -17 -18 -11 20 -4 -15 23 -23 -25 29 -21 -10 -1 -19
right_child=1 2 13 -5 6 -7 8 12 9 10 -12 -13 -14 21 -16 16 17 25 -20 26 -22 22 -24 24 -26 -27 -28 -29 -30 -31
leaf_value=2.3182556565569059 -0.4683576693873347 -0.11947182238876047 1.5334846661649122 -3.0310872374462483 1.4984748032689095 -2.7756161998469255 -2.9009515763857427 -2.6869157619799773 -3.9246125680704917 -2.7091237317948114 1.1483801196319889 -1.8804964503513117 -0.97261307605947056 -1.1852960287740355 1.4581302550278212 1.0627174285800218 -1.8007280911098829 -0.54896639943832448 0.53176547029780019 1.1173618734969446 -1.7044513824959875 1.356766716731691 2.9070140280488399 -0.30734363531235065 2.7334068293993674 -1.1643908255028002 -0.81919881293630992 -0.98667318609812737 -0.13037631389547566 2.662348634586102
leaf_weight=370 243 154 213 119 60 145 78 293 48 42 297 202 329 76 228 782 165 42 360 96 71 435 147 337 48 66 798 152 61 82
leaf_count=370 243 154 213 119 60 145 78 293 48 42 297 202 329 76 228 782 165 42 360 96 71 435 147 337 48 66 798 152 61 82
internal_value=0.00157971 -0.137213 0.230625 -0.684751 -0.567956 -1.40757 -0.829187 -1.49171 -0.445945 -0.272021 0.0431309 -0.500344 -1.78015 0.377178 0.46421 0.134554 0.57373 -0.50342 0.193165 -0.289336 0.699375 0.915696 1.08082 0.753442 0.0717629 0.623191 -0.604484 -1.69178 1.92699 1.57465
internal_weight=6539 6108 3657 2451 2332 299 1861 682 1179 1101 901 604 622 3358 471 2315 1137 355 402 1178 284 1043 967 820 385 190 894 200 431 124
internal_count=6539 6108 3657 2451 2332 299 1861 682 1179 1101 901 604 622 3358 471 2315 1137 355 402 1178 284 1043 967 820 385 190 894 200 431 124
cat_boundaries=0 1 2 3 4 5 6 7
cat_threshold=4 1049565 4 2 1 328736 2
is_linear=0
shrinkage=0.05


end of trees

feature_importances:
words_vs_alias_score_margin=62
base_offset_to_expected_ms=56
vowel_class=56
local_valley_db=47
cand_cons=40
cand_cutoff_abs=39
local_peak_db=35
wav_duration_ms=32
mapping_confidence=29
expected_anchor_ms=28
prev_alias_type=27
base_cutoff_to_next_anchor_ms=25
cand_ovl=24
voicing_class=23
cand_offset=20
next_phone_gap_ms=19
energy_mean=19
onset_class=19
mora_position=17
cand_cons_gap=16
alias_group=15
base_pre_to_expected_ms=15
cand_pre_abs=6
cand_offset_to_expected_ms=5
cand_cut_gap=4
db_silence_ratio=2
cand_pre=2
cand_delta_from_base_total=2
mel_window_energy_mean=1
cand_ovl_ratio=1
cand_pre_to_expected_ms=1
cand_cutoff_to_next_anchor_ms=1
cand_pre_cons_margin=1
cand_leak_risk=1

parameters:
[boosting: gbdt]
[objective: regression]
[metric: l2]
[tree_learner: serial]
[device_type: cpu]
[data_sample_strategy: bagging]
[data: ]
[valid: ]
[num_iterations: 400]
[learning_rate: 0.05]
[num_leaves: 31]
[num_threads: 0]
[seed: 0]
[deterministic: 0]
[force_col_wise: 0]
[force_row_wise: 0]
[histogram_pool_size: -1]
[max_depth: -1]
[min_data_in_leaf: 40]
[min_sum_hessian_in_leaf: 0.001]
[bagging_fraction: 0.85]
[pos_bagging_fraction: 1]
[neg_bagging_fraction: 1]
[bagging_freq: 1]
[bagging_seed: 3]
[bagging_by_query: 0]
[feature_fraction: 0.85]
[feature_fraction_bynode: 1]
[feature_fraction_seed: 2]
[extra_trees: 0]
[extra_seed: 6]
[early_stopping_round: 0]
[early_stopping_min_delta: 0]
[first_metric_only: 0]
[max_delta_step: 0]
[lambda_l1: 0]
[lambda_l2: 0]
[linear_lambda: 0]
[min_gain_to_split: 0]
[drop_rate: 0.1]
[max_drop: 50]
[skip_drop: 0.5]
[xgboost_dart_mode: 0]
[uniform_drop: 0]
[drop_seed: 4]
[top_rate: 0.2]
[other_rate: 0.1]
[min_data_per_group: 100]
[max_cat_threshold: 32]
[cat_l2: 10]
[cat_smooth: 10]
[max_cat_to_onehot: 4]
[top_k: 20]
[monotone_constraints: ]
[monotone_constraints_method: basic]
[monotone_penalty: 0]
[feature_contri: ]
[forcedsplits_filename: ]
[refit_decay_rate: 0.9]
[cegb_tradeoff: 1]
[cegb_penalty_split: 0]
[cegb_penalty_feature_lazy: ]
[cegb_penalty_feature_coupled: ]
[path_smooth: 0]
[interaction_constraints: ]
[verbosity: -1]
[saved_feature_importance_type: 0]
[use_quantized_grad: 0]
[num_grad_quant_bins: 4]
[quant_train_renew_leaf: 0]
[stochastic_rounding: 1]
[linear_tree: 0]
[max_bin: 255]
[max_bin_by_feature: ]
[min_data_in_bin: 3]
[bin_construct_sample_cnt: 200000]
[data_random_seed: 1]
[is_enable_sparse: 1]
[enable_bundle: 1]
[use_missing: 1]
[zero_as_missing: 0]
[feature_pre_filter: 1]
[pre_partition: 0]
[two_round: 0]
[header: 0]
[label_column: ]
[weight_column: ]
[group_column: ]
[ignore_column: ]
[categorical_feature: 0,1,2,3,4,24,25,26,27,28,29,30,31,32]
[forcedbins_filename: ]
[precise_float_parser: 0]
[parser_config_file: ]
[objective_seed: 5]
[num_class: 1]
[is_unbalance: 0]
[scale_pos_weight: 1]
[sigmoid: 1]
[boost_from_average: 1]
[reg_sqrt: 0]
[alpha: 0.9]
[fair_c: 1]
[poisson_max_delta_step: 0.7]
[tweedie_variance_power: 1.5]
[lambdarank_truncation_level: 30]
[lambdarank_norm: 1]
[label_gain: ]
[lambdarank_position_bias_regularization: 0]
[eval_at: ]
[multi_error_top_k: 1]
[auc_mu_weights: ]
[num_machines: 1]
[local_listen_port: 12400]
[time_out: 120]
[machine_list_filename: ]
[machines: ]
[gpu_platform_id: -1]
[gpu_device_id: -1]
[gpu_use_dp: 0]
[num_gpu: 1]

end of parameters

pandas_categorical:[["korean"], ["cv"], ["cv", "cv_head", "mono", "vc"], ["cv", "cv_glide", "cv_head", "cv_head_glide", "mono", "vc_sonorant", "vc_stop"], ["anchor_soft", "anchor_tight", "base", "bridge_tight", "cv_guard", "kr_cv_anchor", "kr_cv_hold", "next_safe"], ["nasal", "none", "stop"], ["", "a", "ae", "e", "eo", "eui", "i", "o", "oe", "u", "ui", "wa", "wae", "we", "weo", "wi", "ya", "ye", "yeo", "yo", "yu"], ["", "vc"], ["head", "mid", "tail"], ["other", "plosive", "sibilant", "sonorant"], ["unknown", "voiced", "voiceless"], ["unknown"], ["", "cv", "cv_head", "mono", "vc"], [""]]
