tree
version=v4
num_class=1
num_tree_per_iteration=1
label_index=0
max_feature_idx=61
objective=regression_l1
feature_names=language format_type alias_type row_index_in_wav row_ratio_in_wav is_head_row is_tail_row wav_duration_ms base_offset base_cons base_cutoff_abs base_pre base_ovl base_cons_gap base_cut_gap base_ovl_ratio curr_phone_start_ms curr_phone_end_ms curr_phone_len_ms curr_vowel_start_ms curr_vowel_end_ms curr_vowel_len_ms syllable_start_ms syllable_end_ms syllable_len_ms prev_phone_gap_ms next_phone_gap_ms expected_anchor_ms base_offset_to_expected_ms base_pre_to_expected_ms base_cutoff_to_next_anchor_ms energy_mean energy_min energy_max energy_slope_pre energy_slope_post valley_energy valley_dist_from_cutoff_ms db_mean db_min db_silence_ratio f0_voicing_mean f0_voicing_near_pre zcr_mean spectral_flux_mean onset_class voicing_class is_tense is_diphthong coda_type vowel_class mora_position bridge_type is_nasal_or_sonorant prev_alias_type next_alias_type prev_base_pre next_base_pre prev_base_offset next_base_offset prev_base_cutoff_abs next_base_cutoff_abs
feature_infos=none none -1:2:1:3:5:4 [0:8] [0:1] [0:1] [0:1] [2062.312925170068:5999.4557823129253] [183.44:5908.3100000000004] [73.390000000000001:480.88999999999999] [669.30999999999995:6239.1700000000001] [0:360] [0:221.97999999999999] [8.0100000000000051:202.86000000000001] [11.999999999999972:4192.04] [0:0.70374762808349145] [130:5990] [940:5999.46] [5.7100000000000364:3480] [0:5990] [0:5999.46] [0:2780] [80:5990] [940:5999.46] [5.7100000000000364:3480] [0:2470] [0:2630] [130:5990] [-1029.1700000000001:1848.6900000000001] [-894.7800000000002:1990] [-5318.4700000000003:2600.1199999999999] [0:1] [0:1] [0:1] [-0.95338406791326158:0.99928753076619103] [-0.94284507359342284:1] [0:1] [-17.95875283446685:4270.606099773242] [-74.028712925718082:0] [-88.008753934269478:0] [0:1] [0:1] [0:1] [0:0.47383720930232559] [0:0.086053788199905196] -1:1:0:3:2 -1:0:2:1 [0:1] [0:1] -1:2:3:4:1:0 -1:0:6:11:12:15:16:19:1:3:4:5:8:10:13:7:14:17:18 -1:1:0:2 -1:0:1:3:2 [0:1] -1:3:2:0:6:4:5 none [0:360] [0:360] [0:5904.3999999999996] [0:5908.3100000000004] [0:6238.4700000000003] [0:6239.1700000000001]
tree_sizes=2200 2315 2408 2494 2561 2386 2635 2486 2636 2724 2657 2715 2736 2721 2695 2754 2749 2717 2708 2717 2720 2733 2736 2736 2725 2745

Tree=0
num_leaves=26
num_cat=3
split_feature=2 9 46 41 11 9 56 9 29 14 29 28 9 23 9 42 46 29 14 61 29 18 57 14 9
split_gain=542.616 362.407 79.4062 36.0131 19.7157 18.5484 18.3276 9.12177 7.0248 7.46824 5.8293 5.68903 5.27213 4.89312 4.57156 7.15387 4.28175 3.34004 2.27824 1.89852 1.63399 1.38738 0.747968 1.44893 0.24466
threshold=0 184.85500000000005 1 0.36663583824516066 173.33500000000004 200.57000000000002 136.95000000000002 192.73500000000004 84.694999999999723 113.08000000000001 21.035000000000085 -266.77500000000003 154.16000000000003 1905.0000000000002 249.70000000000002 0.54085045835802281 2 295.65000000000015 104.40000000000003 4575.6950000000006 3.7400000000002369 640.00000000000011 239.74500000000003 96.310000000000016 222.04500000000004
decision_type=9 2 1 2 2 2 2 2 2 2 2 2 2 2 2 2 1 2 2 2 2 2 2 2 2
left_child=1 12 3 11 6 7 8 -4 9 -5 -8 -3 -1 -7 15 -15 19 22 -17 -14 -11 -16 -2 -24 -20
right_child=17 2 5 4 -6 13 10 -9 -10 20 -12 -13 16 14 21 18 -18 -19 24 -21 -22 -23 23 -25 -26
leaf_value=19.274500370025635 20.396650028228759 16.147950172424316 15.451225209236146 15.325450205802918 11.681725215911865 13.676950216293335 15.497650194168092 15.318000221252442 14.507250213623047 14.51102523803711 16.416850185394289 17.665575218200683 17.741400241851807 14.737025213241576 8.9702000617980957 14.120900249481201 16.24872522354126 18.096550273895264 14.244950199127198 18.403750324249266 15.215900206565857 11.278200244903564 18.240675258636475 17.916600131988524 13.465200233459473
leaf_weight=67 312 41 48 75 56 66 41 41 42 40 46 44 64 40 261 55 74 45 63 45 45 40 60 41 40
leaf_count=67 312 41 48 75 56 66 41 41 42 40 46 44 64 40 261 55 74 45 63 45 45 40 60 41 40
internal_value=15.76 15.7439 15.7312 15.7479 15.7407 15.7202 15.746 15.7415 15.7377 15.7425 15.7652 15.7771 15.798 15.7169 15.7152 15.7211 15.7936 15.8064 15.7163 15.7999 15.7324 15.7113 15.8088 15.805 15.7119
internal_weight=1792 1334 1084 430 345 654 289 89 202 160 87 85 250 565 499 198 183 458 158 109 85 301 413 101 103
internal_count=1792 1334 1084 430 345 654 289 89 202 160 87 85 250 565 499 198 183 458 158 109 85 301 413 101 103
cat_boundaries=0 1 2 3
cat_threshold=22 4 4
is_linear=0
shrinkage=1


Tree=1
num_leaves=26
num_cat=2
split_feature=2 9 45 9 15 14 13 53 59 9 15 15 60 29 13 15 28 32 12 38 12 9 14 39 13
split_gain=515.025 304.963 58.3789 51.2096 36.8238 27.2092 14.4144 12.09 9.21255 9.12903 8.60552 8.59905 8.81116 7.82305 7.34379 6.33252 4.365 3.12195 2.7789 1.53296 2.01901 0.940989 0.719177 0.512068 0.780861
threshold=0 188.15500000000003 1 210.61500000000004 0.21379955834343636 111.94000000000001 96.585000000000022 1.0000000180025095e-35 2915.0000000000005 258.21500000000009 0.49543936798020177 0.26207925771527341 1793.5550000000001 9.2450000000000063 104.20500000000001 0.67350539917264063 -79.714999999999904 0.22246745233104637 30.150000000000002 -48.366087310105641 24.650000000000002 226.74500000000003 51.479999999999997 -68.743435807538162 39.255000000000003
decision_type=9 2 1 2 2 2 2 2 2 2 2 2 2 2 2 2 2 2 2 2 2 2 2 2 2
left_child=1 6 5 4 -4 14 13 8 -6 11 18 12 -5 -1 -3 23 17 -13 -11 20 -15 -18 -20 24 -2
right_child=15 2 3 9 7 -7 -8 -9 -10 10 -12 16 -14 19 -16 -17 21 -19 22 -21 -22 -23 -24 -25 -26
leaf_value=1.2018625783920289 2.0010688161849979 0.72399252951145177 1.4494261646270754 -1.6776118773221969 -0.52210127353668223 -0.73227876186370855 0.43281245708465588 -0.98907251715660094 0.10782750725746154 -2.3160230922698974 -3.7762098932266235 -1.4878512835502624 -0.77303688466548914 3.0378210926055909 2.0363713169097899 1.2383675718307496 -1.4165950345993044 -2.012194972038269 -3.7699600458145142 2.1828625249862674 1.3194750547409058 -2.1937449979782104 -6.2243599176406867 3.9780175352096556 4.3543175840377808
leaf_weight=67 44 40 46 56 59 55 59 52 49 40 54 41 54 41 45 42 59 41 43 59 45 55 262 301 51
leaf_count=67 44 40 46 56 59 55 59 52 49 40 54 41 54 41 45 42 59 41 43 59 45 55 262 301 51
internal_value=-0.000397727 -0.015991 -0.0283064 -0.0327362 -0.011165 0.00266667 0.0311808 -0.0225 -0.012963 -0.0395035 -0.0444862 -0.0330065 -0.0218182 0.0372642 0.0205882 0.0459821 -0.0392857 -0.0304878 -0.0473913 0.0437931 0.0395349 -0.045614 -0.0490164 0.0489899 0.0457895
internal_weight=1760 1322 1051 911 206 140 271 160 108 705 399 306 110 212 85 438 196 82 345 145 86 114 305 396 95
internal_count=1760 1322 1051 911 206 140 271 160 108 705 399 306 110 212 85 438 196 82 345 145 86 114 305 396 95
cat_boundaries=0 1 2
cat_threshold=22 4
is_linear=0
shrinkage=0.05


Tree=2
num_leaves=27
num_cat=2
split_feature=2 9 46 9 12 56 9 15 38 23 25 11 15 44 13 9 41 34 15 39 48 28 8 38 10 7
split_gain=535.283 267.448 70.7588 38.0055 26.564 22.6605 13.8962 13.9432 15.0691 11.5285 7.73296 6.28772 5.92685 5.6209 12.4171 5.03004 6.18544 4.92015 4.86407 3.22986 1.38135 1.01216 0.83715 0.472527 0.222222 0.0817352
threshold=0 195.31000000000003 1 163.49000000000004 24.650000000000002 164.26500000000001 208.19000000000003 0.23375926231527283 -40.817219220348697 2865.0000000000005 65.000000000000014 81.745000000000019 0.6639169679430672 0.0065594638283586514 97.249999999999986 249.70000000000002 0.92925560524161799 -9.8823697218883199e-05 0.38412257130162858 -42.309861862936579 1.0000000180025095e-35 211.69000000000005 1406.1400000000001 -64.389262131272218 2925.6300000000006 5967.5283446712028
decision_type=9 2 1 2 2 2 2 2 2 2 2 2 2 2 2 2 2 2 2 2 2 2 2 2 2 2
left_child=1 3 5 24 11 6 -3 10 -9 -6 -8 -5 21 14 -4 16 18 -11 -15 -10 -18 23 -17 -2 -1 -24
right_child=12 2 13 4 9 -7 7 8 19 17 -12 -13 -14 15 -16 22 20 -19 -20 -21 -22 -23 25 -25 -26 -27
leaf_value=2.3480619915723802 3.1554516499042515 0.44300951302051539 -7.713791946172714 0.4565227391421795 0.73177058348059654 0.55095934030413618 -3.0355382478237156 0.25182472519576543 -1.1870827600955962 -0.15722764784097676 -1.3482851252555847 2.5854215054512029 1.0839504330158236 -0.67330218262970443 -1.0483027098476885 -3.715499603033066 -1.7343549610376359 0.039021616429090501 -1.4338250684440137 -0.50355296535789973 -1.5416502306461335 2.0796141808032989 -5.9033419644832614 3.9972666065692906 2.2007318851947786 -5.2193919217586524
leaf_weight=50 63 42 71 48 50 71 65 52 47 66 41 57 42 44 56 54 65 51 40 48 56 46 179 301 40 40
leaf_count=50 63 42 71 48 50 71 65 52 47 66 41 57 42 44 56 54 65 51 40 48 56 46 179 301 40 40
internal_value=-0.000980392 -0.0169397 -0.0307415 0.0196133 0.0102941 -0.013388 -0.0194915 -0.023913 -0.0139456 -0.00209581 -0.0377358 0.03 0.0454545 -0.0412397 -0.0318898 -0.0437238 -0.0378049 -0.0106838 -0.027381 -0.0257895 -0.0450413 0.0482927 -0.0481685 0.0491758 0.0477778 -0.0495434
internal_weight=1785 1333 971 362 272 366 295 253 147 167 106 105 452 605 127 478 205 117 84 95 121 410 273 364 90 219
internal_count=1785 1333 971 362 272 366 295 253 147 167 106 105 452 605 127 478 205 117 84 95 121 410 273 364 90 219
cat_boundaries=0 1 2
cat_threshold=22 4
is_linear=0
shrinkage=0.05


Tree=3
num_leaves=28
num_cat=2
split_feature=2 9 45 9 47 9 42 12 14 14 35 9 58 48 8 48 28 57 29 61 40 12 14 11 61 9 10
split_gain=513.291 254.479 65.5718 34.9466 26.0744 21.2061 19.9644 15.4286 9.78342 21.048 9.75478 8.42835 7.70213 6.97046 6.478 5.85972 5.62712 6.56329 3.37932 3.04742 2.8562 1.24162 0.663977 0.610244 0.183374 0.0810427 0.0550562
threshold=0 196.08000000000001 1 181.45000000000002 1.0000000180025095e-35 231.72000000000003 0.5904158941134342 24.835000000000004 112.40000000000002 83.380000000000024 -0.00071959166724559992 159.44500000000002 1444.0150000000001 1.0000000180025095e-35 974.98000000000013 1.0000000180025095e-35 -103.07999999999991 148.15000000000001 295.65000000000015 2897.9150000000004 0.22886904761904758 115.88000000000001 77.69000000000004 84.920000000000002 4866.2250000000013 268.54500000000007 3164.1550000000002
decision_type=9 2 1 2 2 2 2 2 2 2 2 2 2 2 2 2 2 2 2 2 2 2 2 2 2 2 2
left_child=1 3 4 11 12 6 -4 -5 9 19 -9 -1 -3 -13 -7 22 20 -18 21 -8 26 24 -16 -10 -2 -24 -17
right_child=18 2 5 7 -6 14 8 10 23 -11 -12 13 -14 -15 15 16 17 -19 -20 -21 -22 -23 25 -25 -26 -27 -28
leaf_value=2.9359982573568821 3.7536412542223929 0.029793038475513359 -0.30175678873062139 1.7157944664716724 1.9070047840490938 -2.5873666170060639 -1.1855225851804019 -0.25514302361309532 -1.3369503446578981 0.13683811599388715 0.19401941910609596 0.39571741191893822 -0.7995831905722619 1.0149319449931384 -3.1492335038334134 -2.39832994133234 -0.56885162429921332 -2.5227748571038244 2.0532409890055656 -1.1685712779425086 -2.4285209201097491 3.2077016532778746 -2.6239437559783463 -1.2023308921523392 2.6541161840319636 -7.8418746648430826 -3.443358300626278
leaf_weight=67 284 41 79 56 55 45 40 44 54 41 68 74 43 69 40 49 40 49 43 47 41 41 40 40 70 171 40
leaf_count=67 284 41 79 56 55 45 40 44 54 41 68 74 43 69 40 49 40 49 43 47 41 41 40 40 70 171 40
internal_value=-0.000367024 -0.0158228 -0.0296859 0.0187831 0.00302013 -0.0348668 -0.0247508 0.00178571 -0.0324324 -0.0234375 -0.00892857 0.032381 -0.0142857 0.0255245 -0.0414563 -0.0431915 -0.0372146 -0.0275281 0.0459821 -0.0373563 -0.0438462 0.048481 -0.0484064 -0.0446809 0.049435 -0.0495261 -0.0488764
internal_weight=1771 1333 955 378 139 816 301 168 222 128 112 210 84 143 515 470 219 89 438 87 130 395 251 94 354 211 89
internal_count=1771 1333 955 378 139 816 301 168 222 128 112 210 84 143 515 470 219 89 438 87 130 395 251 94 354 211 89
cat_boundaries=0 1 2
cat_threshold=22 4
is_linear=0
shrinkage=0.05


Tree=4
num_leaves=29
num_cat=3
split_feature=2 9 46 56 41 9 15 50 11 19 15 40 9 33 20 9 59 38 12 9 56 38 41 9 39 14 34 14
split_gain=497.816 241.048 78.349 29.2527 20.822 18.2077 16.1206 13.9032 11.1812 11.5924 10.7605 10.6644 9.26191 8.99957 7.14224 6.69385 6.68474 6.59512 3.97024 2.43375 2.21425 2.21928 1.41304 1.35046 1.30115 1.84766 0.086755 0.0622642
threshold=0 188.15500000000003 1 141.43500000000003 0.22899357717529992 163.49000000000004 0.30029308806135641 2 126.26000000000001 1710.0000000000002 0.67350539917264063 0.48632668144863272 248.61500000000004 0.96611563150047786 1395.0000000000002 199.75500000000002 4364.2000000000007 -37.837477453194531 24.835000000000004 142.40500000000003 132.45500000000001 -43.165489787382285 0.68614807401567079 231.72000000000003 -68.743435807538162 130.47000000000006 0.067171249373977823 109.53000000000003
decision_type=9 2 1 2 2 2 2 1 2 2 2 2 2 2 2 2 2 2 2 2 2 2 2 2 2 2 2 2
left_child=1 5 3 4 -3 19 8 12 9 -6 24 18 -4 -5 -9 -16 -13 -8 -7 -1 21 -17 -10 -23 25 -2 -26 -25
right_child=10 2 7 13 6 11 17 14 22 -11 -12 16 -14 -15 15 20 -18 -19 -20 -21 -22 23 -24 27 26 -27 -28 -29
leaf_value=3.8396385038098693 1.822020592878461 0.65703009595341999 -0.20398484179079529 1.4062639607217911 -1.0615345968299359 1.6404299508848041 0.54777743094034492 -0.81413892825580203 -1.6627610152271388 -0.098626517169922684 0.74184278521358982 -0.096008929473012483 -2.4245023732399384 0.014540701882466679 -0.28871209101941436 -1.5545447482691146 0.38165477199122311 -0.63571303543385138 0.51204617465667435 1.2255981857976319 -5.8691031846402399 -1.2458774954211713 -1.8989766362698561 -2.1774278414783623 3.5137211143475771 3.8163969223004579 2.5581699382764103 -3.8925524285057196
leaf_weight=48 52 53 63 41 42 43 41 40 40 43 42 51 55 67 47 58 41 40 53 51 218 44 52 40 262 50 40 66
leaf_count=48 52 53 63 41 42 43 41 40 40 43 42 51 55 67 47 58 41 40 53 51 218 44 52 40 262 50 40 66
internal_value=-0.00064498 -0.0159243 -0.0271429 -0.0103819 -0.0181672 0.0245645 -0.024031 -0.0382726 -0.0324859 -0.0194118 0.0445175 0.0154255 -0.0171875 0.012037 -0.0419694 -0.0445032 0.00326087 -0.00555556 0.0270833 0.0419192 -0.0464789 -0.0427885 -0.0445652 -0.046 0.0480198 0.0431373 0.0496689 -0.0490566
internal_weight=1783 1337 1050 419 311 287 258 631 177 85 446 188 118 108 513 473 92 81 96 99 426 208 92 150 404 102 302 106
internal_count=1783 1337 1050 419 311 287 258 631 177 85 446 188 118 108 513 473 92 81 96 99 426 208 92 150 404 102 302 106
cat_boundaries=0 1 2 3
cat_threshold=22 4 794688
is_linear=0
shrinkage=0.05


Tree=5
num_leaves=27
num_cat=3
split_feature=2 9 46 56 14 9 41 48 33 46 32 38 48 8 12 32 14 40 43 43 9 41 9 38 12 29
split_gain=505.202 228.122 73.2096 33.0946 18.8671 18.3568 17.6605 14.3887 22.574 10.8768 10.2877 9.42667 7.34713 7.18177 6.63411 6.08291 5.79975 4.3666 4.35422 4.03913 2.00255 2.84518 1.97581 1.82006 1.26252 0.340708
threshold=0 188.15500000000003 1 141.43500000000003 109.53000000000003 163.49000000000004 0.22899357717529992 1.0000000180025095e-35 0.62290852734630853 2 0.010764855865781952 -38.395467158915061 1.0000000180025095e-35 3684.0150000000003 116.95 0.80060312786352539 105.75500000000001 0.49561403508771934 0.037000283527076801 0.040686135525942711 264.52500000000003 0.92925560524161799 142.40500000000003 -65.271024248098612 38.690000000000005 113.64000000000034
decision_type=9 2 1 2 2 2 2 2 2 1 2 2 2 2 2 2 2 2 2 2 2 2 2 2 2 2
left_child=1 5 3 6 -5 22 -3 15 -9 13 12 -12 -8 -7 23 20 18 -11 -10 -13 21 -4 -1 -2 -18 -25
right_child=14 2 7 4 -6 9 10 8 16 17 11 19 -14 -15 -16 -17 24 -19 -20 -21 -22 -23 -24 25 -26 -27
leaf_value=3.665896878321067 2.5125833749181932 0.35765746309472618 -1.2210162338606567 1.2794636530554333 -1.2681038086736167 0.76093110124667562 -1.5750800341960705 -0.1872248001140068 -1.3756123173895591 0.33813304778445147 0.11666278392254564 -0.33345799992613079 -0.92694634185131042 2.4390802454551648 1.5109939490921198 -3.8199198022758907 -1.8542519610268997 -0.08564290323658659 -1.0080265269208066 -0.77246801134433041 -6.4073259859919638 -1.5019234382194364 1.4817265238266142 3.1472101684934799 -2.7107880098272505 3.5849350448972888
leaf_weight=45 59 50 63 79 41 56 63 70 45 41 42 46 62 45 77 42 53 42 49 49 175 73 48 282 68 41
leaf_count=45 59 50 63 79 41 56 63 70 45 41 42 46 62 45 77 42 53 42 49 49 175 73 48 282 68 41
internal_value=-0.000498339 -0.0159543 -0.0265421 -0.0106481 0.0116667 0.0243682 -0.0192308 -0.0373041 -0.0289474 0.0152174 -0.0244275 -0.0149635 -0.0348 0.0262376 0.0442431 -0.044051 -0.0369767 0.00180723 -0.0276596 -0.0236842 -0.046463 -0.0419118 0.0424731 0.0479058 -0.0442149 0.0493808
internal_weight=1806 1347 1070 432 120 277 312 638 285 184 262 137 125 101 459 353 215 83 94 95 311 136 93 382 121 323
internal_count=1806 1347 1070 432 120 277 312 638 285 184 262 137 125 101 459 353 215 83 94 95 311 136 93 382 121 323
cat_boundaries=0 1 2 3
cat_threshold=22 4 4
is_linear=0
shrinkage=0.05


Tree=6
num_leaves=30
num_cat=3
split_feature=2 9 46 15 41 15 4 9 50 15 56 40 11 10 59 9 11 18 10 12 60 12 40 9 29 39 9 9 9
split_gain=466.522 214.4 73.9365 25.8333 25.595 26.531 23.5673 21.392 18.3297 17.9821 10.9384 10.8666 10.1952 7.94198 7.44735 6.80975 5.36222 4.64576 4.27853 3.19197 2.96574 4.70069 2.81821 1.70607 1.59552 0.641241 0.277863 0.0811321 0.05
threshold=0 188.15500000000003 1 0.67350539917264063 0.39383333422050559 0.28877636387796762 0.4642857142857143 163.49000000000004 2 0.3416893880797045 124.59500000000001 0.38348416289592763 126.42500000000001 1336.4050000000004 4364.2000000000007 201.39500000000004 177.64000000000001 110.00000000000024 1921.6300000000003 25.485000000000003 3211.5750000000003 75.705000000000013 0.24509048902579897 142.40500000000003 409.88000000000017 -68.743435807538162 237.89000000000001 223.44500000000002 269.61500000000007
decision_type=9 2 1 2 2 2 2 2 1 2 2 2 2 2 2 2 2 2 2 2 2 2 2 2 2 2 2 2 2
left_child=1 7 4 24 16 6 12 23 10 -7 -4 19 18 -10 -13 -15 -3 -11 -6 -9 21 22 26 -1 25 -2 -17 -22 -14
right_child=3 2 8 -5 5 9 -8 11 13 17 -12 14 28 15 -16 20 -18 -19 -20 -21 27 -23 -24 -25 -26 -27 -28 -29 -30
leaf_value=3.5196378426642627 2.2834228296197012 1.3755037880370491 -2.0277647879734855 0.66422723176246457 -0.96291657041936218 1.2154904704026617 0.088954512255147042 1.8034593872910081 -0.99672124353166103 0.035398016829687816 -0.072405712210576442 -0.071254112903943151 -1.5417878315922688 -0.29814744999647047 0.36685417855349134 -0.91465088617488 0.18273421628277442 -1.0072510632773939 -0.31398647255172601 0.47055684639306572 -0.94207770270266666 -1.4404712963468682 -1.8451192462771335 1.3891748651271962 1.6653943935442521 3.2475746127665595 -2.8544624079273189 -6.8948585323649727 -4.0639864624675548
leaf_weight=43 78 46 61 41 41 47 51 43 40 40 58 57 40 56 41 40 41 42 43 42 40 42 43 52 45 279 91 172 40
leaf_count=43 78 46 61 41 41 47 51 43 40 40 58 57 40 56 41 40 41 42 43 42 40 42 43 52 45 279 91 172 40
internal_value=-0.00103064 -0.0156388 -0.0258845 0.042936 -0.00986079 -0.0159884 -0.0267442 0.0233813 -0.0366252 0.00193798 -0.0143411 0.013388 -0.0359756 -0.0406367 0.00204082 -0.0431818 0.0143678 -0.0121951 -0.0238095 0.0264706 -0.0453271 -0.0412037 -0.0448276 0.0426316 0.0477612 0.0488796 -0.0484733 -0.0495283 -0.04875
internal_weight=1795 1352 1074 443 431 344 215 278 643 129 119 183 164 524 98 484 87 82 84 85 428 216 174 95 402 357 131 212 80
internal_count=1795 1352 1074 443 431 344 215 278 643 129 119 183 164 524 98 484 87 82 84 85 428 216 174 95 402 357 131 212 80
cat_boundaries=0 1 2 3
cat_threshold=22 4 548928
is_linear=0
shrinkage=0.05


Tree=7
num_leaves=28
num_cat=2
split_feature=2 9 45 9 12 12 47 15 9 42 28 56 60 15 34 40 7 56 11 60 59 9 38 19 19 44 57
split_gain=452.218 216.252 54.8196 28.7768 27.2521 21.419 20.1908 20.1702 16.3246 17.8943 10.459 9.40987 8.52973 8.34098 8.25892 11.4571 7.36102 6.05 3.90011 5.61831 3.18454 2.50109 1.79423 1.25 1.18522 0.715887 0.332172
threshold=0 196.08000000000001 1 163.49000000000004 22.005000000000006 24.650000000000002 1.0000000180025095e-35 0.67350539917264063 258.89000000000004 0.48330153043418206 -86.540000000000006 129.54000000000002 1831.0250000000003 0.49543936798020177 -9.8823697218883199e-05 0.38348416289592763 5901.7913832199547 86.440000000000012 84.920000000000002 1270.3650000000002 4350.3900000000003 142.40500000000003 -65.062241918244453 3025.0000000000005 1505.0000000000002 0.027613600118904853 358.82000000000005
decision_type=9 2 1 2 2 2 2 2 2 2 2 2 2 2 2 2 2 2 2 2 2 2 2 2 2 2 2
left_child=1 3 6 21 -4 16 12 22 9 23 11 17 -3 20 15 -7 -5 -11 -12 -20 24 -1 -2 -6 -10 -26 -24
right_child=7 2 4 5 8 14 -8 -9 13 10 18 -13 -14 -15 -16 -17 -18 -19 19 -21 -22 -23 26 -25 25 -27 -28
leaf_value=3.3066201422718002 2.0794531232278275 0.25191868011470198 0.068814778274744734 0.59989938428571732 -0.17304890137961346 0.44804863693186014 1.6919159209425871 0.56096330364602076 -2.9891600421698206 -1.0360037721621942 -1.0818632972778512 -1.5889913472555799 -0.88392754180218669 -2.7631762267321811 0.35121056901462427 -0.14062264695311297 2.3427915681119829 0.02412056243578874 -1.6125035584286136 -0.6786683557454456 -2.4210613540590664 1.0207732070600597 3.2280962376857931 -0.37056330122746628 -5.7154143931734946 -3.7172667326082962 1.4165053960825134
leaf_weight=45 77 42 62 69 40 47 49 41 51 40 65 42 40 53 65 66 43 40 64 62 47 49 286 40 181 41 42
leaf_count=45 77 42 62 69 40 47 49 41 51 40 65 42 40 53 65 66 43 40 64 62 47 49 286 40 181 41 42
internal_value=0.000363331 -0.0141537 -0.0269552 0.0174479 -0.0315036 0.00965517 0.00390071 0.0434211 -0.0344648 -0.0273537 -0.0327476 -0.0213115 -0.0109756 -0.0419571 -0.0011236 -0.00929204 0.0267857 -0.01125 -0.0400524 -0.0349206 -0.045 0.0414894 0.0477778 -0.00625 -0.0470696 -0.0486486 0.0493902
internal_weight=1789 1343 959 384 828 290 131 446 766 393 313 122 82 373 178 113 112 80 191 126 320 94 405 80 273 222 328
internal_count=1789 1343 959 384 828 290 131 446 766 393 313 122 82 373 178 113 112 80 191 126 320 94 405 80 273 222 328
cat_boundaries=0 1 2
cat_threshold=22 4
is_linear=0
shrinkage=0.05


Tree=8
num_leaves=30
num_cat=4
split_feature=2 9 46 41 15 9 50 11 16 15 46 15 40 10 9 10 9 47 42 60 31 59 28 57 9 42 10 32 15
split_gain=461.924 222.127 82.386 32.6711 32.6645 23.5751 22.0078 17.6387 23.8032 17.3031 14.984 14.1478 9.83425 8.9528 6.74074 5.79197 6.03054 4.43916 4.25455 3.31419 4.70973 1.81818 1.36016 1.10967 1.09971 1.38202 0.247619 0.0856631 0.0817352
threshold=0 188.15500000000003 1 0.39383333422050559 0.28877636387796762 163.49000000000004 2 126.26000000000001 2535.0000000000005 0.67350539917264063 3 0.3416893880797045 0.49561403508771934 3868.4600000000005 240.52000000000001 1342.9950000000001 201.39500000000004 1.0000000180025095e-35 0.41201986566901477 3133.5150000000003 0.44889102344851306 3693.9550000000004 211.69000000000005 114.97000000000001 165.48500000000004 0.83825620661382916 1805.1750000000002 0.80249923287697345 0.44864637372182087
decision_type=9 2 1 2 2 2 1 2 2 2 1 2 2 2 2 2 2 2 2 2 2 2 2 2 2 2 2 2 2
left_child=1 5 3 17 7 21 14 8 -5 22 13 -6 -12 -7 -4 -8 -17 -3 -9 20 -18 -1 24 -22 25 -2 -25 -26 -21
right_child=9 2 6 4 11 10 15 18 -10 -11 12 -13 -14 -15 -16 16 19 -19 -20 28 23 -23 -24 26 27 -27 -28 -29 -30
leaf_value=1.8749862934944113 2.289491219780075 0.61276863407791637 -0.063395831389648674 -0.89931833735540911 1.4437299783417459 0.69370774471238483 -0.86715169489002175 -1.5045509720744805 0.75479122652311936 0.78796522543881753 0.24444371705805673 -0.46046736510926761 -0.12323114486297389 2.1304858418590777 -1.7596810928733537 -0.23553208805610285 -1.674143012381559 1.3837702341108702 -1.7579419522745032 -5.4564460404154422 -1.7884326399948343 2.2861641464594413 1.4546686548218006 -2.5366303266582109 2.8003909542771455 2.9798911526414034 -1.8868452724081566 3.5099979880066985 -5.0252806526649465
leaf_weight=55 48 47 52 58 56 61 42 48 42 45 41 75 44 45 56 60 55 44 69 179 44 44 45 40 239 41 65 40 40
leaf_count=55 48 47 52 58 56 61 42 48 42 45 41 75 44 45 56 60 55 44 69 179 44 44 45 40 239 41 65 40 40
internal_value=5.49451e-05 -0.0145773 -0.0251866 -0.00854214 -0.0155172 0.0241379 -0.0367299 -0.0274194 -0.012 0.0429487 0.0138743 0.00419847 -0.00176471 0.0264151 -0.0118644 -0.0408411 -0.0431677 0.0181319 -0.0405983 -0.0452719 -0.0406863 0.0439394 0.0470944 -0.045302 0.0480978 0.0432584 -0.0480952 0.0496416 -0.0495434
internal_weight=1820 1362 1072 439 348 290 633 217 100 458 191 131 85 106 108 525 483 91 117 423 204 99 413 149 368 89 105 279 219
internal_count=1820 1362 1072 439 348 290 633 217 100 458 191 131 85 106 108 525 483 91 117 423 204 99 413 149 368 89 105 279 219
cat_boundaries=0 1 2 3 4
cat_threshold=22 4 794688 4
is_linear=0
shrinkage=0.05


Tree=9
num_leaves=31
num_cat=3
split_feature=2 9 46 9 12 15 47 4 15 50 9 56 39 48 9 8 16 14 33 24 37 15 13 12 9 9 24 42 34 8
split_gain=430.317 193.267 54.4751 33.3178 22.3435 22.2235 24.1563 24.0192 16.0891 15.6871 12.825 12.0958 9.44171 9.79592 8.12246 8.88407 7.2 7.19875 5.33968 4.32907 3.24667 2.38194 1.79151 3.32308 1.76642 1.17697 1.63455 1.00255 0.0807692 0.061165
threshold=0 193.70500000000001 1 163.10500000000005 23.825000000000006 0.2766091980947652 1.0000000180025095e-35 0.4642857142857143 0.67350539917264063 2 224.98500000000004 127.32000000000001 -66.160014032857063 1.0000000180025095e-35 243.74500000000003 1053.7100000000003 2395.0000000000005 124.88500000000001 0.54648936488391631 89.999999999999901 52.13998866213138 0.22528800493904833 50.850000000000016 51.750000000000007 147.06500000000003 288.00500000000005 185.00000000000003 0.32928515863860391 -0.013617236718872197 4390.0650000000014
decision_type=9 2 1 2 2 2 2 2 2 1 2 2 2 2 2 2 2 2 2 2 2 2 2 2 2 2 2 2 2 2
left_child=1 3 5 24 19 7 17 10 22 11 16 -4 -6 -14 18 -16 -3 -7 -11 -5 -20 -12 23 27 -1 26 -17 -2 -24 -29
right_child=8 2 9 4 12 6 -8 -9 -10 14 21 -13 13 -15 15 25 -18 -19 20 -21 -22 -23 28 -25 -26 -27 -28 29 -30 -31
leaf_value=3.0041591966660461 1.5166773837249339 -0.80546147318271977 -1.5917358357954123 0.47470726532501184 -0.11195288622382141 0.17107689673982202 1.6377937598170238 0.21172261227258871 0.49351687719177895 -0.45813645120465857 -2.6451477197974915 0.064819875036443084 -0.11831956854633888 0.50975604101892713 -2.3507015112721223 -2.0759984476162106 -0.11319082887945814 -0.88012153502849599 -0.77052135966063462 1.5401684138403291 -0.90972561273083652 -1.4113703632416206 3.2741846065602362 0.8012721967638996 0.9357927989265975 -5.7078237963780687 -2.1967603793501236 1.1558216362080636 3.2888411888978752 2.1714464454732005
leaf_weight=48 53 40 49 44 69 71 45 60 41 40 59 53 49 56 40 43 40 41 61 54 79 40 40 40 43 184 41 40 168 63
leaf_count=48 53 40 49 44 69 71 45 60 41 40 59 53 49 56 40 43 40 41 61 54 79 40 40 40 43 184 41 40 168 63
internal_value=0.000222965 -0.0138705 -0.0254564 0.0172176 0.00845588 -0.0111111 0.00350318 -0.0207113 0.0423077 -0.0350847 -0.0298883 -0.0125 -0.00229885 0.00714286 -0.038755 -0.0444805 -0.015 -0.00892857 -0.0311111 0.027551 -0.0357143 -0.0419192 0.0462871 0.0428571 0.0434066 -0.0477612 -0.0428571 0.0461538 0.0495192 0.0490291
internal_weight=1794 1349 986 363 272 396 157 239 445 590 179 102 174 105 488 308 80 112 180 98 140 99 404 196 91 268 84 156 208 103
internal_count=1794 1349 986 363 272 396 157 239 445 590 179 102 174 105 488 308 80 112 180 98 140 99 404 196 91 268 84 156 208 103
cat_boundaries=0 1 2 3
cat_threshold=22 4 794688
is_linear=0
shrinkage=0.05


Tree=10
num_leaves=30
num_cat=3
split_feature=2 14 46 11 12 22 12 15 15 50 39 57 14 56 15 28 60 31 11 14 61 38 11 22 59 39 8 56 8
split_gain=408.53 116.004 67.5519 33.0084 27.785 21.7198 21.1637 19.4985 18.5964 18.5824 18.1001 15.1134 14.9958 13.2656 11.5438 9.90635 14.8129 7.29075 5.46718 6.31184 5.43018 1.45019 1.28623 2.88366 0.583863 0.828153 0.305882 0.262377 0.209524
threshold=0 13.250000000000016 1 174.54500000000004 25.485000000000003 1795.0000000000002 23.195000000000004 0.67350539917264063 0.29472448320519545 2 -59.877583417762501 97.980000000000004 113.08000000000001 88.820000000000007 0.23375926231527283 -20.844999999999796 2866.0450000000005 0.95286490658158973 104.16500000000001 124.22500000000001 3911.4900000000002 -64.389262131272218 183.52500000000001 2925.0000000000005 4044.0000000000005 -64.588274162873489 3351.5000000000005 170.84000000000003 1739.0900000000004
decision_type=9 2 1 2 2 2 2 2 2 1 2 2 2 2 2 2 2 2 2 2 2 2 2 2 2 2 2 2 2
left_child=1 6 3 5 -4 8 -1 21 -3 13 15 -7 14 -6 -13 16 -8 18 19 -11 -16 -2 23 28 27 -26 -24 -23 -20
right_child=7 2 4 -5 9 11 10 -9 -10 17 -12 12 -14 -15 20 -17 -18 -19 22 -21 -22 24 26 -25 25 -27 -28 -29 -30
leaf_value=2.0760484690070498 1.6990923805680851 -0.9079099904044341 0.10502803230394263 -3.2796438039138636 -1.6400869994135849 -0.35442625206412359 0.86807414824980222 0.46884103333218996 0.32090258145660466 -0.21179913706331321 1.9557728211360914 0.071917668053481473 -0.25309433977723117 -0.20167799382633939 0.53806885846796781 -0.24970093245192124 -0.13165996819871112 -1.086384201631946 -2.084603233866499 -1.2321869680730222 2.0069876145601264 3.131734015358107 -4.1255686331818255 -2.9112921404550178 1.5155157702503657 0.97625028739746189 -6.3895190418837267 2.9026429276504651 -1.828245081688705
leaf_weight=57 79 57 42 58 44 79 64 43 40 67 59 46 55 77 43 40 76 40 40 53 50 158 40 44 42 67 130 47 44
leaf_count=57 79 57 42 58 44 79 64 43 40 67 59 46 55 77 43 40 76 40 40 53 50 158 40 44 42 67 130 47 44
internal_value=-2.80741e-05 -0.01369 -0.021592 -0.00630841 -0.0321256 -0.000810811 0.0138514 0.0414798 -0.021134 -0.0349741 0.00732218 0.00641026 0.0139175 -0.0133588 0.0226619 -0.000555556 0.00571429 -0.0395299 -0.0423445 -0.0333333 0.0327957 0.0459288 -0.0459732 -0.0421875 0.0474522 0.0444954 -0.0488235 0.0490244 -0.047619
internal_weight=1781 1345 1049 428 621 370 296 436 97 579 239 273 194 121 139 180 140 458 418 120 93 393 298 128 314 109 170 205 84
internal_count=1781 1345 1049 428 621 370 296 436 97 579 239 273 194 121 139 180 140 458 418 120 93 393 298 128 314 109 170 205 84
cat_boundaries=0 1 2 3
cat_threshold=22 4 835648
is_linear=0
shrinkage=0.05


Tree=11
num_leaves=31
num_cat=4
split_feature=2 9 46 50 41 9 56 15 13 46 15 24 33 30 21 9 9 9 8 33 35 28 28 28 28 9 56 12 43 19
split_gain=402.012 159.665 60.4006 28.9289 25.0523 23.6224 18.7836 18.4664 18.2357 15.9791 13.5078 12.9252 12.2315 11.5543 12.733 6.21579 6.0788 5.90847 9.30117 8.52211 4.02442 3.1243 2.91276 2.78343 2.25662 1.73442 0.792325 1.16364 0.327252 0.0813954
threshold=0 190.08000000000001 1 2 0.39383333422050559 162.43000000000004 90.295000000000002 0.67350539917264063 102.71000000000004 3 0.24116162290684953 135.00000000000003 0.81121180076579846 -217.89999999999984 150.00000000000026 244.92000000000004 272.16500000000008 243.74500000000003 1092.9850000000004 0.66689393631647886 0.00025331164237080004 -266.77500000000003 211.69000000000005 -103.07999999999991 -74.000000000000213 142.40500000000003 170.64500000000001 90.000000000000014 0.042820636930587803 4485.0000000000009
decision_type=9 2 1 1 2 2 2 2 2 1 2 2 2 2 2 2 2 2 2 2 2 2 2 2 2 2 2 2 2 2
left_child=1 5 4 6 21 25 15 22 10 -7 23 20 -8 -10 -15 -4 -14 19 -19 -5 -11 -3 26 -6 -21 -1 28 -28 -2 -20
right_child=7 2 3 17 8 9 12 -9 13 11 -12 -13 16 14 -16 -17 -18 18 29 24 -22 -23 -24 -25 -26 -27 27 -29 -30 -31
leaf_value=2.8172645128253109 2.3400754754673709 0.21796510217044088 -0.35022604304941363 -0.22193542386648329 -1.625938815696123 -0.05515086392106943 0.30510902040122523 0.44539898166558045 -0.52702377511207998 -0.037702925231575972 -0.28678916742254507 1.9730955033655506 -0.014662241675813294 0.74161402329315806 -0.35128209731713639 -2.6588535245211604 -1.465045950995405 -2.2771940926282457 -4.4887433745564875 -0.7581619857642411 1.0674270116712863 0.998747727880965 1.3936672566306225 -1.0215224333265402 -0.80262998369064364 0.90148820560286369 1.2938455936345168 2.9690024365201233 1.6115413398179124 -5.8705122671394845
leaf_weight=40 213 44 42 41 55 79 40 41 51 43 43 49 42 56 62 46 43 42 175 42 41 45 44 45 69 41 55 44 41 40
leaf_count=40 213 44 42 41 55 79 40 41 51 43 43 49 42 56 62 46 43 42 175 42 41 45 44 45 69 41 55 44 41 40
internal_value=0.00102623 -0.0128205 -0.0222385 -0.0319936 -0.00710723 0.0196246 -0.014574 0.0419643 -0.0137821 0.0108491 -0.0269231 0.0214286 -0.0028 -0.00266272 0.0059322 -0.0329545 -0.0135294 -0.0397375 -0.0453307 -0.0328947 0.00952381 0.0162921 0.0462217 -0.037 -0.0400901 0.0425926 0.0477337 0.0439394 0.0492126 -0.0495349
internal_weight=1754 1316 1023 622 401 293 213 438 312 212 143 133 125 169 118 88 85 409 257 152 84 89 397 100 111 81 353 99 254 215
internal_count=1754 1316 1023 622 401 293 213 438 312 212 143 133 125 169 118 88 85 409 257 152 84 89 397 100 111 81 353 99 254 215
cat_boundaries=0 1 2 3 4
cat_threshold=22 4 909408 2
is_linear=0
shrinkage=0.05


Tree=12
num_leaves=31
num_cat=3
split_feature=2 54 13 46 11 23 42 28 56 13 31 13 28 19 13 11 8 37 58 33 21 56 11 57 32 11 33 34 23 7
split_gain=355.502 82.0645 68.9462 31.8057 31.1103 22.3774 21.0347 20.7625 15.2893 14.887 14.5466 12.1794 11.0146 10.1707 10.1492 27.2348 8.10042 10.0497 7.35936 18.45 6.00096 5.60166 4.90439 2.27806 1.5 1.49048 0.852861 0.0776536 0.06875 0.0534884
threshold=0 1 95.195000000000036 2 111.60000000000001 3235.0000000000005 0.48732395012042734 -90.350000000000009 123.74000000000002 102.71000000000004 0.86795726269951357 73.980000000000032 -72.049999999999997 3975.0000000000005 83.170000000000016 173.33500000000004 990.04500000000019 380.19616780045357 2706.7600000000007 0.49500947702001413 54.999999999999893 125.98000000000002 213.89500000000001 283.72500000000008 0.00057786550620810017 117.22500000000001 0.024345929439454204 -0.016877115514211047 4495.0000000000009 5940.6349206349214
decision_type=9 9 2 1 2 2 2 2 2 2 2 2 2 2 2 2 2 2 2 2 2 2 2 2 2 2 2 2 2 2
left_child=1 2 7 8 10 6 -3 13 25 -6 -5 -8 -10 18 15 23 17 -13 19 -1 -11 -9 -7 26 -18 -4 -2 -16 -24 -28
right_child=14 5 3 4 9 22 11 21 12 20 -12 16 -14 -15 27 -17 24 -19 -20 -21 -22 -23 28 -25 -26 -27 29 -29 -30 -31
leaf_value=0.74186125054197571 1.7037593155577699 0.62271963040922007 -0.60733187906881059 1.1626275134864421 -1.3358687223264083 -1.8975541871594872 -0.059060630822917216 1.3794583054202076 -1.2868596073894272 0.14639966990764167 -0.32587760117652187 -0.24995826154380577 -0.018880632269310915 1.2757565194146849 2.8194083829843302 0.032888186474177239 -2.328241550844381 -1.0492405430604972 -0.25123087227845797 -0.17401423220509105 -1.5329243551222127 0.92006797649689676 -5.4429583801339412 0.88112229757747118 -1.2730838529046358 -2.3542503697506838 1.8191438971784415 2.8617886563444053 -6.9483331568492135 2.7860145381823607
leaf_weight=42 40 45 61 77 71 53 43 62 69 64 44 45 63 44 40 48 42 40 59 50 40 77 40 73 56 57 46 139 88 40
leaf_count=42 40 45 61 77 71 53 43 62 69 64 44 45 63 44 40 48 42 40 59 50 40 77 40 73 56 57 46 139 88 40
internal_value=0.000227531 -0.0125186 -0.00348315 -0.0144689 -0.00337838 -0.0296537 -0.0212177 0.0143713 -0.0276 -0.0168571 0.0161157 -0.0274336 -0.0159091 0.00384615 0.0394495 0.0338057 -0.0330601 -0.0217647 -0.00231788 0.00652174 -0.00480769 0.0291367 -0.0439227 0.0419598 -0.0428571 -0.040678 0.0460317 0.0494413 -0.0492188 0.0488372
internal_weight=1758 1332 880 546 296 452 271 334 250 175 121 226 132 195 426 247 183 85 151 92 104 139 181 199 98 118 126 179 128 86
internal_count=1758 1332 880 546 296 452 271 334 250 175 121 226 132 195 426 247 183 85 151 92 104 139 181 199 98 118 126 179 128 86
cat_boundaries=0 1 2 3
cat_threshold=22 12 2
is_linear=0
shrinkage=0.05


Tree=13
num_leaves=31
num_cat=3
split_feature=2 9 46 9 13 11 9 12 12 12 13 35 50 23 4 35 33 9 37 12 58 37 13 12 13 12 40 58 32 28
split_gain=356.597 172.546 40.9787 24.6313 18.7001 18.8874 16.3966 16.0826 13.7411 13.609 23.2653 12.1426 11.5962 10.5525 10.4522 7.77377 7.33735 7.05467 6.86303 6.16073 13.117 4.40135 4.3825 6.11646 3.72207 5.49422 3.35911 2.73402 2.44188 2.35611
threshold=0 196.08000000000001 1 170.23000000000002 76.615000000000023 173.33500000000004 245.47500000000002 25.485000000000003 29.285000000000004 116.95 84.120000000000033 -0.022442550136500195 2 1895.0000000000002 0.30952380952380959 -0.004724434333288949 0.75778429587129137 142.40500000000003 226.26575963718815 29.095000000000002 2688.0600000000004 113.88373015873005 50.850000000000016 51.550000000000004 65.425000000000011 77.02000000000001 0.46916508538899432 3676.3250000000003 0.2563766706917493 -103.07999999999991
decision_type=9 2 1 2 2 2 2 2 2 2 2 2 1 2 2 2 2 2 2 2 2 2 2 2 2 2 2 2 2 2
left_child=1 3 4 17 -3 8 12 21 14 22 -11 -10 15 -8 -6 -4 -14 -1 -13 -9 -21 -5 23 27 -15 29 -19 -2 -18 -26
right_child=9 2 6 7 5 -7 13 19 11 10 -12 18 16 24 -16 -17 28 26 -20 20 -22 -23 -24 -25 25 -27 -28 -29 -30 -31
leaf_value=2.6072453309040302 0.82521033976493463 1.2002984215792469 -0.72874189249544075 1.286619262842768 -1.0624134366550699 -2.6962049113756912 -0.97337953572378422 -0.1412442546542608 -0.37472274193946342 -0.035412883455274449 2.5118887812480444 0.51509322597353202 -0.20788562113201325 -6.0970769839195995 -0.35704916885056703 0.039687295535431266 -0.93534719096873653 1.3516045102044836 -0.15967327030717807 0.70591196416347979 -0.17814928077403069 0.27275018805843348 2.7950503308558097 0.25321646703977624 -2.6803618199216275 -1.7952600689207217 0.39158532144156122 1.5777858426547675 -0.82338151245110824 -1.8558271514097922
leaf_weight=45 44 41 44 55 67 65 40 50 63 41 40 53 45 104 43 56 43 41 41 47 46 43 172 41 115 44 40 114 49 48
leaf_count=45 44 41 44 55 67 65 40 50 63 41 40 53 45 104 43 56 43 41 41 47 46 43 172 41 115 44 40 114 49 48
internal_value=0.000224719 -0.012855 -0.0240895 0.0162125 -0.011126 -0.0150602 -0.0323129 0.00684647 -0.00917603 0.0380952 0.0203704 0.000318471 -0.0221519 -0.0391738 -0.0227273 -0.00636364 -0.0309524 0.034127 0.0117021 -0.00384615 0.00376344 0.022449 0.0429919 0.0379397 -0.042283 -0.0384058 0.0253086 0.0424051 -0.0413043 -0.042638
internal_weight=1780 1328 961 367 373 332 588 241 267 452 81 157 237 351 110 100 137 126 94 143 93 98 371 199 311 207 81 158 92 163
internal_count=1780 1328 961 367 373 332 588 241 267 452 81 157 237 351 110 100 137 126 94 143 93 98 371 199 311 207 81 158 92 163
cat_boundaries=0 1 2 3
cat_threshold=22 4 863328
is_linear=0
shrinkage=0.05


Tree=14
num_leaves=31
num_cat=5
split_feature=54 46 3 13 28 45 13 45 11 16 46 14 14 59 15 11 28 56 57 20 13 12 39 11 35 53 30 3 13 36
split_gain=166.108 100.673 75.4271 99.3849 36.6585 35.7743 27.6425 27.5646 24.0761 18.2456 16.9028 14.1333 12.0885 11.5905 11.4244 10.0678 9.91125 9.67333 9.15573 12.5881 7.16023 15.205 5.85284 5.67853 4.82708 5.03713 3.26825 2.21693 6.05 1.73201
threshold=0 1 4.5000000000000009 96.585000000000022 -149.30000000000015 2 63.830000000000013 3 148.01500000000001 1095.0000000000002 4 85.27000000000001 102.575 3806.5250000000005 0.22968976773374108 146.38000000000002 -122.05500000000005 85.27500000000002 125.02500000000002 2005.0000000000002 85.690000000000012 51.750000000000007 -41.975723373660848 215.58000000000001 -0.022442550136500195 1.0000000180025095e-35 -115.42499999999973 4.5000000000000009 26.760000000000009 0.32444923808355913
decision_type=9 1 2 2 2 1 2 1 2 2 1 2 2 2 2 2 2 2 2 2 2 2 2 2 2 2 2 2 2 2
left_child=1 11 3 5 17 26 8 13 -7 -8 20 -1 -12 15 -11 -5 29 -3 19 -18 21 27 -21 -4 -20 -26 -2 28 -6 -9
right_child=2 4 23 7 10 6 9 16 -10 14 12 -13 -14 -15 -16 -17 18 -19 24 22 -22 -23 -24 -25 25 -27 -28 -29 -30 -31
leaf_value=-0.014983879647812559 2.1498274827377308 -0.57519472570218866 -2.5217924427056824 -0.36709375611676742 0.4824845597452383 1.2197753480723847 -0.52772859178064968 -2.113886031084748 -0.10300848077031954 -0.42889255087421252 2.0534972462836159 -0.97033256427460657 0.086022386963098857 -1.435102500976251 0.18926849952139727 1.4478415837828391 -1.002499556204937 0.67830535440645401 -1.250785095765933 0.097023133482513901 2.6472209879139639 0.10278420056167406 -0.30392052232808953 -5.9197263012530561 -0.68150420964805747 -2.0546819677662533 1.6525590498286864 2.4473530588670527 1.5979093520761865 -2.4698077514486467
leaf_weight=57 45 42 40 53 40 71 45 60 61 50 61 79 58 44 72 45 40 69 46 46 141 50 45 123 69 41 66 68 40 41
leaf_count=57 45 42 40 53 40 71 45 60 61 50 61 79 58 44 72 45 40 69 46 46 141 50 45 123 69 41 66 68 40 41
internal_value=-0.000276549 0.0185315 -0.012354 -0.00702128 0.0280316 0.0114634 0.00177994 -0.0213208 0.0189394 -0.0116766 0.0342795 -0.0198529 0.0180672 -0.00131579 -0.00163934 0.00816327 -0.0278894 0.00225225 -0.0238676 -0.0141221 0.0399705 0.0338384 -0.00384615 -0.043865 -0.0320513 -0.0263636 0.0342975 0.0418919 0.03625 -0.0420792
internal_weight=1808 705 1103 940 569 410 299 530 132 167 458 136 119 142 122 98 388 111 287 131 339 198 91 163 156 110 111 148 80 101
internal_count=1808 705 1103 940 569 410 299 530 132 167 458 136 119 142 122 98 388 111 287 131 339 198 91 163 156 110 111 148 80 101
cat_boundaries=0 1 2 3 4 5
cat_threshold=68 2 5 5 1
is_linear=0
shrinkage=0.05


Tree=15
num_leaves=31
num_cat=2
split_feature=2 9 50 9 12 43 58 44 56 12 33 9 34 43 56 7 9 40 13 12 31 58 12 58 32 37 43 10 31 11
split_gain=350.438 139.838 36.3654 29.5882 21.8982 15.7511 14.6292 14.1469 14.091 13.4833 11.5268 10.4779 10.2229 10.0925 9.28768 8.1481 6.96876 6.86149 4.62376 7.05318 4.32466 4.23475 4.54545 3.63223 3.56084 5.34252 3.22815 2.90827 2.58941 2.4762
threshold=0 205.17500000000004 1 183.41500000000005 20.235000000000003 0.077155560898853073 2670.8750000000005 0.0081405562476937008 90.295000000000002 116.95 0.74644754088756959 142.40500000000003 0.0070609143064385002 0.059343054960951956 150.02500000000001 5901.7913832199547 290.09500000000008 0.38348416289592763 50.850000000000016 51.750000000000007 0.73022910045156519 895.23000000000013 45.320000000000007 2694.5000000000005 0.00076919320897870006 18.658526077097353 0.034239292277661655 4606.8300000000008 0.83320489855512603 81.080000000000013
decision_type=9 2 1 2 2 2 2 2 2 2 2 2 2 2 2 2 2 2 2 2 2 2 2 2 2 2 2 2 2 2
left_child=1 3 5 11 -5 8 7 -4 21 18 -10 -1 20 24 15 -6 26 29 19 27 -12 22 -3 -19 -9 -26 -8 -2 -27 -13
right_child=9 2 6 4 14 -7 16 13 10 -11 12 17 -14 -15 -16 -17 -18 23 -20 -21 -22 -23 -24 -25 25 28 -28 -29 -30 -31
leaf_value=2.4227718102932752 0.70451694576599255 -1.1356138770072832 0.045583937981285419 1.6605820461072556 -0.28290054741248882 0.71576133483869919 -1.4038655990311162 -1.5744038078766525 0.27237436948339061 0.67814135620042715 -0.8927087589006274 0.25864845516500917 0.09608322685824966 -0.57679519380439082 0.082813132955695729 -0.0091896989348659759 -5.1121840813904358 0.57850577182971663 2.5616644734711005 0.43345178312559973 -0.94558136977731044 -0.92502291448168927 -1.4205098867718531 -0.091280681635104527 -0.77918165062340239 -1.3948356956700227 -1.4273118211189826 1.1249660191230466 -1.4089235464377623 1.1587865806687654
leaf_weight=42 40 44 41 41 77 40 41 47 44 78 52 41 49 41 69 50 153 41 182 41 41 64 44 46 43 40 54 115 43 47
leaf_count=42 40 44 41 41 77 40 41 47 44 78 52 41 49 41 69 50 153 41 182 41 41 64 44 46 43 40 54 115 43 47
internal_value=-2.79174e-05 -0.012974 -0.0246879 0.00947137 -0.00274262 -0.0118557 -0.0334308 -0.0256863 -0.0156805 0.0373391 -0.00645161 0.0228111 -0.0133803 -0.0308411 -0.00969388 -0.0177165 -0.0427419 0.0174286 0.0420635 0.0367347 -0.0231183 -0.0269737 -0.0340909 0.00747126 -0.0361272 -0.031746 -0.0321053 0.0416129 -0.0391566 0.0272727
internal_weight=1791 1335 881 454 237 378 503 255 338 456 186 217 142 214 196 127 248 175 378 196 93 152 88 87 173 126 95 155 83 88
internal_count=1791 1335 881 454 237 378 503 255 338 456 186 217 142 214 196 127 248 175 378 196 93 152 88 87 173 126 95 155 83 88
cat_boundaries=0 1 2
cat_threshold=22 1007840
is_linear=0
shrinkage=0.05


Tree=16
num_leaves=31
num_cat=2
split_feature=2 9 50 9 12 15 43 13 44 4 47 28 14 11 15 44 24 11 13 14 13 15 43 42 9 23 35 37 14 13
split_gain=323.346 140.441 35.1918 26.1761 19.3551 14.6358 14.5739 14.4022 14.0102 13.8094 11.7628 10.2484 9.45849 9.43808 9.36094 8.07432 6.5284 5.35569 5.22745 5.43222 7.03596 5.98226 4.25757 4.23051 3.94296 3.40053 3.26787 3.2 1.46907 0.477524
threshold=0 208.19000000000003 1 162.43000000000004 25.945000000000004 0.67350539917264063 0.077969946129855361 93.945000000000007 0.019688073351961804 0.18333333333333332 1.0000000180025095e-35 -144.01500000000007 104.40000000000003 259.48000000000008 0.31511750405186389 0.0081405562476937008 245.00000000000003 82.795000000000002 88.13000000000001 86.765000000000015 26.760000000000009 0.42529979049113664 0.053423979530947512 0.75184148593914968 142.40500000000003 1975.0000000000002 0.0014652617339369503 218.19827664399057 124.22500000000001 42.365000000000016
decision_type=9 2 1 2 2 2 2 2 2 2 2 2 2 2 2 2 2 2 2 2 2 2 2 2 2 2 2 2 2 2
left_child=1 3 13 24 8 18 7 -4 17 25 11 -11 14 15 23 -3 -13 -5 19 -2 -21 -22 26 -6 -1 -9 28 -24 -17 -15
right_child=5 2 6 4 12 -7 -8 9 -10 10 -12 16 -14 29 -16 22 -18 -19 -20 20 21 -23 27 -25 -26 -27 -28 -29 -30 -31
leaf_value=2.3219446999267914 2.1914964091831166 -0.64143437324358643 0.14459101973132915 0.24571603240675871 0.012252775084415314 0.51429547739127723 0.52450694211967719 -1.1568329019036858 -0.0063201527069946199 -2.5060168880940035 0.32467668915648074 0.070958676317324804 -0.35874881023176131 -6.451826353942983 0.18174834529881087 -1.4539627071751249 -0.98938805673532182 2.0318786364019901 2.4473581771754036 0.28890033314655972 1.4494372379169134 0.83280788922635418 -1.0974866264417498 -0.10692351952640396 0.71054563206248855 -1.4106429757358534 -1.1214296904658867 -1.5757313215268289 -1.3191294859543341 -3.758237156986008
leaf_weight=43 70 47 73 49 78 42 46 50 51 51 50 55 72 72 71 57 47 52 136 46 85 74 40 40 42 76 60 40 40 46
leaf_count=43 70 47 73 49 78 42 46 50 51 51 50 55 72 72 71 57 47 52 136 46 85 74 40 40 42 76 60 40 40 46
internal_value=0.000749584 -0.0115611 -0.024 0.00943775 0.00423729 0.0368251 -0.0133188 -0.0166667 0.0184211 -0.0211246 -0.0130542 -0.0199346 -0.00402299 -0.0347087 0.00185185 -0.0306338 -0.0107843 0.0292079 0.0405109 0.0365455 0.032439 0.0374214 -0.0343882 -0.00677966 0.0347059 -0.034127 -0.039172 -0.025 -0.0448454 -0.0474576
internal_weight=1801 1348 850 498 413 453 448 402 152 329 203 153 261 402 189 284 102 101 411 275 205 159 237 118 85 126 157 80 97 118
internal_count=1801 1348 850 498 413 453 448 402 152 329 203 153 261 402 189 284 102 101 411 275 205 159 237 118 85 126 157 80 97 118
cat_boundaries=0 1 2
cat_threshold=22 7195
is_linear=0
shrinkage=0.05


Tree=17
num_leaves=31
num_cat=4
split_feature=2 9 50 14 56 15 46 7 29 23 61 33 43 9 41 9 9 61 37 35 59 9 18 14 18 57 46 44 24 15
split_gain=314.368 121.262 34.0977 33.8367 18.5727 16.6697 15.2375 13.4289 12.458 10.4747 10.4659 9.82292 13.0719 8.80476 8.98947 8.23783 7.34997 7.1627 6.51764 5.98857 5.94427 9.47056 4.66146 4.32447 3.55045 3.549 2.36241 2.23291 2.00173 0.865323
threshold=0 205.17500000000004 1 116.59500000000001 92.120000000000019 0.67350539917264063 2 5901.7913832199547 18.400000000000095 3375.0000000000005 3880.6850000000004 0.73365639004683014 0.03667343853205856 263.68000000000006 0.92749690682930164 167.92500000000004 288.00500000000005 3305.9750000000004 16.490907029478652 0.025582855380253403 3368.0000000000005 165.87000000000003 60.000000000000234 39.159999999999989 32.15499999999998 123.19500000000001 3 0.0022841372442218505 555.00000000000011 0.41606141279281894
decision_type=9 2 1 2 2 2 1 2 2 2 2 2 2 2 2 2 2 2 2 2 2 2 2 2 2 2 1 2 2 2
left_child=1 3 9 6 13 20 10 15 -5 18 -1 -6 19 14 -4 -8 -11 -14 -3 -13 27 -22 29 -17 -9 -20 -15 -2 -27 -23
right_child=5 2 4 8 11 -7 7 24 -10 16 -12 12 17 26 -16 23 -18 -19 25 -21 21 22 -24 -25 -26 28 -28 -29 -30 -31
leaf_value=0.15332230850620354 1.9686001270887112 -0.80095148850857711 -0.00023636913984641518 -0.30423504062585177 0.52881777951391817 0.37544368888028395 1.1601441706163897 1.8521935756561121 0.0061541014006174068 -1.2047549379038529 -0.10496814841148115 -0.7624851386536996 -0.93678973487510475 -2.273327501311031 -0.85051564090567011 -0.0045859493423629607 -4.7284481371605427 0.53311428565963193 -0.91693574253788734 -0.92160987726616583 0.15182519465448366 0.94581237752097713 0.80408287109549836 0.78653415300166984 1.8480879023250019 -1.3610110215460338 -2.1660078926405886 2.4945640730155887 -1.4261580423458142 2.1876562137475659
leaf_weight=51 72 61 59 49 46 48 43 56 43 78 74 61 42 46 67 60 142 48 40 41 42 51 52 43 43 40 44 159 44 41
leaf_count=51 72 61 59 49 46 48 43 56 43 78 74 61 42 46 67 60 142 48 40 41 42 51 52 43 43 40 44 159 44 41
internal_value=0.00055991 -0.0119083 -0.0231083 0.00865801 -0.0127155 0.0354737 0.0154054 0.0226531 -0.0184783 -0.0336145 0.0012 -0.00336134 -0.00833333 -0.0236111 -0.0150794 0.0130137 -0.0418182 0.00555556 -0.0256757 -0.0205882 0.0394484 0.0327957 0.0388889 0.00533981 0.0368687 -0.0322581 -0.0355556 0.0448052 -0.0380952 0.0456522
internal_weight=1786 1321 859 462 454 465 370 245 92 405 125 238 192 216 126 146 220 90 185 102 417 186 144 103 99 124 90 231 84 92
internal_count=1786 1321 859 462 454 465 370 245 92 405 125 238 192 216 126 146 220 90 185 102 417 186 144 103 99 124 90 231 84 92
cat_boundaries=0 1 2 3 4
cat_threshold=22 7195 2 2
is_linear=0
shrinkage=0.05


Tree=18
num_leaves=31
num_cat=3
split_feature=2 9 45 9 14 47 13 12 12 9 50 9 35 7 14 18 29 13 9 57 28 58 61 9 9 9 58 13 18 44
split_gain=279.262 113.894 37.0921 29.5211 28.973 20.5919 19.1951 27.9943 16.2485 14.1705 15.779 13.8472 11.7504 11.2583 10.5628 11.7338 9.22733 8.66275 6.64223 5.24029 7.46998 4.733 4.72855 7.02439 4.46483 6.37548 4.1928 3.21526 2.84231 1.37573
threshold=0 210.61500000000004 1 259.76000000000005 116.59500000000001 1.0000000180025095e-35 39.445 51.550000000000004 25.485000000000003 213.80000000000004 2 163.10500000000005 -0.020106145966629799 5901.7913832199547 132.63500000000005 385.00000000000006 15.285000000000084 85.035000000000039 183.41500000000005 85.335000000000008 -73.884999999999749 1714.0450000000003 3899.4700000000007 165.87000000000003 291.80500000000001 274.56500000000005 2734.5000000000005 86.760000000000005 85.000000000000014 0.022847729151939656
decision_type=9 2 1 2 2 2 2 2 2 2 1 2 2 2 2 2 2 2 2 2 2 2 2 2 2 2 2 2 2 2
left_child=1 4 5 9 8 -3 7 22 13 -4 12 -10 -11 26 24 -16 -6 18 -13 -12 -21 -20 -2 -24 25 -5 -1 28 -8 -26
right_child=6 2 3 14 16 -7 27 -9 11 10 19 17 -14 -15 15 -17 -18 -19 21 20 -22 -23 23 -25 29 -27 -28 -29 -30 -31
leaf_value=0.82332121896206734 2.0747166342494086 -0.77034205527369093 -0.79570771537373675 -1.9584809918792425 -0.41961164403212958 1.3304314491354354 2.5547163180008661 -0.078363512832405391 0.67345843732552102 -0.55330748917126615 -1.717047065017081 0.08948887629769918 0.23450879582246806 1.9084661272343455 -2.1276554491511694 -0.47629820092759073 0.0002274713608352963 0.13868673729895331 0.0059774383388521814 -0.3042532949223552 -0.9871040528234083 -0.24911204689217864 0.14608683475262865 0.82838921738923865 -4.3055752439984136 -1.150056572890503 0.28086000043018994 2.1643281813246062 1.6446098628899539 -2.5828756324069513
leaf_weight=40 59 61 46 47 58 49 43 65 43 48 40 53 63 73 57 48 50 55 40 77 46 61 41 41 132 74 42 161 44 42
leaf_count=40 59 61 46 47 58 49 43 65 43 48 40 53 63 73 57 48 50 55 40 77 46 61 41 41 132 74 42 161 44 42
internal_value=0.000361312 -0.011107 -0.0226506 -0.0265753 0.00728155 0.005 0.0338362 0.023301 0.0133907 -0.015625 -0.0113139 0.00555556 0.00371901 0.026129 -0.036 -0.022381 -0.0157407 0.000239234 -0.00584416 -0.0205202 -0.0166667 -0.0133663 0.0358156 0.0280488 -0.0408475 -0.0334711 0.0134146 0.0439516 0.0362069 -0.045977
internal_weight=1799 1345 830 720 515 110 454 206 407 320 274 252 111 155 400 105 108 209 154 163 123 101 141 82 295 121 82 248 87 174
internal_count=1799 1345 830 720 515 110 454 206 407 320 274 252 111 155 400 105 108 209 154 163 123 101 141 82 295 121 82 248 87 174
cat_boundaries=0 1 2 3
cat_threshold=22 4 993376
is_linear=0
shrinkage=0.05


Tree=19
num_leaves=31
num_cat=3
split_feature=2 9 9 51 3 14 13 41 43 4 29 46 11 12 12 34 28 15 13 12 35 11 9 18 60 19 28 33 9 13
split_gain=274.661 104.047 44.2196 24.7826 18.1008 16.2163 16.1712 14.1009 13.3914 14.432 14.6888 12.7838 19.7839 10.3974 9.66239 9.11822 7.70133 7.1254 6.26851 7.50416 5.72361 3.96339 5.64273 6.41083 3.69003 3.33913 3.27264 3.9231 2.79573 2.43375
threshold=0 263.68000000000006 168.34 1 4.5000000000000009 111.08999999999999 88.13000000000001 0.66395477369316003 0.06393535582648141 0.18333333333333332 15.719999999999915 2 174.54500000000004 116.95 73.435000000000016 -0.00014023301241389998 -62.369999999999884 0.17380028880212847 102.71000000000004 35.750000000000007 -0.012233523791238697 126.26000000000001 165.87000000000003 85.000000000000014 3013.3900000000008 3945.0000000000005 -77.789999999999949 0.9394669942640127 329.51500000000004 129.38000000000002
decision_type=9 2 2 1 2 2 2 2 2 2 2 1 2 2 2 2 2 2 2 2 2 2 2 2 2 2 2 2 2 2
left_child=1 2 24 5 11 8 13 -5 9 -4 17 14 -13 21 29 -14 -12 -11 19 -19 -7 -2 -23 -24 -1 -22 -9 -28 -6 -3
right_child=6 4 3 7 28 20 -8 26 -10 10 16 12 15 -15 -16 -17 -18 18 -20 -21 25 22 23 -25 -26 -27 27 -29 -30 -31
leaf_value=1.0163371898875202 2.7299389267060228 -2.0300537688546298 -0.44000716713375071 0.055388364375402288 -1.7311443660834429 -0.45120040832089947 2.2616194602985789 -0.54824812872583051 1.0137156850772031 0.39968427500663728 0.96964816023228362 0.45990881995314725 -2.47685284725222 0.077340883619986311 -0.55008329650935095 -1.3677613964361428 0.30805399425341379 -0.47575264309198595 0.12766112692747508 -0.0074110235032326614 0.0060047222443658571 0.20599578448049272 0.84841040237551357 0.81154185907437548 1.3469135424049141 -0.30686697471478719 -0.28570862794786761 -0.75709829905588488 -4.9605610918299972 -2.0212726766936107
leaf_weight=68 49 48 63 40 43 64 151 63 42 40 75 53 47 44 48 45 50 46 46 48 69 45 112 49 44 46 48 53 99 51
leaf_count=68 49 48 63 40 43 64 151 63 42 40 75 53 47 44 48 45 50 46 46 48 69 45 112 49 44 46 48 53 99 51
internal_value=0.00187255 -0.00952557 5.52486e-05 -0.00409836 -0.0297235 0.00110357 0.0352174 -0.0191176 0.00658537 0.00353261 0.00803279 -0.0226027 -0.012069 0.0292642 -0.0329932 -0.026087 0.0212 -0.00111111 -0.00642857 -0.0138298 -0.0114525 0.0331373 0.0300971 0.034472 0.0294643 -0.00478261 -0.0256098 -0.0311881 -0.0443662 -0.0419192
internal_weight=1789 1339 905 793 434 589 450 204 410 368 305 292 145 299 147 92 125 180 140 94 179 255 206 161 112 115 164 101 142 99
internal_count=1789 1339 905 793 434 589 450 204 410 368 305 292 145 299 147 92 125 180 140 94 179 255 206 161 112 115 164 101 142 99
cat_boundaries=0 1 2 3
cat_threshold=22 2 2
is_linear=0
shrinkage=0.05


Tree=20
num_leaves=31
num_cat=2
split_feature=2 50 13 21 29 14 13 15 14 13 4 30 57 11 56 13 14 11 42 44 11 15 15 15 4 56 15 11 13 15
split_gain=261.395 67.2596 46.1616 25.7022 24.5278 16.4185 16.2419 22.7521 15.403 16.9684 14.6177 14.3001 12.6242 12.4439 10.0771 9.78396 8.89019 8.81493 8.75151 8.41304 7.68502 8.94277 7.53928 7.24286 6.6746 5.76249 4.21956 4.05 2.97119 3.04499
threshold=0 1 64.560000000000002 144.9999999999998 10.710000000000038 60.530000000000008 39.445 0.45051866261759549 111.08999999999999 103.575 0.35416666666666669 910.41500000000008 86.020000000000024 123.91000000000001 142.81000000000003 91.180000000000021 119.83 299.97500000000008 0.57871970897765079 0.015539940190335453 166.08500000000004 0.31159248851179083 0.3416893880797045 0.1601558594779616 0.35416666666666669 157.73000000000005 0.36727588252037752 125.98000000000002 86.760000000000005 0.49543936798020177
decision_type=9 1 2 2 2 2 2 2 2 2 2 2 2 2 2 2 2 2 2 2 2 2 2 2 2 2 2 2 2 2
left_child=1 5 13 4 12 -1 7 25 9 10 -6 15 -4 -3 -10 -5 18 19 -14 -7 21 -17 -11 -15 -25 -2 -21 -23 29 -8
right_child=6 2 3 11 8 17 28 -9 14 22 -12 -13 16 23 -16 20 -18 -19 -20 26 -22 27 -24 24 -26 -27 -28 -29 -30 -31
leaf_value=-0.090979065087070418 1.0304525806948828 1.7186338110341965 -1.2705093808742574 -0.062619570069818539 -0.43943445816037568 -0.85660246942595364 3.816496526504952 -0.24125233205965238 -0.43205052808960931 1.4513536689069904 0.78902421079714335 0.087303122520129867 0.254459012934455 1.4269791979613524 0.033350510976915104 -0.31292856595380586 -1.2146816072822919 -4.8416813909368726 -0.31657046550491375 -1.7688349365465001 -2.6687449581117502 -0.95013891990504362 0.37831964853190536 0.097147176098327348 -0.11000397184975541 0.45130059937496941 -0.88430767213236772 -1.0797133554359328 2.0337137979146509 0.62946437876794548
leaf_weight=42 87 57 62 40 57 66 40 40 67 43 53 40 46 40 52 52 42 98 70 67 54 40 44 56 72 66 40 40 162 41
leaf_count=42 87 57 62 40 57 66 40 40 67 43 53 40 46 40 52 52 42 98 70 67 54 40 44 56 72 66 40 40 162 41
internal_value=0.00045045 -0.0105185 -0.00419479 -0.00985037 -0.00354478 -0.0304954 0.0336323 0.0235751 0.00537975 0.0139594 0.000909091 -0.0225564 -0.0163636 0.0157778 -0.00882353 -0.0274336 -0.00886076 -0.0359779 -0.00172414 -0.0291908 -0.0322581 -0.0257576 0.0304598 0.00892857 0.003125 0.0323529 -0.0378505 -0.03625 0.0430041 0.0351852
internal_weight=1776 1340 1027 802 536 313 436 193 316 197 110 266 220 225 119 226 158 271 116 173 186 132 87 168 128 153 107 80 243 81
internal_count=1776 1340 1027 802 536 313 436 193 316 197 110 266 220 225 119 226 158 271 116 173 186 132 87 168 128 153 107 80 243 81
cat_boundaries=0 1 2
cat_threshold=22 2057
is_linear=0
shrinkage=0.05


Tree=21
num_leaves=31
num_cat=3
split_feature=2 9 14 9 46 11 43 44 11 9 15 9 18 9 46 7 29 11 43 35 61 20 29 60 38 59 24 61 17 15
split_gain=221.37 107.649 38.5487 21.7334 18.6155 25.7236 13.9531 13.6803 13.2642 14.9877 23.1953 11.5239 10.6608 10.4 8.81085 12.0501 8.07941 8.01818 10.287 7.81172 6.64042 7.23961 6.62909 6.04372 5.61112 4.7207 3.60445 3.35911 3.31373 4.27808
threshold=0 263.68000000000006 118.82500000000003 205.17500000000004 1 173.33500000000004 0.053423979530947512 0.022847729151939656 126.26000000000001 248.61500000000004 0.42529979049113664 147.06500000000003 640.00000000000011 165.48500000000004 2 5901.7913832199547 135.07500000000007 85.940000000000012 0.032180323220867557 -0.012233523791238697 3880.6850000000004 4205.0000000000009 15.48000000000002 1362.2400000000002 -38.090799435846002 4138.7450000000008 185.00000000000003 3131.9450000000002 4825.0000000000009 0.37107880233797336
decision_type=9 2 2 2 1 2 2 2 2 2 2 2 2 2 1 2 2 2 2 2 2 2 2 2 2 2 2 2 2 2
left_child=1 2 3 11 5 -3 7 19 -2 10 13 -1 28 -10 20 22 -11 24 -19 -5 -13 -22 -16 -21 -4 -17 -15 -9 29 -6
right_child=8 4 17 6 12 -7 -8 27 9 16 -12 14 -14 26 15 25 -18 18 -20 23 21 -23 -24 -25 -26 -27 -28 -29 -30 -31
leaf_value=1.7847489723366985 3.1114911581097715 0.48469701680877142 -0.26714259192163342 -0.63792660738088491 -2.4503031159251316 -2.0804833820301551 0.68674758927707791 -0.79330254517006105 0.071676104907351143 1.7324167026635917 -0.15325992134487018 0.039636287291199772 -1.5181165990501029 0.78447088324042213 -0.01754304347372351 1.5069690638715125 0.45313115857750469 -0.78401570304565404 0.055026183241557926 -0.39073774375421444 -0.10690554503989134 0.075960085925528276 0.72473446631241267 0.4484424264679252 -0.65611404594492662 1.5432154818174373 0.69996214496514819 -0.53120794092443246 -4.6448747721951555 -1.6431828801374146
leaf_weight=52 95 44 46 56 94 68 48 41 40 114 54 50 42 62 58 55 51 40 70 45 47 41 63 44 64 43 42 40 68 110
leaf_count=52 95 44 46 56 94 68 48 41 40 114 54 50 42 62 58 55 51 40 70 45 47 41 63 44 64 43 42 40 68 110
internal_value=0.00204253 -0.00832711 0.00138427 0.00724744 -0.029108 -0.0116071 -0.00364964 -0.00884956 0.0316239 0.0279614 0.0186869 0.0145477 -0.0353503 0.0291667 0.0113445 0.0175799 0.0390909 -0.0168182 -0.00727273 0.000344828 0.00144928 -0.00681818 0.00702479 0.00955056 -0.0263636 0.0306122 0.0375 -0.0253086 -0.0389706 -0.0357843
internal_weight=1787 1329 903 683 426 112 274 226 458 363 198 409 314 144 357 219 165 220 110 145 138 88 121 89 110 98 104 81 272 204
internal_count=1787 1329 903 683 426 112 274 226 458 363 198 409 314 144 357 219 165 220 110 145 138 88 121 89 110 98 104 81 272 204
cat_boundaries=0 1 2 3
cat_threshold=22 4 2
is_linear=0
shrinkage=0.05


Tree=22
num_leaves=31
num_cat=2
split_feature=2 9 9 9 13 11 7 46 13 14 13 19 48 44 61 29 61 43 58 15 9 15 33 3 18 38 59 15 29 14
split_gain=232.561 105.374 34.7886 18.9669 14.5786 25.7677 14.0849 13.5364 17.8293 17.4124 14.4235 12.6917 11.1934 11.0218 7.24472 9.16274 6.8536 6.68893 6.6048 6.33346 5.98739 4.96903 4.95738 7.75385 4.18555 3.74894 3.66407 2.82614 2.80903 2.75215
threshold=0 205.17500000000004 291.80500000000001 161.45500000000001 39.445 156.21000000000004 5901.7913832199547 1 102.97000000000001 117.87000000000002 89.840000000000032 1915.0000000000002 1.0000000180025095e-35 0.0065594638283586514 4664.1850000000004 22.525000000000208 4369.5750000000016 0.059343054960951956 3678.8100000000004 0.23251031687707949 188.15500000000003 0.27823597164692465 0.95366693214853393 3.5000000000000004 85.000000000000014 -52.816783668692757 3664.8000000000006 0.33598926137593993 30.509999999999767 86.765000000000015
decision_type=9 2 2 2 2 2 2 1 2 2 2 2 2 2 2 2 2 2 2 2 2 2 2 2 2 2 2 2 2 2
left_child=1 3 7 26 5 18 12 8 10 -10 -3 -4 20 -9 15 -8 17 27 -2 -12 -5 -13 23 24 -6 -14 -1 -15 -29 -20
right_child=4 2 11 6 22 -7 14 13 9 -11 19 21 25 16 -16 -17 -18 -19 29 -21 -22 -23 -24 -25 -26 -27 -28 28 -30 -31
leaf_value=1.0058204980026699 0.36459830076891819 0.18560540180361712 -1.5047209813817488 -0.043283353480817112 1.8358434633578984 -0.19027619931188708 -0.021261911495758668 0.063976011535982827 0.80893320044636785 -0.53273166316546006 -1.2136929770957485 -1.8182648314425383 -0.0069221902791048789 -0.66148995180082959 0.6982500267609304 1.0933509972241209 -0.33583262079935938 -0.54042555478281473 1.8751907394881535 -0.46606075787125828 -0.19602108342462304 -3.5734172297689337 2.9149441927594846 1.73813590625213 0.75937056511597323 0.70576243393492188 1.0042791325199645 -1.2725113235759122 -1.2744959509641516 0.30803867567905174
leaf_weight=44 50 54 44 46 44 46 66 44 66 68 61 47 77 41 46 49 73 42 61 44 45 162 84 56 60 46 40 72 41 60
leaf_count=44 50 54 44 46 44 46 66 44 66 68 61 47 77 41 46 49 73 42 61 44 45 162 84 56 60 46 40 72 41 60
internal_value=0.000927487 -0.00978916 -0.0201979 0.00947712 0.031104 0.0223502 0.00466667 -0.0136964 -0.0059727 0.00746269 -0.0172956 -0.0357708 -0.00373832 -0.0209265 0.0158385 0.00913043 -0.0247212 -0.0295918 0.0312865 -0.0280952 -0.017033 -0.0409091 0.0401639 0.035 0.0269231 0.00609756 0.0309524 -0.0344156 -0.0384956 0.0376033
internal_weight=1779 1318 859 459 461 217 375 606 293 134 159 253 214 313 161 115 269 196 171 105 91 209 244 160 104 123 84 154 113 121
internal_count=1779 1318 859 459 461 217 375 606 293 134 159 253 214 313 161 115 269 196 171 105 91 209 244 160 104 123 84 154 113 121
cat_boundaries=0 1 2
cat_threshold=22 4
is_linear=0
shrinkage=0.05


Tree=23
num_leaves=31
num_cat=1
split_feature=2 9 14 12 43 9 19 12 7 3 29 56 19 22 34 8 44 35 21 14 59 30 9 9 21 12 59 37 14 58
split_gain=209.142 97.8415 34.678 28.4893 25.8515 18.1184 14.3945 27.1003 13.9795 12.8019 11.8874 10.9113 10.1224 9.21189 8.67468 7.84932 7.46484 7.12302 6.4363 6.316 6.27708 6.26118 12.0403 6.03307 5.02326 4.89383 4.8921 4.80917 5.60275 4.66416
threshold=0 267.88000000000005 118.82500000000003 24.650000000000002 0.055079555388163205 163.10500000000005 3830.0000000000005 116.95 5921.3378684807258 4.5000000000000009 94.460000000000051 161.38000000000002 4435.0000000000009 2495.0000000000005 0.50770459122523259 1036.5500000000002 0.020529596299017506 -0.013619176250672249 144.9999999999998 113.98 4364.2000000000007 -102.28499999999961 193.01500000000001 338.79000000000002 335.00000000000006 36.775000000000006 2614.3850000000007 135.22629251700667 86.135000000000019 4165.1750000000011
decision_type=9 2 2 2 2 2 2 2 2 2 2 2 2 2 2 2 2 2 2 2 2 2 2 2 2 2 2 2 2 2
left_child=1 2 3 8 5 -5 -2 12 16 11 13 15 -8 -7 17 -3 -1 -4 19 -17 21 -15 -23 -11 25 -19 -12 28 -14 -30
right_child=6 9 14 4 -6 10 7 -9 -10 23 26 -13 27 20 -16 18 -18 24 -20 -21 -22 22 -24 -25 -26 -27 -28 -29 29 -31
leaf_value=0.71421345198511266 1.7988841480488043 -1.4463481989950369 -0.58053757928066518 0.78093900923202719 1.0711220424150842 0.30311113078810514 0.37797037239830922 -0.15587470078215829 1.4936458527826415 -1.5069047102986144 -0.62799858292305011 -0.1079153952486943 1.9905267050453135 -0.69581730211093495 -0.69358787310566239 -0.74805033472827542 -0.1950157346631361 -0.59222160661074341 -2.1782400245159645 -2.031251665533496 0.045811636594557781 -0.18178406992054885 0.5197189562199197 -4.1455086129820566 0.27774096268768911 0.0099767302346936218 -0.29322419160266472 1.2638593308671124 0.54478719199934111 0.38337092424063768
leaf_weight=71 161 41 60 47 63 61 44 48 66 42 47 56 48 68 41 62 42 46 78 40 76 45 46 95 43 40 51 64 43 40
leaf_count=71 161 41 60 47 63 61 44 48 66 42 47 56 48 68 41 62 42 46 78 40 76 45 46 95 43 40 51 64 43 40
internal_value=0.000760563 -0.0092371 -0.000164294 0.00549048 -0.000595238 -0.00487528 0.0299127 0.0238676 0.0226257 -0.0294686 -0.00837563 -0.0232852 0.0307531 -0.00337838 -0.0169565 -0.0282805 0.0119469 -0.0124339 -0.0327778 -0.0245098 -0.00787234 -0.013522 -0.00494505 -0.0419708 -0.00581395 -0.0127907 -0.0234694 0.035641 0.0301527 0.0222892
internal_weight=1775 1327 913 683 504 441 448 287 179 414 394 277 239 296 230 221 113 189 180 102 235 159 91 137 129 86 98 195 131 83
internal_count=1775 1327 913 683 504 441 448 287 179 414 394 277 239 296 230 221 113 189 180 102 235 159 91 137 129 86 98 195 131 83
cat_boundaries=0 1
cat_threshold=22
is_linear=0
shrinkage=0.05


Tree=24
num_leaves=31
num_cat=3
split_feature=2 9 9 12 57 24 57 56 13 15 31 13 46 57 34 13 12 13 8 15 46 9 57 57 44 21 33 12 13 13
split_gain=206.393 77.3345 31.3904 18.4889 16.1063 14.1188 12.7258 11.9441 10.5637 8.96533 8.75 8.41047 13.54 10.0319 8.26382 8.10642 18.4684 7.17516 7.24856 6.42346 7.02187 5.82617 5.34545 3.97083 3.95122 3.71066 3.23847 5.77979 3.22132 3.94372
threshold=0 208.19000000000003 290.09500000000008 18.455000000000002 227.44000000000003 70.000000000000242 165.62500000000003 85.27500000000002 69.400000000000006 0.32395167334050595 0.085583270732279906 101.27999999999999 1 140.62500000000003 0.0018122908808134001 43.100000000000016 51.750000000000007 94.865000000000023 860.98500000000013 0.23251031687707949 2 186.49000000000004 80.530000000000015 103.42000000000002 0.021471087289811903 30.000000000000117 0.95366693214853393 96.345000000000013 103.25000000000001 116.11000000000001
decision_type=9 2 2 2 2 2 2 2 2 2 2 2 1 2 2 2 2 2 2 2 1 2 2 2 2 2 2 2 2 2
left_child=1 3 7 -1 15 -6 14 17 -4 -10 -9 22 -13 -14 19 16 -2 -3 -19 -5 24 -8 -12 -22 -21 -16 27 -17 -20 -30
right_child=4 2 8 6 5 -7 21 10 9 -11 11 12 13 -15 25 26 -18 18 28 20 23 -23 -24 -25 -26 -27 -28 -29 29 -31
leaf_value=1.5838393280519796 1.0489215986606002 -0.27856298202253144 -3.5903594855407848 -0.031946262141027269 0.40649057440661845 -0.021842427069356598 -0.031661058188294081 0.25633185777573675 -2.3242563149399493 -1.3614279102921287 -1.7047745149581957 0.26385391455330465 -0.011568254496933517 -0.73688833562916489 0.10070886469511714 0.89396957095498242 -0.076144860120840194 -0.39580153640177773 -0.82264694092755875 0.050409182619368664 0.43019621948112347 -0.31537179412499183 -0.43764600797257458 1.0506929086101644 -0.053662620784183802 -0.10755933911791826 2.4049776120514958 1.6236914115269181 -0.81709309784075512 -0.66254760103873345
leaf_weight=77 76 45 122 62 57 66 43 40 75 50 45 75 54 52 50 55 40 48 47 41 41 40 54 51 41 41 73 74 45 67
leaf_count=77 76 45 122 62 57 66 43 40 75 50 45 75 54 52 50 55 40 48 47 41 41 40 54 51 41 41 73 74 45 67
internal_value=-0.000257584 -0.0102584 -0.0197192 0.00544148 0.0289357 0.0142276 0.00121951 -0.0132867 -0.0346154 -0.0244 -0.006875 -0.01 -0.00359116 -0.0150943 0.00565749 0.0355346 0.025 -0.0214286 -0.0253623 0.0105932 0.0155172 -0.0162651 -0.0217172 0.025 0.00487805 -0.00714286 0.0415842 0.0368217 -0.0305031 -0.0258929
internal_weight=1747 1306 819 487 441 123 410 572 247 125 320 280 181 106 327 318 116 252 207 236 174 83 99 92 82 91 202 129 159 112
internal_count=1747 1306 819 487 441 123 410 572 247 125 320 280 181 106 327 318 116 252 207 236 174 83 99 92 82 91 202 129 159 112
cat_boundaries=0 1 2 3
cat_threshold=22 4 2
is_linear=0
shrinkage=0.05


Tree=25
num_leaves=31
num_cat=1
split_feature=52 12 11 14 29 17 13 41 15 29 29 29 28 13 13 37 32 30 15 15 34 28 13 22 57 56 56 59 13 29
split_gain=173.919 50.1226 40.6812 31.126 20.629 17.7585 16.8281 16.0083 17.8246 14.969 10.269 9.76757 9.65171 12.865 9.13179 7.81369 7.79377 7.67698 7.44381 11.4891 7.11219 6.96602 9.3495 6.27104 5.4215 6.03035 4.28571 4.01232 2.61643 2.5926
threshold=0 17.945000000000004 174.54500000000004 111.08999999999999 92.55999999999996 4835.0000000000009 91.180000000000021 0.014142233968673751 0.39127834149379376 198.83000000000007 17.545000000000076 2.4049999999999732 -66.945000000000149 26.760000000000009 93.245000000000019 102.69977324263029 0.4827645088246682 -116.90000000000008 0.28143868712579584 0.3416893880797045 -0.095955114572350439 -85.975000000000009 134.09 4015.0000000000005 85.120000000000019 90.295000000000002 164.26500000000001 4318.0000000000009 130.13000000000005 29.449999999999822
decision_type=1 2 2 2 2 2 2 2 2 2 2 2 2 2 2 2 2 2 2 2 2 2 2 2 2 2 2 2 2 2
left_child=6 17 3 4 10 7 9 -4 24 12 16 28 13 -1 -6 -15 18 -2 27 -20 -12 -13 23 -23 -9 -26 -17 -3 -5 -22
right_child=1 2 5 11 14 -7 -8 8 -10 -11 20 21 -14 15 -16 26 -18 -19 19 -21 29 22 -24 -25 25 -27 -28 -29 -30 -31
leaf_value=0.096680001415148278 0.52608063389204929 -0.20399428234205697 0.22170044909744818 -0.66429785027073618 -0.0023147504771373838 -4.1485758217244566 1.7047104601721128 -2.240923494539325 -0.24365705584722619 -0.026704874221025677 0.19304174720656253 0.11374860122870363 1.4956918849952339 0.59079846198182406 -0.85114980449113453 0.41467305691156614 -0.51191283662904252 1.7280656675638384 1.1324268143564218 0.00091346956845939076 0.55742199749393506 0.012549401233875114 -0.73042894629721489 -0.30978363368873246 -1.8445221514277357 -0.5934162011105597 2.5028217188624158 0.18321659245046443 -0.89847829005985713 0.79988712771547432
leaf_weight=62 44 57 43 49 59 75 92 68 57 44 64 54 92 66 71 40 46 50 44 63 47 77 73 53 51 53 56 40 42 46
leaf_count=62 44 57 43 49 59 75 92 68 57 44 64 54 92 66 71 40 46 50 44 63 47 77 73 53 51 53 56 40 42 46
internal_value=0.000618673 -0.00853293 -0.0112825 -0.00559322 0.00195531 -0.0257925 0.0270563 -0.0198529 -0.0251092 0.0227778 0.00749386 -0.0172414 0.0265823 0.0209821 -0.0153846 0.0283951 0.0012 0.0265957 0.00539216 0.014486 0.0175159 -0.0122568 -0.0165025 -0.00846154 -0.0331395 -0.0259615 0.0375 -0.00463918 -0.0313187 0.0263441
internal_weight=1778 1326 1232 885 537 347 452 272 229 360 407 348 316 224 130 162 250 94 204 107 157 257 203 130 172 104 96 97 91 93
internal_count=1778 1326 1232 885 537 347 452 272 229 360 407 348 316 224 130 162 250 94 204 107 157 257 203 130 172 104 96 97 91 93
cat_boundaries=0 1
cat_threshold=10
is_linear=0
shrinkage=0.05


end of trees

feature_importances:
base_cons=101
base_ovl_ratio=49
base_cons_gap=48
base_ovl=41
base_cut_gap=36
base_pre=33
voicing_class=25
prev_base_pre=25
alias_type=24
base_offset_to_expected_ms=22
base_pre_to_expected_ms=22
next_base_pre=16
zcr_mean=14
energy_max=13
next_base_offset=13
f0_voicing_mean=12
spectral_flux_mean=12
vowel_class=12
base_offset=11
energy_slope_post=11
db_mean=11
prev_base_offset=11
next_base_cutoff_abs=11
energy_slope_pre=10
wav_duration_ms=9
curr_phone_len_ms=9
curr_vowel_start_ms=9
valley_dist_from_cutoff_ms=9
db_silence_ratio=9
f0_voicing_near_pre=9
base_cutoff_abs=8
energy_min=8
db_min=8
prev_base_cutoff_abs=8
row_ratio_in_wav=7
syllable_end_ms=7
syllable_len_ms=7
is_diphthong=7
curr_vowel_len_ms=6
energy_mean=6
onset_class=6
is_tense=6
row_index_in_wav=5
base_cutoff_to_next_anchor_ms=5
syllable_start_ms=4
curr_phone_start_ms=3
curr_vowel_end_ms=3
curr_phone_end_ms=2
is_nasal_or_sonorant=2
prev_alias_type=2
prev_phone_gap_ms=1
valley_energy=1
mora_position=1
bridge_type=1

parameters:
[boosting: gbdt]
[objective: regression_l1]
[metric: l1]
[tree_learner: serial]
[device_type: cpu]
[data_sample_strategy: bagging]
[data: ]
[valid: ]
[num_iterations: 500]
[learning_rate: 0.05]
[num_leaves: 31]
[num_threads: 0]
[seed: 0]
[deterministic: 0]
[force_col_wise: 0]
[force_row_wise: 0]
[histogram_pool_size: -1]
[max_depth: -1]
[min_data_in_leaf: 40]
[min_sum_hessian_in_leaf: 0.001]
[bagging_fraction: 0.85]
[pos_bagging_fraction: 1]
[neg_bagging_fraction: 1]
[bagging_freq: 1]
[bagging_seed: 3]
[bagging_by_query: 0]
[feature_fraction: 0.85]
[feature_fraction_bynode: 1]
[feature_fraction_seed: 2]
[extra_trees: 0]
[extra_seed: 6]
[early_stopping_round: 0]
[early_stopping_min_delta: 0]
[first_metric_only: 0]
[max_delta_step: 0]
[lambda_l1: 0]
[lambda_l2: 0]
[linear_lambda: 0]
[min_gain_to_split: 0]
[drop_rate: 0.1]
[max_drop: 50]
[skip_drop: 0.5]
[xgboost_dart_mode: 0]
[uniform_drop: 0]
[drop_seed: 4]
[top_rate: 0.2]
[other_rate: 0.1]
[min_data_per_group: 100]
[max_cat_threshold: 32]
[cat_l2: 10]
[cat_smooth: 10]
[max_cat_to_onehot: 4]
[top_k: 20]
[monotone_constraints: ]
[monotone_constraints_method: basic]
[monotone_penalty: 0]
[feature_contri: ]
[forcedsplits_filename: ]
[refit_decay_rate: 0.9]
[cegb_tradeoff: 1]
[cegb_penalty_split: 0]
[cegb_penalty_feature_lazy: ]
[cegb_penalty_feature_coupled: ]
[path_smooth: 0]
[interaction_constraints: ]
[verbosity: -1]
[saved_feature_importance_type: 0]
[use_quantized_grad: 0]
[num_grad_quant_bins: 4]
[quant_train_renew_leaf: 0]
[stochastic_rounding: 1]
[linear_tree: 0]
[max_bin: 255]
[max_bin_by_feature: ]
[min_data_in_bin: 3]
[bin_construct_sample_cnt: 200000]
[data_random_seed: 1]
[is_enable_sparse: 1]
[enable_bundle: 1]
[use_missing: 1]
[zero_as_missing: 0]
[feature_pre_filter: 1]
[pre_partition: 0]
[two_round: 0]
[header: 0]
[label_column: ]
[weight_column: ]
[group_column: ]
[ignore_column: ]
[categorical_feature: 0,1,2,45,46,49,50,51,52,54,55]
[forcedbins_filename: ]
[precise_float_parser: 0]
[parser_config_file: ]
[objective_seed: 5]
[num_class: 1]
[is_unbalance: 0]
[scale_pos_weight: 1]
[sigmoid: 1]
[boost_from_average: 1]
[reg_sqrt: 0]
[alpha: 0.9]
[fair_c: 1]
[poisson_max_delta_step: 0.7]
[tweedie_variance_power: 1.5]
[lambdarank_truncation_level: 30]
[lambdarank_norm: 1]
[label_gain: ]
[lambdarank_position_bias_regularization: 0]
[eval_at: ]
[multi_error_top_k: 1]
[auc_mu_weights: ]
[num_machines: 1]
[local_listen_port: 12400]
[time_out: 120]
[machine_list_filename: ]
[machines: ]
[gpu_platform_id: -1]
[gpu_device_id: -1]
[gpu_use_dp: 0]
[num_gpu: 1]

end of parameters

pandas_categorical:[["korean"], ["cvvc"], ["br", "cv", "cv_head", "vc", "vcv", "vv"], ["other", "plosive", "sibilant", "sonorant"], ["unknown", "voiced", "voiceless"], ["liquid", "nasal", "none", "other", "stop"], ["", "a", "ae", "e", "eo", "eu", "eui", "i", "o", "oe", "u", "wa", "we", "weo", "wi", "ya", "ye", "yeo", "yo", "yu"], ["head", "mid", "tail"], ["", "vc", "vcv", "vv"], ["", "br", "cv", "cv_head", "vc", "vcv", "vv"], [""]]
