tree
version=v4
num_class=1
num_tree_per_iteration=1
label_index=0
max_feature_idx=74
objective=regression_l1
feature_names=language format_type alias_type alias_group row_index_in_wav row_ratio_in_wav is_head_row is_tail_row wav_duration_ms base_offset base_cons base_cutoff_abs base_pre base_ovl base_cons_gap base_cut_gap base_ovl_ratio curr_phone_start_ms curr_phone_end_ms curr_phone_len_ms curr_vowel_start_ms curr_vowel_end_ms curr_vowel_len_ms syllable_start_ms syllable_end_ms syllable_len_ms prev_phone_gap_ms next_phone_gap_ms expected_anchor_ms base_offset_to_expected_ms base_pre_to_expected_ms base_cutoff_to_next_anchor_ms energy_mean energy_min energy_max energy_slope_pre energy_slope_post valley_energy valley_dist_from_cutoff_ms db_mean db_min db_silence_ratio f0_voicing_mean f0_voicing_near_pre zcr_mean spectral_flux_mean onset_class voicing_class is_tense is_diphthong coda_type vowel_class mora_position bridge_type is_nasal_or_sonorant prev_alias_type next_alias_type prev_base_pre next_base_pre prev_base_offset next_base_offset prev_base_cutoff_abs next_base_cutoff_abs mapping_confidence used_alias_occurrence_mapping used_exact_vowel_fix used_nuclei_fallback used_alias_based_syllables words_vs_alias_score_margin jump_blocked_flag mapping_reason_code local_peak_db local_valley_db mel_window_energy_mean mel_window_silence_ratio
feature_infos=none none -1:3:1:0:2 -1:5:2:3:1:0:4 [0:15] [0:1] [0:1] [0:1] [3976.5306122448978:8999.1836734693879] [198.28999999999999:7056.8299999999999] [170.08000000000001:454.94999999999999] [500.87:7674.1399999999994] [47.579999999999998:361.82999999999998] [12.81:284.06999999999999] [78.860000000000014:162.83999999999995] [8:230.00000000000009] [0.16855263157894729:0.95169980451056124] [160:7320] [480:8029.9999999999991] [10:2440] [0:7320] [0:8350] [0:2440] [0:7320] [910:8840] [10:5863.2200000000003] [0:1580] [0:1880] [160:7320] [-400:72.350000000000023] [-46.630000000000109:422] [-370.63000000000011:2129.6800000000003] [0.062646397284894906:1] [0:1] [0.23862808982036479:1] [-0.84285049383810584:1] [-0.87980245971818039:0.98400830820819718] [0:1] [0.018979591836796299:382.27346938775509] [-42.536940861015765:-7.9246701492855687] [-80.533057726407094:-9.1695693656049464] [0:0.44186046511627908] [0.1212121212121212:1] [0:1] [0.0085058123050751003:0.4723561100085058] [0:0.064226145324237399] -1:1:2:3:0 -1:1:2:0 [0:1] [0:1] none -1:7:2:1:6:3:8:16:14:18:13:17:15:10:12:11:5:4:9 -1:1:0:2 -1:1:0 [0:1] -1:3:2:0:1 none [0:360] [0:362.70999999999998] [0:7025.8599999999997] [0:6750] [0:7671.9699999999993] [0:7217.0100000000002] [0.60002866212286121:0.99788787072145479] none [0:1] none none [-40:5480.9110000000001] none none [-42.536940861015765:-7.9246701492855687] [-80.533057726407094:-9.1695693656049464] [0.062646397284894906:1] [0:0.44186046511627908]
tree_sizes=2549 2653 2674 2686 2375 2965 2356 2548 2857 2861 2878

Tree=0
num_leaves=24
num_cat=1
split_feature=23 10 42 8 29 35 43 36 19 47 12 13 5 39 22 35 38 29 16 10 11 5 4
split_gain=212.553 154.162 22.8909 34.2496 19.585 11.9297 7.55236 6.22443 5.1889 5.08242 4.71501 3.32109 2.9523 4.90293 0.557914 0.62886 0.295254 0.270559 0.12052 0.0360298 0.0251852 1.42109e-14 7.10543e-15
threshold=270.00000000000006 396.18500000000006 0.87744358653800714 7947.437641723357 -159.84999999999994 0.096228424910043367 0.99085641608391994 0.24171411975823903 14.999999999999774 0 246.07500000000002 56.725000000000001 0.42261904761904762 -23.82768826247683 344.99999999999994 0.093543308796346758 297.36146258503396 -309.82499999999976 0.61194700177950745 331.78500000000003 2678.3100000000009 0.12132352941176471 5.5000000000000009
decision_type=2 2 2 2 2 2 2 2 2 1 2 2 2 2 2 2 2 2 2 2 2 2 2
left_child=4 2 3 -2 18 -5 17 8 -4 -8 20 -10 14 -14 15 -13 21 22 -1 -20 -7 -16 -3
right_child=1 6 7 5 -6 10 9 -9 11 -11 -12 12 13 -15 16 -17 -18 -19 19 -21 -22 -23 -24
leaf_value=-20.838199520111083 -20.94669952392578 -20.481949424743654 -25.491649627685547 -23.315899467468263 -23.847699546813963 -25.300199508666992 -20.089199447631835 -23.908899497985839 -25.206699562072753 -23.276199436187746 -23.688349437713622 -27.025199508666994 -25.638099288940431 -24.426249504089355 -26.443949508666993 -25.982699584960937 -25.997699356079103 -18.609949493408202 -20.081199455261231 -20.038699531555174 -25.282349395751954 -25.950599288940431 -20.123949432373045
leaf_weight=17.200000256299973 30.000000178813934 30.800000458955765 24.400000274181366 26.400000393390656 16.800000160932541 16.000000238418579 19.900000274181366 15.900000214576719 27.800000011920929 19.100000262260437 16.800000250339508 30.100000381469727 27.200000405311584 16.400000244379044 55.000000506639481 27.200000405311584 16.800000250339508 16.000000149011612 145.20000216364861 16.000000238418579 27.200000405311584 49.200000733137131 17.600000262260437
leaf_count=43 66 77 58 66 39 40 49 39 56 47 42 73 68 41 127 68 42 37 363 40 68 123 44
internal_value=-23.3759 -23.3929 -23.4068 -23.388 -23.3315 -23.404 -23.3384 -23.4143 -23.416 -23.3557 -23.4163 -23.4182 -23.4202 -23.4086 -23.4231 -23.419 -23.425 -23.3279 -23.3267 -23.3262 -23.4251 -23.426 -23.326
internal_weight=705 509.8 406.4 116.4 195.2 86.4 103.4 290 274.1 39 60 249.7 221.9 43.6 178.3 57.3 121 64.4 178.4 161.2 43.2 104.2 48.4
internal_count=1716 1231 977 282 485 216 254 695 656 96 150 598 542 109 433 141 292 158 446 403 108 250 121
cat_boundaries=0 1
cat_threshold=2
is_linear=0
shrinkage=1


Tree=1
num_leaves=25
num_cat=0
split_feature=23 10 31 29 5 23 38 35 11 73 34 23 45 36 36 22 10 29 13 12 25 68 17 9
split_gain=196.927 151.945 21.7334 14.5646 10.4969 15.4261 10.2359 8.19661 7.84744 7.65747 9.83982 5.27869 3.00949 1.28001 1.16199 1.05307 0.307139 0.258729 0.234643 0.204847 0.197964 0.0357408 0.0355801 1.42109e-14
threshold=270.00000000000006 396.18500000000006 -251.25499999999988 -162.08500000000001 0.42261904761904762 2845.0000000000005 122.36802721088442 0.1225693563344669 945.54000000000008 0.7406041713562751 0.93322935354219172 1095.0000000000002 0.012348446319312001 0.073935958904412166 0.080269623795879916 30.000000000000117 234.00500000000002 -267.44499999999988 251.94500000000002 202.03500000000003 575.00000000000011 4703.4715000000006 2285.0000000000005 1940.2450000000001
decision_type=2 2 2 2 2 2 2 2 2 2 2 2 2 2 2 2 2 2 2 2 2 2 2 2
left_child=3 2 11 19 8 -6 -3 -7 -4 10 13 -2 -8 20 -9 -11 -17 -18 -14 -1 -10 23 -21 -19
right_child=1 6 4 -5 5 7 12 14 9 15 -12 -13 18 -15 -16 16 17 21 -20 22 -22 -23 -24 -25
leaf_value=2.2784099531173707 1.0308349704742432 0.4639599514007568 -1.7156650447845458 -0.15011504173278817 2.0818124294281009 -0.36215502738952632 1.5393099832534791 -2.079882392883301 -2.4421148490905762 -2.7513651275634765 -0.35886501312255864 -1.2740949821472167 2.62744743347168 -1.0250550174713136 -1.1054825448989869 -3.164164915084839 -0.69762002944946289 -3.0595174789428712 3.4655975627899167 3.3135599040985109 -3.6343023872375491 -2.5648024177551272 2.7739349079132083 -2.5703176498413089
leaf_weight=22.000000327825546 23.900000065565109 18.80000028014183 27 16.200000196695328 16.400000244379044 20.800000309944153 17.900000244379044 22.800000339746475 18.400000274181366 19.600000292062759 27.500000387430191 18.80000028014183 18.300000250339508 18.000000268220901 15.900000214576719 20.900000065565109 17.600000262260437 52.300000756978989 53.600000709295273 128.80000191926956 15.700000166893004 15.600000143051146 16.000000238418579 53.200000792741776
leaf_count=55 50 47 54 39 41 52 44 57 46 49 68 47 45 45 39 44 44 130 131 322 37 36 40 133
internal_value=0.000114943 -0.01577 -0.0298714 0.0446448 -0.033854 -0.0173254 0.0367403 -0.0291597 -0.0382435 -0.0409196 -0.0280151 0.00386417 0.0437639 -0.0407869 -0.0427649 -0.0466518 -0.047995 -0.0488464 0.048331 0.0490408 -0.0464809 -0.0496697 0.0497238 -0.05
internal_weight=696 513 404.4 183 361.7 75.9 108.6 59.5 285.8 258.8 79.6 42.7 89.8 52.1 38.7 179.2 159.6 138.7 71.9 166.8 34.1 121.1 144.8 105.5
internal_count=1695 1239 972 456 875 189 267 148 686 632 196 97 220 128 96 436 387 343 176 417 83 299 362 263
is_linear=0
shrinkage=0.05


Tree=2
num_leaves=25
num_cat=0
split_feature=23 10 9 42 17 29 5 23 35 38 36 29 35 45 9 25 38 39 41 33 10 10 9 9
split_gain=193.334 143.687 25.2512 18.2087 16.1761 13.5373 10.8683 17.2216 9.80347 8.18268 4.54177 4.5122 2.46616 2.26235 1.05788 0.839245 1.23204 0.572477 0.277635 0.100054 0.0357105 0.0345532 1.42109e-14 7.10543e-15
threshold=270.00000000000006 400.39500000000004 556.00500000000011 0.87670255188764268 1505.0000000000002 -163.82500000000007 0.42261904761904762 3105.0000000000005 0.096228424910043367 133.76741496598655 0.19643378235328926 -271.18999999999988 0.15022869592363558 0.012348446319312001 2383.1350000000007 354.99999999999994 310.40557823129285 -10.917007002058268 0.12304734438836816 0.87662008479463316 331.55500000000006 346.46500000000009 1469.8000000000002 5712.6100000000006
decision_type=2 2 2 2 2 2 2 2 2 2 2 2 2 2 2 2 2 2 2 2 2 2 2 2
left_child=5 2 -2 4 -4 18 10 -8 -6 -3 15 -10 -9 -11 -13 -5 17 19 20 21 -1 22 -17 -15
right_child=1 9 3 6 8 -7 7 12 11 13 -12 14 -14 23 -16 16 -18 -19 -20 -21 -22 -23 -24 -25
leaf_value=3.0403820233345034 1.0406182272434235 1.1639619746208192 1.3749032301902773 -2.222401742935181 0.18561086654663086 0.4163907256126404 1.9777218079566958 -2.3176870980262758 -0.24547973680496221 1.4623444840908053 -0.64108909511566159 -1.1797089757919312 -1.5722008533477783 3.0032176098823551 -1.7070383281707764 -2.7365968875885009 -2.3731389904022215 -2.1924568371772764 1.541381998538971 -3.364456959247589 2.6622570042610167 -1.1505040645599365 -2.7029542446136476 4.9309175477027898
leaf_weight=133.20000198483467 31.599999934434891 18.400000274181366 18.600000232458115 23.20000034570694 27.600000411272049 16.900000184774399 16.800000250339508 16.400000244379044 16.400000244379044 17.900000244379044 16.000000238418579 21.600000321865082 26.300000369548798 47.900000691413879 25.200000375509262 55.100000441074371 25.000000327825546 20.200000166893005 17.200000256299973 18.700000077486038 16.000000238418579 16.000000238418579 46.400000691413879 16.000000149011612
leaf_count=333 61 46 45 58 69 40 42 41 41 44 40 54 65 119 63 125 61 46 43 40 40 40 116 37
internal_value=0.000539313 -0.0149914 -0.0277962 -0.0312837 -0.0139854 0.0447081 -0.03804 -0.0190756 -0.0226872 0.0388224 -0.043155 -0.0335443 -0.0359485 0.045599 -0.041453 -0.0451613 -0.0463065 -0.047954 0.0490385 -0.0491189 0.0497319 -0.0496596 -0.05 0.05
internal_weight=704.6 521.3 421.1 389.5 109.4 183.3 280.1 59.5 90.8 100.2 220.6 63.2 42.7 81.8 46.8 204.6 181.4 156.4 166.4 136.2 149.2 117.5 101.5 63.9
internal_count=1709 1253 1007 946 272 456 674 148 227 246 526 158 106 200 117 486 428 367 416 321 373 281 241 156
is_linear=0
shrinkage=0.05


Tree=3
num_leaves=25
num_cat=0
split_feature=23 13 31 42 29 38 35 5 11 35 36 42 49 45 38 25 45 13 39 14 68 29 24 9
split_gain=199.298 139.226 25.6126 19.9189 13.6799 7.82987 7.36404 8.83946 13.4596 6.88218 6.61026 6.09733 5.5082 2.71368 0.714651 1.02035 0.909124 0.657168 0.371094 0.303525 0.132996 0.0348359 0.0294622 1.42109e-14
threshold=270.00000000000006 204.38000000000002 -251.25499999999988 0.80030539021538416 -165.30999999999997 133.76741496598655 0.43431834040503053 0.48076923076923078 3751.5150000000003 0.15654420436792324 0.22814220509234723 0.90552210340894745 1.0000000180025095e-35 0.011557844585169851 162.96098639455798 1075.0000000000002 0.016602522888239251 251.94500000000002 -10.990016241079159 115.56000000000002 61.763999999999989 -176.83499999999989 5775.0000000000009 2806.2150000000006
decision_type=2 2 2 2 2 2 2 2 2 2 2 2 2 2 2 2 2 2 2 2 2 2 2 2
left_child=4 2 12 9 19 -3 7 10 -9 -4 11 -5 -2 -7 18 16 -16 -15 22 21 23 -1 -13 -8
right_child=1 5 3 6 -6 13 20 8 -10 -11 -12 14 -14 17 15 -17 -18 -19 -20 -21 -22 -23 -24 -25
leaf_value=2.9278441719770432 -0.41275579171180721 0.98560137932300573 1.0115721855163575 -1.0641789565086366 0.7786699454069137 1.3949272425293922 -1.5291196604251862 1.454229801607132 -2.015002740073204 -0.44286536691188821 -0.52053459935188295 -3.9846268363952633 1.2732623144030573 1.8788357175588608 -3.0977292189598082 -2.2544820408821105 -2.6264289689064029 3.1528566485166554 -2.4179088301420215 1.1274203889131547 -1.6356642714500425 2.6854703085184095 -2.2997324524879454 -1.8054365643501282
leaf_weight=136.40000203251839 21.20000022649765 18.400000274181366 21.400000274181366 21.300000160932541 16.400000154972076 17.600000262260437 50.800000756978989 17.200000256299973 26.300000369548798 26.300000369548798 19.400000244379044 46.100000441074371 20.400000125169754 17.900000244379044 27.400000363588333 17.700000107288361 16.000000238418579 49.700000673532486 18.300000160932541 16.000000238418579 16.000000238418579 16.400000244379044 16.100000083446503 28.000000417232513
leaf_count=341 50 46 52 48 38 44 127 43 65 65 47 107 45 44 67 39 40 122 42 40 40 41 35 70
internal_value=0.000350651 -0.0156865 -0.0287753 -0.0329758 0.0448164 0.0361004 -0.037461 -0.0325509 -0.0122989 -0.00283019 -0.0373834 -0.0406691 0.00841346 0.0424883 -0.0444209 -0.0403437 -0.04447 0.0470414 -0.0475155 0.0490521 -0.0491561 0.0497382 -0.0493569 -0.05
internal_weight=698.7 513.5 409.9 368.3 185.2 103.6 320.6 225.8 43.5 47.7 182.3 162.9 41.6 85.2 141.6 61.1 43.4 67.6 80.5 168.8 94.8 152.8 62.2 78.8
internal_count=1698 1238 982 887 460 256 770 533 108 117 425 378 95 210 330 146 107 166 184 422 237 382 142 197
is_linear=0
shrinkage=0.05


Tree=4
num_leaves=22
num_cat=0
split_feature=23 10 9 29 42 31 5 23 45 36 10 25 38 25 23 15 58 14 13 33 4
split_gain=197.376 150.848 19.7316 17.2333 16.5869 15.0325 9.67741 18.0871 7.21367 4.15992 2.66425 1.60222 1.30022 1.16382 2.23592 2.01554 0.559229 0.522187 0.308426 0.0867734 1.42109e-14
threshold=270.00000000000006 400.39500000000004 556.00500000000011 -159.84999999999994 0.74686004989866628 -249.39999999999984 0.42261904761904762 2845.0000000000005 0.010635113155106152 0.30191138620284291 342.17500000000007 315.00000000000006 194.57913832199532 880.00000000000034 545.00000000000011 194.26500000000001 315.89500000000004 114.28500000000001 168.23000000000005 1.0000000180025095e-35 1.0000000180025095e-35
decision_type=2 2 2 2 2 2 2 2 2 2 2 2 2 2 2 2 2 2 2 2 2
left_child=3 2 -2 17 -4 -6 9 -8 -3 11 16 -7 -10 18 -15 -16 -9 19 20 -1 -13
right_child=1 8 4 -5 5 6 7 10 12 -11 -12 13 -14 14 15 -17 -18 -19 -20 -21 -22
leaf_value=1.9714706258308887 1.1975991958218815 1.0955808895581962 0.084915756009817225 -0.4618623499000073 -0.053314167139530258 -1.9346449354410173 1.4486242942357066 -2.4922062752723697 3.7061639045917989 -0.43708436606049528 -0.47044410130381603 -4.2925204144668587 2.8899638389790061 -2.5247459824514387 -1.0108529025745392 -3.3828832363843917 -2.1517189076948164 1.1030993615519999 -1.0939090781641008 2.8494705991280078 -2.1371988730859757
leaf_weight=24.800000369548798 31.199999928474426 22.300000309944153 31.200000464916229 17.300000190734863 28.30000039935112 30.000000447034836 18.000000268220901 20.30000028014183 18.400000274181366 16.800000250339508 16.000000238418579 16.600000023841858 59.200000792741776 36.100000113248825 16.900000184774399 18.80000028014183 16.000000238418579 16.000000238418579 16.400000244379044 130.80000194907188 101.60000151395798
leaf_count=62 60 55 78 41 70 75 45 50 46 42 40 34 145 76 40 47 40 40 41 327 254
internal_value=9.95733e-05 -0.0159599 -0.0292612 0.0438062 -0.032376 -0.0354747 -0.0385317 -0.0221195 0.0391892 -0.0430885 -0.0369981 -0.044797 0.0463918 -0.0463663 -0.0412256 -0.0323529 -0.0444904 0.0486014 -0.0491085 0.0494859 -0.05
internal_weight=703 514.1 414.2 188.9 383 351.8 323.5 70.3 99.9 253.2 52.3 236.4 77.6 206.4 71.8 35.7 36.3 171.6 134.6 155.6 118.2
internal_count=1708 1238 992 470 932 854 784 175 246 609 130 567 191 492 163 87 90 429 329 389 288
is_linear=0
shrinkage=0.05


Tree=5
num_leaves=28
num_cat=0
split_feature=23 10 42 29 31 43 29 5 23 31 13 44 36 34 35 19 15 38 18 31 12 32 29 42 45 9 4
split_gain=195.291 140.516 22.5416 21.073 15.6406 10.1623 9.06221 6.64712 21.5907 6.36684 5.14516 4.62823 3.57374 2.19695 0.85584 2.59259 0.486707 0.459697 0.423559 0.345371 0.320558 0.122222 0.118564 0.0351662 0.0269182 1.42109e-14 7.10543e-15
threshold=215.00000000000003 400.39500000000004 0.80463199239023842 -159.84999999999994 -251.25499999999988 0.9999725139689889 -216.72 0.42261904761904762 2845.0000000000005 27.279999999999976 54.510000000000005 0.19464133824780264 0.22814220509234723 0.9854624144250862 0.14182158187221272 275.00000000000006 206.41499999999999 310.40557823129285 1055.0000000000002 -219.70500000000001 202.03500000000003 0.48886653520102746 -267.44499999999988 0.7415882152101797 0.013136691420544851 2048.1850000000004 5.5000000000000009
decision_type=2 2 2 2 2 2 2 2 2 2 2 2 2 2 2 2 2 2 2 2 2 2 2 2 2 2 2
left_child=3 2 6 20 -4 16 11 10 -9 -7 -6 -2 14 -10 15 -12 26 22 -17 -15 -1 -22 -16 -23 -20 -25 -3
right_child=1 5 4 -5 7 9 -8 8 13 -11 12 -13 -14 19 17 18 -18 -19 24 -21 21 23 -24 25 -26 -27 -28
leaf_value=1.9000045953308939 -0.70493897184365995 2.2439742854930755 -0.0506484587825538 -2.9492691866286402 -1.0888602608838081 3.054643232155025 1.5109186826098562 1.8849630685375929 -0.89360868548393246 -0.26279523564693313 -2.2236279880025385 0.076071080218613224 -0.52035189369791746 -1.6656543674373627 -0.57625762168908123 -2.2075725026180741 1.8985422496664821 -1.6645163339331148 -3.6833017269983288 -2.0439745032691956 1.7478970945393444 2.7239970768010022 -2.0429481029965877 2.635997160724342 -3.8082652347018726 2.3603180471246836 3.2022156489374041
leaf_weight=22.000000327825546 20.800000309944153 27.600000411272049 32.30000028014183 16.400000154972076 23.699999928474426 16.400000244379044 21.400000184774399 16.800000250339508 16.800000250339508 19.900000274181366 27.900000393390656 16.000000238418579 23.20000034570694 16.400000244379044 17.600000262260437 28.000000149011612 16.000000238418579 16.000000238418579 32.100000321865082 20.30000028014183 16.400000244379044 16.000000238418579 77.600001156330109 92.800001382827759 15.900000214576719 23.600000351667404 23.200000256299973
leaf_count=55 52 69 74 38 45 41 49 42 42 49 69 40 58 41 44 61 40 40 75 50 41 40 194 232 39 59 55
internal_value=-0.000694152 -0.0163054 -0.0290681 0.0431624 -0.0336807 0.036033 -0.000171821 -0.0369094 -0.0232575 0.0147383 -0.0405725 -0.0152174 -0.0427822 -0.038785 -0.0447931 -0.0415303 0.0476048 -0.0478417 -0.0463158 -0.0456403 0.0483607 0.0491935 -0.0491597 0.0496979 -0.0491667 0.05 0.05
internal_weight=713.1 525.9 422.8 187.2 364.6 103.1 58.2 332.3 70.3 36.3 262 36.8 238.3 53.5 215.1 103.9 66.8 111.2 76 36.7 170.8 148.8 95.2 132.4 48 116.4 50.8
internal_count=1734 1269 1015 465 874 254 141 800 175 90 625 92 580 133 522 244 164 278 175 91 427 372 238 331 114 291 124
is_linear=0
shrinkage=0.05


Tree=6
num_leaves=22
num_cat=0
split_feature=8 10 29 9 44 35 45 12 33 8 38 35 31 68 14 12 39 68 36 57 5
split_gain=146.004 139.173 92.1367 24.2588 16.9608 11.1381 13.6547 8.59414 7.3369 5.14659 2.43371 2.36254 4.29523 1.49902 1.42221 0.977885 1.18486 0.2827 0.0895544 0.062408 1.42109e-14
threshold=5351.4852607709754 400.39500000000004 -141.97499999999988 581.81500000000017 0.21732350439466966 -0.036538385071907091 0.017398900090139755 260.00500000000005 0.58814037216146409 6217.1428571428578 85.800430839002289 0.1330117971914602 -80.395000000000195 449.1570000000001 106.03500000000001 205.33000000000001 -20.585529930027672 184.72300000000004 0.20368276162078788 177.36500000000004 0.5634920634920636
decision_type=2 2 2 2 2 2 2 2 2 2 2 2 2 2 2 2 2 2 2 2 2
left_child=2 3 13 -2 5 6 -5 9 14 -7 -4 12 -11 -1 -3 16 -15 18 20 -17 -13
right_child=1 8 10 4 -6 7 -8 -9 -10 11 -12 17 -14 15 -16 19 -18 -19 -20 -21 -22
leaf_value=1.9211473115572961 1.152251661830938 2.7057669709023746 -3.9604930633266449 -2.1915676344919084 0.15462032323789307 -1.0736666829605579 0.83105838496555084 -0.13732858016210781 0.92476697662442042 -1.5939503460137279 -2.9916677263070528 -1.7033505491139889 -3.3739748417218212 0.85179730497694317 2.3732785241049736 2.6356973560938868 2.6156942917762787 -2.0945334680226924 -0.94519998779320713 2.5008804743524848 -1.5202211648397446
leaf_weight=18.000000268220901 32.599999904632568 43.700000584125519 23.00000011920929 18.50000011920929 17.600000262260437 33.200000315904617 24.70000034570694 20.800000309944153 24.70000034570694 25.600000381469727 16.300000131130219 109.2000016272068 28.900000363588333 16.000000238418579 31.600000470876694 31.600000470876694 27.600000411272049 15.900000214576719 24.000000357627869 106.00000157952309 16.400000244379044
leaf_count=45 62 107 50 41 44 77 61 52 61 64 37 273 70 40 79 79 69 39 60 265 41
internal_value=0.000347075 -0.0158964 0.0321803 -0.0301306 -0.0341398 -0.0367907 -0.0131944 -0.0405109 0.0364 -0.043049 -0.0377863 -0.0458182 -0.036789 0.0459839 0.0441567 0.047351 0.0408257 -0.0487915 -0.0494652 0.0494186 -0.05
internal_weight=705.9 467.4 238.5 367.4 334.8 317.2 43.2 274 100 253.2 39.3 220 54.5 199.2 75.3 181.2 43.6 165.5 149.6 137.6 125.6
internal_count=1716 1131 585 884 822 778 102 676 247 624 87 547 134 498 186 453 109 413 374 344 314
is_linear=0
shrinkage=0.05


Tree=7
num_leaves=24
num_cat=0
split_feature=23 10 31 42 43 13 13 24 35 5 9 42 68 38 12 14 45 30 72 45 43 39 24
split_gain=193.83 124.362 18.5622 18.5933 12.6171 12.5807 9.22443 8.14805 5.99093 7.69166 8.96132 4.26848 4.19019 4.02303 1.59568 1.09643 0.913749 1.28915 0.531511 0.277248 0.968514 0.242449 0.0309844
threshold=270.00000000000006 375.50500000000005 -251.25499999999988 0.80241043211079355 0.99043775624648867 119.19000000000001 258.60500000000008 3135.0000000000005 0.38681275168929125 0.42261904761904762 3442.8850000000007 0.91668749139861272 27.1675 326.00109977324269 328.87500000000006 112.455 0.0095513167704287024 109.51000000000006 -40.043798691084582 0.025282951555732854 0.76298624463888187 -22.430711297732561 5615.0000000000009
decision_type=2 2 2 2 2 2 2 2 2 2 2 2 2 2 2 2 2 2 2 2 2 2 2
left_child=5 2 13 7 14 -1 -6 -4 9 11 -11 -5 -13 -2 -3 19 17 -14 -10 -7 -21 -16 -18
right_child=1 4 3 8 6 15 -8 -9 18 10 -12 12 16 -15 21 -17 22 -19 -20 20 -22 -23 -24
leaf_value=0.37147797382480885 0.77363907492469375 0.79971161487706499 -0.31553288731854273 -0.920420078613153 -0.50774675226827071 2.5630583280561177 1.8378077119313545 0.60219891951638704 -1.2406756196961162 0.74278157876391993 -2.9347811444554091 -1.8023022683237551 -2.1056549852142092 -0.45161337220360204 2.4979785842102835 1.0047742428091968 -3.0108978924385195 -2.56675961816762 -1.4972041216097951 2.7520531784532274 1.9145937417224197 1.8156316138469046 -2.4190391986625888
leaf_weight=17.60000017285347 22.300000220537186 21.200000315904617 28.30000039935112 25.000000238418579 18.80000028014183 92.00000137090683 23.000000298023224 22.800000250339508 75.600001126527786 18.80000028014183 20.30000028014183 24.800000369548798 32.100000411272049 18.400000095367432 33.000000447034836 24.400000363588333 46.600000560283661 21.200000047683716 30.800000458955765 36.400000542402267 16.400000244379044 16.000000238418579 15.500000029802321
leaf_count=41 52 53 70 58 47 230 56 54 189 47 50 62 78 40 81 61 112 44 77 91 41 40 32
internal_value=-0.00111935 -0.0169582 -0.0299255 -0.0335268 0.0296429 0.0425054 0.00789474 -0.0055773 -0.0381236 -0.0331131 -0.0131714 -0.0378329 -0.0412268 0.00208845 0.0425926 0.0466903 -0.045234 -0.0404315 -0.0477444 0.0483425 0.0454545 0.047551 -0.0493559
internal_weight=701.3 514.5 402.5 361.8 112 186.8 41.8 51.1 310.7 204.3 39.1 165.2 140.2 40.7 70.2 169.2 115.4 53.3 106.4 144.8 52.8 49 62.1
internal_count=1706 1242 965 873 277 464 103 124 749 483 97 386 328 92 174 423 266 122 266 362 132 121 144
is_linear=0
shrinkage=0.05


Tree=8
num_leaves=27
num_cat=0
split_feature=23 10 42 20 29 35 43 13 36 8 57 44 33 35 12 14 57 71 10 16 71 71 10 29 32 4
split_gain=183.535 124.182 22.6235 28.7679 17.2053 11.9215 11.6936 6.19225 6.04296 7.2145 27.2153 4.21658 2.25991 1.87742 1.55923 1.46218 2.44275 1.36458 1.24764 0.794674 0.450721 0.239925 0.141449 0.135849 0.0855814 1.42109e-14
threshold=215.00000000000003 383.51500000000004 0.87744358653800714 1565.0000000000002 -159.84999999999994 0.016017087464653853 0.9999725139689889 258.60500000000008 0.23921205269314352 7947.437641723357 102.105 0.19152254040260844 0.87662008479463316 0.049241310302176163 249.13000000000002 110.21500000000002 199.63000000000002 -24.423312762119238 438.97000000000008 0.42654866944764591 -21.581294006982308 -11.234616577209222 330.38500000000005 -255.04499999999982 0.74677079411150926 1.5000000000000002
decision_type=2 2 2 2 2 2 2 2 2 2 2 2 2 2 2 2 2 2 2 2 2 2 2 2 2 2
left_child=4 2 3 -2 15 -5 18 -8 9 10 12 17 19 -11 23 22 -17 24 -3 -4 -20 -21 25 -15 -7 -1
right_child=1 6 8 5 -6 11 7 -9 -10 13 -12 -13 -14 14 -16 16 -18 -19 20 21 -22 -23 -24 -25 -26 -27
leaf_value=2.3632044229862754 1.3179695936093292 0.75972603413321171 -1.6751327107717793 0.53076309795419552 -1.8283551101512174 -0.37395848624226496 -0.38334645618776864 2.1945937948846046 -0.069578821728227602 -2.9896155985681934 1.4975120146164018 -0.12173947043749732 -2.1949802932783271 -0.4673611217259655 -0.38679158800929869 0.70651454050862972 1.0408670511806817 -1.5443627746888609 2.3051297877512336 -3.0116337599262222 1.9614970184906246 -2.439961104044686 1.9130408190253634 -1.9442488044701109 -1.3554761028870648 2.4723053569124058
leaf_weight=29.200000435113907 31.900000184774399 20.700000286102295 20.200000077486038 25.200000375509262 16.500000178813934 16.000000238418579 18.000000268220901 21.400000274181366 15.900000214576719 27.600000411272049 26.500000238418579 17.600000262260437 19.000000149011612 16.000000238418579 16.000000238418579 17.200000256299973 20.400000303983688 16.000000238418579 38.100000500679016 37.200000286102295 16.000000238418579 16.600000202655792 16.000000238418579 90.000001341104507 18.400000274181366 92.800001382827759
leaf_count=73 70 51 43 63 39 40 45 52 39 69 61 44 43 40 40 43 51 40 93 84 40 40 40 225 46 232
internal_value=0.000642099 -0.0146767 -0.0275177 -0.00979217 0.0424518 -0.0238197 0.0314361 0.00939086 -0.0352982 -0.037068 -0.0279079 -0.0347059 -0.0406452 -0.044385 -0.0470492 0.0470387 0.0382979 -0.0420635 0.0430481 -0.0445946 0.0470425 -0.0477695 0.0494203 -0.0492453 -0.0476744 0.05
internal_weight=716.4 524.3 410.1 125.1 192.1 93.2 114.2 39.4 285 269.1 119.5 68 93 149.6 122 175.6 37.6 50.4 74.8 74 54.1 53.8 138 106 34.4 122
internal_count=1746 1268 987 303 478 233 281 97 684 645 271 170 210 374 305 439 94 126 184 167 133 124 345 265 86 305
is_linear=0
shrinkage=0.05


Tree=9
num_leaves=27
num_cat=0
split_feature=8 12 29 11 32 35 34 43 12 8 12 68 29 22 38 14 43 40 25 38 22 38 36 36 18 8
split_gain=124.411 115.531 89.9838 19.6487 16.1485 24.6607 18.4037 9.55856 6.00578 5.41479 5.26545 4.70639 2.97736 2.60384 2.16203 1.52747 2.95385 1.24665 1.40592 1.58588 1.089 0.610501 0.248265 0.129668 0.0264802 1.42109e-14
threshold=5351.4852607709754 282.93500000000006 -141.97499999999988 944.04500000000019 0.7512296746333923 0.14182158187221272 0.87016578634665531 0.9999725139689889 336.65000000000003 6158.0045351473937 247.82500000000002 458.57800000000003 -267.71999999999997 295.00000000000006 70.690408163265388 110.21500000000002 0.59391155994346134 -33.857527807277748 374.99999999999994 291.44175736961495 295.00000000000006 230.24192743764195 0.010661137288790251 -0.013869908158802699 4585.0000000000009 4193.287981859411
decision_type=2 2 2 2 2 2 2 2 2 2 2 2 2 2 2 2 2 2 2 2 2 2 2 2 2 2
left_child=2 3 11 -2 5 6 -5 13 -9 -6 21 -1 -11 -3 -4 20 -17 23 -19 22 -13 -7 -20 -14 -15 -22
right_child=1 7 14 4 9 10 -8 8 -10 12 -12 15 17 24 -16 16 -18 18 19 -21 25 -23 -24 -25 -26 -27
leaf_value=0.86648053690826787 0.72168368155742724 1.1455721571710433 -3.4765957528091165 -1.7190367814728753 -1.119254962033432 -0.30891885699861527 1.4260012559547615 -0.3641791333783802 1.789183205960267 -0.30012417634046645 -0.072226746656211024 1.5608853839595738 -1.7271195884215811 2.3212276345568763 -3.0721310941519246 1.5073479880881449 0.53700515555050732 -2.4263015390294664 -2.7814263351383195 -1.7127745120210329 2.2478850870926799 -1.5574013030367766 -2.1721427896071588 -1.4589368004499779 2.9626112259952886 2.5067534111156018
leaf_weight=20.400000303983688 29.899999886751175 27.200000405311584 24.200000137090683 19.000000238418579 28.300000220537186 16.800000250339508 31.000000417232513 16.800000250339508 17.800000220537186 18.000000268220901 16.000000238418579 18.400000274181366 16.000000238418579 28.400000423192978 15.700000166893004 19.600000292062759 16.800000250339508 18.400000274181366 38.500000506639481 15.900000214576719 19.600000292062759 30.000000447034836 16.300000220537186 68.400001019239426 15.600000143051146 103.20000153779984
leaf_count=51 56 68 53 46 64 42 76 42 43 45 40 46 40 71 37 49 42 46 94 39 49 75 40 171 36 258
internal_value=8.49618e-05 -0.0148729 0.0295292 -0.0282897 -0.0317799 -0.0164007 0.0098 0.0310964 0.00953757 -0.0396724 -0.0372611 0.0433333 -0.0426893 0.041573 -0.0389724 0.0459459 0.0368132 -0.0446974 -0.0405724 -0.0437765 0.0483003 -0.0457265 -0.0478102 -0.0490521 0.0490909 0.05
internal_weight=706.2 468.3 237.9 362.5 332.6 112.8 50 105.8 34.6 219.8 62.8 198 191.5 71.2 39.9 177.6 36.4 173.5 89.1 70.7 141.2 46.8 54.8 84.4 44 122.8
internal_count=1719 1134 585 874 818 279 122 260 85 539 157 495 475 175 90 444 91 430 219 173 353 117 134 211 107 307
is_linear=0
shrinkage=0.05


Tree=10
num_leaves=27
num_cat=0
split_feature=23 10 12 42 31 29 38 5 61 45 32 12 35 23 25 10 14 43 25 14 39 35 30 45 27 11
split_gain=170.386 107.872 19.5706 17.3739 14.775 9.81577 9.37181 8.60067 11.5546 6.54776 6.02604 4.34226 3.54226 5.83208 4.05004 3.93496 1.89409 2.63424 0.911196 0.672414 0.67238 0.276612 0.730723 0.227268 0.0295165 1.42109e-14
threshold=270.00000000000006 400.39500000000004 123.06000000000002 0.71835071724185051 -263.17999999999989 -162.08500000000001 133.76741496598655 0.42261904761904762 2691.9050000000007 0.013373669509752552 0.78571609077918081 255.42000000000004 -0.022762976582063946 585.00000000000011 965.00000000000011 239.65000000000003 110.21500000000002 0.58066889769381491 550.00000000000034 90.554999999999993 -21.403450958216045 0.19988723241728928 8.12000000000012 0.028879884470817303 1.0000000180025095e-35 2909.0150000000008
decision_type=2 2 2 2 2 2 2 2 2 2 2 2 2 2 2 2 2 2 2 2 2 2 2 2 2 2
left_child=5 2 -2 -4 -5 16 -3 11 -9 -8 -10 12 13 -6 19 -16 20 -18 -12 -14 -1 22 -21 -22 -11 -23
right_child=1 6 3 4 7 -7 9 8 10 24 18 -13 14 -15 15 -17 17 -19 -20 21 23 25 -24 -25 -26 -27
leaf_value=1.2247270748279135 1.2622934443265867 0.23250426309397235 0.13271687898935358 0.49955923905365118 -1.7850341692247556 0.43211058989978818 0.92918552732949156 0.70228445001389206 -0.046119108524272791 2.2470117609961799 -1.8423575605940909 -0.19222969733277823 -0.32927488075024663 -0.61339020662584043 -0.67129346490015829 -2.2620003007407798 1.4951548355948838 0.51015489777298206 -0.84528448799833777 -1.6330849423992317 2.2412616954400817 -1.4317034292145481 -3.1089414825715296 2.4181354731142299 4.3012124547550874 -1.6421145330265086
leaf_weight=17.200000256299973 27.799999833106995 17.600000262260437 29.600000441074371 25.500000357627869 19.800000071525574 15.700000166893004 21.900000303983688 17.600000262260437 16.000000238418579 41.200000613927841 22.000000327825546 16.800000250339508 21.200000315904617 19.500000268220901 17.700000196695328 25.700000315904617 18.80000028014183 18.000000268220901 16.000000238418579 19.600000292062759 95.200001418590546 57.20000085234642 32.200000256299973 20.800000309944153 15.700000166893004 28.000000417232513
leaf_count=43 50 44 74 63 42 37 54 44 40 103 55 42 53 48 42 62 47 45 40 49 238 143 73 52 37 70
internal_value=0.00033847 -0.0146284 -0.0257642 -0.0286941 -0.0317644 0.0413301 0.0329876 -0.0346037 -0.0192737 0.0403553 -0.0307407 -0.038863 -0.040577 -0.0268448 -0.043254 -0.0297235 0.0448235 0.0347826 -0.0415789 -0.0469659 0.0475976 -0.0482482 -0.0453668 0.0489655 0.049297 -0.05
internal_weight=694.3 508.6 412.2 384.4 354.8 185.7 96.4 329.3 71.6 78.8 54 257.7 240.9 39.3 201.6 43.4 170 36.8 38 158.2 133.2 137 51.8 116 56.9 85.2
internal_count=1690 1228 990 940 866 462 238 803 179 194 135 624 582 90 492 104 425 92 95 388 333 335 122 290 140 213
is_linear=0
shrinkage=0.05


end of trees

feature_importances:
base_offset_to_expected_ms=18
base_cons=17
syllable_start_ms=16
energy_slope_pre=16
valley_dist_from_cutoff_ms=14
base_pre=12
energy_slope_post=11
f0_voicing_mean=11
spectral_flux_mean=11
row_ratio_in_wav=10
base_offset=10
base_ovl=9
base_cutoff_to_next_anchor_ms=9
base_cons_gap=8
syllable_len_ms=8
f0_voicing_near_pre=8
wav_duration_ms=7
db_mean=6
words_vs_alias_score_margin=6
base_cutoff_abs=5
row_index_in_wav=4
curr_vowel_len_ms=4
energy_mean=4
energy_min=4
syllable_end_ms=3
energy_max=3
zcr_mean=3
prev_base_pre=3
local_peak_db=3
base_cut_gap=2
base_ovl_ratio=2
curr_phone_start_ms=2
curr_phone_end_ms=2
curr_phone_len_ms=2
base_pre_to_expected_ms=2
curr_vowel_start_ms=1
next_phone_gap_ms=1
db_min=1
db_silence_ratio=1
voicing_class=1
is_diphthong=1
next_base_pre=1
prev_base_cutoff_abs=1
local_valley_db=1
mel_window_energy_mean=1

parameters:
[boosting: gbdt]
[objective: regression_l1]
[metric: l1]
[tree_learner: serial]
[device_type: cpu]
[data_sample_strategy: bagging]
[data: ]
[valid: ]
[num_iterations: 500]
[learning_rate: 0.05]
[num_leaves: 31]
[num_threads: 0]
[seed: 0]
[deterministic: 0]
[force_col_wise: 0]
[force_row_wise: 0]
[histogram_pool_size: -1]
[max_depth: -1]
[min_data_in_leaf: 40]
[min_sum_hessian_in_leaf: 0.001]
[bagging_fraction: 0.85]
[pos_bagging_fraction: 1]
[neg_bagging_fraction: 1]
[bagging_freq: 1]
[bagging_seed: 3]
[bagging_by_query: 0]
[feature_fraction: 0.85]
[feature_fraction_bynode: 1]
[feature_fraction_seed: 2]
[extra_trees: 0]
[extra_seed: 6]
[early_stopping_round: 0]
[early_stopping_min_delta: 0]
[first_metric_only: 0]
[max_delta_step: 0]
[lambda_l1: 0]
[lambda_l2: 0]
[linear_lambda: 0]
[min_gain_to_split: 0]
[drop_rate: 0.1]
[max_drop: 50]
[skip_drop: 0.5]
[xgboost_dart_mode: 0]
[uniform_drop: 0]
[drop_seed: 4]
[top_rate: 0.2]
[other_rate: 0.1]
[min_data_per_group: 100]
[max_cat_threshold: 32]
[cat_l2: 10]
[cat_smooth: 10]
[max_cat_to_onehot: 4]
[top_k: 20]
[monotone_constraints: ]
[monotone_constraints_method: basic]
[monotone_penalty: 0]
[feature_contri: ]
[forcedsplits_filename: ]
[refit_decay_rate: 0.9]
[cegb_tradeoff: 1]
[cegb_penalty_split: 0]
[cegb_penalty_feature_lazy: ]
[cegb_penalty_feature_coupled: ]
[path_smooth: 0]
[interaction_constraints: ]
[verbosity: -1]
[saved_feature_importance_type: 0]
[use_quantized_grad: 0]
[num_grad_quant_bins: 4]
[quant_train_renew_leaf: 0]
[stochastic_rounding: 1]
[linear_tree: 0]
[max_bin: 255]
[max_bin_by_feature: ]
[min_data_in_bin: 3]
[bin_construct_sample_cnt: 200000]
[data_random_seed: 1]
[is_enable_sparse: 1]
[enable_bundle: 1]
[use_missing: 1]
[zero_as_missing: 0]
[feature_pre_filter: 1]
[pre_partition: 0]
[two_round: 0]
[header: 0]
[label_column: ]
[weight_column: ]
[group_column: ]
[ignore_column: ]
[categorical_feature: 0,1,2,3,46,47,50,51,52,53,55,56,70]
[forcedbins_filename: ]
[precise_float_parser: 0]
[parser_config_file: ]
[objective_seed: 5]
[num_class: 1]
[is_unbalance: 0]
[scale_pos_weight: 1]
[sigmoid: 1]
[boost_from_average: 1]
[reg_sqrt: 0]
[alpha: 0.9]
[fair_c: 1]
[poisson_max_delta_step: 0.7]
[tweedie_variance_power: 1.5]
[lambdarank_truncation_level: 30]
[lambdarank_norm: 1]
[label_gain: ]
[lambdarank_position_bias_regularization: 0]
[eval_at: ]
[multi_error_top_k: 1]
[auc_mu_weights: ]
[num_machines: 1]
[local_listen_port: 12400]
[time_out: 120]
[machine_list_filename: ]
[machines: ]
[gpu_platform_id: -1]
[gpu_device_id: -1]
[gpu_use_dp: 0]
[num_gpu: 1]

end of parameters

pandas_categorical:[["korean"], ["vcv"], ["cv", "cv_head", "mono", "vcv", "vv"], ["cv", "cv_glide", "cv_head", "cv_head_glide", "mono", "vcv", "vv"], ["other", "plosive", "sibilant", "sonorant"], ["unknown", "voiced", "voiceless"], ["none", "other"], ["", "a", "e", "eo", "eu", "eui", "i", "o", "u", "ui", "wa", "we", "weo", "wi", "ya", "ye", "yeo", "yo", "yu"], ["head", "mid", "tail"], ["", "vcv", "vv"], ["", "cv", "cv_head", "vcv", "vv"], [""], ["unknown"]]
