tree
version=v4
num_class=1
num_tree_per_iteration=1
label_index=0
max_feature_idx=30
objective=regression_l1
feature_names=language format_type voicebank_id wav_norm alias_norm occurrence_index row_index_in_wav source_mode source_detail token_source source_confidence onset_ms voiced_onset_ms nucleus_start_ms nucleus_end_ms nucleus_span_ms tail_ms tail_margin_ms blank_confidence voiced_confidence unvoiced_confidence boundary_confidence mel_window_energy_mean mel_window_silence_ratio mel_window_voiced_ratio prev_gap_ms next_gap_ms neighbor_boundary_gap_ms file_row_count file_mean_energy file_voiced_ratio
feature_infos=none none -1:7:3:2:4:6 -1:40:41:85:91:92:210:211:295:343:348:473:507:521:525:528:529:530:557:13:15:18:20:21:24:25:27:29:32:34:36:39:42:44:46:49:53:56:59:62:64:66:67:68:69:70:72:73:74:76:77:79:81:83:84:87:89:93:96:98:99:100:103:105:107:110:112:114:117:118:119:120:122:124:125:127:129:132:135:138:140:143:146:147:149:150:151:152:179:181:183:185:189:191:192:193:195:196:198:200:202:204:206:208:209:214:217:220:223:226:228:233:235:238:239:240:242:244:247:248:251:254:258:259:260:271:273:274:275:278:279:281:283:285:288:290:293:297:300:301:302:303:305:307:308:311:314:316:318:320:321:322:323:325:327:330:331:334:336:339:341:346:347:381:385:387:389:392:393:396:399:401:403:405:407:408:409:410:412:415:418:423:425:431:434:436:438:440:442:443:451:453:454:455:457:458:460:462:464:466:468:470:471:472:474:476:477:480:481:483:485:487:489:491:493:494:495:496:500:501:503:509:510:511:514:515:519:523:527:531:533:536:538:539:542:543:544:545:547:549:550:553:555:559:561:563:565:566:567:568:576:579:583:586:589:590:592:593:116:552:0:8:9:12:14:17:26:31:33:37:38:45:50:52:58:60:65:71:75:78:82:88:90:94:95:97:102:104:109:111:115:128:131:137:139:141:145:148:154:160:161:170:173:176:177:180:190:197:201:203:207:212:215:222:224:231:232:234:236:237:243:245:250:253:256:262:263:264:265:266:272:280:282:286:287:292:294:298:299:304:310:312:313:317:319:324:326:333:338:340:344:345:383:384:394:400:402:406:413:416:426:428:433:435:439:441:445:446:447:450:452:459:463:465:469:475:482:486:488:492:497:498:499:504:506:508:516:517:520:522:526:535:537:540:541:546:554:558:560:564:571:572:577:580:587:591 -1:124:125:255:265:0:16:22:34:35:37:38:45:66:72:78:79:80:86:99:102:103:104:106:107:110:117:123:151:158:163:175:176:178:188:194:201:206:214:245:286:291:292:314:315:375:391:394:398:401:418:421:424:431:437:441:443:444:445:446:449:451:453:454:459:460:471:466:11:13:15:17:19:20:24:26:28:30:33:36:40:41:43:47:48:49:51:53:54:55:56:57:59:60:61:63:64:68:70:71:74:76:82:84:85:88:89:91:93:95:96:97:105:109:112:114:116:120:122:148:150:152:154:156:157:160:161:165:167:169:171:173:174:177:180:182:184:185:186:192:196:197:198:200:203:204:208:212:213:223:225:226:227:229:230:232:234:236:239:241:243:244:247:250:251:252:253:257:259:260:261:263:266:267:268:269:271:273:275:276:278:280:282:284:289:290:317:318:319:321:322:324:326:328:330:332:334:335:336:337:338:339:341:343:346:347:351:353:355:357:359:361:362:369:371:372:373:376:378:380:382:384:386:388:389:390:392:395:399:403:405:407:409:411:412:413:414:415:417:419:422:426:427:428:430:435:439:447:452:456:457:458:462:463:464:467:469:473:475:477:479:480:481:482:490:492:494:496:498:499:500:501:101:7:8:12:14:21:25:27:31:32:42:46:52:58:62:65:69:75:77:81:83:90:94:100:111:115:118:121:127:132:133:139:142:145:146:149:155:162:166:168:172:179:183:190:191:193:195:202:205:207:210:215:216:217:218:219:224:231:233:237:238:242:248:249:254:258:264:270:272:277:281:283:287:288:293:316:323:327:329:333:340:342:348:349:352:354:358:360:364:365:366:370:377:381:383:387:393:396:400:404:406:410:416:423:425:432:433:436:438:442:450:455:461:468:472:474:478:485:486:491:493:497 [0:1] [0:4] none none none none [6.2367006802721097:3482.6011096938773] [6.2367006802721097:3482.6011096938773] [6.2367006802721097:3482.6011096938773] [96.363585501754358:3983.0828971088431] [48.104286586689341:758.90499022108838] [254.83866666666663:4035.5706471088433] [0.93728124999961437:441.5352411435415] [0.0062343726379439999:0.98764810735903041] [0.251995925613127:0.97619603174603176] [0.029992999999999902:0.79544035923324219] [0.85999999999999999:0.93501049999999997] [8.073433366402116e-06:0.24318558396665951] [0.0166288737717309:1] [0:0.9365079365079364] [-154.85018079654674:638.26980549063114] [-321.36047119372256:614.85650000000032] [0:284.82059637454745] [1:9] [0.0042329924668723:0.1576884343830299] [0.021216090245082399:0.79778623837018736]
tree_sizes=3315 3376 3385 3400 3388 3391 3373 3374

Tree=0
num_leaves=31
num_cat=1
split_feature=2 17 22 17 11 17 24 17 24 22 14 23 18 17 11 29 16 15 15 11 19 29 17 11 12 29 18 22 20 15
split_gain=129.818 127.13 261.537 84.6077 72.5352 66.4572 50.2863 53.2961 42.6389 42.2563 45.1213 35.8295 29.2396 27.8591 37.1575 24.7296 20.8319 15.4195 14.657 15.4128 14.1545 12.8704 19.7705 12.3861 14.0211 12.3311 11.9023 19.4484 13.1769 11.9996
threshold=0 6.0923281249999954 0.032395542343727803 2.811843750000151 113.55768452380953 1.8745624999997974 0.20759637188208616 10.301213010204096 0.086583522297807955 0.026165125321368752 924.51063864327352 0.4491685563114135 0.30716092765810021 82.409704081632711 169.42588775510208 0.081376155169878714 629.78675765306139 307.1841507227893 450.65490858843555 120.74054719387756 0.8530817579114981 0.059819786190804906 5.6236875000000461 179.09632610544222 175.13190986394559 0.049070182294234162 0.23169398181891793 0.019860239526311805 0.13985781749227469 461.10937489370752
decision_type=9 2 2 2 2 2 2 2 2 2 2 2 2 2 2 2 2 2 2 2 2 2 2 2 2 2 2 2 2 2
left_child=3 5 6 17 8 -2 12 -8 21 10 23 13 -3 14 16 26 -11 -1 -19 -20 -16 22 -5 24 -6 -9 27 28 -10 -29
right_child=1 2 -4 4 9 -7 7 25 15 11 -12 -13 -14 -15 20 -17 -18 18 19 -21 -22 -23 -24 -25 -26 -27 -28 29 -30 -31
leaf_value=-6.2935909509658812 -9.3400984048843387 -8.3011274576187137 -3.3606130838394161 -7.8105359673500061 -8.8055923700332634 -7.0803145349089567 -2.351775193214416 -8.04024794790217 -7.9999224976948389 -8.8118060350418084 -2.8590524022176282 -7.4866567838937046 -7.8795846044623588 -5.5004640817642212 -9.5577825784683235 -7.9722896337509157 -7.1378310918807983 -8.7566738363077139 -7.7011258840560917 -9.0189391244808874 -8.1853070787771856 -7.7085156855018244 -8.5727408647537224 -9.2583803415298469 -7.8771275639533993 -8.9707105875015252 -7.3326745748519899 -7.5864212271143634 -7.3435735940933231 -6.9922711123130226
leaf_weight=29.612400531768799 45.991001129150391 232.44100570678711 222.53220438957214 31.075000762939453 138.6748833656311 308.36592721939087 53.449001312255859 39.395640850067139 30.80444073677063 36.207760810852051 44.199000597000122 33.561000823974609 66.580881595611572 26.585280418395996 90.358642101287842 58.362161159515381 39.7760009765625 272.64832663536072 31.235760688781738 53.339201211929321 32.098400592803955 84.414201974868774 58.421001434326172 149.32076358795166 32.318000793457031 48.477001190185547 63.122441530227661 131.96972298622131 29.832000732421875 52.527521133422852
leaf_count=26 37 187 191 25 112 252 43 33 25 30 41 27 54 24 74 50 32 220 26 44 28 69 47 121 26 39 51 109 24 44
internal_value=-7.79277 -7.77897 -7.79175 -7.80186 -7.79518 -7.75465 -7.81408 -7.7895 -7.78178 -7.80681 -7.81777 -7.79135 -7.82569 -7.79853 -7.80497 -7.7721 -7.77751 -7.82217 -7.82505 -7.80686 -7.82202 -7.80217 -7.81538 -7.82431 -7.81512 -7.81345 -7.76645 -7.77144 -7.79601 -7.76336
internal_weight=2567.7 1017.23 662.876 1550.46 1163.63 354.357 440.344 141.322 540.528 623.1 364.513 258.587 299.022 225.026 198.441 366.618 75.9838 386.836 357.223 84.575 122.457 173.91 89.496 320.314 170.993 87.8726 308.256 245.134 60.6364 184.497
internal_count=2111 836 547 1275 959 289 356 115 444 515 300 215 241 188 164 303 62 316 290 70 102 141 72 259 138 72 253 202 49 153
cat_boundaries=0 1
cat_threshold=28
is_linear=0
shrinkage=1


Tree=1
num_leaves=31
num_cat=1
split_feature=2 17 24 17 11 17 19 17 18 17 29 24 24 11 26 24 24 17 17 14 15 11 20 30 11 14 15 29 12 16
split_gain=120.853 112.054 226.4 83.0273 77.409 61.5753 48.2631 56.8973 37.4631 34.8683 28.7406 31.8889 23.2838 41.7535 18.4087 16.4049 16.1818 14.4906 20.2173 13.6189 13.566 13.298 13.2499 12.7971 12.5404 12.108 11.9637 11.8809 10.6492 10.4395
threshold=0 6.0923281249999954 0.20616024187452756 2.811843750000151 113.55768452380953 1.8745624999997974 0.80005729343820875 10.301213010204096 0.29673215920983775 68.555984481292583 0.091287088749703801 0.012282690854119352 0.30930149837712867 167.62237117346942 54.015647577184161 0.36264442284850457 0.06897203325774752 20.602426020408164 7.4982499999999286 494.80709619472805 345.57715901360569 58.951030612244914 0.18362585667154457 0.3268088637332931 243.67104421768713 2209.1380698210619 450.65490858843555 0.051833232587894108 75.822093112244914 696.88457440476202
decision_type=9 2 2 2 2 2 2 2 2 2 2 2 2 2 2 2 2 2 2 2 2 2 2 2 2 2 2 2 2 2
left_child=3 5 8 23 10 -2 7 -4 -3 12 11 -5 14 22 24 -15 -10 18 28 21 -9 -20 -14 -1 29 -17 -25 -22 -13 -6
right_child=1 2 6 4 9 -7 -8 20 16 -11 -12 17 13 15 -16 25 -18 -19 19 -21 27 -23 -24 26 -26 -27 -28 -29 -30 -31
leaf_value=4.8693140232563019 -1.5131973731517794 -0.50595421671867369 4.7055537712574012 -0.37027157606709254 -0.88540914053522224 0.67168019836155091 4.5317255912334478 -1.3622120665015753 -0.24076956242519751 1.7198525726795197 -0.50790083050727852 0.43745477557182311 0.37487737894058226 -0.061740607079118486 5.3280112138608819 -1.6897596452896773 0.2853682127575265 0.51097072241986619 0.33777852142404274 0.18682201737712575 0.55298948359694255 -0.50708918452262874 0.033028641816184354 -0.96902459963117993 -1.479246929883957 -1.5152226722240449 -0.42469820029147498 -0.76300946116447455 0.039887909968299454 0.042296954393386876
leaf_weight=24.91096043586731 45.991001129150391 207.58100509643555 80.253881931304932 83.982882022857666 221.68532538414001 318.7412474155426 173.73368334770203 38.854520797729492 52.907881259918213 42.36392068862915 39.285840749740601 55.123321294784546 36.748880863189697 29.832000732421875 24.961920261383057 81.49688196182251 31.075000762939453 102.78864240646362 33.561000823974609 93.707282066345215 30.80444073677063 56.095761299133301 45.449881076812744 274.75396656990051 70.851001739501953 31.016160488128662 75.713201761245728 33.561000823974609 67.282761573791504 32.318000793457031
leaf_count=22 37 167 65 68 179 261 150 33 43 38 34 45 30 24 24 66 25 84 27 78 25 46 37 223 57 28 62 27 55 26
internal_value=0.000903466 0.014203 0.00187755 -0.00798233 -0.00136269 0.0365164 0.0285626 0.0106783 -0.0308155 -0.0134167 0.0126155 0.0158982 -0.0166455 -0.00408016 -0.0247111 -0.0204644 -0.00263797 0.0216663 0.0162067 0.00570215 -0.0138733 -0.00822874 0.0242928 -0.0284492 -0.0278906 -0.0292047 -0.0309105 0.000210175 0.0319425 -0.0227022
internal_weight=2537.43 1013.5 648.771 1523.93 1148.55 364.732 357.208 183.474 291.564 616.724 531.827 492.542 574.36 224.544 349.816 142.345 83.9829 408.559 305.77 183.364 103.22 89.6568 82.1988 375.378 324.854 112.513 350.467 64.3654 122.406 254.003
internal_count=2086 833 535 1253 946 298 300 150 235 509 437 403 471 185 286 118 68 335 251 151 85 73 67 307 262 94 285 52 100 205
cat_boundaries=0 1
cat_threshold=28
is_linear=0
shrinkage=0.05


Tree=2
num_leaves=31
num_cat=1
split_feature=2 22 17 17 11 24 24 5 29 24 15 22 17 17 17 11 18 22 23 29 20 20 17 17 30 14 20 15 17 24
split_gain=124.684 112.154 221.62 76.8264 62.0892 53.585 38.9306 33.4773 31.0342 30.4839 28.6198 28.1297 25.9168 20.7628 19.7656 18.1833 17.489 17.0425 16.792 15.7849 15.2633 33.8698 14.3805 12.9175 17.6014 12.7333 12.0835 19.1804 13.0052 16.649
threshold=0 0.034196751721688907 7.0296093749999509 2.811843750000151 128.38280697278915 0.086583522297807955 0.20759637188208616 1.0000000180025095e-35 0.079731761015530769 0.028911564625850303 478.69341943027229 0.019860239526311805 10.301213010204096 1.8745624999997974 6.0923281249999954 183.47622576530617 0.28096121279761904 0.010190971914662802 0.88764712234099996 0.059819786190804906 0.094895208982414922 0.057300894883980956 5.3062125318701883 2.8118437499998667 0.51125021360936951 654.1294279336737 0.087368356457860868 453.16024574829947 21.539707270408176 0.28414921524165226
decision_type=9 2 2 2 2 2 2 2 2 2 2 2 2 2 2 2 2 2 2 2 2 2 2 2 2 2 2 2 2 2
left_child=1 2 9 23 5 19 16 10 26 18 20 -12 -8 -3 -11 -13 -4 -16 -1 22 21 -6 -5 -2 -25 -14 -7 28 29 -28
right_child=3 13 6 4 7 8 12 -9 -10 14 11 15 25 -15 17 -17 -18 -19 -20 -21 -22 -23 -24 24 -26 -27 27 -29 -30 -31
leaf_value=-0.46205637457502224 -0.71412447548119029 -1.1249768508076667 -0.7215162528157234 -0.06918351569872519 -1.7462055501134977 0.27619183265904462 5.0928629052042957 6.2953630945740882 -0.19944561858663867 0.62995700037504465 -1.19034266912679 0.54905170400638115 -1.0505688331201577 3.7909320115964484 -0.06977460427769247 -0.34021687994015537 -0.34500271604091176 0.28770988212338861 0.1575166936349052 0.055118408220234852 -1.1504405545620602 0.55017500817517573 -1.0222788870930672 -0.99738859618731301 -0.34557419876985124 -0.077808688570627282 -0.17041312342825254 0.48718979788644329 0.34133970190456092 0.11604040922124906
leaf_weight=31.075000762939453 84.194601774215698 27.346000671386719 167.80500411987305 37.290000915527344 67.553321599960327 98.898882389068604 31.075000762939453 32.090520143508911 80.465601682662964 221.95588541030884 37.290000915527344 43.505001068115234 29.832000732421875 247.28240489959717 32.318000793457031 43.505001068115234 66.580881595611572 44.748001098632812 41.019001007080078 95.601202249526978 265.13148617744446 46.692881107330322 73.337001800537109 230.81764554977417 76.524881839752197 62.040201425552368 43.936321020126343 103.49052238464355 36.478320837020874 60.79720139503479
leaf_count=25 71 22 135 30 55 80 25 33 68 179 30 35 24 212 26 35 54 36 33 78 217 38 59 187 62 51 36 85 30 50
internal_value=0.00030434 0.0139732 0.00384686 -0.00853315 -0.00215332 0.00848404 -0.0242588 -0.0146674 0.0186507 0.0309087 -0.0178222 0.003 -0.00147185 0.0413418 0.037945 0.0185714 -0.0362116 0.016129 0.00172414 -0.0124216 -0.0246445 -0.00936642 -0.0252809 -0.0277513 -0.0325047 -0.0148229 0.0251963 0.0192353 0.00725154 -0.00170349
internal_weight=2560.68 1003.08 728.449 1557.6 1166.06 630.295 357.333 535.768 424.067 371.116 503.678 124.3 122.947 274.628 299.022 87.01 234.386 77.066 72.094 206.228 379.378 114.246 110.627 391.537 307.343 91.8722 343.601 244.702 141.212 104.734
internal_count=2101 822 588 1279 959 516 289 443 349 299 410 100 100 234 241 70 189 62 58 167 310 93 89 320 249 75 281 201 116 86
cat_boundaries=0 1
cat_threshold=192
is_linear=0
shrinkage=0.05


Tree=3
num_leaves=31
num_cat=1
split_feature=2 22 17 17 11 24 17 22 14 20 22 17 17 18 29 15 30 29 29 17 23 17 23 17 20 24 15 14 22 20
split_gain=121.797 96.6566 200.826 64.7304 54.7498 45.7666 49.4915 33.7464 37.2332 36.1037 33.2103 24.1402 24.1122 23.9478 21.1187 19.3662 18.0246 16.2029 16.1125 15.5829 14.379 14.6968 13.5484 18.5918 13.528 15.6521 16.5581 11.5805 11.1005 12.2204
threshold=0 0.029356747110021203 6.0923281249999954 2.811843750000151 112.27837372448982 0.20616024187452756 10.301213010204096 0.026165125321368752 924.51063864327352 0.19647442774271504 0.019860239526311805 2.816797929210566 1.8745624999997974 0.29827070552923546 0.090278677344718061 498.01653465136059 0.61268605274977561 0.075111216312226212 0.049070182294234162 5.3062125318701883 0.4491685563114135 11.553881590136088 0.27570657892786748 29.795343005952393 0.037256128011621252 0.14603174603174604 405.10567984693898 892.97857408588459 0.0018949166987758503 0.1839126140663537
decision_type=9 2 2 2 2 2 2 2 2 2 2 2 2 2 2 2 2 2 2 2 2 2 2 2 2 2 2 2 2 2
left_child=1 2 11 28 10 13 -7 8 15 20 14 -1 -3 -4 17 -6 -12 19 -8 -5 21 -9 23 -11 -21 26 -26 -14 -2 -30
right_child=3 12 5 4 7 6 18 9 -10 22 16 -13 27 -15 -16 -17 -18 -19 -20 24 -22 -23 -24 -25 25 -27 -28 -29 29 -31
leaf_value=-1.2836361551868258 -0.10963720390023282 -1.0053246879547835 -0.4384934854477644 0.14103116365088031 -1.0526146815180788 4.9644675474196678 0.14400488638372197 -0.57794351148989687 4.5587204641816781 -1.1954739942381256 0.34397287151269634 0.51910766918441154 3.3077849963405153 -0.082095876741578047 -0.73436851095175248 0.0020055339752336645 -0.10200929499127689 0.47380889710742791 -0.99804039146414958 -0.99174083140093683 0.44805342870781201 0.6410295492610838 0.072266138462725379 0.026583237376153868 -0.42907004685568445 -0.47321406912508474 0.35644791984978524 0.62198552289427644 -1.0897904566573382 -0.32940160040067551
leaf_weight=29.832000732421875 55.393881320953369 32.318000793457031 212.55300521850586 58.421001434326172 284.80776691436768 58.421001434326172 31.506320714950562 38.423200845718384 42.956000566482544 73.768321752548218 187.25380420684814 233.14288568496704 260.6848452091217 83.982882022857666 28.479200601577759 41.019001007080078 43.555960893630981 39.666200876235962 37.290000915527344 48.477001190185547 33.561000823974609 44.959720849990845 41.72088098526001 35.396080732345581 37.290000915527344 38.262440919876099 45.720441102981567 27.667520523071289 246.00420594215393 81.708601713180542
leaf_count=24 45 26 171 47 230 47 26 32 40 60 155 188 223 68 24 33 37 33 30 39 27 39 34 30 30 31 37 24 199 69
internal_value=0.000854152 0.0143015 0.00386017 -0.00794468 -0.00212746 -0.0174402 0.00764702 -0.011996 -0.0218065 0.00151235 0.00979082 0.0381833 0.0371081 -0.028203 -0.00128558 -0.0275751 0.0240108 0.00306708 -0.0210915 -0.00206049 0.0223645 0.0112415 -0.0146492 -0.0239116 -0.00972604 -0.000801861 0.0113935 0.0416982 -0.0258227 -0.0293218
internal_weight=2554.24 1007.4 686.728 1546.84 1163.74 423.753 127.217 636.612 368.783 267.829 527.126 262.975 320.67 296.536 296.316 325.827 230.81 267.837 68.7963 228.171 116.944 83.3829 150.885 109.164 169.75 121.273 83.0104 288.352 383.107 327.713
internal_count=2098 827 554 1271 958 342 103 525 303 222 433 212 273 239 241 263 192 217 56 184 98 71 124 90 137 98 67 247 313 268
cat_boundaries=0 1
cat_threshold=192
is_linear=0
shrinkage=0.05


Tree=4
num_leaves=31
num_cat=1
split_feature=2 17 22 17 11 22 17 24 17 12 17 11 26 17 20 17 15 17 29 29 20 12 20 29 15 24 23 15 15 16
split_gain=105.764 107.637 195.008 54.0233 64.8776 57.2954 51.9441 34.8468 37.4663 32.799 29.2471 23.6193 20.4646 19.1877 18.8051 23.3344 18.6443 17.622 23.6402 27.6831 16.9765 14.6868 13.987 13.9479 13.8378 13.1805 13.9448 12.1259 12.186 10.0708
threshold=0 6.0923281249999954 0.042561669665202702 3.4232348045709391 174.12117474489798 0.019742142496375657 1.8745624999997974 0.20616024187452756 8.435531250000027 579.45775382653073 55.87708397108873 118.8837461734694 54.015647577184161 9.2106784651359721 0.19799923755066323 20.602426020408164 345.57715901360569 5.3062125318701883 0.059530827269859608 0.090278677344718061 0.082195305638530267 63.149318877551032 0.093266935305890766 0.042847594653712059 448.76258460884372 0.23157596371882086 0.32366178794750228 450.65490858843555 488.68812585034021 602.70328954081651
decision_type=9 2 2 2 2 2 2 2 2 2 2 2 2 2 2 2 2 2 2 2 2 2 2 2 2 2 2 2 2 2
left_child=3 6 7 12 5 11 -2 9 -9 13 20 17 21 29 -7 24 -10 23 22 -20 -6 -1 -19 -5 -16 -22 -27 -23 -29 -3
right_child=1 2 -4 4 10 14 -8 8 16 -11 -12 -13 -14 -15 15 -17 -18 18 19 -21 25 27 -24 -25 -26 26 -28 28 -30 -31
leaf_value=0.0065328333046197262 -1.2194543474274846 -0.072072756360978915 3.941321187725098 0.11969906353449744 -0.6107775304726758 0.39939069242106029 0.55915238967569147 4.1802883660025341 -1.2045364852989031 -7.3064294044092284 4.5782307606660746 -0.87002591961714482 3.8018076293292218 -1.141986806628257 -0.1567920025072761 0.1764614992705662 0.017858109475503616 -0.69725683031681829 0.36285764890600825 -0.74488504899261543 -1.3042112817634699 -0.95241190678998666 0.00050338625937444985 -0.012364371482279514 0.034406255244289342 -1.4442602259910857 -0.1896291463223429 -0.057431049912886493 -1.4167066317104786 -0.14247222685530778
leaf_weight=31.776880741119385 44.748001098632812 52.206001281738281 174.9766833782196 32.318000793457031 77.007161617279053 244.21220541000366 312.0949273109436 63.393001556396484 44.638200998306274 29.561440706253052 27.287160396575928 87.7118821144104 32.961040496826172 82.038002014160156 42.262001037597656 78.901081800460815 62.851881504058838 73.337001800537109 118.67708277702332 30.965200662612915 88.253002166748047 253.62296605110168 29.832000732421875 38.533000946044922 32.047440767288208 93.54652214050293 49.449441194534302 55.825201272964478 30.533880710601807 141.70200347900391
leaf_count=26 36 42 151 26 65 203 255 51 37 24 25 71 30 66 34 65 51 59 97 26 71 206 24 31 26 77 40 46 25 114
internal_value=0.0017555 0.0142768 0.00232637 -0.0064446 -0.000933223 0.00673499 0.0364909 -0.0142539 0.00382745 -0.0243676 -0.0194168 -0.00634532 -0.0221872 -0.0297297 0.0202745 0.00654288 -0.014152 -0.000108428 -0.0062847 0.00641066 -0.0238087 -0.025535 -0.0246988 0.0219298 -0.0135639 -0.0305799 -0.0212022 -0.0285733 -0.012391 -0.0211538
internal_weight=2557.27 1008.21 651.367 1549.06 1144.34 808.797 356.843 476.391 170.883 305.507 335.543 411.374 404.72 275.946 397.423 153.211 107.49 323.662 252.811 149.642 308.256 371.759 103.169 70.851 74.3094 231.249 142.996 339.982 86.3591 193.908
internal_count=2100 827 536 1273 940 662 291 385 139 246 278 334 333 222 328 125 88 263 206 123 253 303 83 57 60 188 117 277 71 156
cat_boundaries=0 1
cat_threshold=28
is_linear=0
shrinkage=0.05


Tree=5
num_leaves=31
num_cat=2
split_feature=2 17 24 11 17 22 17 17 29 5 24 15 23 29 11 22 24 23 2 23 22 29 17 20 22 24 22 29 11 18
split_gain=101.684 110.254 215.824 52.1431 44.7554 33.0538 35.9868 30.2227 30.3388 29.7153 29.9047 37.69 33.021 27.0682 24.6299 24.3411 22.3694 18.2618 23.4796 44.4051 18.0678 14.4828 17.8051 21.1625 12.5666 13.2978 12.9608 11.6263 11.2054 10.6317
threshold=0 6.0923281249999954 0.38631897203325777 102.62569685374153 1.8745624999997974 0.0059107653818023008 2.8118437500000089 8.4355312499998281 0.048110276843367002 1.0000000180025095e-35 0.20385487528344673 465.32714051870772 0.46343537414965991 0.091287088749703801 183.47622576530617 0.015240769159226153 0.29261148904006046 0.58229402872260028 1 0.80495430495430509 0.00094684073173535016 0.037877607720318056 21.539707270408176 0.055788389704513906 0.025249730818550403 0.38631897203325777 0.015819767634301454 0.05479251948373056 75.209079931972809 0.28330972930838999
decision_type=9 2 2 2 2 2 2 2 2 2 2 2 2 2 2 2 2 2 9 2 2 2 2 2 2 2 2 2 2 2
left_child=3 4 7 5 -2 20 -7 8 15 10 17 12 -12 21 -13 -3 29 -5 19 -19 -1 -8 23 -23 26 -26 -25 -22 -27 -9
right_child=1 2 -4 9 -6 6 13 16 -10 -11 11 14 -14 -15 -16 -17 -18 18 -20 -21 27 22 -24 24 25 28 -28 -29 -30 -31
leaf_value=0.12247274714004047 -1.3957168793953003 -0.085759591192480764 3.5655292720981722 -1.1000847571190853 0.52247062697413904 -0.62066938499726998 0.38561375383309365 -0.95587345666255785 -0.10447029160735229 5.562568535169838 -0.92051355336386864 0.33873540034422472 0.12093399475909383 -0.39857083005536414 -0.59763352721533403 4.2292741308078758 -0.089527496984790705 -0.81164824264248914 -1.0068758747618751 0.50679476403407653 -0.60001197234106218 0.38371993901154461 0.49304442321645026 0.32824297081035625 0.21750727415190019 0.20590411449802076 -0.21997879116206756 -0.08663145721629982 -0.35078572092714144 -0.44745599057821173
leaf_weight=29.832000732421875 42.262001037597656 37.290000915527344 215.07420420646667 104.14144253730774 326.03848767280579 81.928201913833618 40.368080854415894 164.07600402832031 124.30000305175781 40.842480182647705 254.53656578063965 83.982882022857666 60.365881443023682 28.910520553588867 68.365001678466797 38.533000946044922 48.096641063690186 110.78776264190674 166.56200408935547 42.963881015777588 87.010002136230469 46.963441133499146 79.010881900787354 38.96432089805603 40.638640880584717 33.290440797805786 56.636881351470947 43.66576099395752 35.505880832672119 35.505880832672119
leaf_count=24 34 30 185 84 266 67 34 132 100 42 210 68 49 25 55 31 40 90 134 35 70 38 64 32 34 27 46 36 29 29
internal_value=0.0024481 0.0145718 0.00252644 -0.00554541 0.0366471 0.00537694 0.0119187 -0.0172458 -0.00279503 -0.0131327 -0.0150429 -0.00631578 -0.0161931 0.0180982 0.0141006 0.0221311 -0.0289219 -0.0246499 -0.0187363 -0.00325062 -0.0142766 0.0217259 0.0182777 0.0117844 0.00484988 0.0164194 -0.00839383 -0.0222919 0.00302365 -0.0362984
internal_weight=2606.45 1031.18 662.876 1575.27 368.3 642.725 482.217 447.802 200.123 932.548 891.705 467.25 314.902 400.289 152.348 75.823 247.679 424.455 320.314 153.752 160.508 371.379 331.01 252 205.036 109.435 95.6012 130.676 68.7963 199.582
internal_count=2140 847 547 1293 300 526 396 362 161 767 725 382 259 329 123 61 201 343 259 125 130 304 270 206 168 90 78 106 56 161
cat_boundaries=0 1 2
cat_threshold=28 24
is_linear=0
shrinkage=0.05


Tree=6
num_leaves=31
num_cat=2
split_feature=22 17 2 2 22 17 11 11 15 17 11 11 20 24 17 17 17 23 30 22 15 16 22 22 17 15 24 30 27 20
split_gain=97.3121 110.689 99.0708 54.0057 51.648 55.4163 43.6523 43.5739 38.5564 37.2716 33.6118 44.392 26.9833 23.4408 24.604 21.1322 20.2917 21.3164 18.8363 18.4204 15.4325 30.2421 14.45 19.058 19.656 14.1528 13.9558 11.5577 14.2203 14.0762
threshold=0.019742142496375657 7.0296093749999509 0 1 0.042561669665202702 8.435531250000027 132.61869685374151 118.8837461734694 369.39790423044241 4.686406249999977 115.76539583333336 595.38265433673484 0.037256128011621252 0.0038737717309145505 6.0923281249999954 1.8745624999997974 68.555984481292583 0.42739040060468636 0.62237693030086916 0.032395542343727803 478.69341943027229 703.43666241496624 0.015819767634301454 0.012707927816308752 16.86218176020407 345.57715901360569 0.23334413130331497 0.46879106313149305 73.574719463926399 0.18504685089685788
decision_type=2 2 9 9 2 2 2 2 2 2 2 2 2 2 2 2 2 2 2 2 2 2 2 2 2 2 2 2 2 2
left_child=1 2 7 6 5 26 9 8 -1 19 12 -12 -3 -4 -15 -6 17 20 -11 -2 27 -22 23 24 -14 -7 -5 28 29 -8
right_child=3 10 13 4 15 25 16 -9 -10 18 11 -13 22 14 -16 -17 -18 -19 -20 -21 21 -23 -24 -25 -26 -27 -28 -29 -30 -31
leaf_value=-1.1171790005129618 0.10931803708365727 -1.6776415879487283 -0.055334439666307779 0.47026395604902621 -1.3357563340951775 -0.97563615601882092 -1.132814001417876 -0.83133564661996862 0.022910191011887668 0.41536692407053222 -0.73102946946122771 0.53862727130103782 0.36422248373192917 0.46686032881714684 0.12828159043698797 3.0597534656296563 1.7272554126095043 0.29040004625227278 -0.05475526353311988 -0.53611680849267496 0.26036293537265592 -0.9161374467342468 -0.61689975235614181 0.60013784189591435 -0.39647263676179878 -0.077535029085817664 4.3962168235545489 -1.2738403355885599 -3.1373716802917881 0.50304926122766558
leaf_weight=59.66400146484375 29.561440706253052 43.505001068115234 55.284081220626831 53.178441286087036 28.589000701904297 44.367640972137451 34.804000854492188 131.75800323486328 168.50688409805298 215.03112483024597 389.76088953018188 33.07084059715271 33.019880771636963 214.54884505271912 75.552441835403442 208.91016387939453 29.773160457611084 65.337881565093994 46.041960954666138 76.254321813583374 29.832000732421875 45.991001129150391 55.393881320953369 31.075000762939453 56.366321325302124 61.879441499710083 70.851001739501953 89.496002197265625 34.153080701828003 55.927120923995972
leaf_count=48 24 35 46 43 23 37 28 106 136 178 314 29 27 175 61 182 27 53 39 62 24 37 45 25 46 50 57 72 29 50
internal_value=0.00222738 -0.00703473 0.00663933 0.0124577 0.0255847 0.00925895 0.00390234 -0.0116872 0.00120811 0.0162979 -0.0220529 -0.0302919 -0.00617146 0.0253422 0.0317623 0.0424912 -0.00779924 -0.0111196 0.0264437 -0.00873416 -0.0169288 0.00245902 0.00255084 0.0122701 0.000543954 -0.0172424 0.0319607 -0.023786 -0.0139581 -0.00360648
internal_weight=2567.48 1347.51 705.314 1219.98 467.776 230.277 752.203 359.929 228.171 366.889 642.192 422.832 219.36 345.385 290.101 237.499 385.314 355.541 261.073 105.816 290.203 75.823 175.855 120.461 89.3862 106.247 124.029 214.38 124.884 90.7311
internal_count=2108 1093 572 1015 392 187 623 290 184 303 521 343 178 282 236 205 320 293 217 86 240 61 143 98 73 87 100 179 107 78
cat_boundaries=0 1 2
cat_threshold=12 28
is_linear=0
shrinkage=0.05


Tree=7
num_leaves=31
num_cat=0
split_feature=22 17 17 17 20 11 16 17 12 17 22 18 16 22 11 17 17 18 14 15 11 29 15 17 22 29 22 29 20 30
split_gain=71.1353 126.524 90.5817 82.2501 61.5853 50.7172 43.1671 37.3669 27.0988 26.9832 25.3343 38.4343 24.5137 23.4636 27.1987 25.7655 22.9479 26.8017 21.6109 36.9409 37.8071 19.5333 18.7954 18.7428 16.6895 20.2033 15.144 14.2049 12.7608 14.0344
threshold=0.028325845273315154 7.0296093749999509 4.686406249999977 2.811843750000151 0.19799923755066323 112.27837372448982 1582.0693112244901 6.0923281249999954 114.76594940476194 20.602426020408164 0.017248133791276852 0.18332421030128843 1744.5633600108133 0.042028850498713612 302.04458460884365 10.301213010204096 27.785288690476225 0.10283445076748642 858.73000478316351 369.39790423044241 91.413844812925177 0.048110276843367002 418.98500308248322 8.4355312499998281 0.0032584521235251504 0.072471465421873715 0.014564943699764103 0.04863385080119826 0.18362585667154457 0.41730064319317767
decision_type=2 2 2 2 2 2 2 2 2 2 2 2 2 2 2 2 2 2 2 2 2 2 2 2 2 2 2 2 2 2
left_child=1 3 22 18 13 8 10 24 9 -3 -7 27 16 14 -4 -16 17 -6 19 -1 -21 26 28 -13 -5 -26 -9 -12 29 -2
right_child=2 5 4 7 12 6 -8 21 -10 -11 11 23 -14 -15 15 -17 -18 -19 -20 20 -22 -23 -24 -25 25 -27 -28 -29 -30 -31
leaf_value=-1.4621137337728687 -1.0982195293132453 -0.39270815475064008 0.50826360256336833 0.010153103196725086 -0.86717110996270463 -0.63749384540517795 8.6631897011007482 -0.13221818989637654 0.60066090795721694 0.22660132492120122 -0.085787565202381122 0.26977947367245875 -2.5953776205759365 2.515012739581898 0.51329189811461973 -1.3126050686695248 0.70684219449098629 0.39121464653107524 6.2258589651880776 0.22321090878702776 -0.54619282521940726 -0.10566085654883405 -0.66966720449735462 -0.17566861243376863 0.39389041454725948 -0.00065515991806155418 3.56737824519913 -1.044188093660009 0.39263011399855019 0.070826744612087253
leaf_weight=73.337001800537109 45.720441102981567 147.58760333061218 90.78996205329895 75.442641735076904 73.066441774368286 343.22876834869385 29.612400531768799 29.561440706253052 35.505880832672119 83.010442018508911 39.234880924224854 31.075000762939453 26.314720392227173 262.62972521781921 29.832000732421875 33.019880771636963 48.527961015701294 47.9358811378479 30.533880710601807 40.748440980911255 110.62700271606445 76.524881839752197 68.686521530151367 65.337881565093994 320.47440767288208 36.047000885009766 29.832000732421875 98.898882389068604 83.594641447067261 55.664441347122192
leaf_count=59 37 122 75 62 59 277 26 24 29 67 32 25 24 225 24 27 41 39 25 33 89 62 57 53 260 29 24 80 74 45
internal_value=0.00333909 -0.00261206 0.0150012 0.0114536 0.0254124 -0.0158667 -0.0238414 0.0220499 0.00233555 -0.00392542 -0.026859 -0.0141935 0.00229047 0.0362906 0.0207705 -0.00451369 0.00925986 -0.0023899 -0.0121215 -0.0174845 -0.00337392 -0.000814989 -0.0101218 0.0100333 0.0292444 0.0337654 0.0207005 -0.0311031 -0.00182831 -0.0137531
internal_weight=2562.4 1696.62 865.783 823.129 612.117 873.492 607.388 567.882 266.104 230.598 577.775 234.547 195.845 416.272 153.642 62.8519 169.53 121.002 255.246 224.712 151.375 135.918 253.666 96.4129 431.964 356.521 59.3934 138.134 184.98 101.385
internal_count=2105 1378 727 667 514 711 493 461 218 189 467 190 163 351 126 51 139 98 206 181 122 110 213 78 351 289 48 112 156 82
is_linear=0
shrinkage=0.05


end of trees

feature_importances:
tail_margin_ms=57
mel_window_energy_mean=27
onset_ms=23
mel_window_voiced_ratio=21
file_mean_energy=20
nucleus_span_ms=19
unvoiced_confidence=16
voicebank_id=9
mel_window_silence_ratio=9
blank_confidence=8
nucleus_end_ms=7
tail_ms=6
file_voiced_ratio=6
voiced_onset_ms=5
occurrence_index=2
voiced_confidence=2
next_gap_ms=2
neighbor_boundary_gap_ms=1

parameters:
[boosting: gbdt]
[objective: regression_l1]
[metric: l1]
[tree_learner: serial]
[device_type: cpu]
[data_sample_strategy: bagging]
[data: ]
[valid: ]
[num_iterations: 450]
[learning_rate: 0.05]
[num_leaves: 31]
[num_threads: 0]
[seed: 0]
[deterministic: 0]
[force_col_wise: 0]
[force_row_wise: 0]
[histogram_pool_size: -1]
[max_depth: -1]
[min_data_in_leaf: 24]
[min_sum_hessian_in_leaf: 0.001]
[bagging_fraction: 0.85]
[pos_bagging_fraction: 1]
[neg_bagging_fraction: 1]
[bagging_freq: 1]
[bagging_seed: 3]
[bagging_by_query: 0]
[feature_fraction: 0.9]
[feature_fraction_bynode: 1]
[feature_fraction_seed: 2]
[extra_trees: 0]
[extra_seed: 6]
[early_stopping_round: 0]
[early_stopping_min_delta: 0]
[first_metric_only: 0]
[max_delta_step: 0]
[lambda_l1: 0]
[lambda_l2: 0]
[linear_lambda: 0]
[min_gain_to_split: 0]
[drop_rate: 0.1]
[max_drop: 50]
[skip_drop: 0.5]
[xgboost_dart_mode: 0]
[uniform_drop: 0]
[drop_seed: 4]
[top_rate: 0.2]
[other_rate: 0.1]
[min_data_per_group: 100]
[max_cat_threshold: 32]
[cat_l2: 10]
[cat_smooth: 10]
[max_cat_to_onehot: 4]
[top_k: 20]
[monotone_constraints: ]
[monotone_constraints_method: basic]
[monotone_penalty: 0]
[feature_contri: ]
[forcedsplits_filename: ]
[refit_decay_rate: 0.9]
[cegb_tradeoff: 1]
[cegb_penalty_split: 0]
[cegb_penalty_feature_lazy: ]
[cegb_penalty_feature_coupled: ]
[path_smooth: 0]
[interaction_constraints: ]
[verbosity: -1]
[saved_feature_importance_type: 0]
[use_quantized_grad: 0]
[num_grad_quant_bins: 4]
[quant_train_renew_leaf: 0]
[stochastic_rounding: 1]
[linear_tree: 0]
[max_bin: 255]
[max_bin_by_feature: ]
[min_data_in_bin: 3]
[bin_construct_sample_cnt: 200000]
[data_random_seed: 1]
[is_enable_sparse: 1]
[enable_bundle: 1]
[use_missing: 1]
[zero_as_missing: 0]
[feature_pre_filter: 1]
[pre_partition: 0]
[two_round: 0]
[header: 0]
[label_column: ]
[weight_column: ]
[group_column: ]
[ignore_column: ]
[categorical_feature: 0,1,2,3,4,7,8,9]
[forcedbins_filename: ]
[precise_float_parser: 0]
[parser_config_file: ]
[objective_seed: 5]
[num_class: 1]
[is_unbalance: 0]
[scale_pos_weight: 1]
[sigmoid: 1]
[boost_from_average: 1]
[reg_sqrt: 0]
[alpha: 0.9]
[fair_c: 1]
[poisson_max_delta_step: 0.7]
[tweedie_variance_power: 1.5]
[lambdarank_truncation_level: 30]
[lambdarank_norm: 1]
[label_gain: ]
[lambdarank_position_bias_regularization: 0]
[eval_at: ]
[multi_error_top_k: 1]
[auc_mu_weights: ]
[num_machines: 1]
[local_listen_port: 12400]
[time_out: 120]
[machine_list_filename: ]
[machines: ]
[gpu_platform_id: -1]
[gpu_device_id: -1]
[gpu_use_dp: 0]
[num_gpu: 1]

end of parameters

pandas_categorical:[["korean"], ["cv"], ["Aime_CV", "Mr. WAISELY KOR \uc5f0\ub2e8\uc74c", "SOLTiE KR_CV", "Song-SoRi_0.0.3 KO_CV", "Song-SoRi_FILM KO_CV", "Spacey PrismShard Plus_\uc5f0\ub2e8\uc74c", "WAISELY KOR \uc5f0\ub2e8\uc74c", "YuGwon_CV"], ["a", "ae", "ael", "aem", "aen", "aeng", "aiueoyayuyoye", "ak96", "al", "am", "an", "ang", "asassaanga", "ba", "bae", "bba", "bba81", "bbae", "bbe", "bbe83", "bbeo", "bbeu", "bbeu84", "bbeui", "bbi", "bbo", "bboe", "bbu", "bbui", "bbwa", "bbwa85", "bbwae", "bbwe", "bbweo", "bbwi", "bbwo", "bbya", "bbyae", "bbye", "bbyeo", "bbyo", "bbyu", "be", "be28", "beo", "beobeobbeomeo", "beu", "beubeubbeumeu", "beui", "bi", "bo", "bobobbomo", "boe", "bu", "bububbumu", "bui", "bwa", "bwabwabbwamwa", "bwae", "bwe", "bweo", "bweobweobbweomweo", "bwi", "bwo", "bya", "byae", "bye", "byeo", "byo", "byu", "cha", "chae", "che", "cheo", "cheu", "cheui", "chi", "cho", "choe", "chu", "chui", "chwa", "chwae", "chwe", "chweo", "chwi", "chwo", "chya", "chyae", "chye", "chyeo", "chyo", "chyu", "da", "dadaddarala", "dae", "dda", "ddae", "dde", "ddeo", "ddeu", "ddeui", "ddi", "ddo", "ddoe", "ddu", "ddui", "ddwa", "ddwa80", "ddwae", "ddwe", "ddweo", "ddwi", "ddwo", "ddya", "ddyae", "ddye", "ddyeo", "ddyo", "ddyu", "de", "dededderele", "deo", "deodeoddeoreoleo", "deu", "deudeuddeureuleu", "deui", "di", "dididdirili", "do", "dododdorolo", "doe", "du", "dududdurulu", "dui", "dwa", "dwa15", "dwae", "dwe", "dweo", "dweodweoddweorweolweo", "dwi", "dwo", "dya", "dyadyaddyaryalya", "dyae", "dye", "dyeo", "dyeodyeoddyeoryeolyeo", "dyo", "dyodyoddyoryolyo", "dyu", "dyudyuddyuryulyu", "e", "el", "em", "em107", "en", "eng", "eo", "eol", "eom", "eom99", "eon", "eong", "eop", "eoseosseoeongeo", "eot", "er", "esesseenge", "eu", "eui", "euk", "eul", "eum", "eun", "eung", "eup", "eut", "ga", "gae", "ge", "ge3", "geo", "geogeoggeoneo", "geu", "geu4", "geugeuggeuneu", "geui", "gga", "ggae", "gge", "ggeo", "ggeu", "ggeui", "ggi", "ggo", "ggoe", "ggu", "ggui", "ggwa", "ggwae", "ggwe", "ggweo", "ggwi", "ggwo", "ggya", "ggyae", "ggye", "ggyeo", "ggyo", "ggyu", "gi", "gigiggini", "go", "goe", "gogoggono", "gu", "guguggunu", "gui", "gwa", "gwa5", "gwae", "gwe", "gweo", "gweogweoggweonweo", "gwi", "gwo", "gya", "gyae", "gyagyaggyanya", "gye", "gyeo", "gyo", "gyu", "ha", "hae", "hahatapa", "he", "heo", "heu", "heui", "hi", "hihitipi", "ho", "hoe", "hohotopo", "hu", "hwa", "hwa70", "hwae", "hwe", "hwehwetwepwe", "hweo", "hwi", "hwo", "hya", "hyae", "hye", "hyeo", "hyo", "hyohyotyopyo", "hyu", "i", "il", "im", "in", "ing", "ir", "isissiingi", "it", "ja", "jae", "je", "jeo", "jeu", "jeu44", "jeui", "ji", "jja", "jjae", "jje", "jjeo", "jjeu", "jjeui", "jji", "jjo", "jjoe", "jju", "jjui", "jjwa", "jjwa95", "jjwae", "jjwe", "jjweo", "jjwi", "jjwo", "jjya", "jjyae", "jjye", "jjyeo", "jjyo", "jjyu", "jo", "joe", "ju", "jui", "jujujjuchuku", "jwa", "jwa45", "jwae", "jwe", "jweo", "jweojweojjweochweokweo", "jwi", "jwo", "jya", "jyae", "jye", "jyejyejjyechyekye", "jyeo", "jyo", "jyu", "ka", "kae", "ke", "keo", "keu", "keu54", "keui", "ki", "ko", "ko52", "koe", "ku", "kui", "kwa", "kwa55", "kwae", "kwe", "kweo", "kwi", "kwo", "kya", "kyae", "kye", "kyeo", "kyo", "kyu", "l", "la", "lae", "lalla", "le", "leo", "leolleo", "leu", "leui", "leulleu", "li", "lo", "loe", "lollo", "lu", "lwa", "lwae", "lwallwa", "lwe", "lweo", "lweollweo", "lwi", "lwillwi", "lya", "lyae", "lye", "lyeo", "lyeollyeo", "lyo", "lyollyo", "lyu", "m", "ma", "ma23", "mae", "mamma", "me", "memme", "meo", "meommeo", "meu", "meui", "meummeu", "mi", "mo", "moe", "mommo", "mu", "mui", "mummu", "mwa", "mwae", "mwe", "mweo", "mwi", "mwo", "mya", "myae", "mye", "myeo", "myo", "myu", "n", "na", "nae", "nanna", "ne", "neo", "neonneo", "neu", "neu9", "neui", "neunneu", "ng", "ni", "ninni", "no", "noe", "nonno", "nu", "nui", "nunnu", "nwa", "nwa10", "nwae", "nwe", "nweo", "nwi", "nwo", "nya", "nyae", "nye", "nyeo", "nyo", "nyu", "o", "oe", "ol", "om", "on", "ong", "osossoongo", "pa", "pae", "pe", "peo", "peu", "peui", "pi", "po", "poe", "pu", "pui", "pwa", "pwae", "pwe", "pweo", "pwi", "pwo", "pya", "pyae", "pye", "pyeo", "pyo", "pyu", "ra", "rae", "re", "reo", "reu", "reui", "ri", "ro", "roe", "ru", "rui", "rwa", "rwae", "rwe", "rweo", "rwi", "rwo", "rya", "ryae", "rye", "ryeo", "ryo", "ryu", "sa", "sae", "se", "seo", "seu", "seui", "si", "so", "so32", "soe", "ssa", "ssae", "sse", "sseo", "sseu", "sseu89", "sseui", "ssi", "sso", "ssoe", "ssu", "ssui", "sswa", "sswae", "sswe", "ssweo", "sswi", "sswo", "ssya", "ssyae", "ssye", "ssyeo", "ssyo", "ssyu", "su", "sui", "swa", "swa35", "swae", "swe", "sweo", "swi", "sya", "syae", "sye", "syeo", "syo", "syu", "ta", "tae", "te", "te58", "teo", "teu", "teui", "ti", "to", "toe", "tu", "tui", "twa", "twae", "twe", "tweo", "twi", "two", "tya", "tyae", "tye", "tyeo", "tyo", "tyu", "u", "ui", "ul", "um", "un", "ung", "up", "wa", "wae", "waswasswawangwa", "we", "weo", "weosweossweoweongweo", "weswesswewengwe", "wi", "wiswisswiwingwi", "wo", "ya", "yae", "yasyassyayangya", "ye", "yeo", "yesyessyeyengye", "yo", "yu", "yusyussyuyungyu"], ["a", "ae", "ael", "aem", "aen", "aeng", "ak", "al", "am", "an", "ang", "ba", "bae", "bba", "bbae", "bbe", "bbeo", "bbeu", "bbeui", "bbi", "bbo", "bboe", "bbu", "bbui", "bbwa", "bbwae", "bbwe", "bbweo", "bbwi", "bbwo", "bbya", "bbyae", "bbye", "bbyeo", "bbyo", "bbyu", "be", "beo", "beu", "beui", "bi", "bo", "boe", "bu", "bui", "bwa", "bwae", "bwe", "bweo", "bwi", "bwo", "bya", "byae", "bye", "byeo", "byo", "byu", "cha", "chae", "che", "cheo", "cheu", "cheui", "chi", "cho", "choe", "chu", "chui", "chwa", "chwae", "chwe", "chweo", "chwi", "chwo", "chya", "chyae", "chye", "chyeo", "chyo", "chyu", "da", "dae", "dda", "ddae", "dde", "ddeo", "ddeu", "ddeui", "ddi", "ddo", "ddoe", "ddu", "ddui", "ddwa", "ddwae", "ddwe", "ddweo", "ddwi", "ddwo", "ddya", "ddyae", "ddye", "ddyeo", "ddyo", "ddyu", "de", "deo", "deu", "deui", "di", "do", "doe", "du", "dui", "dwa", "dwae", "dwe", "dweo", "dwi", "dwo", "dya", "dyae", "dye", "dyeo", "dyo", "dyu", "e", "el", "em", "en", "eng", "eo", "eol", "eom", "eon", "eong", "eop", "eot", "er", "eu", "eui", "euk", "eul", "eum", "eun", "eung", "eup", "eut", "ga", "gae", "ge", "geo", "geu", "geui", "gga", "ggae", "gge", "ggeo", "ggeu", "ggeui", "ggi", "ggo", "ggoe", "ggu", "ggui", "ggwa", "ggwae", "ggwe", "ggweo", "ggwi", "ggwo", "ggya", "ggyae", "ggye", "ggyeo", "ggyo", "ggyu", "gi", "go", "goe", "gu", "gui", "gwa", "gwae", "gwe", "gweo", "gwi", "gwo", "gya", "gyae", "gye", "gyeo", "gyo", "gyu", "ha", "hae", "he", "heo", "heu", "heui", "hi", "ho", "hoe", "hu", "hwa", "hwae", "hwe", "hweo", "hwi", "hwo", "hya", "hyae", "hye", "hyeo", "hyo", "hyu", "i", "il", "im", "in", "ing", "ir", "it", "ja", "jae", "je", "jeo", "jeu", "jeui", "ji", "jja", "jjae", "jje", "jjeo", "jjeu", "jjeui", "jji", "jjo", "jjoe", "jju", "jjui", "jjwa", "jjwae", "jjwe", "jjweo", "jjwi", "jjwo", "jjya", "jjyae", "jjye", "jjyeo", "jjyo", "jjyu", "jo", "joe", "ju", "jui", "jwa", "jwae", "jwe", "jweo", "jwi", "jwo", "jya", "jyae", "jye", "jyeo", "jyo", "jyu", "ka", "kae", "ke", "keo", "keu", "keui", "ki", "ko", "koe", "ku", "kui", "kwa", "kwae", "kwe", "kweo", "kwi", "kwo", "kya", "kyae", "kye", "kyeo", "kyo", "kyu", "l", "la", "lae", "le", "leo", "leu", "leui", "li", "lo", "loe", "lu", "lwa", "lwae", "lwe", "lweo", "lwi", "lya", "lyae", "lye", "lyeo", "lyo", "lyu", "m", "ma", "mae", "me", "meo", "meu", "meui", "mi", "mo", "moe", "mu", "mui", "mwa", "mwae", "mwe", "mweo", "mwi", "mwo", "mya", "myae", "mye", "myeo", "myo", "myu", "n", "na", "nae", "ne", "neo", "neu", "neui", "ng", "ni", "no", "noe", "nu", "nui", "nwa", "nwae", "nwe", "nweo", "nwi", "nwo", "nya", "nyae", "nye", "nyeo", "nyo", "nyu", "o", "oe", "ol", "om", "on", "ong", "pa", "pae", "pe", "peo", "peu", "peui", "pi", "po", "poe", "pu", "pui", "pwa", "pwae", "pwe", "pweo", "pwi", "pwo", "pya", "pyae", "pye", "pyeo", "pyo", "pyu", "ra", "rae", "re", "reo", "reu", "reui", "ri", "ro", "roe", "ru", "rui", "rwa", "rwae", "rwe", "rweo", "rwi", "rwo", "rya", "ryae", "rye", "ryeo", "ryo", "ryu", "sa", "sae", "se", "seo", "seu", "seui", "si", "so", "soe", "ssa", "ssae", "sse", "sseo", "sseu", "sseui", "ssi", "sso", "ssoe", "ssu", "ssui", "sswa", "sswae", "sswe", "ssweo", "sswi", "sswo", "ssya", "ssyae", "ssye", "ssyeo", "ssyo", "ssyu", "su", "sui", "swa", "swae", "swe", "sweo", "swi", "sya", "syae", "sye", "syeo", "syo", "syu", "ta", "tae", "te", "teo", "teu", "teui", "ti", "to", "toe", "tu", "tui", "twa", "twae", "twe", "tweo", "twi", "two", "tya", "tyae", "tye", "tyeo", "tyo", "tyu", "u", "ui", "ul", "um", "un", "ung", "up", "wa", "wae", "we", "weo", "wi", "wo", "ya", "yae", "ye", "yeo", "yo", "yu"], ["textgrid"], ["textgrid+audio_fused"], ["filename"]]
