tree
version=v4
num_class=1
num_tree_per_iteration=1
label_index=0
max_feature_idx=72
objective=regression_l1
feature_names=language format_type alias_type alias_group row_index_in_wav row_ratio_in_wav is_head_row is_tail_row wav_duration_ms base_offset base_cons base_cutoff_abs base_pre base_ovl base_cons_gap base_cut_gap base_ovl_ratio curr_phone_start_ms curr_phone_end_ms curr_phone_len_ms curr_vowel_start_ms curr_vowel_end_ms curr_vowel_len_ms syllable_start_ms syllable_end_ms syllable_len_ms prev_phone_gap_ms next_phone_gap_ms expected_anchor_ms base_offset_to_expected_ms base_pre_to_expected_ms base_cutoff_to_next_anchor_ms energy_mean energy_min energy_max energy_slope_pre energy_slope_post valley_energy valley_dist_from_cutoff_ms db_mean db_min db_silence_ratio f0_voicing_mean f0_voicing_near_pre zcr_mean spectral_flux_mean onset_class voicing_class is_tense is_diphthong coda_type vowel_class mora_position bridge_type is_nasal_or_sonorant prev_alias_type next_alias_type prev_base_pre next_base_pre prev_base_offset next_base_offset prev_base_cutoff_abs next_base_cutoff_abs mapping_confidence used_alias_occurrence_mapping used_exact_vowel_fix used_nuclei_fallback used_alias_based_syllables words_vs_alias_score_margin local_peak_db local_valley_db mel_window_energy_mean mel_window_silence_ratio
feature_infos=none none -1:2:1:4:5:3 -1:4:3:2:1:9:6:7:8:5 [0:29] [0:1] [0:1] [0:1] [1828.5714285714289:11873.922902494331] [391.16000000000003:10854] [63.659999999999997:470.82999999999998] [887.75999999999999:11138.559999999999] [47.350000000000001:400.50999999999999] [10.140000000000001:274.07999999999998] [4.7899999999999636:311.23000000000002] [12:577.15999999999997] [0.1467253176930596:0.76133333333333331] [0:10620] [30:11420] [9.9999999999995435:1130] [0:10620] [0:11420] [0:1130] [0:10080] [30:11420] [20:1550] [0:1860] [0:1860] [0:10620] [-1398.4200000000001:1428] [-1237.8900000000001:1482.0799999999999] [-1163.8900000000012:1782.54] [8.9262221164493206e-08:1] [0:1] [1.4281955386318913e-06:1] [-0.75679044663494843:0.99993790458317444] [-0.81409991454838393:1] [0:1] [0.0507936507929116:648.43077097505693] [-86.797856762564223:-22.418963287818823] [-95.10872662253044:-23.980098315688959] [0:1] [0:1] [0:1] [0:0.56620357244116815] [0:0.1233808638319685] -1:1:0:3:2 -1:0:1:2 [0:1] [0:1] -1:2:3:4:0 -1:0:1:2:3:4:6:7:8:5:9:10:11:12:13:14:15:16:17 -1:1:0:2 -1:0:1:2 [0:1] -1:2:1:4:5:0 none [0:400.50999999999999] [0:400.50999999999999] [0:10854] [0:10854] [0:11138.559999999999] [0:11138.559999999999] [0.050575622940613699:1] none [0:1] none none [-99.799999999999997:1495] [-86.797856762564223:-22.418963287818823] [-95.10872662253044:-23.980098315688959] [8.9262221164493206e-08:1] [0:1]
tree_sizes=2388 2581 2575 2537 2518 2571 2733 2567 2646

Tree=0
num_leaves=28
num_cat=2
split_feature=10 35 12 16 47 38 14 38 40 42 47 63 57 14 5 15 38 40 12 57 62 12 13 57 36 15 12
split_gain=300.017 113.307 94.7835 55.4546 36.2042 43.6826 29.5204 25.6658 55.8555 24.9902 23.0286 21.1644 19.6247 10.0905 8.54578 7.74133 7.41081 6.97482 29.5562 6.83787 6.26457 3.99352 2.01754 2.22222 1.87491 1.05747 0.202469
threshold=220.53000000000003 0.50483194920183039 59.530000000000008 0.50707540931875938 0 201.58198412698405 70.52500000000002 194.26821995464891 -35.32734790536167 0.99961143145892717 1 0.7634740688688707 114.50500000000001 135.98500000000004 0.52241715399610145 95.315000000000012 266.70896825396841 -33.315053652961176 65.370000000000019 156.21500000000003 10006.765000000001 66.105000000000004 24.050000000000001 73.25500000000001 0.0014647572757681001 84.115000000000009 59.985000000000007
decision_type=2 2 2 2 1 2 2 2 2 2 1 2 2 2 2 2 2 2 2 2 2 2 2 2 2 2 2
left_child=1 2 9 7 5 -2 -6 15 12 -1 -5 -3 -9 -7 -12 22 21 19 26 25 -13 -10 23 -4 -11 -8 -19
right_child=4 11 3 10 6 13 17 8 16 24 14 20 -14 -15 -16 -17 -18 18 -20 -21 -22 -23 -24 -25 -26 -27 -28
leaf_value=10.736350393295288 13.058750438690186 10.650500392913818 13.569400310516357 9.0380003631114967 8.7139003515243534 8.8105003595352169 6.3630002975463871 8.3170003890991211 10.477150344848633 8.8334253549575799 11.406250286102296 8.4732503652572628 10.054000377655029 7.6535003185272217 9.806000375747681 11.074600410461425 10.545500373840332 6.7395003318786619 10.489150333404542 7.1125002861022946 7.4017503738403319 15.056425380706788 16.381400585174561 14.960525417327881 8.8444503545761108 5.6814753532409661 7.5046003818511959
leaf_weight=40 49 45 48 69 62 41 48 53 45 44 54 48 47 50 51 42 41 41 40 57 70 106 184 72 47 184 40
leaf_count=40 49 45 48 69 62 41 48 53 45 44 54 48 47 50 51 42 41 41 40 57 70 106 184 72 47 184 40
internal_value=9.59933 9.61487 9.62153 9.62789 9.57124 9.59357 9.56462 9.63472 9.6238 9.58206 9.60287 9.57638 9.5935 9.57308 9.61762 9.64393 9.63958 9.55976 9.56984 9.55554 9.56525 9.6447 9.64671 9.64167 9.56758 9.55172 9.55247
internal_weight=1718 1106 943 812 612 140 472 638 292 131 174 163 100 91 105 346 192 410 121 289 118 151 304 120 91 232 81
internal_count=1718 1106 943 812 612 140 472 638 292 131 174 163 100 91 105 346 192 410 121 289 118 151 304 120 91 232 81
cat_boundaries=0 1 2
cat_threshold=4 2
is_linear=0
shrinkage=1


Tree=1
num_leaves=29
num_cat=1
split_feature=10 8 53 12 15 69 16 57 23 38 15 15 63 10 34 19 35 27 68 13 13 29 68 69 29 44 57 11
split_gain=280.036 125.16 128.101 79.2189 33.6361 66.9964 26.575 26.4136 22.1612 18.4489 18.3693 17.1387 14.0976 12.635 9.97314 9.03939 8.15521 8.05102 6.9945 5.08586 4.35641 3.72065 1.8439 1.58179 1.07502 0.857679 0.721085 0.0745223
threshold=219.31500000000003 11337.142857142861 0 58.595000000000006 101.28500000000004 -33.275484662014712 0.5031200822635572 92.690000000000012 9975.0000000000018 266.03410430839 74.79000000000002 84.044999999999987 0.35166204465372897 190.19500000000002 0.67710678786677336 630.00000000000023 -0.0018114502474355497 230.00000000000003 494.98650000000004 67.490000000000009 17.135000000000002 -161.36499999999975 535.10000000000002 -29.40042618475292 -21.999999999999883 0.040686135525942711 67.125000000000014 10414.495000000001
decision_type=2 2 1 2 2 2 2 2 2 2 2 2 2 2 2 2 2 2 2 2 2 2 2 2 2 2 2 2
left_child=1 2 7 13 5 10 9 18 11 15 12 -9 -2 -3 -8 20 -6 21 -1 -12 -5 -18 -21 27 26 -20 -22 -23
right_child=4 3 -4 6 16 -7 14 8 -10 -11 19 -13 -14 -15 -16 -17 17 -19 25 22 24 23 -24 -25 -26 -27 -28 -29
leaf_value=-1.2188499927520753 -2.2475500774383543 0.53233245134353646 7.574679970741272 1.7179287767410281 -1.7290587937831881 3.812012658119202 1.9261124467849733 0.75670000791549685 -1.2551250165700916 0.69332501411437997 -1.5210737562179566 -0.60979002222418788 1.6128050434589387 -0.60432126879692083 -0.11081253528594975 1.0302174377441407 -5.4566739416122445 -1.1991243708133699 -1.9640874767303467 -2.2428500169515608 3.6881787157058721 -3.7636251974105832 -2.9601625955104831 -2.5777750158309938 6.3534301996231086 -2.4288500308990479 5.1238739061355592 -2.5905499601364137
leaf_weight=41 41 47 80 41 52 41 48 51 72 57 75 66 41 44 47 48 41 40 41 40 69 117 42 44 40 50 241 40
leaf_count=41 41 47 80 41 52 41 48 51 72 57 75 66 41 44 47 48 41 40 41 40 69 117 42 44 40 50 241 40
internal_value=0.000265174 0.0155586 -0.00660848 0.0285924 -0.0267101 -0.0139286 0.0352792 -0.0207165 -0.00873016 0.0399194 -0.0240586 0.00470085 -0.00487805 -0.0148352 0.0110526 0.0433941 -0.0374251 -0.0407801 -0.0378788 -0.0340764 0.0459079 -0.0442149 -0.0426829 -0.0470149 0.0477143 -0.0456044 0.0487097 -0.0493631
internal_weight=1697 1083 401 682 614 280 591 321 189 496 239 117 82 91 95 439 334 282 132 157 391 242 82 201 350 91 310 157
internal_count=1697 1083 401 682 614 280 591 321 189 496 239 117 82 91 95 439 334 282 132 157 391 242 82 201 350 91 310 157
cat_boundaries=0 1
cat_threshold=1
is_linear=0
shrinkage=0.05


Tree=2
num_leaves=29
num_cat=2
split_feature=10 30 14 47 47 16 34 58 14 30 38 16 42 40 30 10 13 39 30 22 12 44 36 31 12 15 11 4
split_gain=269.616 178.573 120.217 56.5859 49.1735 46.8249 38.4992 30.3416 28.7799 27.8552 11.9404 11.0879 10.7998 8.24522 9.93485 7.20665 14.4595 13.3889 7.06671 6.43233 4.00773 3.06754 1.16968 0.91858 0.536364 0.284058 0.216092 0.0823789
threshold=220.53000000000003 40.610000000000362 98.805000000000021 0 1 0.55699959114628861 0.032301417956849203 132.39500000000001 70.52500000000002 37.250000000000007 150.07967120181459 0.49172134268167339 0.89475737509315711 -51.185709243283327 32.810000000000407 256.79000000000008 32.120000000000012 -36.613560897579738 11.655000000000202 440.00000000000028 66.445000000000007 0.092506311939551111 -0.0067863453436933499 -197.2049999999999 61.155000000000008 95.315000000000012 10234.760000000002 6.5000000000000009
decision_type=2 2 2 1 1 2 2 2 2 2 2 2 2 2 2 2 2 2 2 2 2 2 2 2 2 2 2 2
left_child=1 2 6 7 5 -2 -1 19 -6 12 21 20 -5 26 18 16 24 -18 -15 -4 -3 -8 -22 -17 -10 -25 -14 -24
right_child=4 11 3 9 8 -7 10 -9 15 -11 -12 -13 13 14 -16 23 17 -19 -20 -21 22 -23 27 25 -26 -27 -28 -29
leaf_value=-0.43723502093553546 2.5021619184017183 1.7385085141658785 0.43455622050166132 -0.20580939787626271 -0.4160175138115883 -1.7463303325474264 3.8762787368297582 -1.0462128289937973 -2.4863474743366241 0.15687473332881932 0.65409493601322177 0.64505124759674082 -1.7029104750826958 -1.3748312869369983 -0.68755646210908894 -3.5523923704624174 -1.9987512508779766 0.02369543331861497 -0.19147876596450808 2.7542711646556857 5.8515271890163421 6.4077318389415741 5.6612152903079993 -4.1148116282224656 -1.467372530937195 -5.3584412815570834 -2.2020812907516958 5.0617350814342501
leaf_weight=61 59 73 43 43 58 76 54 46 59 44 47 40 47 53 65 55 70 43 46 41 42 99 40 40 40 98 40 187
leaf_count=61 59 73 43 43 58 76 54 46 59 44 47 40 47 53 65 55 70 43 46 41 42 99 40 40 40 98 40 187
internal_value=0.000146284 0.0147165 0.000205761 -0.0149573 -0.0269231 -0.00037037 0.0273946 0.0130769 -0.0346652 -0.0257396 0.038 0.0424084 -0.0312925 -0.035259 -0.0286585 -0.0393827 -0.0330189 -0.0207965 -0.0186869 0.0309524 0.0453216 0.0447712 0.0481413 -0.0463731 -0.0469697 -0.0485507 -0.0477011 0.0495595
internal_weight=1709 1111 729 468 598 135 261 130 463 338 200 382 294 251 164 405 212 113 99 84 342 153 269 193 99 138 87 227
internal_count=1709 1111 729 468 598 135 261 130 463 338 200 382 294 251 164 405 212 113 99 84 342 153 269 193 99 138 87 227
cat_boundaries=0 1 2
cat_threshold=4 4
is_linear=0
shrinkage=0.05


Tree=3
num_leaves=29
num_cat=3
split_feature=10 30 10 47 47 8 44 58 36 8 10 47 22 25 15 5 39 70 31 13 61 26 45 10 42 10 30 30
split_gain=256.198 182.19 124.373 50.2831 46.8344 50.3227 41.2697 25.8208 18.2 12.7061 11.2629 8.94054 18.9248 8.61009 9.21647 7.00205 4.35426 4.1205 6.961 3.11416 3.03233 4.06349 6.02771 2.1764 1.97673 0.819512 0.764662 0.268852
threshold=220.53000000000003 38.644999999999534 179.17500000000004 0 1 11337.142857142861 0.098667422738871566 94.490000000000023 -0.054924978475087045 11484.149659863948 161.06500000000003 2 560.00000000000057 1226.9849999999999 101.21000000000002 0.82450738916256172 -42.61092653613747 -48.419041491807299 -172.68500000000037 17.765000000000004 10198.345000000003 265.00000000000006 0.011291485563240352 134.03000000000003 0.89475737509315711 294.81500000000005 441.60499999999985 37.250000000000007
decision_type=2 2 2 1 1 2 2 2 2 2 2 1 2 2 2 2 2 2 2 2 2 2 2 2 2 2 2 2
left_child=1 2 10 7 5 -2 9 -4 -6 15 23 12 16 14 19 17 -10 24 -19 -3 21 22 -13 -1 -5 -18 -21 -22
right_child=4 13 3 6 8 -7 -8 -9 11 -11 -12 20 -14 -15 -16 -17 25 18 -20 26 27 -23 -24 -25 -26 -27 -28 -29
leaf_value=5.3926804348707202 -1.5341772852048279 1.1116587395906448 1.9743679670751098 -1.0815903999663889 -0.6934558143720031 2.9637563154593112 2.942820230829716 -0.45083401517495514 -4.2563800364136695 -0.29500300247371197 0.88577671481072917 -2.0550800149962307 -0.31958251230046147 1.649329971390963 1.8644255546569823 -0.35388843535464254 -2.2636170463409271 -0.41563500882983218 -1.0406936333604155 4.7571232113957409 -2.7510051486849787 -4.3428028649061918 -1.3829025719013064 3.8486003770262003 -1.9797272796198726 -5.4494204864382745 4.4336222968339918 -1.965447450941801
leaf_weight=73 77 46 74 40 48 59 40 64 40 66 55 40 50 54 49 56 40 43 52 226 82 42 44 42 77 42 40 40
leaf_count=73 77 46 74 40 48 59 40 64 40 66 55 40 50 54 49 56 40 43 52 226 82 42 44 42 77 42 40 40
internal_value=0.000323339 0.014722 -0.00117302 -0.0134766 -0.0258278 0 -0.0229947 0.0123188 -0.0333333 -0.0287425 0.0358824 -0.0366667 -0.027907 0.0408434 0.0436288 -0.0335821 -0.0385246 -0.0377358 -0.03 0.0467949 -0.0427419 -0.0373016 -0.0309524 0.0447826 -0.0440171 -0.045122 0.0488722 -0.0483607
internal_weight=1701 1097 682 512 604 136 374 138 468 334 170 420 172 415 361 268 122 212 95 312 248 126 84 115 117 82 266 122
internal_count=1701 1097 682 512 604 136 374 138 468 334 170 420 172 415 361 268 122 212 95 312 248 126 84 115 117 82 266 122
cat_boundaries=0 1 2 3
cat_threshold=4 4 1
is_linear=0
shrinkage=0.05


Tree=4
num_leaves=29
num_cat=5
split_feature=10 8 53 15 47 8 47 12 58 57 53 47 10 31 38 15 38 35 44 19 12 19 58 12 35 12 25 4
split_gain=240.298 121.167 130.28 75.9795 48.1285 55.8424 44.6537 42.7855 26.2981 25.8539 23.4973 17.2413 25.9284 13.3108 9.54103 7.56779 7.40789 5.76725 4.24157 4.08029 3.87415 12.8357 6.17587 1.58166 0.962302 0.929886 0.319884 0.211765
threshold=220.53000000000003 11337.142857142861 0 95.315000000000012 1 11337.142857142861 2 58.260000000000012 62.840000000000011 94.405000000000015 3 4 199.38500000000002 -6.094999999999799 177.94155328798163 82.54500000000003 251.06689342403664 -0.0018114502474355497 0.042954352140629405 610.00000000000023 67.125000000000014 495.00000000000006 159.76500000000001 88.600000000000009 0.37872650637126143 63.550000000000004 1205.0000000000002 9.5000000000000018
decision_type=2 2 1 2 1 2 1 2 2 2 1 1 2 2 2 2 2 2 2 2 2 2 2 2 2 2 2 2
left_child=1 2 6 8 5 16 9 -5 13 -1 -6 -9 -13 -3 -8 -12 -2 -17 -16 23 -19 22 24 25 -22 -10 -27 -20
right_child=4 3 -4 7 10 -7 14 11 19 -11 15 12 -14 -15 18 17 -18 20 27 -21 21 -23 -24 -25 -26 26 -28 -29
leaf_value=-1.1264061269842462 -1.014607141963616 -0.18076877785876402 6.2997532711857565 -0.81592847457483408 0.62413843480698761 3.0877408998971436 -1.1801406493908027 1.9600305405220391 2.0021883565223222 0.64393188997130835 -1.0083566818172487 0.24367636697828765 -0.3243757161774859 3.3399005753791329 -1.2982408393449338 -1.7090708750754968 -1.8211414213398844 -2.0508881879657879 -2.7152281314684821 2.9282102758743429 -4.7214420902138947 -1.516243730384959 -1.9719765684135446 3.6493886543916165 -2.671773847959638 4.6675226290355623 5.0600312497235835 -1.7827407706803831
leaf_weight=41 40 41 83 69 49 60 48 44 48 79 40 58 61 43 75 40 41 76 40 40 97 42 46 40 63 220 42 45
leaf_count=41 40 41 83 69 49 60 48 44 48 79 40 58 61 43 75 40 41 76 40 40 97 42 46 40 63 220 42 45
internal_value=0.00195792 0.0156222 -0.00596107 0.028187 -0.0237374 0.00177305 -0.020122 0.00474138 0.0396624 0.00416667 -0.0316777 0.0187117 0.00882353 0.0142857 -0.0341346 -0.0356436 -0.0253086 -0.0379121 -0.04 0.0451282 -0.0401235 -0.0370968 -0.042233 0.0468571 -0.046875 0.0480645 0.0492366 -0.0476471
internal_weight=1711 1117 411 706 594 141 328 232 474 120 453 163 119 84 208 404 81 364 160 390 324 248 206 350 160 310 262 85
internal_count=1711 1117 411 706 594 141 328 232 474 120 453 163 119 84 208 404 81 364 160 390 324 248 206 350 160 310 262 85
cat_boundaries=0 1 2 3 4 5
cat_threshold=1 4 4 2 4
is_linear=0
shrinkage=0.05


Tree=5
num_leaves=29
num_cat=2
split_feature=10 30 14 47 41 47 22 30 58 14 38 58 42 14 12 40 13 15 25 38 35 61 22 32 35 44 36 33
split_gain=255.439 169.682 124.93 48.0489 46.0089 35.6192 42.4389 22.8324 21.3882 17.8868 16.2731 10.289 10.8098 7.48442 7.07979 26.3785 6.71745 6.148 5.48042 5.16639 4.21186 2.90541 2.39263 1.1493 1.10019 1.09123 0.304762 0.0550562
threshold=220.53000000000003 40.309999999999725 98.805000000000021 0 0.80208333333333337 1 440.00000000000028 36.785000000000316 114.60000000000001 70.52500000000002 150.07967120181459 167.96500000000003 0.89475737509315711 136.27500000000003 67.125000000000014 -35.977592149378403 65.250000000000014 101.21000000000002 1195.0000000000002 260.3721882086175 0.19994548576609714 10139.550000000001 265.00000000000006 0.75547891227160013 0.069099539339401952 0.10703147150552876 0.058298514011109352 0.83794534739176718
decision_type=2 2 2 1 2 1 2 2 2 2 2 2 2 2 2 2 2 2 2 2 2 2 2 2 2 2 2 2
left_child=1 2 4 8 10 6 -2 11 20 -7 25 12 -5 21 27 16 19 18 24 -16 -4 -14 -18 -24 26 -1 -3 -11
right_child=5 17 3 7 -6 9 -8 -9 -10 14 -12 -13 13 -15 15 -17 22 -19 -20 -21 -22 -23 23 -25 -26 -27 -28 -29
leaf_value=3.9123548393748182 -1.6230843807904685 4.384516102479644 2.3280267811364608 -0.34487547476504848 -0.45248727642800657 -0.72747534275497128 1.4567287938671301 0.069287754986911934 -0.88173486363030795 -1.7457390645732804 0.60261829219614427 -0.40558132170200711 -1.7183449700170605 -1.0016146188031454 -1.3841258860271406 0.18152086703777828 -3.0276514808886859 1.5951557699072791 3.1543870628718644 -2.1379435903632045 0.15139668311942556 -1.0861224367445559 -4.2636504830733513 -3.1804046091872711 4.0411213211523966 6.2947901918750793 4.200541452224285 -2.0856021803306026
leaf_weight=58 71 168 41 40 64 61 73 47 49 40 46 42 74 54 47 43 43 60 72 41 40 86 102 40 40 100 42 49
leaf_count=58 71 168 41 40 64 61 73 47 49 40 46 42 74 54 47 43 43 60 72 41 40 86 102 40 40 100 42 49
internal_value=0.000144259 0.0142921 0.000337382 -0.0151163 0.0276119 -0.0259016 -0.00416667 -0.0249271 0.0107692 -0.032618 0.0392157 -0.0300676 -0.0338583 -0.0383178 -0.0364198 -0.0329114 -0.0386447 0.0413613 0.0440994 -0.0272727 0.0265432 -0.04375 -0.0440541 -0.0471831 0.0476 0.0468354 0.0490476 -0.0488764
internal_weight=1733 1123 741 473 268 610 144 343 130 466 204 296 254 214 405 316 273 382 322 88 81 160 185 142 250 158 210 89
internal_count=1733 1123 741 473 268 610 144 343 130 466 204 296 254 214 405 316 273 382 322 88 81 160 185 142 250 158 210 89
cat_boundaries=0 1 2
cat_threshold=4 4
is_linear=0
shrinkage=0.05


Tree=6
num_leaves=31
num_cat=2
split_feature=10 30 10 47 44 47 10 38 58 30 25 62 13 14 25 32 15 32 26 58 39 38 36 38 58 39 38 25 45 10
split_gain=234.451 146.862 107.31 47.3824 56.7601 36.5461 44.4288 56.0168 32.1916 21.5195 11.3348 9.96679 10.2498 8.67195 7.96849 7.54724 5.97076 5.68744 8.2236 5.2025 4.35256 4.21875 4.03833 3.91884 3.72786 3.65714 3.47607 2.88068 0.592524 0.575676
threshold=220.53000000000003 40.309999999999725 166.89000000000001 0 0.11837255457896227 1 285.51500000000004 205.54397959183737 114.60000000000001 36.425000000000189 1226.9849999999999 10145.330000000002 42.945000000000007 71.375000000000014 645.00000000000011 0.65299647861864696 101.28500000000004 0.89921072689814752 265.00000000000006 73.905000000000015 -29.40042618475292 130.28831065759644 0.082007514885987662 260.3721882086175 86.045000000000016 -37.429533121059848 245.0224603174602 1066.6650000000002 0.010109716098656152 234.27500000000001
decision_type=2 2 2 1 2 1 2 2 2 2 2 2 2 2 2 2 2 2 2 2 2 2 2 2 2 2 2 2 2 2
left_child=1 2 21 8 9 17 7 15 19 11 16 12 23 -8 -9 -7 22 18 26 -4 25 -1 28 24 -5 -13 -2 -15 -3 -19
right_child=5 10 3 4 -6 6 13 14 -10 -11 -12 20 -14 27 -16 -17 -18 29 -20 -21 -22 -23 -24 -25 -26 -27 -28 -29 -30 -31
leaf_value=4.7843327635496316 -0.92275051853931478 3.559458566470699 2.7617876121680798 -1.5846376155129722 3.343846423681069 1.3678635320586725 -2.1142481423908013 -2.0592476751300306 -0.81688119510069557 0.048017210138792413 0.96979621126766302 -1.355609579715489 -0.018407198213962462 -3.7431388153258576 -0.25100708601537586 2.7450423328114688 1.6430902696600069 -1.8979794218542336 -3.240480746829411 0.7483771429358721 -0.44702468331947254 2.2061018965120911 3.3229394634881304 -0.91439956238811071 -0.44713028491528406 -1.5782977400088429 -1.5732193517911903 -3.0430634394245963 4.809979246517857 -3.3258535882128974
leaf_weight=80 42 161 42 41 50 40 43 57 63 50 53 42 53 44 54 43 46 71 58 66 41 48 53 40 57 63 40 64 74 40
leaf_count=80 42 161 42 41 50 40 43 57 63 50 53 42 53 44 54 43 46 71 58 66 41 48 53 40 57 63 40 64 74 40
internal_value=0.00101803 0.0144702 0.0013587 -0.00740132 -0.0161327 -0.0243289 -0.0137681 0.00206186 0.0149123 -0.0226098 0.0394057 -0.0271513 -0.0196335 -0.034106 -0.0211712 0.0331325 0.0428144 -0.0388446 -0.0321429 0.0314815 -0.0369863 0.0429688 0.0454861 -0.0268116 -0.0214286 -0.042381 -0.0219512 -0.0416667 0.0482979 -0.0472973
internal_weight=1719 1123 736 608 437 596 345 194 171 387 387 337 191 151 111 83 334 251 140 108 146 128 288 138 98 105 82 108 235 111
internal_count=1719 1123 736 608 437 596 345 194 171 387 387 337 191 151 111 83 334 251 140 108 146 128 288 138 98 105 82 108 235 111
cat_boundaries=0 1 2
cat_threshold=4 2
is_linear=0
shrinkage=0.05


Tree=7
num_leaves=29
num_cat=2
split_feature=10 30 10 47 58 47 16 25 22 12 10 16 5 39 25 10 12 15 38 71 30 61 10 58 31 15 10 58
split_gain=227.254 134.173 95.1987 40.7497 35.4323 34.2426 45.5612 41.1835 31.9608 31.9379 29.411 23.8347 13.6931 13.0358 12.4791 8.55974 6.9637 6.84115 6.45225 5.44315 11.5577 4.37182 3.9072 1.80041 1.70806 1.47534 1.04828 0.315127
threshold=220.53000000000003 42.430000000000298 157.31000000000003 0 132.39500000000001 1 0.61559038923106713 645.00000000000011 510.00000000000017 58.345000000000006 199.38500000000002 0.48877431615870254 0.44636015325670503 -39.003502683198484 1115.0000000000007 285.51500000000004 66.445000000000007 81.760000000000005 236.33356009070306 0.89153996000654734 -9.9299999999996071 10150.360000000002 134.03000000000003 66.800000000000011 -142.03999999999994 91.320000000000036 245.89000000000001 156.49000000000004
decision_type=2 2 2 1 2 1 2 2 2 2 2 2 2 2 2 2 2 2 2 2 2 2 2 2 2 2 2 2
left_child=1 2 22 4 18 19 7 -7 14 -10 12 16 -11 -9 17 -8 -3 21 -4 20 -2 -5 -1 -18 -17 -19 -21 -25
right_child=5 11 3 8 -6 6 15 13 9 10 -12 -13 -14 -15 -16 24 23 25 -20 26 -22 -23 -24 27 -26 -27 -28 -29
leaf_value=4.7878016488436428 -3.9154151651549385 1.3627133802938896 1.5943378773934151 -0.29100297575514972 -0.82577395053118663 -2.0061416361038362 -0.96202858158324822 0.04267328586025454 -0.79711067830881377 0.43972365787137513 -0.50058201665906821 0.39916260649269586 0.33699807993657471 2.199285433073265 -0.075254684451924764 -2.0513457328665843 3.6094035289992208 -2.3311964802216405 1.1834585219255307 -1.8289948911769507 -0.83113485964916833 -0.77969063117381143 2.2858804264256913 3.8905652973698666 -5.3317313721491564 -2.3662770033625011 -3.1595609088022529 4.3250122237684554
leaf_weight=75 64 67 67 53 53 62 54 62 61 52 49 40 51 74 41 54 40 53 57 76 67 43 42 172 48 51 40 41
leaf_count=75 64 67 67 53 53 62 54 62 61 52 49 40 51 74 41 54 40 53 57 76 67 43 42 172 48 51 40 41
internal_value=0.000380339 0.0138087 0.00173797 -0.00594295 0.0144068 -0.024376 -0.0144068 0.00151515 -0.0138767 0.000234742 0.0125 0.0388889 0.0276699 0.0169118 -0.0263485 -0.0346154 0.0434375 -0.0315 0.0290323 -0.038664 -0.0316794 -0.021875 0.0431624 0.0472332 -0.0431373 -0.0403846 -0.0465517 0.049061
internal_weight=1709 1108 748 631 177 601 354 198 454 213 152 360 103 136 241 156 320 200 124 247 131 96 117 253 102 104 116 213
internal_count=1709 1108 748 631 177 601 354 198 454 213 152 360 103 136 241 156 320 200 124 247 131 96 117 253 102 104 116 213
cat_boundaries=0 1 2
cat_threshold=4 2
is_linear=0
shrinkage=0.05


Tree=8
num_leaves=31
num_cat=5
split_feature=10 8 53 47 12 47 8 58 15 47 57 53 4 38 13 10 12 40 57 13 13 4 8 13 61 36 63 40 29 12
split_gain=228.62 91.9804 137.387 72.4744 49.6782 36.6358 45.7111 31.9463 25.0357 24.6783 24.8752 16.2379 15.842 12.2182 11.486 11.25 10.1109 17.5973 9.95143 6.60364 5.35845 5 4.5563 4.36699 7.69932 4.28676 2.32088 1.21076 0.703998 0.45
threshold=220.53000000000003 11337.142857142861 0 1 57.820000000000007 2 11337.142857142861 62.385000000000012 100.73000000000002 3 94.405000000000015 4 19.500000000000004 249.88935374149696 16.950000000000003 179.17500000000004 66.105000000000004 -35.977592149378403 164.35500000000005 65.250000000000014 40.895000000000003 16.500000000000004 11427.891156462587 30.715000000000003 10209.045 0.058298514011109352 0.71671270459505021 -29.857246514959684 -82.170000000000059 77.085000000000008
decision_type=2 2 1 1 2 1 2 2 2 1 2 1 2 2 2 2 2 2 2 2 2 2 2 2 2 2 2 2 2 2
left_child=1 2 9 28 21 6 13 12 14 10 -1 -7 15 -2 -9 -6 -13 19 23 25 27 -5 26 29 -25 -18 -21 -16 -3 -11
right_child=5 3 -4 4 7 11 -8 8 -10 18 -12 16 -14 -15 20 -17 17 -19 -20 22 -22 -23 -24 24 -26 -27 -28 -29 -30 -31
leaf_value=-1.1742474380340753 -0.63317529221973867 6.169727858184153 5.5145703585508503 -0.20590076245683472 0.58641380079605587 -0.44493010816151002 2.8736762405377401 0.31547707560239235 -0.17303097561655392 -2.2046065209825407 0.54173353963843129 -1.6052282894965892 0.14553524468686954 -1.5209667719090429 1.6676513276415936 -0.71775884200726303 -1.8171827080107079 -0.074077518342114554 -0.3160497981514076 -4.252098504190851 1.3715816158367666 -0.85895360185285807 -2.6981712575789034 -0.21837330931478124 -1.5687430951867214 -0.80655854902408819 -2.1978322188102801 1.169234035193907 4.1941106689168821 -2.2027092955360459
leaf_weight=43 40 57 89 40 40 50 55 43 41 40 72 91 45 44 113 40 49 48 40 88 40 40 68 42 53 42 42 43 169 40
leaf_count=43 40 57 89 40 40 50 55 43 41 40 72 91 45 44 113 40 49 48 40 88 40 40 68 42 53 42 42 43 169 40
internal_value=8.58615e-05 0.0134513 -0.00513126 0.0244023 0.0135052 -0.0243922 -0.00179856 0.0206173 0.03 -0.02 -0.00130435 -0.0309623 -0.0004 -0.025 0.0361925 -0.01375 -0.0341121 -0.0301187 -0.03 -0.0347751 0.0413265 -0.0225 -0.039899 -0.0351429 -0.0278947 -0.0236264 -0.0453846 0.0455128 0.0477876 -0.04375
internal_weight=1747 1130 419 711 485 617 139 405 280 330 115 478 125 84 239 80 428 337 215 289 196 80 198 175 95 91 130 156 226 80
internal_count=1747 1130 419 711 485 617 139 405 280 330 115 478 125 84 239 80 428 337 215 289 196 80 198 175 95 91 130 156 226 80
cat_boundaries=0 1 2 3 4 5
cat_threshold=1 4 4 4 2
is_linear=0
shrinkage=0.05


end of trees

feature_importances:
base_cons=25
voicing_class=19
base_pre=17
valley_dist_from_cutoff_ms=15
base_cut_gap=14
base_pre_to_expected_ms=13
next_base_pre=13
base_ovl=11
wav_duration_ms=8
base_cons_gap=8
syllable_len_ms=8
prev_base_pre=8
base_ovl_ratio=6
energy_slope_pre=6
energy_slope_post=6
db_min=6
zcr_mean=6
curr_vowel_len_ms=5
db_mean=5
bridge_type=5
row_index_in_wav=4
base_cutoff_to_next_anchor_ms=4
f0_voicing_mean=4
prev_base_cutoff_abs=4
row_ratio_in_wav=3
curr_phone_len_ms=3
base_offset_to_expected_ms=3
energy_mean=3
mapping_confidence=3
base_cutoff_abs=2
prev_phone_gap_ms=2
energy_max=2
spectral_flux_mean=2
next_base_cutoff_abs=2
words_vs_alias_score_margin=2
local_peak_db=2
syllable_start_ms=1
next_phone_gap_ms=1
energy_min=1
db_silence_ratio=1
local_valley_db=1
mel_window_energy_mean=1

parameters:
[boosting: gbdt]
[objective: regression_l1]
[metric: l1]
[tree_learner: serial]
[device_type: cpu]
[data_sample_strategy: bagging]
[data: ]
[valid: ]
[num_iterations: 500]
[learning_rate: 0.05]
[num_leaves: 31]
[num_threads: 0]
[seed: 0]
[deterministic: 0]
[force_col_wise: 0]
[force_row_wise: 0]
[histogram_pool_size: -1]
[max_depth: -1]
[min_data_in_leaf: 40]
[min_sum_hessian_in_leaf: 0.001]
[bagging_fraction: 0.85]
[pos_bagging_fraction: 1]
[neg_bagging_fraction: 1]
[bagging_freq: 1]
[bagging_seed: 3]
[bagging_by_query: 0]
[feature_fraction: 0.85]
[feature_fraction_bynode: 1]
[feature_fraction_seed: 2]
[extra_trees: 0]
[extra_seed: 6]
[early_stopping_round: 0]
[early_stopping_min_delta: 0]
[first_metric_only: 0]
[max_delta_step: 0]
[lambda_l1: 0]
[lambda_l2: 0]
[linear_lambda: 0]
[min_gain_to_split: 0]
[drop_rate: 0.1]
[max_drop: 50]
[skip_drop: 0.5]
[xgboost_dart_mode: 0]
[uniform_drop: 0]
[drop_seed: 4]
[top_rate: 0.2]
[other_rate: 0.1]
[min_data_per_group: 100]
[max_cat_threshold: 32]
[cat_l2: 10]
[cat_smooth: 10]
[max_cat_to_onehot: 4]
[top_k: 20]
[monotone_constraints: ]
[monotone_constraints_method: basic]
[monotone_penalty: 0]
[feature_contri: ]
[forcedsplits_filename: ]
[refit_decay_rate: 0.9]
[cegb_tradeoff: 1]
[cegb_penalty_split: 0]
[cegb_penalty_feature_lazy: ]
[cegb_penalty_feature_coupled: ]
[path_smooth: 0]
[interaction_constraints: ]
[verbosity: -1]
[saved_feature_importance_type: 0]
[use_quantized_grad: 0]
[num_grad_quant_bins: 4]
[quant_train_renew_leaf: 0]
[stochastic_rounding: 1]
[linear_tree: 0]
[max_bin: 255]
[max_bin_by_feature: ]
[min_data_in_bin: 3]
[bin_construct_sample_cnt: 200000]
[data_random_seed: 1]
[is_enable_sparse: 1]
[enable_bundle: 1]
[use_missing: 1]
[zero_as_missing: 0]
[feature_pre_filter: 1]
[pre_partition: 0]
[two_round: 0]
[header: 0]
[label_column: ]
[weight_column: ]
[group_column: ]
[ignore_column: ]
[categorical_feature: 0,1,2,3,46,47,50,51,52,53,55,56]
[forcedbins_filename: ]
[precise_float_parser: 0]
[parser_config_file: ]
[objective_seed: 5]
[num_class: 1]
[is_unbalance: 0]
[scale_pos_weight: 1]
[sigmoid: 1]
[boost_from_average: 1]
[reg_sqrt: 0]
[alpha: 0.9]
[fair_c: 1]
[poisson_max_delta_step: 0.7]
[tweedie_variance_power: 1.5]
[lambdarank_truncation_level: 30]
[lambdarank_norm: 1]
[label_gain: ]
[lambdarank_position_bias_regularization: 0]
[eval_at: ]
[multi_error_top_k: 1]
[auc_mu_weights: ]
[num_machines: 1]
[local_listen_port: 12400]
[time_out: 120]
[machine_list_filename: ]
[machines: ]
[gpu_platform_id: -1]
[gpu_device_id: -1]
[gpu_use_dp: 0]
[num_gpu: 1]

end of parameters

pandas_categorical:[["korean"], ["cvc"], ["br", "cv", "cv_head", "mono", "vc", "vcv", "vv"], ["br", "cv", "cv_glide", "cv_head", "cv_head_glide", "mono", "vc_other", "vc_sonorant", "vc_stop", "vcv", "vv"], ["other", "plosive", "sibilant", "sonorant"], ["unknown", "voiced", "voiceless"], ["liquid", "nasal", "none", "other", "stop"], ["", "a", "e", "eo", "eu", "eui", "i", "o", "u", "wa", "we", "weo", "wi", "ya", "ye", "yeo", "yo", "yu"], ["head", "mid", "tail"], ["", "vc", "vcv", "vv"], ["", "cv", "cv_head", "mono", "vc", "vcv", "vv"], [""]]
