tree
version=v4
num_class=1
num_tree_per_iteration=1
label_index=0
max_feature_idx=72
objective=regression_l1
feature_names=language format_type alias_type alias_group row_index_in_wav row_ratio_in_wav is_head_row is_tail_row wav_duration_ms base_offset base_cons base_cutoff_abs base_pre base_ovl base_cons_gap base_cut_gap base_ovl_ratio curr_phone_start_ms curr_phone_end_ms curr_phone_len_ms curr_vowel_start_ms curr_vowel_end_ms curr_vowel_len_ms syllable_start_ms syllable_end_ms syllable_len_ms prev_phone_gap_ms next_phone_gap_ms expected_anchor_ms base_offset_to_expected_ms base_pre_to_expected_ms base_cutoff_to_next_anchor_ms energy_mean energy_min energy_max energy_slope_pre energy_slope_post valley_energy valley_dist_from_cutoff_ms db_mean db_min db_silence_ratio f0_voicing_mean f0_voicing_near_pre zcr_mean spectral_flux_mean onset_class voicing_class is_tense is_diphthong coda_type vowel_class mora_position bridge_type is_nasal_or_sonorant prev_alias_type next_alias_type prev_base_pre next_base_pre prev_base_offset next_base_offset prev_base_cutoff_abs next_base_cutoff_abs mapping_confidence used_alias_occurrence_mapping used_exact_vowel_fix used_nuclei_fallback used_alias_based_syllables words_vs_alias_score_margin local_peak_db local_valley_db mel_window_energy_mean mel_window_silence_ratio
feature_infos=none none -1:2:1:4:5:3 -1:4:3:2:1:9:6:7:8:5 [0:29] [0:1] [0:1] [0:1] [1828.5714285714289:11873.922902494331] [391.16000000000003:10854] [63.659999999999997:470.82999999999998] [887.75999999999999:11138.559999999999] [47.350000000000001:400.50999999999999] [10.140000000000001:274.07999999999998] [4.7899999999999636:311.23000000000002] [12:577.15999999999997] [0.1467253176930596:0.76133333333333331] [0:10620] [30:11420] [9.9999999999995435:1130] [0:10620] [0:11420] [0:1130] [0:10080] [30:11420] [20:1550] [0:1860] [0:1860] [0:10620] [-1398.4200000000001:1428] [-1237.8900000000001:1482.0799999999999] [-1163.8900000000012:1782.54] [8.9262221164493206e-08:1] [0:1] [1.4281955386318913e-06:1] [-0.75679044663494843:0.99993790458317444] [-0.81409991454838393:1] [0:1] [0.0507936507929116:648.43077097505693] [-86.797856762564223:-22.418963287818823] [-95.10872662253044:-23.980098315688959] [0:1] [0:1] [0:1] [0:0.56620357244116815] [0:0.1233808638319685] -1:1:0:3:2 -1:0:1:2 [0:1] [0:1] -1:2:3:4:0 -1:0:1:2:3:4:6:7:8:5:9:10:11:12:13:14:15:16:17 -1:1:0:2 -1:0:1:2 [0:1] -1:2:1:4:5:0 none [0:400.50999999999999] [0:400.50999999999999] [0:10854] [0:10854] [0:11138.559999999999] [0:11138.559999999999] [0.050575622940613699:1] none [0:1] none none [-99.799999999999997:1495] [-86.797856762564223:-22.418963287818823] [-95.10872662253044:-23.980098315688959] [8.9262221164493206e-08:1] [0:1]
tree_sizes=2599 2417 2324 2459 2651 2499 2492 2583 2560 2658 2547 2480

Tree=0
num_leaves=30
num_cat=2
split_feature=29 12 13 45 47 25 47 58 16 45 12 35 61 29 43 33 12 16 29 29 36 62 69 44 33 68 33 10 13
split_gain=193.873 183.996 97.0607 96.7233 53.2032 41.9373 40.4479 31.5944 29.7188 23.6108 22.4137 19.1848 17.1245 15.7279 11.8935 11.6469 8.01467 7.75208 5.4796 3.2 2.74674 1.58713 3.23058 1.57426 1.38152 1.32326 0.262069 0.0868852 0.0685039
threshold=-67.444999999999979 59.985000000000007 94.740000000000023 0.027042247400441904 0 1131.3499999999997 1 64.335000000000008 0.55699959114628861 0.010743342477086302 93.465000000000018 0.031660408998257006 1315.325 235.86500000000004 0.37448521515396699 0.398556620958256 63.005000000000003 0.42683751315945551 -56.499999999999993 -142.00000000000043 0.34142167077296126 10169.405000000002 -35.994409768505292 0.0352967472996474 0.11638155237619131 775.80000000000007 0.00024106394952695003 229.20500000000001 33.370000000000012
decision_type=2 2 2 2 1 2 1 2 2 2 2 2 2 2 2 2 2 2 2 2 2 2 2 2 2 2 2 2 2
left_child=3 11 7 4 8 15 -5 9 10 -3 -1 23 -9 -4 -10 20 -14 19 -18 -8 21 22 24 -2 26 27 -6 -20 -23
right_child=1 2 13 6 5 -7 17 12 14 -11 -12 -13 16 -15 -16 -17 18 -19 25 -21 -22 28 -24 -25 -26 -27 -28 -29 -30
leaf_value=-5.9696500539779667 -6.5824500799179075 -4.4223500967025755 -7.0624000310897825 -6.9200500249862671 -10.528175139427185 -5.3299000620841976 -0.64050023555755597 -5.3524000674486159 -9.636400198936462 -6.2101500749588014 -4.9824000597000122 -6.0700500488281248 -5.5328000605106356 -5.6452250599861147 -5.8164000511169434 -6.9939000844955448 -4.354300093650818 -5.1505000591278076 -1.8373000860214233 -3.8359750509262085 -7.3666000127792355 -7.6756500005722046 -6.8809000730514525 -6.659800028800964 -6.8971500635147098 -2.126625037193298 -7.0581500768661503 -1.8418250799179074 -8.4574001073837284
leaf_weight=52 48 75 56 43 76 61 40 40 57 53 43 70 41 42 45 49 45 48 265 40 43 40 46 53 40 40 40 40 87
leaf_count=52 48 75 56 43 76 61 40 40 57 53 43 70 41 42 45 49 45 48 265 40 43 40 46 53 40 40 40 40 87
internal_value=-5.78226 -5.76564 -5.75424 -5.79924 -5.8077 -5.81665 -5.76563 -5.74669 -5.78581 -5.76872 -5.76568 -5.81212 -5.7407 -5.80037 -5.80455 -5.82226 -5.7378 -5.75153 -5.73559 -5.742 -5.82528 -5.82683 -5.82408 -5.82606 -5.82751 -5.73345 -5.83028 -5.73233 -5.83121
internal_weight=1718 868 697 850 679 482 171 599 197 128 95 171 471 98 102 421 431 128 390 80 372 329 202 101 156 345 116 305 127
internal_count=1718 868 697 850 679 482 171 599 197 128 95 171 471 98 102 421 431 128 390 80 372 329 202 101 156 345 116 305 127
cat_boundaries=0 1 2
cat_threshold=4 2
is_linear=0
shrinkage=1


Tree=1
num_leaves=27
num_cat=1
split_feature=29 12 13 45 53 14 33 14 29 12 45 33 35 38 15 8 36 29 13 44 12 29 29 19 12 11
split_gain=217.085 181.753 97.5029 86.9219 33.6235 33.4711 22.7156 28.3958 22.2326 20.3356 19.8623 21.3129 17.4935 12.5676 21.8193 11.9016 11.1482 9.68285 8.12511 7.04181 3.56515 1.91278 1.19217 1.07143 0.794737 0.0753086
threshold=-67.444999999999979 59.985000000000007 94.740000000000023 0.025894516723930654 0 165.27000000000001 0.004459123823178401 103.69000000000004 -22.750000000000224 82.210000000000022 0.039881124896192353 1.2970598474059617e-06 0.031660408998257006 257.99001133786811 88.635000000000005 11337.142857142861 0.22044013067491097 214.19000000000008 102.64500000000002 0.049342827768466609 114.96500000000002 -102.00000000000044 346.00000000000006 580.00000000000023 62.375000000000007 7168.0300000000007
decision_type=2 2 2 2 1 2 2 2 2 2 2 2 2 2 2 2 2 2 2 2 2 2 2 2 2 2
left_child=3 12 5 4 6 8 15 -8 9 -3 11 -5 23 14 19 25 22 -4 -17 -9 21 -15 24 -2 -10 -1
right_child=1 2 17 10 -6 -7 7 13 16 -11 -12 -13 -14 20 -16 18 -18 -19 -20 -21 -22 -23 -24 -25 -26 -27
leaf_value=-3.8364300739765174 -1.054127494096756 0.15877875462174418 -1.2133799946308137 -0.88399751782417302 3.1419950145483018 -0.0013099977374076755 0.54111999869346616 -0.7231425273418427 0.75361250638961796 3.7474649798870092 3.1078619509935379 0.90861998200416572 -0.29442249298095707 -1.9421425807476045 0.047901254892349247 -0.47261247009038931 1.7983150851726533 -0.045188736319541928 -5.2083162415027617 -0.96762996792793288 -0.50932375639677052 -1.3354237282276156 2.4348899257183074 -0.8206849825382232 3.8270651233196262 -3.350929929018021
leaf_weight=40 40 72 50 51 56 55 44 63 40 55 68 69 62 53 66 44 41 41 40 43 42 42 40 56 302 122
leaf_count=40 40 72 50 51 56 55 44 63 40 55 68 69 62 53 66 44 41 41 40 43 42 42 40 56 302 122
internal_value=0.000265174 0.0180328 0.029023 -0.0177343 -0.0263359 0.036281 -0.0297997 -0.0216714 0.04 0.0216535 0.012234 0 -0.0303797 -0.0270227 -0.0180233 -0.0414634 0.0455083 -0.0192308 -0.0261905 -0.0320755 -0.0383212 -0.0436842 0.0481675 -0.04375 0.0491228 -0.0493827
internal_weight=1697 854 696 843 655 605 599 353 550 127 188 120 158 309 172 246 423 91 84 106 137 95 382 96 342 162
internal_count=1697 854 696 843 655 605 599 353 550 127 188 120 158 309 172 246 423 91 84 106 137 95 382 96 342 162
cat_boundaries=0 1
cat_threshold=1
is_linear=0
shrinkage=0.05


Tree=2
num_leaves=26
num_cat=1
split_feature=30 47 10 22 16 12 39 12 14 13 45 68 43 25 25 35 38 23 10 58 30 16 40 12 44
split_gain=323.131 150.955 119.765 53.5443 50.8088 29.0969 19.8096 40.6015 50.2058 17.9814 16.1973 17.0764 14.6451 13.3628 7.37297 6.70787 7.78235 15.0707 5.52019 5.24501 3.93277 8.72664 1.33618 1.15591 0.0875776
threshold=39.195000000000171 0 277.71500000000009 865.5550000000004 0.55699959114628861 63.350000000000009 -30.263366940094087 57.820000000000007 140.47500000000005 152.09 0.031980193430562506 1010.3000000000001 0.24992873378901467 1015.0000000000001 1136.825 0.0023808860729946004 236.33356009070306 9955.0000000000018 184.50500000000002 100.46500000000002 -4.9900000000002356 0.38342774006134711 -73.757830009744296 87.480000000000004 0.020555713070598204
decision_type=2 1 2 2 2 2 2 2 2 2 2 2 2 2 2 2 2 2 2 2 2 2 2 2 2
left_child=1 4 5 6 13 -2 10 -8 -9 -4 11 15 -6 19 -15 23 17 -17 -7 -1 -18 -22 -20 -3 -24
right_child=2 3 9 -5 12 18 7 8 -10 -11 -12 -13 -14 14 -16 16 20 -19 22 -21 21 -23 24 -25 -26
leaf_value=2.8076846352964644 0.17497437916696074 -0.75408013552427289 0.034288993656635292 8.9198448009341949 -3.2216334020495418 1.5410598843693735 -0.78242342430353173 0.31907109737023714 -0.73485106918215759 -3.4968608705401425 -0.31496015505865221 -0.5597291327118874 0.061424941718578333 -0.0092097486257552985 1.0842319153249265 -0.2605476400256157 -1.5970594871044159 -0.91924846953153616 2.6552304952740671 0.66900697946548471 -1.5838713027834892 -0.57936697925627234 3.8539617603421217 -5.827123609721661 3.9737117832303053
leaf_weight=76 62 41 57 44 53 54 54 74 40 51 58 40 47 46 53 57 78 79 40 40 65 61 40 117 282
leaf_count=76 62 41 57 44 53 54 54 74 40 51 58 40 47 46 53 57 78 79 40 40 65 61 40 117 282
internal_value=0.000789936 -0.0149154 0.0308874 -0.0263614 0.0144444 0.0416318 -0.0294503 -0.0142857 0.00263158 -0.0166667 -0.0337248 -0.0364312 -0.015 0.0281395 0.0146465 -0.0389558 -0.035 -0.0257353 0.0463942 0.0396552 -0.0411765 -0.0357143 0.0486188 -0.0474684 0.0496894
internal_weight=1709 1123 586 808 315 478 764 168 114 108 596 538 100 215 99 498 340 136 416 116 204 126 362 158 322
internal_count=1709 1123 586 808 315 478 764 168 114 108 596 538 100 215 99 498 340 136 416 116 204 126 362 158 322
cat_boundaries=0 1
cat_threshold=4
is_linear=0
shrinkage=0.05


Tree=3
num_leaves=28
num_cat=3
split_feature=30 47 13 13 3 25 13 47 8 45 8 38 68 31 38 60 30 8 13 19 45 17 58 68 30 13 15
split_gain=316.431 137.566 124.273 52.2322 33.3441 48.4189 30.8699 27.7359 19.0321 17.9441 15.232 15.1912 13.3585 12.8582 11.5574 11.0091 7.60637 11.5776 7.0127 6.18734 3.16576 4.74232 9.9329 3.1186 1.98783 0.8 0.305325
threshold=39.195000000000171 0 94.740000000000023 72.455000000000027 1 865.00000000000011 25.825000000000003 2 11402.108843537417 0.032965469310388254 11484.149659863948 185.92867346938786 802.92599999999993 -166.76499999999939 240.76270975056698 9851.0000000000018 12.825000000000047 11780.181405895693 43.82500000000001 109.99999999999979 0.018309220259468507 9940.0000000000018 64.105000000000004 507.90000000000003 422.19499999999977 34.750000000000007 112.49500000000002
decision_type=2 1 2 2 9 2 2 1 2 2 2 2 2 2 2 2 2 2 2 2 2 2 2 2 2 2 2
left_child=1 3 7 8 5 6 -3 10 14 12 -2 -4 16 23 18 -5 20 -18 -1 -9 26 22 -22 -8 -21 -10 -6
right_child=2 4 11 15 9 -7 13 19 25 -11 -12 -13 -14 -15 -16 -17 17 -19 -20 24 21 -23 -24 -25 -26 -27 -28
leaf_value=0.27036362751312554 1.245238125462085 0.14297006678599863 -1.583074020269513 -0.010285046219825756 -3.0709947098493577 5.5385526935582057 -0.81418322343975302 2.4041586745709185 4.573683012383059 -0.14459551089536402 -0.011210714150220159 0.16331913880109791 -0.4027031345874072 -0.28723609109893439 -0.17559655883237718 -3.4370516709119081 -0.20812823711261155 -0.9453970825284721 0.55320920499227944 3.5895785679548982 -1.5220018344029784 -1.6559774154931308 -0.75094868080914035 -0.85225768847987071 2.7315512193769216 2.1918803919963539 -2.3879427104379984
leaf_weight=48 49 75 60 42 129 42 69 41 40 50 46 52 48 42 54 43 44 58 42 307 42 59 52 43 44 40 40
leaf_count=48 49 75 60 42 129 42 69 41 40 50 46 52 48 42 54 43 44 58 42 307 42 59 52 43 44 40 40
internal_value=0.000382128 -0.0155172 0.0296327 0.0127832 -0.0265448 -0.0108541 -0.0203057 0.0405544 0.0254464 -0.0338346 0.0163158 -0.0178571 -0.0375 -0.0331169 0.0145833 -0.0205882 -0.0403302 -0.0284314 0.0255556 0.0464286 -0.0440994 -0.0388889 -0.0319149 -0.0419643 0.0485755 0.045 -0.0488166
internal_weight=1701 1102 599 309 793 271 229 487 224 522 95 112 472 154 144 85 424 102 90 392 322 153 94 112 351 80 169
internal_count=1701 1102 599 309 793 271 229 487 224 522 95 112 472 154 144 85 424 102 90 392 322 153 94 112 351 80 169
cat_boundaries=0 1 2 3
cat_threshold=4 592 2
is_linear=0
shrinkage=0.05


Tree=4
num_leaves=30
num_cat=3
split_feature=47 40 10 47 29 38 12 2 12 10 12 29 19 63 48 12 12 24 31 8 58 38 57 29 45 10 14 43 9
split_gain=203.147 169.22 85.4449 52.1172 49.5912 44.2614 32.9468 32.2162 38.3467 44.0851 38.803 31.2854 24.6285 17.3944 17.0584 16.7422 15.8937 15.1811 14.5946 7.52474 12.2059 6.29426 4.34754 4.11805 3.54258 1.77812 1.66219 0.231579 0.0649123
threshold=0 -35.657648409667026 199.03500000000003 1 -212.99999999999997 169.44712018140584 61.365000000000002 2 57.510000000000012 203.46000000000001 62.740000000000009 -101.99999999999976 99.999999999999673 0.73394566130357786 1.0000000180025095e-35 77.635000000000019 146.70500000000001 9695.0000000000018 -163.88000000000008 11412.267573696146 59.580000000000005 189.73371882086124 67.675000000000026 -54.499999999999993 0.020870706653745554 217.11000000000004 45.480000000000011 0.24139135836855877 6892.5000000000009
decision_type=1 2 2 1 2 2 2 9 2 2 2 2 2 2 2 2 2 2 2 2 2 2 2 2 2 2 2 2 2
left_child=7 2 4 14 -2 22 -3 8 -1 12 -11 -12 -10 -8 17 -7 18 21 24 28 -21 -4 -6 -15 -5 -16 27 -24 -9
right_child=1 6 3 16 5 15 13 19 9 10 11 -13 -14 23 25 -17 -18 -19 -20 20 -22 -23 26 -25 -26 -27 -28 -29 -30
leaf_value=-0.76090304875076753 -2.9966047676324843 -0.013253268189132217 -2.9744643152086438 -0.20853110954554746 1.4391597158364489 -0.45383427492508671 2.4317727368547022 -2.3837432755741665 -0.070893451612982925 -0.66005194431923331 -0.5433986564262584 0.4317309431980923 0.83722861867915377 2.9183427553400958 -1.4581262853317707 0.44732775103565309 -1.2691177958965303 0.38613643069937831 1.8835615267894696 -1.7859507959967482 -0.6616627710409928 -0.6678897177409312 3.9695141176252067 3.4791306466698835 0.22666223841574046 -1.1902053906743228 3.1103461737854783 4.9674896689875432 -2.501532322720224
leaf_weight=59 41 44 49 40 47 40 40 40 40 69 64 47 62 52 65 43 41 40 40 49 67 66 40 266 41 47 43 55 74
leaf_count=59 41 44 49 40 47 40 40 40 40 69 64 47 62 52 65 43 41 40 40 49 67 66 40 266 41 47 43 55 74
internal_value=0.000263004 0.0124561 -0.00176152 -0.0162005 0.0182848 0.0261194 0.0385572 -0.0240806 -0.012963 -0.00567376 -0.0205556 -0.00225225 0.0205882 0.0435754 -0.0297753 -0.00421687 0.00617284 -0.0190323 0.0152893 -0.0383333 -0.0310345 -0.0282609 0.0397297 0.0474843 0.00308642 -0.0446429 0.0442029 0.0478947 -0.0491228
internal_weight=1711 1140 738 429 309 268 402 571 341 282 180 111 102 358 267 83 162 155 121 230 116 115 185 318 81 112 138 95 114
internal_count=1711 1140 738 429 309 268 402 571 341 282 180 111 102 358 267 83 162 155 121 230 116 115 185 318 81 112 138 95 114
cat_boundaries=0 1 2 3
cat_threshold=2 1 4
is_linear=0
shrinkage=0.05


Tree=5
num_leaves=28
num_cat=1
split_feature=30 47 13 10 12 33 13 12 48 25 13 13 30 22 43 41 62 40 30 35 12 38 44 39 29 38 14
split_gain=299.304 125.331 111.896 46.815 57.7125 48.1814 40.8889 31.5806 27.3333 19.2623 21.4422 17.9379 17.0963 15.5301 14.62 13.4439 11.0631 7.4526 6.74577 3.57465 5.47944 4.62762 2.93339 2.21185 0.339771 0.226087 0.0663866
threshold=40.094999999999807 0 94.740000000000023 196.64000000000001 57.820000000000007 0.00061435204518340018 72.455000000000027 63.855000000000011 1.0000000180025095e-35 1099.9999999999998 48.260000000000012 152.09 -35.699999999999982 559.99999999999966 0.24992873378901467 0.019803921568627456 7236.0900000000011 -78.319637460447538 16.560000000000404 0.050789144758895906 90.77000000000001 254.99520408163269 0.019138077686419005 -50.11709890151576 260.33500000000009 259.76597505668934 132.57000000000002
decision_type=2 1 2 2 2 2 2 2 2 2 2 2 2 2 2 2 2 2 2 2 2 2 2 2 2 2 2
left_child=1 6 7 4 -3 8 12 -2 23 18 -11 -4 -1 -7 -8 16 -14 -9 19 26 25 -22 -19 -6 -24 -21 -5
right_child=2 3 11 9 5 13 14 17 -10 10 -12 -13 15 -15 -16 -17 -18 22 -20 20 21 -23 24 -25 -26 -27 -28
leaf_value=3.7850318157759895 0.090269262168286818 -0.67310192754770581 0.092421423452310331 -4.9321959749446727 -4.517434499495538 0.035928988193337806 -2.7113689481668177 1.9422030274942594 0.53666248272777339 -0.80656139023329687 0.61393719829896654 -2.9386408797216492 0.091021378763575994 0.85134588513105391 0.053685095885992067 -0.22533208119486653 1.1724905212263279 3.1184028414288982 -0.41511126019272587 -1.2131967734881826 -0.71005267122012194 -1.2719961892578462 3.2649920080186421 -0.65155152884463086 4.1699654449644017 -1.3285885339122605 -2.6595503218937218
leaf_weight=65 56 74 59 79 40 43 52 40 41 51 44 55 52 73 44 43 79 40 79 52 71 62 276 42 41 40 40
leaf_count=65 56 74 59 79 40 43 52 40 41 51 44 55 52 73 44 43 79 40 79 52 71 62 276 42 41 40 40
internal_value=-0.000432776 -0.0149228 0.0293651 -0.0253309 -0.0100639 0.00188285 0.0108955 0.0405077 -0.0199187 -0.034556 -0.0142105 -0.0149123 0.0219665 0.025 -0.0166667 0.0137931 0.0217557 0.045466 -0.0391253 -0.0421512 -0.0384444 -0.0319549 0.0477591 -0.0365854 0.0493691 -0.0478261 -0.0491597
internal_weight=1733 1166 567 831 313 239 335 453 123 518 95 114 239 116 96 174 131 397 423 344 225 133 357 82 317 92 119
internal_count=1733 1166 567 831 313 239 335 453 123 518 95 114 239 116 96 174 131 397 423 344 225 133 357 82 317 92 119
cat_boundaries=0 1
cat_threshold=4
is_linear=0
shrinkage=0.05


Tree=6
num_leaves=28
num_cat=1
split_feature=30 47 10 14 63 22 12 12 30 12 14 44 13 38 43 45 19 58 25 58 13 15 57 12 63 60 9
split_gain=254.518 120.202 104.461 39.2205 59.3358 37.3525 36.5257 29.8913 18.6928 41.471 62.8777 15.0571 13.8484 13.5477 12.2302 11.2551 10.724 8.96973 6.81434 4.01797 6.74381 4.55789 3.47528 2.99709 2.29021 1.12399 0.0674797
threshold=40.094999999999807 0 282.17500000000007 85.790000000000006 0.35166204465372897 519.99999999999943 64.470000000000013 143.46500000000003 11.655000000000202 58.810000000000009 162.60500000000002 0.11411682504358411 152.09 237.26893424036285 0.42349506750657989 0.026555836519139401 560.00000000000057 130.41500000000002 675.00000000000023 156.21500000000003 47.805000000000007 80.565000000000026 95.890000000000015 57.185000000000009 0.6882299694940105 6984.6250000000009 9947.0000000000018
decision_type=2 1 2 2 2 2 2 2 2 2 2 2 2 2 2 2 2 2 2 2 2 2 2 2 2 2 2
left_child=1 5 6 4 18 7 -2 13 15 23 16 -6 -4 17 -8 19 -11 -1 -3 21 -21 -5 -15 -10 -16 -23 -27
right_child=2 3 12 8 11 -7 14 -9 9 10 -12 -13 -14 22 24 -17 -18 -19 -20 20 -22 25 -24 -25 -26 26 -28
leaf_value=1.4743447468382267 0.067421809238469216 -4.9968052397735612 0.053113695808743699 -0.64194584875808691 0.18766723079142458 2.4497400274825569 1.5505849159719283 -2.6248004778702931 -0.82640199332003483 0.084233283744954673 -0.44537613874685222 3.1594843394683054 -3.1498572540800609 -0.34370759835297321 2.8086830477487257 -0.56900030800902879 0.46134284426433647 0.078047446234985829 -1.2329612993412733 -0.98161180438577245 -0.39810164781727941 -1.1181569399066129 0.094006518531198735 -0.81675304339474697 3.3255231200425834 -1.7790086154179185 -1.3853924887938331
leaf_weight=67 79 49 55 55 58 76 54 49 63 44 55 46 53 41 68 42 51 43 41 52 40 68 44 40 263 83 40
leaf_count=67 79 49 55 55 58 76 54 49 63 44 55 46 53 41 68 42 51 43 41 52 40 68 44 40 263 83 40
internal_value=0.000378127 -0.0132084 0.0276224 -0.0232769 -0.00360825 0.0128125 0.037931 0.00327869 -0.0293049 -0.0187747 -0.002 0.0221154 -0.0166667 0.0120513 0.0442857 -0.0363158 0.0226316 0.0236364 -0.0333333 -0.0393491 -0.0304348 -0.0426829 -0.00294118 -0.0432039 0.0478852 -0.0463351 -0.049187
internal_weight=1719 1147 572 827 194 320 464 244 633 253 150 104 108 195 385 380 95 110 90 338 92 246 85 103 331 191 123
internal_count=1719 1147 572 827 194 320 464 244 633 253 150 104 108 195 385 380 95 110 90 338 92 246 85 103 331 191 123
cat_boundaries=0 1
cat_threshold=4
is_linear=0
shrinkage=0.05


Tree=7
num_leaves=29
num_cat=2
split_feature=30 13 47 53 12 16 16 30 15 38 25 16 30 13 22 25 57 13 14 19 12 40 35 15 29 29 57 13
split_gain=276.79 91.6715 86.7728 62.4144 42.8775 34.6745 24.6629 57.8343 29.7522 21.4113 17.3749 17.6301 14.9911 27.8234 13.7146 11.4656 11.425 10.3068 9.8934 8.75225 4.33432 9.55122 4.32668 9.27033 4.15603 0.834161 0.267167 0.0865772
threshold=39.414999999999971 95.945000000000007 0 1 64.790000000000006 0.55699959114628861 0.41659252165861071 35.905000000000662 35.780000000000008 184.14763038548747 1015.0000000000001 0.43930833426388471 -4.9900000000002356 44.635000000000012 375.00000000000006 625.00000000000011 81.265000000000015 29.830000000000002 148.14500000000001 119.99999999999979 57.185000000000009 -43.646952757984003 0.0023808860729946004 74.54000000000002 265.42000000000047 -114.65499999999996 71.390000000000015 54.300000000000004
decision_type=2 2 1 1 2 2 2 2 2 2 2 2 2 2 2 2 2 2 2 2 2 2 2 2 2 2 2 2
left_child=2 4 5 6 16 10 7 8 -4 -3 15 -12 22 18 -7 -1 -2 20 -14 -6 -10 -22 26 -24 27 -25 -8 -21
right_child=1 9 3 -5 19 14 12 -9 17 -11 11 -13 13 -15 -16 -17 -18 -19 -20 24 21 -23 23 25 -26 -27 -28 -29
leaf_value=0.47074984434846778 0.13804556656925823 -2.518956430383795 0.47999016852677717 4.8206221556037203 1.7715696707763506 -2.5102146162625609 -4.1290073162066694 0.22893049625525991 -0.76406437561051499 0.52326924334663361 1.018961542209041 -0.3831625844659583 -0.41030779507770943 0.082874015661086903 0.038240835421303299 3.8662788152048204 -0.027719784742174639 -0.30725456264142981 -0.69321444893443596 3.171305975828048 -1.2621283227192419 -0.21380205195767249 -0.95670474004992012 -0.97531994210754613 2.8918195164782006 -1.2075381846848803 -4.7269645200212107 2.4951008492294444
leaf_weight=59 55 50 46 55 41 51 41 49 58 54 54 49 42 61 61 52 42 41 67 258 71 42 46 53 40 42 89 40
leaf_count=59 55 50 46 55 41 51 41 49 58 54 54 49 42 61 61 52 42 41 67 258 71 42 46 53 40 42 89 40
internal_value=2.92569e-05 0.0281034 -0.0143933 -0.0232254 0.037395 0.00736196 -0.0270053 -0.0161238 -0.0255814 -0.0144231 0.0191589 0.00436893 -0.0345805 -0.0229412 -0.0151786 0.0328829 0.00773196 -0.0334906 -0.0380734 0.0449868 -0.0388889 -0.0331858 -0.0418819 -0.0358156 0.0476331 -0.0447368 -0.0484615 0.0496644
internal_weight=1709 580 1129 803 476 326 748 307 258 104 214 103 441 170 112 111 97 212 109 379 171 113 271 141 338 95 130 298
internal_count=1709 580 1129 803 476 326 748 307 258 104 214 103 441 170 112 111 97 212 109 379 171 113 271 141 338 95 130 298
cat_boundaries=0 1 2
cat_threshold=4 1
is_linear=0
shrinkage=0.05


Tree=8
num_leaves=29
num_cat=4
split_feature=47 40 3 10 47 68 39 2 12 13 12 19 57 35 38 12 19 57 34 31 58 35 33 8 68 58 5 12
split_gain=186.201 144.463 64.0742 47.4908 30.6692 29.776 27.0823 24.0827 30.4109 56.8208 33.1333 24.0417 20.1647 18.2243 16.939 14.4478 13.9451 13.7332 10.7625 8.11979 6.85054 6.16953 5.63025 5.07877 3.47744 2.67192 0.577423 0.324171
threshold=0 -35.024884916548721 1 173.84500000000003 2 59.699999999999804 -42.61092653613747 3 57.030000000000008 25.725000000000005 62.375000000000007 75.000000000000014 77.530000000000015 0.50684709323853261 220.74931972789048 173.58500000000001 109.99999999999979 65.065000000000012 0.94268896334641517 35.740000000000698 168.63500000000002 0.37569976648935893 0.15867028506283934 11427.891156462587 684.90000000000009 94.180000000000021 0.30384615384615393 67.645000000000024
decision_type=1 2 9 2 1 2 2 9 2 2 2 2 2 2 2 2 2 2 2 2 2 2 2 2 2 2 2 2
left_child=7 2 15 11 12 -3 -6 8 -1 -10 -11 -4 19 18 -8 -2 24 -7 -12 23 26 -16 25 -5 -9 -14 -19 -28
right_child=1 5 3 4 6 17 14 16 9 10 13 -13 22 -15 21 -17 -18 20 -20 -21 -22 -23 -24 -25 -26 -27 27 -29
leaf_value=-0.63224232306526784 4.2388718788808211 -0.075373225256708865 -0.14904571675807549 -0.36868510568146518 -2.9934240107152918 1.3735171531560324 0.66496234159230638 -2.786020690870787 0.46259241841019361 -0.54315971110273653 -0.094695785946928804 3.190233959114769 -1.2567364351251626 -0.41759250005861048 0.062715001740470872 0.78109999654024032 -0.65191095622630879 3.0602330022403867 0.13748919052922801 -1.0064832711539891 2.8670997223935752 -0.1775639631996685 -0.5293900042211791 0.5882007367120764 -1.606788255162201 -1.9897478904072345 0.86782011255201752 3.355952290066305
leaf_weight=51 74 40 40 49 46 56 68 115 72 76 41 75 55 61 48 40 70 40 57 42 42 70 45 45 51 67 40 171
leaf_count=51 74 40 40 49 46 56 68 115 72 76 41 75 55 61 48 40 70 40 57 42 42 70 45 45 51 67 40 171
internal_value=-0.000658271 0.0110581 -0.00157068 -0.00772727 -0.0141121 0.0358612 -0.000431034 -0.0234007 -0.0138587 -0.00830619 -0.0202128 0.0213043 -0.0245875 -0.0072327 0.00806452 0.0314516 -0.0357724 0.0405444 0.00612245 -0.0102941 0.0448805 -0.00338983 -0.0362275 -0.00212766 -0.0451807 -0.0418033 0.048008 0.0490521
internal_weight=1747 1153 764 650 535 389 232 594 358 307 235 115 303 159 186 114 236 349 98 136 293 118 167 94 166 122 251 211
internal_count=1747 1153 764 650 535 389 232 594 358 307 235 115 303 159 186 114 236 349 98 136 293 118 167 94 166 122 251 211
cat_boundaries=0 1 2 3 4
cat_threshold=2 192 1 4
is_linear=0
shrinkage=0.05


Tree=9
num_leaves=30
num_cat=2
split_feature=30 47 10 12 53 8 12 12 10 39 33 31 19 9 19 31 12 30 14 42 12 16 33 38 9 30 8 12 30
split_gain=234.169 100.165 83.9575 59.9177 59.4066 48.3384 25.4214 21.3452 39.36 34.6807 21.2173 17.4797 16.7777 15.9238 14.5436 12.2921 11.1298 20.7686 8.70216 5.85244 9.10162 5.83333 5.82764 5.7 4.56405 2.7626 1.2381 0.602479 0.342029
threshold=40.309999999999725 0 282.17500000000007 65.370000000000019 1 11402.108843537417 141.57500000000002 57.185000000000009 196.93500000000003 -35.994409768505292 0.0054409509047972501 591.46000000000004 54.999999999999552 5073.0000000000009 109.99999999999979 27.069999999999713 81.835000000000022 2.9300000000002915 113.99499999999999 0.91158897357295887 112.92500000000003 0.48311362348732995 0.54124110972346184 267.11573696145189 10017.000000000002 410.64499999999992 11144.126984126986 185.22500000000002 45.829999999999934
decision_type=2 1 2 2 1 2 2 2 2 2 2 2 2 2 2 2 2 2 2 2 2 2 2 2 2 2 2 2 2
left_child=1 5 3 22 6 10 7 -3 9 12 -1 16 -9 -12 -5 -4 23 19 -15 -18 26 -7 -2 -10 -11 28 -21 -8 -16
right_child=2 4 15 14 -6 21 27 8 11 24 13 -13 -14 18 25 -17 17 -19 -20 20 -22 -23 -24 -25 -26 -27 -28 -29 -30
leaf_value=-1.2104726269784609 -0.048714225177919346 -0.71526655872024403 -0.082265475205393165 1.5603999724533109 5.0928211092084439 4.2141104589114446 -4.603636319871657 -0.79906966016661563 -0.71500858948150381 0.15580487086761188 -0.56393279068276814 0.029749347475393241 -0.065432474307787758 0.5055262312081702 1.4536584256732068 -4.4581770775344989 -0.37719891017677848 0.16198086103989065 0.051115799567040099 -1.3991612955774677 -0.33470789401510981 0.88514119391153556 0.080001492390891035 -0.24365156447484815 0.21794691419414336 2.9637467007740343 -0.99669827919511733 -4.2229400402493082 3.0806406330828247
leaf_weight=65 42 71 63 46 54 56 81 45 95 40 40 45 62 44 40 42 40 40 70 52 47 40 40 40 47 41 56 40 236
leaf_count=65 42 71 63 46 54 56 81 45 95 40 40 45 62 44 40 42 40 40 70 52 47 40 40 40 47 41 56 40 236
internal_value=-0.00145349 -0.0141026 0.0254545 0.0349438 -0.0229825 0.01 -0.0264045 -0.0226471 -0.0196223 -0.00103093 -0.00296804 -0.0283133 -0.0200935 0.00714286 0.0436639 -0.0147619 -0.0318919 -0.0253191 0.0166667 -0.0320513 -0.0364516 0.0395833 -0.00365854 -0.0433333 0.0224138 0.0474763 -0.0444444 -0.0475207 0.0492754
internal_weight=1720 1170 550 445 855 315 801 680 609 194 219 415 107 154 363 105 370 235 114 195 155 96 82 135 87 317 108 121 276
internal_count=1720 1170 550 445 855 315 801 680 609 194 219 415 107 154 363 105 370 235 114 195 155 96 82 135 87 317 108 121 276
cat_boundaries=0 1 2
cat_threshold=4 1
is_linear=0
shrinkage=0.05


Tree=10
num_leaves=29
num_cat=2
split_feature=30 47 13 53 12 16 12 14 30 58 32 12 38 29 70 57 68 63 43 13 13 14 10 22 10 70 15 10
split_gain=238.497 87.9367 70.8569 53.2908 49.6854 35.645 27.7324 23.2152 55.3355 19.7327 29.4925 17.6334 16.3487 14.741 18.0888 14.5105 13.1876 10.5514 10.156 10.1411 8.34857 7.79366 7.54286 3.39068 2.20194 1.99564 0.231256 0.0649123
threshold=40.094999999999807 0 94.740000000000023 1 65.370000000000019 0.42683751315945551 141.57500000000002 165.27000000000001 36.625000000000462 93.310000000000016 0.68244794724520774 56.725000000000009 184.14763038548747 -151.99999999999974 -44.995180425622017 73.41500000000002 196.12900000000002 0.70548766147840958 0.42349506750657989 45.415000000000006 43.585000000000008 115.545 187.96500000000003 435.00000000000006 226.90500000000003 -60.565705986019431 112.45 288.23500000000007
decision_type=2 1 2 1 2 2 2 2 2 2 2 2 2 2 2 2 2 2 2 2 2 2 2 2 2 2 2 2
left_child=1 5 4 6 15 22 7 8 11 19 -11 -3 -4 -13 17 -2 -16 -15 -6 -7 25 -12 -1 -20 -9 -19 -25 -8
right_child=2 3 12 -5 18 9 27 24 -10 10 21 13 -14 14 16 -17 -18 20 23 -21 -22 -23 -24 26 -26 -27 -28 -29
leaf_value=3.7955071115447083 0.31299569980188119 -0.7309604583249848 -1.4797294695686587 4.2858949925360994 1.3930275946708266 -0.040338627235621073 -4.1788038546071959 -0.52509674788905325 0.32007416113503995 -2.436248905493668 0.37449799372086379 0.20076475057682874 0.46000005408808242 -0.3954090799865807 -0.2968570694022466 -0.04270419366542573 0.056487016480570508 -1.1212189815525511 1.9903115833725302 1.0837662043255418 -0.36051737009319718 -0.082510434508599587 0.46917804058494861 3.3002124754294715 -0.62622938340723078 -0.79050707624279137 1.9954533732359032 -4.4458419544253642
leaf_weight=44 40 62 54 53 51 41 74 63 52 58 43 48 56 66 79 45 52 70 55 57 65 45 40 192 40 55 54 40
leaf_count=44 40 62 54 53 51 41 74 63 52 58 43 48 56 66 79 45 52 70 55 57 65 45 40 192 40 55 54 40
internal_value=-0.0012987 -0.0142546 0.0258684 -0.0230159 0.034897 0.00762195 -0.0263708 -0.0223926 -0.018306 -0.00204918 -0.0136986 -0.0234406 -0.01 -0.0198851 -0.0231266 0.000588235 -0.00801527 -0.0308594 0.0431818 0.0153061 -0.0368421 0.00454545 0.0357143 0.0466777 -0.0441748 -0.0444 0.049187 -0.0491228
internal_weight=1694 1147 547 819 437 328 766 652 549 244 146 497 110 435 387 85 131 256 352 98 190 88 84 301 103 125 246 114
internal_count=1694 1147 547 819 437 328 766 652 549 244 146 497 110 435 387 85 131 256 352 98 190 88 84 301 103 125 246 114
cat_boundaries=0 1 2
cat_threshold=4 1
is_linear=0
shrinkage=0.05


Tree=11
num_leaves=28
num_cat=3
split_feature=47 13 25 22 14 2 12 12 47 35 23 31 32 25 15 40 44 19 12 19 42 14 68 38 58 33 15
split_gain=172.336 124.427 82.2754 56.3977 49.6575 30.7867 31.401 29.7147 29.2861 26.0339 25.4102 19.442 15.5059 13.5899 12.7312 11.929 11.8284 11.5623 9.95444 8.74276 7.68975 5.00958 3.60521 3.40614 2.98388 1.7238 2.6069
threshold=0 92.855000000000004 615.00000000000011 414.99999999999983 108.44500000000001 1 61.155000000000008 66.105000000000004 2 0.31773708810628354 10005.000000000002 -173.64499999999995 0.7828411225889701 654.99999999999989 95.339999999999989 -56.178132259415513 0.044939041678480257 109.99999999999979 85.635000000000019 75.000000000000014 0.41280675889124691 134.50500000000002 684.90000000000009 187.86675736961482 65.000000000000014 0.60057117702652585 39.165000000000013
decision_type=1 2 2 2 2 9 2 2 1 2 2 2 2 2 2 2 2 2 2 2 2 2 2 2 2 2 2
left_child=5 2 12 4 18 6 10 -5 -6 14 21 -3 -2 -13 -8 -10 -14 22 -4 -9 -15 -1 -7 -22 -21 26 -26
right_child=1 11 3 7 8 17 9 19 15 -11 -12 13 16 20 -16 -17 -18 -19 -20 24 23 -23 -24 -25 25 -27 -28
leaf_value=-0.19373734407722243 0.05565402194732836 0.25941549397367852 0.5796021946018074 0.042655589648393513 -0.86897981854519601 -2.8145318512385895 0.7398911913744155 2.1246961954842916 -0.20188205840748352 -0.3288520925912643 0.0030661920003636658 -3.9933270258119027 -0.85614775978298396 -0.20391213842559883 0.00014936661101428995 0.53027649791108333 -0.3008608292726993 -0.54940912011180398 1.5750844994215645 2.8591807199822528 -0.48801261942705365 -0.57362312023443829 -1.4550239766443878 -1.7664204225701086 3.2281739251611854 3.0090971847960031 1.7169351797241306
leaf_weight=41 68 41 67 63 49 119 49 47 40 79 46 66 42 56 62 44 55 64 61 40 47 71 50 41 56 187 60
leaf_count=41 68 41 67 63 49 119 49 47 40 79 46 66 42 56 62 44 55 64 61 40 47 71 50 41 56 187 60
internal_value=-0.000847458 0.010531 0.019397 0.0267507 0.00823755 -0.0229776 -0.0122905 0.0374172 -0.0131579 0.00105263 -0.0291139 -0.0205179 -0.0124242 -0.0266667 0.0166667 0.0047619 -0.0252577 -0.0368313 0.0304688 0.0425641 -0.0180556 -0.0419643 -0.0452663 -0.0272727 0.0453353 0.0470297 0.0422414
internal_weight=1711 1130 879 714 261 581 348 453 133 190 158 251 165 210 111 84 97 233 128 390 144 112 169 88 343 303 116
internal_count=1711 1130 879 714 261 581 348 453 133 190 158 251 165 210 111 84 97 233 128 390 144 112 169 88 343 303 116
cat_boundaries=0 1 2 3
cat_threshold=2 4 1
is_linear=0
shrinkage=0.05


end of trees

feature_importances:
base_pre=40
base_ovl=25
base_pre_to_expected_ms=19
base_offset_to_expected_ms=16
voicing_class=16
base_cons=14
valley_dist_from_cutoff_ms=14
base_cons_gap=13
curr_phone_len_ms=11
syllable_len_ms=10
energy_min=10
next_base_pre=10
base_ovl_ratio=9
spectral_flux_mean=9
wav_duration_ms=8
base_cut_gap=8
energy_slope_pre=8
words_vs_alias_score_margin=8
prev_base_pre=7
curr_vowel_len_ms=6
base_cutoff_to_next_anchor_ms=6
db_min=6
f0_voicing_near_pre=6
zcr_mean=6
base_offset=4
db_mean=4
bridge_type=4
mapping_confidence=4
alias_type=3
alias_group=2
syllable_start_ms=2
energy_mean=2
energy_slope_post=2
f0_voicing_mean=2
is_tense=2
next_base_offset=2
next_base_cutoff_abs=2
local_valley_db=2
row_ratio_in_wav=1
base_cutoff_abs=1
curr_phone_start_ms=1
syllable_end_ms=1
energy_max=1
db_silence_ratio=1
prev_base_cutoff_abs=1
local_peak_db=1

parameters:
[boosting: gbdt]
[objective: regression_l1]
[metric: l1]
[tree_learner: serial]
[device_type: cpu]
[data_sample_strategy: bagging]
[data: ]
[valid: ]
[num_iterations: 500]
[learning_rate: 0.05]
[num_leaves: 31]
[num_threads: 0]
[seed: 0]
[deterministic: 0]
[force_col_wise: 0]
[force_row_wise: 0]
[histogram_pool_size: -1]
[max_depth: -1]
[min_data_in_leaf: 40]
[min_sum_hessian_in_leaf: 0.001]
[bagging_fraction: 0.85]
[pos_bagging_fraction: 1]
[neg_bagging_fraction: 1]
[bagging_freq: 1]
[bagging_seed: 3]
[bagging_by_query: 0]
[feature_fraction: 0.85]
[feature_fraction_bynode: 1]
[feature_fraction_seed: 2]
[extra_trees: 0]
[extra_seed: 6]
[early_stopping_round: 0]
[early_stopping_min_delta: 0]
[first_metric_only: 0]
[max_delta_step: 0]
[lambda_l1: 0]
[lambda_l2: 0]
[linear_lambda: 0]
[min_gain_to_split: 0]
[drop_rate: 0.1]
[max_drop: 50]
[skip_drop: 0.5]
[xgboost_dart_mode: 0]
[uniform_drop: 0]
[drop_seed: 4]
[top_rate: 0.2]
[other_rate: 0.1]
[min_data_per_group: 100]
[max_cat_threshold: 32]
[cat_l2: 10]
[cat_smooth: 10]
[max_cat_to_onehot: 4]
[top_k: 20]
[monotone_constraints: ]
[monotone_constraints_method: basic]
[monotone_penalty: 0]
[feature_contri: ]
[forcedsplits_filename: ]
[refit_decay_rate: 0.9]
[cegb_tradeoff: 1]
[cegb_penalty_split: 0]
[cegb_penalty_feature_lazy: ]
[cegb_penalty_feature_coupled: ]
[path_smooth: 0]
[interaction_constraints: ]
[verbosity: -1]
[saved_feature_importance_type: 0]
[use_quantized_grad: 0]
[num_grad_quant_bins: 4]
[quant_train_renew_leaf: 0]
[stochastic_rounding: 1]
[linear_tree: 0]
[max_bin: 255]
[max_bin_by_feature: ]
[min_data_in_bin: 3]
[bin_construct_sample_cnt: 200000]
[data_random_seed: 1]
[is_enable_sparse: 1]
[enable_bundle: 1]
[use_missing: 1]
[zero_as_missing: 0]
[feature_pre_filter: 1]
[pre_partition: 0]
[two_round: 0]
[header: 0]
[label_column: ]
[weight_column: ]
[group_column: ]
[ignore_column: ]
[categorical_feature: 0,1,2,3,46,47,50,51,52,53,55,56]
[forcedbins_filename: ]
[precise_float_parser: 0]
[parser_config_file: ]
[objective_seed: 5]
[num_class: 1]
[is_unbalance: 0]
[scale_pos_weight: 1]
[sigmoid: 1]
[boost_from_average: 1]
[reg_sqrt: 0]
[alpha: 0.9]
[fair_c: 1]
[poisson_max_delta_step: 0.7]
[tweedie_variance_power: 1.5]
[lambdarank_truncation_level: 30]
[lambdarank_norm: 1]
[label_gain: ]
[lambdarank_position_bias_regularization: 0]
[eval_at: ]
[multi_error_top_k: 1]
[auc_mu_weights: ]
[num_machines: 1]
[local_listen_port: 12400]
[time_out: 120]
[machine_list_filename: ]
[machines: ]
[gpu_platform_id: -1]
[gpu_device_id: -1]
[gpu_use_dp: 0]
[num_gpu: 1]

end of parameters

pandas_categorical:[["korean"], ["cvc"], ["br", "cv", "cv_head", "mono", "vc", "vcv", "vv"], ["br", "cv", "cv_glide", "cv_head", "cv_head_glide", "mono", "vc_other", "vc_sonorant", "vc_stop", "vcv", "vv"], ["other", "plosive", "sibilant", "sonorant"], ["unknown", "voiced", "voiceless"], ["liquid", "nasal", "none", "other", "stop"], ["", "a", "e", "eo", "eu", "eui", "i", "o", "u", "wa", "we", "weo", "wi", "ya", "ye", "yeo", "yo", "yu"], ["head", "mid", "tail"], ["", "vc", "vcv", "vv"], ["", "cv", "cv_head", "mono", "vc", "vcv", "vv"], [""]]
