tree
version=v4
num_class=1
num_tree_per_iteration=1
label_index=0
max_feature_idx=74
objective=regression_l1
feature_names=language format_type alias_type alias_group row_index_in_wav row_ratio_in_wav is_head_row is_tail_row wav_duration_ms base_offset base_cons base_cutoff_abs base_pre base_ovl base_cons_gap base_cut_gap base_ovl_ratio curr_phone_start_ms curr_phone_end_ms curr_phone_len_ms curr_vowel_start_ms curr_vowel_end_ms curr_vowel_len_ms syllable_start_ms syllable_end_ms syllable_len_ms prev_phone_gap_ms next_phone_gap_ms expected_anchor_ms base_offset_to_expected_ms base_pre_to_expected_ms base_cutoff_to_next_anchor_ms energy_mean energy_min energy_max energy_slope_pre energy_slope_post valley_energy valley_dist_from_cutoff_ms db_mean db_min db_silence_ratio f0_voicing_mean f0_voicing_near_pre zcr_mean spectral_flux_mean onset_class voicing_class is_tense is_diphthong coda_type vowel_class mora_position bridge_type is_nasal_or_sonorant prev_alias_type next_alias_type prev_base_pre next_base_pre prev_base_offset next_base_offset prev_base_cutoff_abs next_base_cutoff_abs mapping_confidence used_alias_occurrence_mapping used_exact_vowel_fix used_nuclei_fallback used_alias_based_syllables words_vs_alias_score_margin jump_blocked_flag mapping_reason_code local_peak_db local_valley_db mel_window_energy_mean mel_window_silence_ratio
feature_infos=none none -1:0:1:3:5:2 -1:1:0:3:2:5:9:4:6:7 [0:39] [0:1] [0:1] [0:1] [3636.8253968253966:12360.294784580499] [37.75:11216.309999999999] [114.92:295.80000000000001] [314.95999999999998:11490.41] [27.809999999999999:175.21000000000001] [0:154.22] [36.799999999999997:180.63] [7.9999999999999858:311.07000000000005] [0:0.9258198677302788] [70:11260] [420:11290] [10:4754.4699999999993] [0:11290] [0:11360] [0:4754.4699999999993] [0:11210] [420:12150] [30:4754.4699999999993] [0:550] [0:2150] [70:11290] [-176.59000000000017:41.509999999999991] [-35.700000000000045:166.25999999999999] [-2737.6400000000003:2550.1999999999998] [0.196690336444448:1] [0:1] [0.28487020037666078:1] [-0.74572408850357053:1] [-0.7444309601900263:0.95557281141629158] [0:1] [0.0040362811789691:479.83712018140608] [-62.685141072849696:-7.4360091880644568] [-96.888252737959206:-8.7785598918622547] [0:0.55384615384615388] [0:1] [0:1] [0.0079387581514034009:0.2489367734618656] [0:0.074589212064477203] -1:1:0:3:2 -1:1:0:2 [0:1] [0:1] -1:2:3:4:1 -1:0:1:6:2:11:8:7:13:17:16:10:18:15:19:3:12:5:4 -1:1:0:2 -1:0:1:3 [0:1] -1:1:0:4:2:5:6 none [0:360] [0:360.31] [0:11099.530000000001] [0:10349.85] [0:11367.5] [0:10642.889999999999] [0.75031053025493821:1] [0:1] [0:1] none none [-15.722000000000005:1596.9359999999999] none none [-62.685141072849696:-7.4360091880644568] [-96.888252737959206:-8.7785598918622547] [0.196690336444448:1] [0:0.55384615384615388]
tree_sizes=2720 2765 2793 2765 2753 2755 2748 2773 2791 2769 2800 2796 2782 2759 2806 2786 2772 2825 2783 2805 2789 2833 2771 2794 2800 2749 2775 2773 2761 2793 2795 2744 2787

Tree=0
num_leaves=31
num_cat=1
split_feature=16 10 16 8 68 13 39 13 10 58 5 40 47 16 60 35 9 61 60 57 63 33 19 33 12 13 10 63 44 12
split_gain=1280.91 209.445 103.614 79.1683 64.7931 63.8482 37.0541 30.0333 23.4578 23.1904 20.4794 19.2209 17.5133 15.754 12.7114 8.96503 8.55592 7.53002 7.21114 6.78541 7.14566 6.39352 6.01425 5.85938 6.89074 6.76488 5.60337 4.00955 3.99329 3.95707
threshold=0.55584102483652365 171.54500000000004 0.66718804473841686 4911.4965986394573 9.0844999999999931 27.535000000000004 -19.112414369324608 39.760000000000012 138.18500000000003 99.815000000000012 0.46291208791208799 -23.767466469593419 0 0.62991701925820021 1697.5900000000004 0.17736954845576622 2091.6750000000006 1547.7600000000002 2079.5450000000005 75.790000000000006 0.94038306783077596 0.49260731575051436 55.000000000000007 0.39425193356289473 69.245000000000019 24.300000000000001 186.47500000000002 0.91779004076109227 0.032747377374539206 58.525000000000013
decision_type=2 2 2 2 2 2 2 2 2 2 2 2 1 2 2 2 2 2 2 2 2 2 2 2 2 2 2 2 2 2
left_child=5 8 3 7 -4 23 9 14 -2 29 15 13 21 19 -3 26 -15 -13 -16 20 -5 -8 28 -1 25 -25 -9 -24 -6 -7
right_child=1 2 4 11 22 6 12 10 -10 -11 -12 17 -14 16 18 -17 -18 -19 -20 -21 -22 -23 27 24 -26 -27 -28 -29 -30 -31
leaf_value=-13.034250223636628 -12.805250215530396 -14.056750202178955 -13.785750222206115 -13.820250225067138 -14.433250236511231 -13.728250217437743 -13.803250217437744 -14.669750213623047 -14.044250202178954 -14.031250214576721 -15.730750179290771 -14.724250221252442 -14.34100022315979 -14.348250198364259 -14.451250171661377 -14.291500234603882 -14.123500227928162 -14.224750232696532 -14.223000216484071 -13.814250206947326 -14.154750227928162 -14.080750226974487 -15.480750179290771 -13.385750216245651 -14.045250225067139 -13.780250215530396 -14.636750221252441 -14.793250226974488 -15.293250179290771 -13.751250219345092
leaf_weight=618 99 67 44 53 45 177 41 59 77 62 208 43 46 50 47 76 76 41 68 61 64 90 721 127 40 89 88 88 41 125
leaf_count=618 99 67 44 53 45 177 41 59 77 62 208 43 46 50 47 76 76 41 68 61 64 90 721 127 40 89 88 88 41 125
internal_value=-14.1348 -14.1594 -14.1641 -14.1529 -14.1761 -14.0979 -14.1114 -14.1641 -14.1072 -14.1023 -14.1713 -14.1353 -14.1302 -14.1294 -14.1471 -14.1608 -14.1429 -14.1564 -14.1572 -14.1198 -14.1269 -14.1209 -14.179 -14.0896 -14.0959 -14.0924 -14.168 -14.1803 -14.1664 -14.0966
internal_weight=3531 2116 1940 1001 939 1415 541 613 176 364 431 388 177 304 182 223 126 84 115 178 117 131 895 874 256 216 147 809 86 302
internal_count=3531 2116 1940 1001 939 1415 541 613 176 364 431 388 177 304 182 223 126 84 115 178 117 131 895 874 256 216 147 809 86 302
cat_boundaries=0 1
cat_threshold=2
is_linear=0
shrinkage=1


Tree=1
num_leaves=31
num_cat=2
split_feature=13 10 16 8 3 40 16 8 60 13 40 48 13 11 27 14 11 39 35 68 5 8 35 58 15 68 29 39 47 5
split_gain=1205.84 189.012 140.028 55.2719 53.7106 46.7664 39.133 51.57 27.4838 22.8135 21.597 19.1486 17.6837 15.0704 13.7059 12.9425 12.2655 12.074 11.8636 11.7271 10.4586 8.68864 8.76657 8.06472 7.9871 7.08936 6.29425 6.26426 6.17633 5.59374
threshold=32.765000000000008 138.18500000000003 0.6203938344050739 5292.6984126984134 0 -20.175512093006336 0.67792205434749508 4926.9841269841281 1697.5900000000004 25.355000000000004 -17.390643983513403 1.0000000180025095e-35 39.760000000000012 1915.9950000000001 59.999999999999893 118.47500000000001 2374.1850000000004 -19.613297244288486 0.24919049088787948 88.938000000000031 0.46291208791208799 4480.0000000000009 0.037266784325937559 89.540000000000006 107.03500000000001 62.594000000000015 -44.994999999999997 -25.140267733364666 1 0.44722222222222224
decision_type=2 2 2 2 9 2 2 2 2 2 2 2 2 2 2 2 2 2 2 2 2 2 2 2 2 2 2 2 1 2
left_child=5 -2 3 8 18 11 7 20 10 -7 12 15 -3 -11 19 17 21 29 -4 24 25 -10 -23 26 -5 -6 -9 -21 -27 -1
right_child=1 2 4 14 6 9 -8 23 16 13 -12 -13 -14 -15 -16 -17 -18 -19 -20 27 -22 22 -24 -25 -26 28 -28 -29 -30 -31
leaf_value=1.080712507367134 1.2632625126838686 0.16805003404617314 0.267431258559227 0.31251250267028807 -0.17942494630813599 0.29001250982284549 -1.2397124719619752 0.052737492322921756 -0.99693741023540494 -0.10971246957778931 -0.30816250324249267 0.1072625303268433 -0.15366244316101074 0.139537513256073 -0.28901246190071106 0.82641250848770142 -0.14778748989105228 0.12016252994537356 -0.59962499618530285 0.18587501227855682 -1.6292125177383423 -0.28996244668960575 -0.083937449455261257 -0.25239371120929721 0.90613751649856555 -0.56626248359680176 -0.2909624910354614 -0.079762488603591919 -0.73633751153945926 0.29921250164508822
leaf_weight=132 97 84 72 47 69 53 750 87 100 52 44 69 51 77 42 751 63 43 44 46 162 47 67 62 44 48 58 42 97 117
leaf_count=132 97 84 72 47 69 53 750 87 100 52 44 69 51 77 42 751 63 43 44 46 162 47 67 62 44 48 58 42 97 117
internal_value=-4.265e-05 -0.0223797 -0.0254939 -0.00672083 -0.034265 0.0383308 -0.0369695 -0.02753 -0.0166667 0.0148352 -0.00139665 0.0421763 0.00851852 0.00348837 0.0138009 0.0438639 -0.0265343 0.0349315 0 0.0198324 -0.0385638 -0.032243 -0.022807 -0.00748792 0.0324176 -0.0313084 -0.00103448 0.00681818 -0.0375862 0.0391566
internal_weight=3517 2223 2126 677 1449 1294 1333 583 456 182 179 1112 135 129 221 1043 277 292 116 179 376 214 114 207 91 214 145 88 145 249
internal_count=3517 2223 2126 677 1449 1294 1333 583 456 182 179 1112 135 129 221 1043 277 292 116 179 376 214 114 207 91 214 145 88 145 249
cat_boundaries=0 1 2
cat_threshold=612 4
is_linear=0
shrinkage=0.05


Tree=2
num_leaves=31
num_cat=1
split_feature=13 3 13 8 39 13 8 13 14 13 39 60 10 13 38 10 68 49 10 14 68 8 36 8 10 68 17 68 39 40
split_gain=1136.55 183.181 146.057 49.718 47.2114 42.1532 34.0117 29.3636 27.4558 27.2276 22.2338 14.1354 12.0114 10.6563 10.4149 10.3176 9.88121 9.59333 9.44762 14.356 9.10867 7.96204 7.83468 7.72689 12.1786 8.75189 7.68269 8.70817 7.46198 7.39794
threshold=32.765000000000008 0 45.040000000000006 5292.6984126984134 -18.839039237363107 26.700000000000006 4875.5555555555566 55.115000000000002 117.36500000000002 68.205000000000013 -19.268396703027907 1689.2150000000004 223.32000000000002 40.935000000000009 214.22424036281168 177.15000000000001 94.058500000000024 1.0000000180025095e-35 191.88500000000002 131.40500000000003 39.077000000000005 5713.9002267573705 -0.0062302096828728499 4469.2743764172346 204.22000000000003 97.616000000000014 1255.0000000000002 44.004500000000014 -25.140267733364666 -34.828538182417127
decision_type=2 9 2 2 2 2 2 2 2 2 2 2 2 2 2 2 2 2 2 2 2 2 2 2 2 2 2 2 2 2
left_child=5 2 4 23 6 18 8 -5 11 28 17 -2 -11 16 -9 22 21 20 -1 -20 -7 -8 -12 26 25 -25 27 -4 -3 -22
right_child=1 9 3 7 -6 10 13 14 -10 12 15 -13 -14 -15 -16 -17 -18 -19 19 -21 29 -23 -24 24 -26 -27 -28 -29 -30 -31
leaf_value=0.82564188909530645 -0.26731497442722318 0.80659939277172088 -0.16495376384258265 -0.045094386458396946 -0.27298370052874088 0.50196688723564153 0.17476189029216768 -0.82059729258716119 0.069934996008873013 -0.25314653810858728 0.15754813134670262 -1.1145593390762805 0.3331659472286701 0.016293760448694218 -0.33909108142554767 0.29302313864231117 0.055418736845254918 0.3742418826818466 0.58339188617467885 1.2869669006466866 0.0026993899345397311 0.49588689041137696 -0.039398743391036953 -0.87384553706645962 -0.92322684073448191 -0.18897686743736275 -1.7177268102169039 -0.82897682929039007 1.2433493756055833 0.34509188544750213
leaf_weight=706 40 40 43 151 206 52 50 134 98 60 46 74 44 76 80 47 57 173 52 55 49 51 76 53 216 61 394 235 82 40
leaf_count=706 40 40 43 151 206 52 50 134 98 60 46 74 44 76 80 47 57 173 52 55 49 51 76 53 216 61 394 235 82 40
internal_value=-1.41203e-05 -0.0215367 -0.0262445 -0.035662 -0.00690184 0.0372685 0.00224215 -0.019863 -0.0122642 0.0207627 0.0255694 -0.0289474 0.00288462 0.0153846 -0.0317757 0.0109467 0.0227848 0.0334395 0.0442189 0.0303738 0.0237589 0.0321782 0.00327869 -0.0414172 -0.0351515 -0.0219298 -0.044494 -0.0381295 0.0377049 0.0140449
internal_weight=3541 2245 2019 1367 652 1296 446 365 212 226 483 114 104 234 214 169 158 314 813 107 141 101 122 1002 330 114 672 278 122 89
internal_count=3541 2245 2019 1367 652 1296 446 365 212 226 483 114 104 234 214 169 158 314 813 107 141 101 122 1002 330 114 672 278 122 89
cat_boundaries=0 1
cat_threshold=27
is_linear=0
shrinkage=0.05


Tree=3
num_leaves=31
num_cat=2
split_feature=13 53 16 13 46 29 13 40 13 39 65 14 35 44 31 21 33 45 21 13 39 39 32 35 13 16 31 15 5 65
split_gain=1041.78 192.837 140.774 45.9808 39.6984 59.409 34.7574 27.7683 25.801 18.9169 14.5321 14.3417 14.535 13.4242 12.6525 10.9707 10.898 10.6569 10.4361 8.51471 20.3682 9.13573 8.15129 7.887 7.1001 7.0217 6.97153 6.86926 6.71288 6.39886
threshold=32.765000000000008 0 0.63703167677072992 26.700000000000006 1 -25.904999999999969 67.63000000000001 -20.572803333034177 59.090000000000011 -19.268396703027907 1.0000000180025095e-35 122.98500000000001 0.30404304108356389 0.021669551307821503 114.64 2435.0000000000005 0.2265208845354332 0.015167170886819051 1535.0000000000002 12.025 -35.673295239404666 -18.619691696289973 0.77312851444854225 0.45001468715852955 38.545000000000009 0.59578601181502455 -149.58500000000001 103.55499999999999 0.30384615384615393 1.0000000180025095e-35
decision_type=2 9 2 2 1 2 2 2 2 2 2 2 2 2 2 2 2 2 2 2 2 2 2 2 2 2 2 2 2 2
left_child=3 2 4 16 5 11 -3 18 13 10 27 12 25 15 22 -4 -1 -8 -6 -18 -21 -22 -11 -10 -9 -2 -15 -5 -7 -20
right_child=1 6 8 9 7 28 17 24 23 14 -12 -13 -14 26 -16 -17 19 -19 29 20 21 -23 -24 -25 -26 -27 -28 -29 -30 -31
leaf_value=0.99570103952437639 -0.05883671955466277 1.181181906825304 -0.40815632273852831 0.081347314500808662 -0.20612000564597552 -0.23459835258647802 0.32075765177458521 -0.074605185424536466 -1.2750223820306363 0.01046759936213495 0.3716297898828983 0.13490406880229716 0.086559412994980808 -0.32275075278654697 -0.10214308470785621 0.015549433445930473 1.2406185384482145 -0.17123169951289891 0.37437977224290364 -0.0044001984730363212 0.55368478962182999 0.21650479992628091 0.2591907285153866 -0.93244693414345381 -0.35736770096942783 -0.52096643931195141 -0.72722556554079054 0.32849354490041738 -1.1151251117989422 0.056938243347406381
leaf_weight=538 59 106 88 67 40 42 49 42 559 40 170 45 92 75 48 43 68 60 90 40 85 92 73 81 43 73 353 79 144 137
leaf_count=538 59 106 88 67 40 42 49 42 559 40 170 45 92 75 48 43 68 60 90 40 85 92 73 81 43 73 353 79 144 137
internal_value=-0.000241409 -0.0210491 -0.0258724 0.0353077 -0.00972739 -0.0192473 0.0239535 0.00303867 -0.0367389 0.022956 0.0300633 -0.00464684 -0.00982143 -0.0288909 0.00900621 -0.0148855 0.0424666 0.00412844 0.0110487 0.0345614 0.0297235 0.0370056 0.0181416 -0.0435938 -0.0217647 -0.0204545 -0.0331776 0.0184932 -0.0413978 0.0151982
internal_weight=3521 2221 2006 1300 807 455 215 352 1199 477 316 269 224 559 161 131 823 109 267 285 217 177 113 640 85 132 428 146 186 227
internal_count=3521 2221 2006 1300 807 455 215 352 1199 477 316 269 224 559 161 131 823 109 267 285 217 177 113 640 85 132 428 146 186 227
cat_boundaries=0 1 2
cat_threshold=1 2
is_linear=0
shrinkage=0.05


Tree=4
num_leaves=31
num_cat=4
split_feature=16 3 16 13 10 58 39 39 13 13 47 58 51 59 9 20 10 62 32 45 68 13 58 68 15 5 47 22 68 14
split_gain=968.879 176.318 121.301 60.7392 34.8073 32.335 27.611 25.5998 24.0889 22.1682 16.0337 15.3612 13.9616 13.882 19.5553 12.5235 12.4941 17.7494 13.6656 11.2048 10.5183 10.3938 10.3177 9.23327 8.58087 8.52043 14.6615 8.32061 8.23846 7.90955
threshold=0.55266550936154213 0 0.63220530387256113 26.700000000000006 138.18500000000003 117.87500000000001 -18.839039237363107 -19.112414369324608 40.935000000000009 61.035000000000004 1 105.79000000000001 2 1954.8050000000001 1198.2450000000001 2175.0000000000005 188.19000000000003 2387.9500000000003 0.85714531007154782 0.014606851276790801 94.388500000000008 23.380000000000006 69.640000000000015 88.016000000000005 102.89000000000003 0.46291208791208799 3 299.99999999999994 72.790500000000009 117.36500000000002
decision_type=2 9 2 2 2 2 2 2 2 2 1 2 9 2 2 2 2 2 2 2 2 2 2 2 2 2 1 2 2 2
left_child=3 2 5 16 -3 6 8 11 12 15 28 23 -2 14 -10 25 21 18 -18 -6 -14 -1 -17 27 -23 26 -4 -5 -9 -16
right_child=1 4 9 7 19 -7 -8 10 13 -11 -12 -13 20 -15 29 22 17 -19 -20 -21 -22 24 -24 -25 -26 -27 -28 -29 -30 -31
leaf_value=1.1998247221603244 0.16859643021032211 1.1018728248354794 -0.14306849986415351 0.38829830849498503 0.32171977681525049 -1.0908564403230698 -0.24224823746154089 0.043100212881118073 0.087718477925919025 -1.2228053735240179 -0.18271847813412548 0.072089745666384666 0.1014857278764993 0.10546488163873545 -1.1541313483888656 -0.7402029778430983 0.86572224238954476 1.2352130675510691 -0.0020111485575139199 -0.1450122814229875 -0.083789285193234697 0.15717955849945542 -0.14467208880286667 0.11382088503271343 0.4270845566231013 -1.5287310384658725 -0.53007550070365894 0.35779830181926481 0.24623119208961725 -0.17857471497595309
leaf_weight=438 103 97 115 97 55 56 202 91 41 550 41 52 94 45 70 67 40 60 55 71 51 63 73 64 139 150 266 173 45 57
leaf_count=438 103 97 115 97 55 56 202 91 41 550 41 52 94 45 70 67 40 60 55 71 51 63 73 64 139 150 266 173 45 57
internal_value=-0.00055382 -0.0213361 -0.0261026 0.0325479 0.0203863 -0.00994437 -0.00686275 0.0199822 -0.00010846 -0.0358313 0.00423729 0.0272021 0.0104839 -0.0124413 -0.0190476 -0.0297317 0.0414465 0.0287097 0.0152632 0.00396825 -0.000322581 0.0445313 -0.0164286 0.0311377 0.0351485 -0.0332392 -0.0292651 0.0351852 0.0125 -0.0287402
internal_weight=3521 2163 1940 1358 223 719 663 563 461 1221 177 386 248 213 168 671 795 155 95 126 145 640 140 334 202 531 381 270 136 127
internal_count=3521 2163 1940 1358 223 719 663 563 461 1221 177 386 248 213 168 671 795 155 95 126 145 640 140 334 202 531 381 270 136 127
cat_boundaries=0 1 2 3 4
cat_threshold=11 2 925762 4
is_linear=0
shrinkage=0.05


Tree=5
num_leaves=31
num_cat=5
split_feature=16 15 12 12 8 39 48 8 47 12 39 47 33 27 24 61 14 14 47 18 17 16 19 38 38 15 25 47 46 30
split_gain=943.171 161.151 87.9874 62.7896 52.0775 47.8937 37.7198 35.8008 23.1136 19.923 18.8143 15.2509 14.6509 12.5321 12.1742 12.0923 13.3456 11.3749 17.5573 11.3103 10.3587 9.79735 14.5898 8.78442 7.95816 7.90329 7.63038 7.49727 7.43141 10.5284
threshold=0.55830508501771925 30.000000000000018 74.065000000000012 52.020000000000003 4500.3174603174621 -19.268396703027907 1.0000000180025095e-35 5292.6984126984134 0 87.975000000000009 -26.084663922551268 1 0.61054850080426359 1.0000000180025095e-35 1625.0000000000002 3123.8700000000003 115.38500000000001 113.63500000000001 2 1615.0000000000002 905.00000000000011 0.66098782032647141 379.99999999999994 198.16197278911571 38.923435374149683 96.085000000000008 429.99999999999994 3 4 39.659999999999975
decision_type=2 2 2 2 2 2 2 2 1 2 2 1 2 2 2 2 2 2 1 2 2 2 2 2 2 2 2 1 1 2
left_child=3 9 7 25 20 6 14 8 -3 -2 21 26 -9 28 -5 16 -16 18 -12 -15 27 -6 23 -23 -20 -1 -7 -4 29 -10
right_child=1 2 4 5 10 11 -8 12 13 -11 17 -13 -14 19 15 -17 -18 -19 24 -21 -22 22 -24 -25 -26 -27 -28 -29 -30 -31
leaf_value=0.36142140832756087 1.0467791835937053 -0.6709557225857703 -0.60566297647531797 0.69993611596495287 0.054318353355279174 0.12268180495902148 -0.0033130582314505833 0.25126624776739254 -0.082426592551968991 0.066060468364838518 0.030075816600727025 -0.12839823890358956 -0.14800387927294065 -0.041073478971871594 0.087389488803287924 0.93219351881936563 0.36512498185025899 -0.7636623741855435 -0.79199252637446205 -0.45715371513882935 -1.4149227400126421 -0.55447457252869936 0.1697514164111158 -0.19663091414426079 -0.46860199704186195 0.86283348795965686 -0.039672092785798002 -0.14618445254996049 -0.1752491501916974 0.14187464395830782
leaf_weight=84 96 105 105 217 68 128 79 116 57 54 53 66 70 49 76 57 296 272 53 64 493 53 40 59 78 408 51 50 101 63
leaf_count=84 96 105 105 217 68 128 79 116 57 54 53 66 70 49 76 57 296 272 53 64 493 53 40 59 78 408 51 50 101 63
internal_value=-0.000463353 -0.021939 -0.0257825 0.0303694 -0.0330816 0.0229897 0.0294483 -0.01032 -0.0181093 0.028 -0.0233728 0.00387755 0.00806452 -0.0116766 0.0334365 0.0285548 0.0252688 -0.0291667 -0.0195652 -0.0252212 -0.0432099 -0.0113636 -0.0184211 -0.0276786 -0.0293893 0.0449187 0.0114525 -0.0319355 -0.00475113 0.00384615
internal_weight=3561 2099 1949 1462 1324 970 725 625 439 150 676 245 186 334 646 429 372 456 184 113 648 220 152 112 131 492 179 155 221 120
internal_count=3561 2099 1949 1462 1324 970 725 625 439 150 676 245 186 334 646 429 372 456 184 113 648 220 152 112 131 492 179 155 221 120
cat_boundaries=0 1 2 3 4 5
cat_threshold=1 2 4 2 12
is_linear=0
shrinkage=0.05


Tree=6
num_leaves=31
num_cat=5
split_feature=16 8 53 12 16 13 40 12 47 5 12 12 3 59 40 51 38 39 58 60 8 35 12 47 38 62 39 30 4 35
split_gain=804.656 128.749 82.8108 61.317 60.0496 45.1676 35.9539 33.2199 30.2008 29.1001 25.6857 23.3278 22.9646 22.212 18.5778 14.2363 23.2302 15.8763 13.8878 11.8161 11.5472 10.6584 9.85468 9.84664 8.97351 8.48844 8.46881 8.27668 7.92008 7.43122
threshold=0.54623519436511569 4480.0000000000009 0 67.75500000000001 0.67792205434749508 23.380000000000006 -17.390643983513403 74.555000000000021 1 0.31456043956043961 87.700000000000003 81.915000000000006 2 1422.8300000000002 -32.21779455465299 3 251.22581632653069 -26.084663922551268 67.855000000000004 2420.4450000000002 4825.396825396826 0.45001468715852955 68.495000000000019 4 263.96929705215422 1586.3650000000002 -34.295767992325729 64.705000000000055 3.5000000000000004 0.035053326597614252
decision_type=2 2 9 2 2 2 2 2 1 2 2 2 9 2 2 9 2 2 2 2 2 2 2 1 2 2 2 2 2 2
left_child=5 3 4 8 6 7 15 27 -2 11 -4 18 13 20 -14 19 17 -17 26 22 -7 -6 -3 -15 29 -20 -5 -1 -12 -16
right_child=1 2 10 9 21 12 -8 -9 -10 -11 28 -13 14 23 24 16 -18 -19 25 -21 -22 -23 -24 -25 -26 -27 -28 -29 -30 -31
leaf_value=1.1379682018872068 0.16702726774129381 -0.019417557758718385 1.0146902110625795 -0.30728153767423039 -0.73054821554406812 -0.28854639560897344 -0.2710715453981784 0.39932402983566795 -0.80139797469366825 -1.4634529487423913 -0.035992550285031837 -0.78814090487580002 0.37115714547872525 -0.039730019232552885 0.17232670814942083 0.23686426449088965 0.19172721058086656 -0.13240224396931363 0.031836975545903368 0.043271904215368778 0.095863907048701791 -0.24964572654416539 -0.35186662759807402 0.28151450679385698 0.29072964775662852 -0.23970218397581339 -0.44770108604766712 0.80280788060895658 0.31278565923403145 -0.022516911475110746
leaf_weight=451 74 77 88 41 298 50 117 77 55 401 61 167 257 40 72 83 87 217 52 78 48 61 105 165 40 49 58 64 44 54
leaf_count=451 74 77 88 41 298 50 117 77 55 401 61 167 257 40 72 83 87 217 52 78 48 61 105 165 40 49 58 64 44 54
internal_value=-0.000807137 -0.0192273 -0.00927052 -0.033835 -0.0144702 0.0301214 -0.0065445 0.0403716 -0.00193798 -0.0391927 0.0209845 -0.0290191 0.0217631 0.0100639 0.0292148 -0.00193199 0.00415617 -0.00233333 -0.0175 -0.0107407 -0.00918367 -0.031337 -0.0181319 0.0197561 0.0168675 -0.00445545 -0.0308081 0.0449515 0.00428571 0.0103175
internal_weight=3531 2213 1316 897 1123 1318 764 592 129 768 193 367 726 303 423 647 387 300 200 260 98 359 182 205 166 101 99 515 105 126
internal_count=3531 2213 1316 897 1123 1318 764 592 129 768 193 367 726 303 423 647 387 300 200 260 98 359 182 205 166 101 99 515 105 126
cat_boundaries=0 1 2 3 4 5
cat_threshold=1 2 17 72066 4
is_linear=0
shrinkage=0.05


Tree=7
num_leaves=31
num_cat=4
split_feature=16 8 10 10 48 39 12 68 17 17 47 8 62 16 47 40 27 39 38 10 51 62 62 47 14 39 68 16 16 62
split_gain=730.539 136.338 96.3635 58.0895 55.0533 58.1068 47.3725 34.2796 27.8444 27.1182 24.0111 64.3461 22.6209 21.3816 20.2932 19.5122 17.8978 17.3294 22.0416 17.8387 15.8286 15.2704 13.7598 13.6214 9.06955 9.18367 7.60128 7.55952 7.30338 7.15068
threshold=0.55584102483652365 4480.0000000000009 135.49000000000004 199.86000000000004 1.0000000180025095e-35 -19.268396703027907 68.355000000000004 9.0844999999999931 1285.0000000000002 1315.0000000000002 0 4865.396825396826 1983.1150000000002 0.45609864093302122 1 -49.027088989488604 1.0000000180025095e-35 -24.142056947973721 220.68829931972783 213.50000000000003 2 1625.1200000000003 1535.8150000000003 3 111.61500000000002 -18.839039237363107 76.158500000000004 0.41643252504982403 0.5166589767664399 1411.6000000000001
decision_type=2 2 2 2 2 2 2 2 2 2 1 2 2 2 1 2 2 2 2 2 9 2 2 1 2 2 2 2 2 2
left_child=4 6 -3 16 5 9 12 -5 14 27 11 -11 -2 -12 26 -6 20 18 19 -9 29 -7 -16 28 -18 -26 -8 -1 -23 -4
right_child=1 2 3 7 15 21 8 17 -10 10 13 -13 -14 -15 22 -17 24 -19 -20 -21 -22 23 -24 -25 25 -27 -28 -29 -30 -31
leaf_value=1.3435434397069379 0.10557197590411188 1.176043167226217 -0.32412727225740556 0.28640467142143938 0.021558237314306439 0.25950564337230503 -0.35179896764112312 -0.075661378288649717 -1.317239319970323 -0.062369354461010308 0.98740068132320113 1.1856662129836024 -0.22882687333231094 0.22461373291510328 0.083571470877997198 -0.17640408399356655 -0.36720863768083262 -0.70470754492045584 0.073092238091178749 -0.83834764263179806 0.1141674283248869 0.1263330829899319 -0.36827250094335828 -0.1379692518418989 0.062764623420814125 -0.12504564934191739 -0.74968529114504223 0.36577098149231801 -0.012252660743925682 -0.022869253419414148
leaf_weight=260 63 83 52 46 41 63 78 44 438 51 172 49 53 275 43 41 115 305 44 59 211 130 79 61 49 49 130 206 72 188
leaf_count=260 63 83 52 46 41 63 78 44 438 51 172 49 53 275 43 41 115 305 44 59 211 130 79 61 49 49 130 206 72 188
internal_value=-0.00140845 -0.0199389 -0.00927711 -0.0129948 0.0263547 0.0287901 -0.0349548 -0.0259036 -0.0394531 0.0346989 0.0271481 0.005 -0.00517241 0.0321029 -0.0284848 -0.0134146 -0.00331325 -0.0300885 -0.0159864 -0.0286408 0.00232816 0.0104294 -0.0122951 0.00513308 -0.0152582 -0.00408163 -0.0379808 0.0435622 0.0113861 -0.0064
internal_weight=3550 2129 1245 1162 1421 1339 884 498 768 1013 547 100 116 447 330 82 664 452 147 103 451 326 122 263 213 98 208 466 202 240
internal_count=3550 2129 1245 1162 1421 1339 884 498 768 1013 547 100 116 447 330 82 664 452 147 103 451 326 122 263 213 98 208 466 202 240
cat_boundaries=0 1 2 3 4
cat_threshold=4 2 274571 2
is_linear=0
shrinkage=0.05


Tree=8
num_leaves=31
num_cat=2
split_feature=16 8 10 10 39 24 12 8 14 68 17 14 32 27 51 15 38 39 13 12 47 61 39 36 16 32 68 13 14 10
split_gain=734.964 135.398 87.0116 54.0531 45.8456 44.6012 42.9644 37.62 64.0509 35.7942 25.683 25.6673 17.2612 18.472 15.8235 15.8101 15.7254 16.4411 15.0607 14.3481 14.0219 13.6821 10.8241 9.62114 9.57688 9.20612 8.52024 7.71696 7.69506 7.65434
threshold=0.54484361173109097 4480.0000000000009 131.70500000000001 204.22000000000003 -18.619691696289973 1625.0000000000002 68.355000000000004 4886.3492063492076 120.47500000000002 9.0844999999999931 915.00000000000011 118.21500000000002 0.59077898202609835 29.99999999999989 0 88.495000000000033 215.06665532879825 -25.729685272384497 21.930000000000003 80.25500000000001 1 1973.2250000000001 -26.084663922551268 0.040709917787985356 0.56976706220246198 0.76442485654096193 46.693000000000133 30.630000000000006 119.27500000000002 187.80500000000004
decision_type=2 2 2 2 2 2 2 2 2 2 2 2 2 2 9 2 2 2 2 2 1 2 2 2 2 2 2 2 2 2
left_child=4 6 -3 12 5 27 11 8 15 -5 19 -2 22 14 23 -7 -11 -18 -9 -8 28 -10 -4 -14 -16 -20 -15 -1 -6 -17
right_child=1 2 3 9 20 7 10 18 21 16 -12 -13 13 26 24 29 17 -19 25 -21 -22 -23 -24 -25 -26 -27 -28 -29 -30 -31
leaf_value=0.80098242311937762 -0.75069467107518961 1.2698222821822434 0.46883282320072195 0.19232380555094922 0.038588235534396324 0.29391985624939865 -0.12662358271571605 0.92290124107473837 0.02398033403166 -0.84127443673243207 -1.1156419438000071 0.12539450689164849 0.049814559086489713 -0.0075851753178110218 0.046255016974519107 -0.041318149943804186 0.01909653430311167 -0.55317214872207909 0.34914859854049712 -0.66249919139343649 -0.11309336340468756 0.74183516012309514 -0.14771716921809838 0.2762760331626849 -0.20635027524771721 0.45485175040417664 -0.25169093955140981 0.30621516323277742 0.1564709089543749 -0.041151121740001177
leaf_weight=435 55 72 60 46 74 40 113 120 48 222 541 75 200 63 50 48 47 114 105 105 62 90 42 43 172 82 186 41 139 51
leaf_count=435 55 72 60 46 74 40 113 120 48 222 541 75 200 63 50 48 47 114 105 105 62 90 42 43 172 82 186 41 139 51
internal_value=-0.00145439 -0.019175 -0.00899772 -0.0120884 0.0278277 0.0325472 -0.034252 0.0232877 0.0099278 -0.0264569 -0.0388011 -0.00769231 -0.00453431 -0.00728291 -0.00139785 -0.0140288 -0.0314621 -0.0195652 0.035342 -0.0243119 0.00963636 0.034058 0.0147059 0.00731225 -0.0107759 0.0264706 -0.0182731 0.0439076 0.0157277 -0.0247475
internal_weight=3541 2206 1317 1245 1335 1060 889 584 277 429 759 130 816 714 465 139 383 161 307 218 275 138 102 243 222 187 249 476 213 99
internal_count=3541 2206 1317 1245 1335 1060 889 584 277 429 759 130 816 714 465 139 383 161 307 218 275 138 102 243 222 187 249 476 213 99
cat_boundaries=0 1 2
cat_threshold=429126 2
is_linear=0
shrinkage=0.05


Tree=9
num_leaves=31
num_cat=3
split_feature=16 8 10 12 13 12 5 10 23 16 13 32 47 39 14 60 18 40 27 47 10 39 62 13 8 51 60 38 29 39
split_gain=664.611 122.731 74.5928 62.6361 51.1278 54.1783 61.3116 40.1465 34.0537 33.5867 29.2053 21.6372 21.4409 21.1784 18.8128 18.2418 19.4384 14.6049 14.4625 14.1804 12.0555 12.8757 11.0103 10.1241 9.66034 9.23298 9.65026 9.00961 8.80339 8.76032
threshold=0.54484361173109097 4480.0000000000009 131.70500000000001 67.75500000000001 21.280000000000005 69.060000000000016 0.46291208791208799 204.22000000000003 1235.0000000000002 0.90646089925961959 60.055000000000007 0.59077898202609835 0 -17.507944040263556 123.825 1742.0300000000002 2005.0000000000002 -28.45637931075014 29.99999999999989 1 172.26000000000002 -33.681528053551091 1441.8600000000004 30.455000000000002 4662.857142857144 2 2510.8700000000003 225.13795918367353 -19.48500000000001 -29.952889234428735
decision_type=2 2 2 2 2 2 2 2 2 2 2 2 1 2 2 2 2 2 2 1 2 2 2 2 2 9 2 2 2 2
left_child=4 3 -3 12 5 -1 -7 11 10 14 19 -4 -2 15 -9 23 -17 27 22 -5 -18 -22 -13 -6 -15 26 -24 -16 -26 -21
right_child=1 2 7 8 13 6 -8 9 -10 -11 -12 18 -14 24 17 16 20 -19 -20 29 21 -23 25 -25 28 -27 -28 -29 -30 -31
leaf_value=1.0452997809003546 0.10864743620669 1.1972499367174638 0.12923775057291148 0.0034844058873010121 0.3644333090563614 1.1849969942405507 -0.027280352493429617 -0.94191773106816312 -1.3130048811433734 0.26246824757282006 -0.75696606868893523 -0.2408974188290218 -0.71315993752143003 0.17184046625769459 -0.25916893734038987 -0.11305209403313837 0.035039517013925624 -0.49022560784766106 -0.21996533328417392 -0.27525615000582987 0.051664590365954589 0.32076462174965981 0.026416081697283024 0.27934313040819642 -0.10508491417158861 0.064129167141870627 -0.30894281146505786 0.10901816157994659 0.070579008416906897 -0.41125477911386449
leaf_weight=378 81 71 107 77 243 62 72 202 388 42 125 69 53 52 40 44 75 108 244 121 43 133 52 65 60 295 48 41 82 52
leaf_count=378 81 71 107 77 243 62 72 202 388 42 125 69 53 52 40 44 75 108 244 121 43 133 52 65 60 295 48 41 82 52
internal_value=-0.00131915 -0.0180054 -0.00830174 -0.0322742 0.026929 0.0392578 0.0119403 -0.0111378 -0.0378113 -0.0234411 -0.0270667 -0.00460123 -0.000746269 0.0190088 -0.0280051 0.0236318 0.0147458 -0.0166667 -0.00776836 -0.0172 0.0201195 0.0272727 -0.00258621 0.0321429 0.00463918 0.000632911 -0.0118182 -0.000617284 -0.00211268 -0.0251445
internal_weight=3525 2216 1319 897 1309 512 134 1248 763 433 375 815 134 797 391 603 295 189 708 250 251 176 464 308 194 395 100 81 142 173
internal_count=3525 2216 1319 897 1309 512 134 1248 763 433 375 815 134 797 391 603 295 189 708 250 251 176 464 308 194 395 100 81 142 173
cat_boundaries=0 1 2 3
cat_threshold=2 4 336000
is_linear=0
shrinkage=0.05


Tree=10
num_leaves=31
num_cat=2
split_feature=16 8 10 48 13 12 46 5 10 9 68 45 39 62 14 40 68 17 51 62 25 58 32 45 68 36 61 25 68 27
split_gain=614.739 123.459 68.9387 65.836 64.8169 49.0241 53.768 48.6677 32.1479 32.1209 31.8806 25.7756 20.5097 19.1667 17.6497 23.1667 17.3124 15.6136 14.7418 12.0005 11.8326 8.25368 8.24001 7.74267 7.47942 7.33457 8.50806 7.64878 7.42442 7.21893
threshold=0.56506309970047319 4480.0000000000009 135.49000000000004 1.0000000180025095e-35 22.660000000000004 85.010000000000005 0 0.98148148148148151 204.22000000000003 1511.9450000000004 9.0844999999999931 0.021252541855933605 -20.746802173777507 2205.2650000000008 123.825 -23.903751606250307 83.883500000000012 895.00000000000011 1 1540.5800000000002 399.99999999999994 53.860000000000007 0.7024800659789413 0.013198023794363351 103.80350000000001 0.050117969471206954 1323.3100000000002 419.99999999999994 77.280500000000146 29.99999999999989
decision_type=2 2 2 2 2 2 1 2 2 2 2 2 2 2 2 2 2 2 9 2 2 2 2 2 2 2 2 2 2 2
left_child=3 5 -3 4 7 6 9 -1 17 11 -10 23 16 -5 -12 -16 -6 -4 21 -8 -18 -19 -14 -2 -23 26 27 -24 -28 -20
right_child=1 2 8 13 12 -7 19 -9 10 -11 14 -13 22 -15 15 -17 20 18 29 -21 -22 24 25 -25 -26 -27 28 -29 -30 -31
leaf_value=0.9910133411905826 -0.20130243450913357 0.86354690548855084 -0.50155088238648593 0.025410237219012366 0.27888626982229892 -1.398868714475044 0.16598322508060095 -0.019706225626863996 0.23880366004008602 -0.98364750542224888 -0.90342614173160818 0.069045159496559982 -0.056350138777624452 -0.05952887424084996 -0.0090262249261655828 -0.56255835450600711 -0.036672748024861694 -0.46447718772774871 0.12721241132864547 -0.062118114380585877 0.33302993708191786 -0.16781458715121789 0.09782413559554759 -0.410056454959628 0.042988613076253568 0.31948469116315847 0.026689737423890671 -0.1141593165295018 0.21154613267377331 -0.11183116957151853
leaf_weight=463 68 82 44 41 406 341 62 51 45 193 182 42 63 64 99 90 51 55 183 105 105 192 40 62 87 51 103 41 44 97
leaf_count=463 68 82 44 41 406 341 62 51 45 193 182 42 63 64 99 90 51 55 183 105 105 192 40 62 87 51 103 41 44 97
internal_value=-0.00152027 -0.0195416 -0.00882353 0.0224885 0.0253173 -0.0337342 -0.0242481 0.0394942 -0.0121974 -0.0345333 -0.0230769 -0.0197674 0.0172566 -0.0157143 -0.0278976 -0.0171958 0.0231317 -0.00531915 -0.00325733 0.000282486 0.00897436 -0.0101744 0.00760234 -0.0307692 -0.00698925 0.0112903 0.00745614 -0.00555556 0.0146259 0.00517241
internal_weight=3552 2029 1156 1523 1418 873 532 514 1074 365 416 172 904 105 371 189 562 658 614 167 156 334 342 130 279 279 228 81 147 280
internal_count=3552 2029 1156 1523 1418 873 532 514 1074 365 416 172 904 105 371 189 562 658 614 167 156 334 342 130 279 279 228 81 147 280
cat_boundaries=0 1 2
cat_threshold=2 340361
is_linear=0
shrinkage=0.05


Tree=11
num_leaves=31
num_cat=2
split_feature=16 10 8 48 13 5 63 16 46 58 35 71 57 8 51 32 60 21 10 8 5 13 11 12 14 29 22 30 45 60
split_gain=603.165 122.874 84.2768 72.6652 65.0173 43.4224 40.9504 36.696 32.5087 18.6274 18.3849 17.5478 16.9 14.613 14.5007 12.1065 11.5125 13.5334 15.4005 11.4824 11.0458 11.7553 10.3531 9.21966 9.25215 9.18464 9.08944 8.86705 8.97467 9.19685
threshold=0.56506309970047319 175.23000000000005 5292.6984126984134 1.0000000180025095e-35 21.280000000000005 0.98148148148148151 0.89700429054464836 0.64764328922995917 0 100.13000000000001 0.37461601710386477 -17.507944040263556 57.260000000000012 4469.2743764172346 1 0.77744446526393951 1714.7850000000001 2015.0000000000002 171.98500000000004 4926.9841269841281 0.45804195804195807 45.255000000000003 1653.1100000000004 78.105000000000018 111.61500000000002 -49.014999999999979 369.99999999999994 41.85000000000003 0.014773454595178502 2525.4950000000003
decision_type=2 2 2 2 2 2 2 2 1 2 2 2 2 2 9 2 2 2 2 2 2 2 2 2 2 2 2 2 2 2
left_child=3 12 6 4 5 -1 13 -4 10 -5 20 16 -2 23 22 -16 -6 -18 -19 -14 21 -8 -10 24 -3 -15 -13 28 29 -9
right_child=1 2 7 9 11 -7 8 27 14 -11 -12 26 19 25 15 -17 17 18 -20 -21 -22 -23 -24 -25 -26 -27 -28 -29 -30 -31
leaf_value=0.96375149236842383 1.1327913335922248 -0.89475715837981429 0.10631379905717094 0.011607771204918472 0.30690311377407697 -0.018720914345520791 -0.11159314416099804 -0.32305615131555232 -0.20528561034945253 -0.056552430528807457 0.012714469451598376 0.078538315592752372 0.25386621929492253 -0.44549806446449375 -0.1505896671151904 0.12670161297570245 -0.027753899143869276 0.019568953028216287 0.25406292810125702 -0.3257112034007501 -0.89535639866533967 -0.41148119787457188 0.010098944988860215 -1.2834252863806865 -0.12872833115850507 -0.71364727726681965 -0.053532631838743239 -0.49531367505000018 -0.39037343445422518 0.31360489749899934
leaf_weight=427 60 61 218 40 311 47 56 45 79 52 41 189 69 130 45 81 68 83 226 51 148 155 41 327 40 101 57 116 120 41
leaf_count=427 60 61 218 40 311 47 56 45 79 52 41 189 69 130 45 81 68 83 226 51 148 155 41 327 40 101 57 116 120 41
internal_value=-0.00163121 -0.0194321 -0.0232791 0.0224 0.0252131 0.0402954 -0.0301533 -0.00666667 -0.0212074 -0.0206522 -0.0297561 0.0175589 0.02 -0.0389226 -0.00585938 0.00588235 0.021657 0.0157825 0.0202265 0.00916667 -0.0341226 -0.0267773 -0.0176923 -0.0443925 -0.0311881 -0.0287879 0.00609756 -0.0173913 -0.011165 0.00116279
internal_weight=3525 2025 1845 1500 1408 474 1305 540 646 92 400 934 180 659 246 126 688 377 309 120 359 211 120 428 101 231 246 322 206 86
internal_count=3525 2025 1845 1500 1408 474 1305 540 646 92 400 934 180 659 246 126 688 377 309 120 359 211 120 428 101 231 246 322 206 86
cat_boundaries=0 1 2
cat_threshold=2 953344
is_linear=0
shrinkage=0.05


Tree=12
num_leaves=31
num_cat=2
split_feature=16 15 16 13 46 29 48 68 39 47 68 14 68 12 12 16 12 40 14 5 9 16 15 5 41 37 58 15 44 40
split_gain=542.81 104.731 80.7785 57.1806 45.2915 59.6753 41.2952 40.1756 30.5084 27.5895 24.8417 22.1208 17.5863 16.7412 15.6433 14.3701 14.0932 13.659 11.8894 19.6165 15.2529 11.855 10.5763 14.0091 9.71218 9.41196 9.231 8.93507 8.85651 8.64379
threshold=0.56506309970047319 30.000000000000018 0.67331994347670499 7.1350000000000007 0 -45.175000000000061 1.0000000180025095e-35 18.649500000000007 -20.746802173777507 1 83.883500000000012 123.825 48.069000000000003 82.175000000000026 77.465000000000018 0.49208214628467617 90.660000000000011 -21.041136223816743 124.61000000000001 0.6515151515151516 2105.8150000000005 0.43180342980047243 107.52000000000002 0.45227272727272733 0.057148040638606602 0.58029518248057776 80.110000000000014 117.68000000000002 0.020647245767194605 -30.652173397426981
decision_type=2 2 2 2 1 2 2 2 2 1 2 2 2 2 2 2 2 2 2 2 2 2 2 2 2 2 2 2 2 2
left_child=3 13 4 -1 5 22 8 -4 10 29 18 16 -8 -2 17 -12 24 28 19 21 -21 -5 23 -3 -9 -13 -16 -10 -6 -7
right_child=1 2 7 6 14 9 12 11 27 -11 15 25 -14 -15 26 -17 -18 -19 -20 20 -22 -23 -24 -25 -26 -27 -28 -29 -30 -31
leaf_value=1.2920638567148464 1.0624830020829781 0.088121965606415567 0.24070198136631216 1.0126054933327502 0.14270433945171962 0.072250413368218955 0.018166082656858241 -0.36489524893347663 0.085041558146534163 -0.82918769694728545 0.45022868605748328 0.036499554140154801 -0.037270020111345219 0.23946719260519417 -0.46916359929022228 0.0022281359218142781 -1.1263126809274095 -0.077432474852037553 0.50556387960302995 -0.064858175842447005 0.18188578082910489 0.24104269107725901 -0.29262555212049984 -0.18533974147483329 -1.4340199807730178 -0.46127262814224984 -0.04001076357794249 -0.02724215300421964 0.061436726936317944 -0.20031330682383858
leaf_weight=174 60 113 40 87 85 45 40 266 316 249 98 47 47 74 44 122 398 64 165 41 46 273 50 94 48 80 60 71 156 51
leaf_count=174 60 113 40 87 85 45 40 266 316 249 98 47 47 74 44 122 398 64 165 41 46 273 50 94 48 80 60 71 156 51
internal_value=-0.000513699 -0.0173419 -0.0203704 0.0225 -0.0107319 -0.019281 0.0189127 -0.0314562 0.0212879 -0.0331884 0.0266827 -0.0337902 -0.0143678 0.0253731 0.0022673 0.0122727 -0.0372191 0.00803279 0.0318627 0.0276286 0.00632184 0.0327778 -0.00136187 0.00362319 -0.0292994 -0.0145669 -0.0144231 0.00968992 0.0134855 -0.0104167
internal_weight=3504 2024 1890 1480 1011 602 1306 879 1219 345 832 839 87 134 409 220 712 305 612 447 87 360 257 207 314 127 104 387 241 96
internal_count=3504 2024 1890 1480 1011 602 1306 879 1219 345 832 839 87 134 409 220 712 305 612 447 87 360 257 207 314 127 104 387 241 96
cat_boundaries=0 1 2
cat_threshold=2 2
is_linear=0
shrinkage=0.05


Tree=13
num_leaves=31
num_cat=4
split_feature=16 8 12 10 13 59 10 21 8 14 58 16 8 47 47 10 39 46 38 12 39 21 47 16 30 63 60 19 38 63
split_gain=495.681 126.625 65.6285 64.0809 54.3535 47.2994 37.2933 29.9592 51.5231 45.1138 28.089 27.3126 25.0683 24.8655 23.313 23.1324 16.7257 14.3379 14.1344 14.58 12.4846 12.3307 11.855 11.8106 11.1387 9.07728 8.98121 8.92653 10.298 8.25134
threshold=0.54037163747264338 4480.0000000000009 68.495000000000019 199.64500000000001 7.1350000000000007 870.80000000000007 128.80500000000004 1625.0000000000002 4901.3378684807267 133.80500000000004 99.815000000000012 0.90646089925961959 4480.0000000000009 0 1 201.63000000000002 -26.418626539664682 2 220.68829931972783 91.730000000000004 -21.42812826675793 3045.0000000000005 3 0.44974796068734463 -6.4700000000000264 0.9989067051857613 2666.8450000000007 55.000000000000007 111.72581632653034 0.79924609489459353
decision_type=2 2 2 2 2 2 2 2 2 2 2 2 2 1 1 2 2 1 2 2 2 2 1 2 2 2 2 2 2 2
left_child=4 2 13 6 -1 15 -3 12 9 10 14 16 23 -2 -9 22 18 -8 19 -5 -14 27 -4 -6 26 -16 -19 -10 -29 -18
right_child=1 3 5 11 7 -7 17 8 21 -11 -12 -13 20 -15 25 -17 29 24 -20 -21 -22 -23 -24 -25 -26 -27 -28 28 -30 -31
leaf_value=1.2274606638791041 0.11346891271583903 1.0321088481641318 0.036677045911080786 0.037071217800456149 0.65028571423310799 -1.0220885962576387 0.15861159677163164 -0.061615267050324635 0.07841088015677955 0.78518613248216307 -0.091245298566236518 0.25588383549175736 0.44943425230981582 -0.53102514162353864 0.14178466015739863 -0.55690020974254839 -0.97943177814419702 0.14088152281666266 0.084138823132587789 -0.67251754746096815 -0.023133089539247954 0.59218492117941979 -0.23701501339442804 0.24787004207523347 -0.060014894155118272 -0.0046051112124764872 -0.021152965165730776 0.2179843591601559 0.34310656739674061 -0.45855548596089551
leaf_weight=174 96 55 51 40 132 434 106 49 49 56 69 40 42 66 121 112 57 57 47 50 69 101 175 179 549 103 68 42 98 270
leaf_count=174 96 55 51 40 132 434 106 49 49 56 69 40 42 66 121 112 57 57 47 50 69 101 175 179 549 103 68 42 98 270
internal_value=-0.00139162 -0.0154201 -0.0295503 -0.00556385 0.0234424 -0.0356218 0.00293413 0.0193694 0.012936 0.00125628 -0.00555556 -0.0196429 0.0298578 -0.000617284 0.00164835 -0.0215976 -0.0230603 0.000128205 -0.00839416 -0.02 0.00945946 0.0289655 -0.0123894 0.0371383 -0.00263158 0.00848214 0.0108 0.0214286 0.0278571 -0.0292049
internal_weight=3557 2273 934 1339 1284 772 835 1110 688 398 342 504 422 162 273 338 464 780 137 90 111 290 226 311 674 224 125 189 140 327
internal_count=3557 2273 934 1339 1284 772 835 1110 688 398 342 504 422 162 273 338 464 780 137 90 111 290 226 311 674 224 125 189 140 327
cat_boundaries=0 1 2 3 4
cat_threshold=2 4 4 4
is_linear=0
shrinkage=0.05


Tree=14
num_leaves=31
num_cat=2
split_feature=16 8 10 16 12 48 10 18 71 68 58 16 5 8 10 60 8 30 47 71 46 8 19 58 12 27 36 30 12 59
split_gain=478.2 108.41 57.0125 56.3127 56.23 39.5929 39.2163 32.7376 28.5466 26.7974 24.3094 21.5618 27.6574 18.3291 16.8273 14.6941 14.658 13.4702 11.9638 11.7534 11.477 14.7378 11.8955 11.1686 11.005 10.7865 10.3829 10.3713 13.8846 8.98393
threshold=0.54037163747264338 4480.0000000000009 131.70500000000001 0.060304527262187609 71.420000000000016 1.0000000180025095e-35 203.85000000000005 1575.0000000000002 -18.301656301619008 9.0844999999999931 101.78500000000001 0.45609864093302122 0.98148148148148151 6030.7029478458053 203.22500000000002 1683.5700000000004 5898.8888888888896 41.065000000000062 0 -27.854709354580656 1 5638.0952380952394 329.99999999999994 92.545000000000002 81.285000000000011 29.99999999999989 0.025533279245929904 30.215000000000035 63.100000000000009 1723.4600000000003
decision_type=2 2 2 2 2 2 2 2 2 2 2 2 2 2 2 2 2 2 1 2 1 2 2 2 2 2 2 2 2 2
left_child=3 4 -3 -1 10 8 13 14 11 -8 19 12 -5 16 -6 -13 20 29 -10 26 21 22 -4 -17 -23 -18 -2 -22 -29 -11
right_child=1 2 6 5 7 -7 9 -9 18 17 -12 15 -14 -15 -16 23 25 -19 -20 -21 27 24 -24 -25 -26 -27 -28 28 -30 -31
leaf_value=1.1663376364071947 0.10366661232702441 0.97900341910736577 0.42743781358269922 0.6135134082138749 -0.2140352781272381 -0.028988902038690867 0.1821226929075945 -1.132867137113118 0.068287109087760992 -0.26467199765908916 -0.6694644123142004 0.29185367444432359 0.041336513366469423 -0.60783584982273975 -0.53398424576666093 0.13173658008525999 0.29491966328830527 -0.61179235298298706 -0.12592414026537671 -0.13676701072404143 -0.0085330859864531493 0.054147888481543532 -0.0070481629128774873 -0.046667506923519619 -0.43469313232771312 -0.086473725438336979 -0.08584242554055202 0.0063846145671614179 -0.26269033295182498 -0.70774057004771929
leaf_weight=160 80 70 61 299 246 79 44 336 191 146 40 180 57 41 110 235 71 191 48 59 231 68 41 54 55 40 43 61 161 66
leaf_count=160 80 70 61 299 246 79 44 336 191 146 40 180 57 41 110 235 71 191 48 59 231 68 41 54 55 40 43 61 161 66
internal_value=-0.00190797 -0.0158116 -0.00679287 0.022218 -0.0291028 0.018329 -0.00920125 -0.0361272 0.0208647 -0.0211409 -0.00720721 0.0252727 0.0345506 -0.00277108 -0.0255618 0.0182303 -0.00107731 -0.0251861 0.00564854 0.000549451 -0.00383481 0.00531915 0.0196078 0.0112457 -0.00609756 0.0157658 0.00934959 -0.00831533 -0.0162162 -0.0165094
internal_weight=3564 2261 1347 1303 914 1143 1277 692 1064 447 222 825 356 830 356 469 789 403 239 182 678 225 102 289 123 111 123 453 222 212
internal_count=3564 2261 1347 1303 914 1143 1277 692 1064 447 222 825 356 830 356 469 789 403 239 182 678 225 102 289 123 111 123 453 222 212
cat_boundaries=0 1 2
cat_threshold=2 5
is_linear=0
shrinkage=0.05


Tree=15
num_leaves=31
num_cat=3
split_feature=13 8 13 10 24 68 14 10 18 8 47 13 14 40 39 14 16 47 22 40 51 57 16 44 16 30 68 68 40 36
split_gain=440.786 124.566 56.2746 52.2356 45.4388 43.2786 43.1157 33.3482 31.4715 34.0474 42.4422 30.5903 29.7065 26.7297 18.2861 23.331 13.7374 13.6353 13.9933 13.0753 16.0847 13.0655 12.5086 9.72852 9.58383 9.37211 8.41457 8.0752 9.02583 8.00029
threshold=32.405000000000008 4480.0000000000009 3.6100000000000003 199.64500000000001 1635.0000000000002 9.0844999999999931 121.89500000000002 135.49000000000004 1625.0000000000002 4911.4965986394573 0 50.615000000000002 134.45500000000004 -19.441657956544283 -20.361236952801033 123.15500000000002 0.71778389666415443 1 349.99999999999994 -17.139901797699121 2 88.295000000000016 0.43180342980047243 0.05110676694003926 0.72546623550078182 52.315000000000069 65.03700000000002 59.823500000000116 -16.074003051722809 -0.010280645883146049
decision_type=2 2 2 2 2 2 2 2 2 2 1 2 2 2 2 2 2 1 2 2 9 2 2 2 2 2 2 2 2 2
left_child=2 4 -1 7 11 -5 -6 -3 13 10 12 -2 27 22 15 24 26 18 -11 20 23 -12 -4 -9 -7 -17 -13 28 -10 -22
right_child=1 3 8 5 6 14 -8 19 9 17 21 16 -14 -15 -16 25 -18 -19 -20 -21 29 -23 -24 -25 -26 -27 -28 -29 -30 -31
leaf_value=1.107770748864789 0.01835635343055202 0.67910434951493048 0.53059575238871293 0.39558014470447794 -0.91755489516965827 -0.39697908927942294 0.038118447259113709 -0.055679654446644293 -0.026386190498620368 -0.035855495216730926 -0.0060354495300012807 -0.022265107489160309 0.75830893512434827 -0.025390790516673614 -0.51123796583927916 0.050875338780033454 -0.85645431969115293 0.51848021931688604 0.23241795553047462 -0.14556287566782378 -0.033844228572371904 -0.053294021679287429 0.22088385624925563 0.2516620722759047 -0.86756659809731218 -0.17057384010727034 -0.33985153869527168 0.16631015063272331 0.09104587058217542 0.13731703931426562
leaf_weight=163 148 84 129 54 392 72 57 316 111 51 64 57 58 43 228 91 58 113 101 90 79 82 257 41 56 40 186 79 45 205
leaf_count=163 148 84 129 54 392 72 57 316 111 51 64 57 58 43 228 91 58 113 101 90 79 82 257 41 56 40 186 79 45 205
internal_value=-0.000704225 -0.0140639 0.0225309 -0.00449853 -0.0285078 -0.0165434 -0.039755 0.00349693 0.018579 0.0120739 0.00353075 -0.0172606 0.0145051 0.0292541 -0.0212526 -0.0121622 -0.026412 0.0262264 0.0164474 6.83995e-05 0.0025741 -0.0184932 0.0334197 -0.00449591 -0.0273438 0.00267176 -0.0211934 0.00659574 0 0.0112245
internal_weight=3550 2254 1296 1356 898 541 449 815 1133 704 439 449 293 429 487 259 301 265 152 731 641 146 386 357 128 131 243 235 156 284
internal_count=3550 2254 1296 1356 898 541 449 815 1133 704 439 449 293 429 487 259 301 265 152 731 641 146 386 357 128 131 243 235 156 284
cat_boundaries=0 1 2 3
cat_threshold=2 2 604291
is_linear=0
shrinkage=0.05


Tree=16
num_leaves=31
num_cat=4
split_feature=16 3 12 16 39 48 46 30 30 63 12 31 20 14 61 47 72 16 47 58 14 16 62 59 5 5 4 60 15 22
split_gain=415.036 88.6312 89.1769 61.1183 32.9737 36.4985 31.9014 55.1173 28.6681 35.5565 25.5775 22.6027 19.0671 21.4968 17.029 16.1873 15.9538 15.6111 14.8391 15.8862 11.6129 11.3263 11.1113 10.4214 10.3252 10.2817 9.39657 9.30002 9.29389 8.75785
threshold=0.54037163747264338 0 73.640000000000015 0.11228326069668056 -18.839039237363107 1.0000000180025095e-35 1 38.000000000000014 0.85499999999990461 0.88212105096653526 80.750000000000014 137.70499999999996 1315.0000000000002 124.855 2801.9150000000004 2 -19.148412243246067 0.24772102359920981 3 80.855000000000004 122.12500000000001 0.41643252504982403 1957.3100000000002 844.24000000000012 0.37980769230769235 0.84807692307692317 2.5000000000000004 2084.2850000000003 62.270000000000017 319.99999999999994
decision_type=2 9 2 2 2 2 1 2 2 2 2 2 2 2 2 1 2 2 1 2 2 2 2 2 2 2 2 2 2 2
left_child=3 2 6 -1 5 12 7 23 26 20 -3 18 21 14 17 29 25 -14 -11 -20 -10 -5 -21 -2 -12 -8 -4 -25 -28 -6
right_child=1 10 8 4 15 -7 16 -9 9 11 24 -13 13 -15 -16 -17 -18 -19 19 22 -22 -23 -24 27 -26 -27 28 -29 -30 -31
leaf_value=0.99613225910526548 0.10515862281058959 0.88159803258359948 0.066020327848820601 0.68041376717672186 0.20060732402523504 -0.024507219859527175 0.073714014137702052 -0.51298703366332055 -0.8879939012056195 -0.70365869694362637 -0.034652941742824787 0.017415602869126134 -0.044284290508457502 0.49455296664595583 0.48280640834941302 -0.15555853136438325 -0.074547350314043831 0.11772298870248199 -0.39160202940377498 -0.19617511950265715 -0.42144993387375129 0.26621679790964459 0.064075329289719471 -0.21230846139293058 0.36908463474070374 0.27528578516781765 -0.45929096912406975 0.028647583734508066 0.016619935337438996 0.024795965121403897
leaf_weight=164 86 69 59 141 42 66 226 178 441 138 71 92 41 104 53 57 71 256 256 60 109 180 69 66 58 46 43 95 45 157
leaf_count=164 86 69 59 141 42 66 226 178 441 138 71 92 41 104 53 57 71 256 256 60 109 180 69 66 58 46 43 95 45 157
internal_value=-0.00148347 -0.014223 -0.0172249 0.0215305 0.0172744 0.0220571 -0.00377604 -0.0127586 -0.0252287 -0.0278541 0.0173077 -0.0195935 0.0250968 0.0185022 0.0125714 0.0015625 0.00750708 0.00791246 -0.0236138 -0.0185714 -0.0370909 0.0344237 -0.00426357 0.00222672 0.00503876 0.0132353 -0.00442177 -0.0052795 -0.0147727 0.00829146
internal_weight=3539 2278 2080 1261 1097 841 768 425 1312 1165 198 615 775 454 350 256 343 297 523 385 550 321 129 247 129 272 147 161 88 199
internal_count=3539 2278 2080 1261 1097 841 768 425 1312 1165 198 615 775 454 350 256 343 297 523 385 550 321 129 247 129 272 147 161 88 199
cat_boundaries=0 1 2 3 4
cat_threshold=75 2 2 1
is_linear=0
shrinkage=0.05


Tree=17
num_leaves=31
num_cat=3
split_feature=16 8 16 10 59 14 10 20 11 10 40 60 10 39 16 16 58 51 44 68 30 51 40 32 39 68 51 16 36 38
split_gain=365.777 121.043 69.0584 61.3848 54.3161 46.2113 32.0107 31.6811 30.7903 25.8115 21.1578 21.1387 23.4642 20.7179 20.0102 17.2504 17.0415 12.4592 12.3356 9.29208 8.88384 8.72184 13.5184 8.66382 10.633 8.31219 8.17971 10.1529 8.00494 7.79797
threshold=0.54037163747264338 4480.0000000000009 0.11228326069668056 131.70500000000001 876.94000000000017 121.18500000000002 199.64500000000001 1315.0000000000002 2872.8800000000006 206.22000000000003 -21.843514564458381 2297.6300000000006 185.50500000000002 -26.829916940620347 0.41643252504982403 0.41643252504982403 60.720000000000006 0 0.025594539353135052 192.17950000000005 57.605000000000139 1 -20.175512093006336 0.5829460090229831 -31.955357622040136 112.49450000000002 2 0.65203169659389815 0.057602586876466959 251.22581632653069
decision_type=2 2 2 2 2 2 2 2 2 2 2 2 2 2 2 2 2 9 2 2 2 9 2 2 2 2 9 2 2 2
left_child=2 4 -1 -3 9 18 17 10 11 16 15 12 -9 25 -13 -4 -2 29 -6 21 28 22 -15 -19 -25 -8 -26 -28 -16 -5
right_child=1 3 7 6 5 -7 13 8 -10 -11 -12 14 -14 19 20 -17 -18 23 -20 -21 -22 -23 -24 24 26 -27 27 -29 -30 -31
leaf_value=0.94382563661325902 -0.23665368076849377 0.84443688433996345 0.64639307881788577 0.039422927294572044 -0.66999155622689244 0.043232955372460018 0.093520733446087245 0.014925611647789605 0.35677911436389176 -0.46955965468949779 -0.0042346777157621588 0.61078163581238076 -0.057109391775544353 0.039692430932927007 -0.037708545283615363 0.20226457032748824 0.0023902693812640763 0.081416970132029587 -0.76702913803272199 -0.73847082442134548 0.264910756485285 -0.4188080345564571 -0.44013479625594631 -0.44025748687959099 0.057564697732687575 -0.14827753686293157 -0.14409648413486842 0.049634438922759649 0.16930121164789577 0.16062556137849393
leaf_weight=178 121 68 148 195 69 54 69 209 145 86 66 58 83 73 103 216 217 75 384 46 40 194 40 57 146 87 179 40 61 66
leaf_count=178 121 68 148 195 69 54 69 209 145 86 66 58 83 73 103 216 217 75 384 46 40 194 40 57 146 87 179 40 61 66
internal_value=-0.0011335 -0.0132833 0.0199311 -0.00363296 -0.0271214 -0.0381657 -0.00611681 0.0153676 0.00879828 -0.0139151 0.0260465 0.0034296 -0.00582192 -0.0158153 0.0137405 0.0307692 -0.00769231 0.000395778 -0.0433775 -0.0225212 0.00637255 -0.0193811 -0.00609756 -0.00424063 -0.007109 -0.000641026 -0.0039726 -0.00982533 0.00121951 0.00904059
internal_weight=3573 2266 1307 1335 931 507 1267 1129 699 424 430 554 292 509 262 364 338 758 453 353 204 307 113 497 422 156 365 219 164 261
internal_count=3573 2266 1307 1335 931 507 1267 1129 699 424 430 554 292 509 262 364 338 758 453 353 204 307 113 497 422 156 365 219 164 261
cat_boundaries=0 1 2 3
cat_threshold=164940 435200 262147
is_linear=0
shrinkage=0.05


Tree=18
num_leaves=31
num_cat=3
split_feature=16 8 13 15 23 18 18 14 8 13 40 68 8 13 40 47 35 16 57 51 38 60 47 68 14 12 57 63 15 29
split_gain=359.477 108.86 82.8686 53.6301 52.0022 46.7326 49.7861 25.4645 30.2642 25.2784 29.1247 28.0538 24.8256 24.2514 23.9426 16.8309 19.8811 16.7886 16.0557 15.7863 17.245 15.3143 14.7643 13.6063 13.1409 17.0291 12.5859 12.0223 11.5833 14.0784
threshold=0.5970747720262416 4480.0000000000009 3.6100000000000003 13.000000000000002 1255.0000000000002 1625.0000000000002 2055.0000000000005 134.45500000000004 5652.1768707482997 63.735000000000007 -18.264100708386863 9.0844999999999931 4469.2743764172346 67.085000000000022 -17.592207580488079 0 0.052283513940513705 0.31787650654891181 57.260000000000012 1 227.48126984126955 2378.0900000000006 2 102.87300000000003 117.36500000000002 96.050000000000026 86.720000000000013 0.92957880239422452 114.45 -52.554999999999943
decision_type=2 2 2 2 2 2 2 2 2 2 2 2 2 2 2 1 2 2 2 9 2 2 1 2 2 2 2 2 2 2
left_child=2 4 -1 18 13 14 12 8 15 10 19 -11 -7 28 17 21 26 -4 -3 -5 -21 -8 -13 -10 -6 -26 -17 -18 -2 -30
right_child=1 3 5 9 24 6 7 -9 23 11 -12 22 -14 -15 -16 16 27 -19 -20 20 -22 -23 -24 -25 25 -27 -28 -29 29 -31
leaf_value=0.89938437004138516 -0.20109930109093438 0.82104630390355904 0.43772562246954688 -0.14098630552198799 -0.93138126789558062 -0.20294252367570814 -0.073044772668991828 0.60183672499403129 0.35991532034235441 0.16310238064189139 -0.33891470367468896 -0.29896687215768891 -0.0057749449851194797 -0.75816372270688559 -0.078467034534197122 0.060160796907670379 -0.14897544021489911 0.16102413774513422 0.27205892989490094 0.019080285492665452 0.17659289513163526 0.053103136653898542 -0.77718304030528396 0.035708503751908476 -0.013725690023244752 -0.89967903761664836 0.21926109799994356 0.02056503783828827 -0.18018851618320167 0.084667232917828628
leaf_weight=155 193 52 117 225 296 97 50 77 183 44 77 140 203 62 48 140 45 402 75 153 79 51 135 62 40 51 45 122 107 47
leaf_count=155 193 52 117 225 296 97 50 77 183 44 77 140 203 62 48 140 45 402 75 153 79 51 135 62 40 51 45 122 107 47
internal_value=-0.000713686 -0.0166667 0.0150529 -0.0055102 -0.030402 0.011754 0.00562791 0.0123226 0.00931232 -0.0100234 -0.00337079 -0.0211599 -0.0116667 -0.0179707 0.0233686 0.00165563 0.00681818 0.0264933 0.0248031 0.00142232 0.0103306 -0.0163366 -0.0270909 0.0234694 -0.0435401 -0.0269231 0.0181081 -0.00568862 -0.0128242 -0.0025974
internal_weight=3573 1776 1797 980 796 1642 1075 775 698 853 534 319 300 409 567 453 352 519 127 457 232 101 275 245 387 91 185 167 347 154
internal_count=3573 1776 1797 980 796 1642 1075 775 698 853 534 319 300 409 567 453 352 519 127 457 232 101 275 245 387 91 185 167 347 154
cat_boundaries=0 1 2 3
cat_threshold=4 334274 4
is_linear=0
shrinkage=0.05


Tree=19
num_leaves=31
num_cat=2
split_feature=16 8 13 10 23 18 8 47 16 40 16 15 39 68 8 30 32 16 8 40 15 14 30 34 51 68 8 16 10 68
split_gain=360.86 108.969 92.302 65.9123 49.2369 38.9733 44.0338 46.9504 35.8207 26.41 26.0814 24.9115 23.7468 23.2404 20.5948 19.34 16.2195 15.9104 15.0086 14.1817 13.3098 11.1111 11.0355 10.8919 10.4763 10.3144 10.1089 11.4276 10.0332 9.94048
threshold=0.5970747720262416 4480.0000000000009 3.6100000000000003 135.49000000000004 1255.0000000000002 1625.0000000000002 5616.2358276643999 0 0.44267920156969437 -17.592207580488079 0.69888955753663862 79.320000000000007 -26.829916940620347 192.17950000000005 5739.6825396825398 43.480000000000139 0.59077898202609835 0.33910369713894201 4744.126984126985 -41.791575043283792 107.52000000000002 118.21500000000002 24.429999999999954 0.77341176491507546 1 66.588500000000025 4459.1156462585041 0.16518365858537867 197.55500000000004 72.790500000000009
decision_type=2 2 2 2 2 2 2 1 2 2 2 2 2 2 2 2 2 2 2 2 2 2 2 2 9 2 2 2 2 2
left_child=2 4 -1 -3 10 9 7 8 -7 17 22 18 16 20 15 24 -5 -4 -9 -18 -8 -6 29 -10 28 -17 27 -13 -14 -2
right_child=1 3 5 12 21 6 13 11 23 -11 -12 26 14 -15 -16 25 19 -19 -20 -21 -22 -23 -24 -25 -26 -27 -28 -29 -30 -31
leaf_value=0.89781547358712466 -0.042527533352235913 0.57908144398105565 0.5116397561767021 0.45601471535925442 -0.88100205642500107 0.68814286257838786 0.2172125707970714 0.17992496409019143 -0.063627507354106563 -0.080647325032941419 -0.43902145888536231 -0.014248549258419719 0.0059934396014003077 -0.054796450757322472 -0.90712671476163431 -0.038281444441160467 -0.55347888955428315 0.14937693504789037 -0.1346306255303322 0.035324136658076544 0.65304627124149572 -0.54851987041488859 -0.0040456969952105126 0.044859238430209739 0.037707551995062531 -0.40479566075589962 -0.053518627322166383 -0.50488824391704445 -0.45725076111810581 -0.31430039418715716
leaf_weight=171 66 83 114 52 312 48 188 41 54 54 110 59 57 56 69 48 87 384 40 170 95 70 139 314 148 191 78 74 86 75
leaf_count=171 66 83 114 52 312 48 188 41 54 54 110 59 57 56 69 48 87 384 40 170 95 70 139 314 148 191 78 74 86 75
internal_value=-0.000863289 -0.0168746 0.0150847 -0.00590313 -0.0309585 0.0113508 0.0056829 -0.00141243 0.009375 0.0221014 -0.0184615 -0.0167808 -0.00980176 0.0205015 -0.0156093 -0.0122642 0.00145631 0.0257028 0.00679012 -0.0036965 0.0263251 -0.0437173 -0.0103571 0.00407609 -0.00360825 -0.0228033 -0.0258294 -0.0342105 -0.0127451 -0.0202128
internal_weight=3533 1763 1770 991 772 1599 1047 708 416 552 390 292 908 339 599 530 309 498 81 257 283 382 280 368 291 239 211 133 143 141
internal_count=3533 1763 1770 991 772 1599 1047 708 416 552 390 292 908 339 599 530 309 498 81 257 283 382 280 368 291 239 211 133 143 141
cat_boundaries=0 1 2
cat_threshold=2 592001
is_linear=0
shrinkage=0.05


Tree=20
num_leaves=31
num_cat=2
split_feature=13 13 46 12 12 12 29 21 39 10 18 59 47 5 12 39 12 10 23 39 68 45 44 22 10 38 23 31 59 36
split_gain=291.425 100.504 86.8359 50.7137 48.3244 36.0265 39.2807 26.6393 25.2733 22.8773 21.889 27.7314 21.8516 20.9945 18.2701 17.9183 16.6644 14.1487 13.5776 12.3571 11.931 11.1613 11.0738 11.2665 10.9819 9.69868 8.80633 11.3257 9.78628 11.2569
threshold=40.935000000000009 14.375000000000002 0 82.545000000000002 60.800000000000004 92.555000000000021 -43.725000000000016 2585.0000000000005 -20.048911574064007 183.52500000000003 1615.0000000000002 1594.8500000000001 1 0.46291208791208799 117.48000000000002 -30.707635705289182 68.135000000000005 192.56500000000003 1495.0000000000002 -40.343184669138246 79.694000000000017 0.019813813752252902 0.033593769175105405 339.99999999999994 225.74500000000003 117.459716553288 3085.0000000000005 88.565000000000069 1688.3300000000002 0.1246385068252875
decision_type=2 2 1 2 2 2 2 2 2 2 2 2 1 2 2 2 2 2 2 2 2 2 2 2 2 2 2 2 2 2
left_child=1 4 3 9 -1 6 15 14 10 -2 16 13 -8 -12 18 25 -3 -10 -5 -6 -20 -11 23 -17 -9 -4 27 28 -13 -30
right_child=2 8 5 7 19 -7 12 24 17 21 11 26 -14 -15 -16 22 -18 -19 20 -21 -22 -23 -24 -25 -26 -27 -28 -29 29 -31
leaf_value=0.6638743230162456 0.37575505006466148 0.12221277781036211 -0.954488172261441 -0.26406196908640206 -0.012662922779302966 -1.0177090606588011 -0.18074483884507711 -0.051308787931039393 0.00057784955211634956 0.18037427978773959 0.0279255051441792 0.16013502212100922 -0.58641593331031816 -0.46074101356584563 -1.3181449734598858 -0.028008429998266939 0.76735031517177754 -0.20530159901825035 -0.19396956855229616 0.060442730568529938 0.065185768788802889 -0.12667397489270124 -0.24536825085692887 0.19004514570174727 0.39356366193564424 -0.25030587368117063 0.35435495677473988 0.19499196605331048 -0.063665179550542336 0.15018337125886891
leaf_weight=282 115 284 41 168 46 224 127 74 438 89 100 69 243 66 61 76 62 41 43 54 81 40 117 42 43 159 44 84 133 49
leaf_count=282 115 284 41 168 46 224 127 74 438 89 100 69 243 66 61 76 62 41 43 54 81 40 117 42 43 159 44 84 133 49
internal_value=-0.00121602 0.0131849 -0.0156913 -0.00207182 0.0358639 -0.0248797 -0.0201863 -0.0117021 0.00686131 0.0163934 0.0118406 0.00559633 -0.0321622 -0.0114458 -0.0185552 -0.01 0.0216763 -0.00240084 -0.0133562 0.006 -0.000806452 0.00193798 -0.000638298 0.0101695 0.00897436 -0.021 0.0130607 0.0102985 0.00498008 -0.0010989
internal_weight=3495 1752 1743 714 382 1029 805 470 1370 244 891 545 370 166 353 435 346 479 292 100 124 129 235 118 117 200 379 335 251 182
internal_count=3495 1752 1743 714 382 1029 805 470 1370 244 891 545 370 166 353 435 346 479 292 100 124 129 235 118 117 200 379 335 251 182
cat_boundaries=0 1 2
cat_threshold=5 2
is_linear=0
shrinkage=0.05


Tree=21
num_leaves=31
num_cat=1
split_feature=16 8 13 48 63 10 54 4 68 10 48 51 58 16 39 12 68 16 23 13 35 58 13 8 38 32 39 39 8 8
split_gain=301.262 95.1074 66.3085 55.0919 54.6098 43.959 33.9322 26.7289 21.652 21.5793 17.4206 15.0777 16.577 15.281 14.4209 13.4465 12.9712 12.6587 12.2302 12.1051 10.947 10.6168 10.552 13.3361 10.0141 9.92579 10.7493 13.7331 9.40802 9.17185
threshold=0.54037163747264338 4480.0000000000009 3.6100000000000003 1.0000000180025095e-35 0.8834568850216219 135.49000000000004 1.0000000180025095e-35 3.5000000000000004 35.369000000000014 201.24000000000004 1.0000000180025095e-35 0 71.63000000000001 0.44974796068734463 -20.361236952801033 79.450000000000017 162.62400000000002 0.36357127728495958 2555.0000000000005 45.685000000000009 0.024722769851226453 88.035000000000011 26.335000000000004 4875.5555555555566 266.0864512471656 0.56492700006071317 -33.364943742676182 -27.525218954419294 4875.5555555555566 5739.6825396825398
decision_type=2 2 2 2 2 2 2 2 2 2 2 9 2 2 2 2 2 2 2 2 2 2 2 2 2 2 2 2 2 2
left_child=2 3 -1 4 15 -3 7 19 17 25 11 24 18 -14 16 -2 -11 -4 20 -6 -13 -16 -19 -24 -10 -7 -27 -28 -23 -29
right_child=1 5 8 -5 6 9 -8 -9 10 14 -12 12 13 -15 21 -17 -18 22 -20 -21 -22 28 23 -25 -26 26 27 29 -30 -31
leaf_value=0.82603079603017093 -0.13213855866052135 0.53416774152663127 0.51981263657399934 -0.68233525321063482 0.066728721852128817 0.29322812422553463 0.1308458642531459 -0.56319803868634544 -0.00014844490085432762 0.0034364487181667517 -0.014167901762655345 0.11302181474530869 0.56800260304446881 0.12189680468974527 -0.54473980626218976 -0.75945941527608485 -0.55406457717282354 -0.034009568801402067 0.24586999710283122 -0.1579652795774944 -0.042068672902704711 0.01313127701375727 0.10284613222934447 0.44584470534592724 0.1762636204869299 -0.51342464935088905 0.12409755081046453 -0.017382863158353159 -0.5836084896420316 -0.46876225329019799
leaf_weight=156 64 82 119 187 113 79 49 47 291 182 53 40 106 166 108 217 71 47 53 237 48 57 68 51 69 57 109 477 48 51
leaf_count=156 64 82 119 187 113 79 49 47 291 182 53 40 106 166 108 217 71 47 53 237 48 57 68 51 69 57 109 477 48 51
internal_value=-0.00128498 -0.0123266 0.0181926 -0.0247265 -0.0185007 -0.00374716 -0.00762332 -0.0124685 0.0139064 -0.00609362 0.0098063 0.0117076 0.0180851 0.0257353 -0.0145923 -0.0357651 -0.00652174 0.0257895 0.00460993 -0.00771429 -0.00681818 -0.0241784 0.0168675 0.0247899 0.00378378 -0.000970246 -0.00288184 -0.00102041 -0.0128571 -0.00435606
internal_weight=3502 2235 1267 914 727 1321 446 397 1111 1239 826 773 413 272 466 281 253 285 141 350 88 213 166 119 360 773 694 637 105 528
internal_count=3502 2235 1267 914 727 1321 446 397 1111 1239 826 773 413 272 466 281 253 285 141 350 88 213 166 119 360 773 694 637 105 528
cat_boundaries=0 1
cat_threshold=240960
is_linear=0
shrinkage=0.05


Tree=22
num_leaves=31
num_cat=5
split_feature=13 8 13 5 10 3 13 14 13 51 8 58 14 17 16 51 29 22 39 38 38 13 39 47 47 15 14 44 59 10
split_gain=291.048 106.712 85.3868 51.0165 40.6595 33.027 27.1802 25.9379 31.9027 24.7493 27.2271 18.5719 16.5689 16.4902 18.1673 19.9909 14.2346 14.02 14.0082 13.7619 12.8998 12.5962 11.2707 14.9032 11.0034 13.6298 9.47591 9.31546 9.30002 9.34785
threshold=40.935000000000009 4480.0000000000009 3.6100000000000003 0.46291208791208799 131.70500000000001 0 66.735000000000014 125.82500000000002 14.375000000000002 1 4825.396825396826 135.53000000000003 118.21500000000002 895.00000000000011 0.64764328922995917 2 -56.794999999999959 309.99999999999994 -18.619691696289973 7.0276190476190559 84.718605442176809 27.705000000000002 -20.88117127153647 3 4 57.009999999999998 118.81000000000002 0.033302751905344256 2475.0850000000005 194.51500000000001
decision_type=2 2 2 2 2 9 2 2 2 9 2 2 2 2 2 9 2 2 2 2 2 2 2 1 1 2 2 2 2 2
left_child=2 3 -1 6 -3 26 16 9 -9 10 11 17 -5 -6 28 20 -2 19 -10 -7 -16 -12 23 -11 -17 -26 -4 -22 29 -15
right_child=1 4 5 12 13 7 -8 8 18 22 21 -13 -14 14 15 24 -18 -19 -20 -21 27 -23 -24 -25 25 -27 -28 -29 -30 -31
leaf_value=0.77842944395544755 -0.20825097567373094 0.67979375976362588 1.1636700801362385 -0.80495528164484098 -0.53357139413035992 -0.010965291678460044 -0.58459625252831848 0.44407301700181395 0.10913832523059633 -0.058264426503278524 0.25827062800078376 -0.15179542103846977 -0.38841066841832728 -0.10750990048299398 -0.25157135046967893 -0.058229897716638848 -0.027703837171356493 -0.051669200725781163 -0.11974913776027769 0.22867056255544985 0.1487968389055184 -0.0047917691743890383 0.0091347941805153716 0.15336561085769163 -0.030866376011312726 -0.42628535731495509 0.20727263507035501 -0.18406628204772529 0.3056254524439877 0.20562014594151529
leaf_weight=165 173 69 56 324 68 42 63 99 120 48 97 62 59 92 91 123 166 136 50 42 102 162 229 367 87 179 92 43 58 75
leaf_count=165 173 69 56 324 68 42 63 99 120 48 97 62 59 92 91 123 166 136 50 42 102 162 229 367 87 179 92 43 58 75
internal_value=-0.00103136 -0.0153499 0.0133277 -0.0291083 -0.00440729 0.00980025 -0.0166667 0.00730874 0.0213755 0.00417722 -0.00372051 -0.014539 -0.0421671 -0.00718954 -0.00529412 -0.00968 -0.0110619 -0.00772727 0.00823529 0.00833333 0.00203252 0.00791506 0.0107034 0.0157831 -0.016416 -0.0225564 0.0316456 0.0113793 0.00688889 0.000898204
internal_weight=3539 1772 1767 785 987 1602 402 1454 269 1185 541 282 383 918 850 625 339 220 170 84 236 259 644 415 389 266 148 145 225 167
internal_count=3539 1772 1767 785 987 1602 402 1454 269 1185 541 282 383 918 850 625 339 220 170 84 236 259 644 415 389 266 148 145 225 167
cat_boundaries=0 1 2 3 4 5
cat_threshold=36 5580 304198 4 4
is_linear=0
shrinkage=0.05


Tree=23
num_leaves=31
num_cat=3
split_feature=13 8 13 17 10 3 14 39 68 51 30 46 8 21 14 13 40 30 8 8 29 29 14 13 58 16 10 59 15 31
split_gain=277.108 87.1884 79.5738 56.0282 39.1596 32.4695 30.7527 35.0099 27.1599 20.1122 18.366 21.2994 33.9872 18.8745 16.379 13.8142 13.5814 13.201 12.5243 18.2833 13.5427 12.4393 12.0822 12.0588 11.8268 15.7914 14.5914 11.7679 10.9547 10.0009
threshold=40.935000000000009 4480.0000000000009 3.6100000000000003 1445.0000000000002 135.49000000000004 0 125.82500000000002 -18.736070976380599 72.790500000000009 1 21.720000000000031 2 4480.0000000000009 1625.0000000000002 116.50000000000001 14.375000000000002 -27.402225464007504 39.659999999999975 5652.1768707482997 5873.1065759637195 -51.789999999999957 -57.574999999999982 119.90500000000002 27.535000000000004 70.230000000000004 0.7133084453917381 213.71000000000001 1607.6700000000003 65.950000000000017 102.40000000000012
decision_type=2 2 2 2 2 9 2 2 2 9 2 1 2 2 2 2 2 2 2 2 2 2 2 2 2 2 2 2 2 2
left_child=2 3 -1 8 -3 22 10 15 -2 29 18 12 17 -13 -5 -8 -14 -12 20 -20 -7 -10 -4 -18 -11 26 -26 -15 -21 -6
right_child=1 4 5 14 9 6 7 -9 21 24 11 13 16 27 -16 -17 23 -19 19 28 -22 -23 -24 -25 25 -27 -28 -29 -30 -31
leaf_value=0.73950797175767513 0.025459941073519055 0.50593060989413485 1.0431072641665329 -0.73647366609859555 -0.078653658548476113 -0.044506748739993544 0.46182045952409401 -0.084289554312811335 -0.33587502546391051 -0.30528538893010693 -0.010932823057175424 0.21411277873535139 0.33149524147817122 -0.042927971796671884 -0.52385425798128527 0.10368140896906652 0.11337137489777938 -0.12611505216562563 0.43724334173386759 0.33152147051946901 0.13960693135797836 -0.092774237143728927 0.14832643050676189 -0.066697665249079385 -0.11105091689795064 -0.40425504196070644 0.13192979490631229 0.1111508592531175 -0.10087763699336523 0.20559993594134035
leaf_weight=153 121 85 73 296 195 169 98 55 169 197 59 55 62 80 84 114 72 108 84 43 141 100 73 137 230 160 48 124 50 66
leaf_count=153 121 85 73 296 195 169 98 55 169 197 59 55 62 80 84 114 72 108 84 43 141 100 73 137 230 160 48 124 50 66
internal_value=-0.0017852 -0.0158481 0.0122857 -0.0284416 -0.0059633 0.0089856 0.00653662 0.0219101 -0.0151282 -0.00904018 0.003125 -0.00208034 -0.00870536 0.00910781 -0.0421053 0.0311321 0.00202952 -0.0266467 0.0105749 0.0211864 0.00451613 -0.0239777 0.0307692 -0.00406699 -0.0137209 -0.00936073 -0.00215827 0.00245098 0.00591398 0.00276753
internal_weight=3501 1751 1750 770 981 1597 1451 267 390 896 1184 697 438 259 380 212 271 167 487 177 310 269 146 209 635 438 278 204 93 261
internal_count=3501 1751 1750 770 981 1597 1451 267 390 896 1184 697 438 259 380 212 271 167 487 177 310 269 146 209 635 438 278 204 93 261
cat_boundaries=0 1 2 3
cat_threshold=36 402444 2
is_linear=0
shrinkage=0.05


Tree=24
num_leaves=31
num_cat=4
split_feature=13 8 13 11 14 10 10 51 16 5 14 10 51 46 12 38 8 10 51 39 10 39 36 22 10 38 14 38 30 72
split_gain=251.839 94.0345 70.9704 62.325 44.9405 35.6575 26.725 18.9268 18.6847 23.892 32.1456 15.1143 14.7059 14.6443 21.378 17.4672 16.6929 11.1879 11.087 13.5175 11.391 10.8555 9.86679 9.6439 12.6944 9.61843 9.47926 9.28043 9.2484 9.00452
threshold=32.975000000000009 4480.0000000000009 3.6100000000000003 1733.6600000000001 121.18500000000002 135.49000000000004 210.35000000000005 0 0.36357127728495958 0.46291208791208799 124.23500000000001 190.49000000000004 1 2 91.330000000000013 252.4093537414964 4937.2789115646265 184.23000000000005 3 -21.829616044308853 170.94500000000002 -18.912429466792073 0.052391782330933508 364.99999999999994 204.22000000000003 100.1315986394559 116.50000000000001 8.8513151927438702 -2.5649999999998268 -32.831283656880913
decision_type=2 2 2 2 2 2 2 9 2 2 2 2 9 1 2 2 2 2 9 2 2 2 2 2 2 2 2 2 2 2
left_child=2 3 -1 6 26 -3 12 21 9 -4 11 -11 -2 28 15 16 25 -14 20 -20 -10 27 -21 24 -23 -15 -5 -7 -9 -22
right_child=1 5 8 4 -6 7 -8 13 18 10 -12 -13 17 14 -16 -17 -18 -19 19 22 29 23 -24 -25 -26 -27 -28 -29 -30 -31
leaf_value=0.71563220916031278 -0.16451443523145015 0.47856079232760518 0.37341376372486929 -0.59434010995418129 0.061097902867160062 -0.23881498701304446 -0.47777310663341627 0.32905693666554026 -0.036016721989786081 0.0046584866559562952 0.58448489319251973 -0.035272622689390513 0.094058100856001664 -0.023542351888290194 -0.67911466970042833 0.10236385049913049 0.038616323606787441 -0.041235893877371234 0.16875835309987186 -0.02081964421933399 -0.002381365661628965 -0.0096007408018172324 0.17907533492334426 -0.39266269451891045 -0.50387195370676507 -0.31263231592804375 -0.5161500061579124 -0.025281104181525293 0.048322901334950256 0.14412779074718657
leaf_weight=160 133 80 154 324 49 110 62 41 90 60 55 45 55 47 43 79 133 194 230 136 162 82 45 42 70 73 69 327 170 152
leaf_count=160 133 80 154 324 49 110 62 41 90 60 55 45 55 47 43 79 133 194 230 136 162 82 45 42 70 73 69 327 170 152
internal_value=-0.00181452 -0.0121622 0.0157099 -0.0247178 -0.038009 -0.0035852 -0.0114865 -0.00571076 0.0112932 0.0216561 0.008125 -0.00809524 -0.0065445 0.000838926 -0.00506494 -0.000903614 -0.00731225 0.000965251 0.00730061 0.0129454 0.00120773 -0.0116225 0.00303867 -0.0216495 -0.0157895 -0.0208333 -0.0436387 -0.00743707 0.011086 0.00573248
internal_weight=3472 2183 1289 886 442 1297 444 1217 1129 314 160 105 382 586 375 332 253 249 815 411 404 631 181 194 152 120 393 437 211 314
internal_count=3472 2183 1289 886 442 1297 444 1217 1129 314 160 105 382 586 375 332 253 249 815 411 404 631 181 194 152 120 393 437 211 314
cat_boundaries=0 1 2 3 4
cat_threshold=596227 168960 5 197958
is_linear=0
shrinkage=0.05


Tree=25
num_leaves=31
num_cat=6
split_feature=16 3 13 13 46 5 17 39 53 39 58 47 48 51 14 58 58 51 40 44 22 39 10 4 32 58 19 4 9 13
split_gain=238.625 70.6659 69.5165 63.4882 44.9055 51.1641 51.3917 26.0081 24.1732 21.9137 21.2974 18.7353 18.4365 20.4426 19.5679 16.949 15.5613 14.2053 21.3626 11.6496 11.3969 11.3296 10.8522 10.4291 9.07954 8.55974 8.46239 12.9064 10.8755 8.08325
threshold=0.54623519436511569 0 3.6100000000000003 62.895000000000003 1 0.45227272727272733 2535.0000000000005 -23.434623827414615 2 -32.704753774336133 88.695000000000007 3 1.0000000180025095e-35 4 126.42500000000003 74.175000000000011 57.720000000000006 5 -23.440889963813479 0.035185363335591503 244.99999999999991 -17.925842404281223 176.60500000000005 4.5000000000000009 0.86066489398122636 50.985000000000007 30.000000000000117 2.5000000000000004 2142.7850000000003 17.485000000000003
decision_type=2 9 2 2 1 2 2 2 9 2 2 1 2 9 2 2 2 9 2 2 2 2 2 2 2 2 2 2 2 2
left_child=2 3 -1 4 5 16 7 -7 12 -3 -5 -12 13 -4 15 22 -2 18 20 -9 -6 -18 25 -11 -13 -15 -19 -28 -29 -16
right_child=1 9 8 10 17 6 -8 19 -10 23 11 24 -14 14 29 -17 21 26 -20 -21 -22 -23 -24 -25 -26 -27 27 28 -30 -31
leaf_value=0.67985059870229714 -0.17757875858712924 -0.091518492682596708 0.039345781048738919 -0.7821077270295721 0.0026246207571011485 -0.49287246928377315 0.089342727706158837 0.048305252646254807 1.0312015972181117 0.24934595728909043 -1.0423473277797746 -0.24806340007150374 -0.046115093778418451 0.19585927632080091 0.52984691625923563 0.25936438797004852 0.025384798702216573 -0.12198131160700472 -0.069178813509239309 -0.381324138254094 0.16007977739164933 -0.16418572571778683 -0.02931239547852962 0.54389130035859079 0.046844995167061046 0.012200083258972594 -0.11228827323292895 0.1406829038580022 -0.019787512362962102 0.18483820570194195
leaf_weight=157 151 67 486 291 50 236 88 40 44 90 78 64 75 42 66 270 267 45 91 41 132 89 54 51 74 88 143 55 65 40
leaf_count=157 151 67 486 291 50 236 88 40 44 90 78 64 75 42 66 270 267 45 91 41 132 89 54 51 74 88 143 55 65 40
internal_value=-0.00121813 -0.0112772 0.0155825 -0.0141294 -0.00900871 -0.0158351 -0.0292593 -0.0386435 0.0113734 0.016055 -0.0294872 -0.0175926 0.00994648 0.0116635 0.0180702 0.0138767 -0.00542406 0.00194585 0.0100707 -0.0141975 0.0203297 0.000280899 0.00217391 0.0280142 -0.00652174 0.01 -0.00534591 -0.00209125 0.01 0.0377358
internal_weight=3530 2208 1322 2000 1493 912 405 317 1165 208 507 216 1121 1046 560 454 507 581 273 81 182 356 184 141 138 130 308 263 120 106
internal_count=3530 2208 1322 2000 1493 912 405 317 1165 208 507 216 1121 1046 560 454 507 581 273 81 182 356 184 141 138 130 308 263 120 106
cat_boundaries=0 1 2 3 4 5 6
cat_threshold=75 2 1 1 240960 207020
is_linear=0
shrinkage=0.05


Tree=26
num_leaves=31
num_cat=4
split_feature=16 46 13 5 12 20 68 3 10 12 16 31 47 55 5 14 59 22 58 16 11 60 32 40 25 23 44 60 16 30
split_gain=241.52 83.1544 79.1204 59.313 55.928 39.6459 27.4871 23.6324 22.9048 19.0307 17.3181 15.6469 17.3409 27.9312 22.1869 20.914 15.4047 14.8797 13.3819 12.7068 12.4962 12.4562 12.0664 12.608 11.1699 10.4894 13.0617 10.0406 8.39618 8.00105
threshold=0.56976706220246198 0 3.6100000000000003 0.46291208791208799 100.79000000000001 2575.0000000000005 9.0844999999999931 1 131.70500000000001 92.980000000000018 0.47469516284553454 -223.81500000000003 2 3 0.30384615384615393 125.99000000000002 1607.6700000000003 215.00000000000003 73.785000000000011 0.48619253481405994 1154.1150000000002 2504.1150000000002 0.68726162726737561 -19.005095632757975 400.00000000000017 2045.0000000000002 0.027927417068330004 1689.2150000000004 0.50509603160237659 23.49999999999989
decision_type=2 1 2 2 2 2 2 9 2 2 2 2 1 9 2 2 2 2 2 2 2 2 2 2 2 2 2 2 2 2
left_child=2 3 -1 9 8 21 -6 11 -3 20 -9 -4 15 -14 -15 27 22 -18 -8 -17 -2 -5 -10 -24 -16 -19 -27 28 -13 -22
right_child=1 4 7 5 6 -7 18 10 16 -11 -12 12 13 14 24 19 17 25 -20 -21 29 -23 23 -25 -26 26 -28 -29 -30 -31
leaf_value=0.64585806876718221 -0.2840687961354208 0.5715476971262593 0.49490798343737752 -0.61502029315465523 0.1242992072411858 -0.072782460118494541 -0.85854636054096012 0.99506423451511439 -0.16324873621383942 -0.5574878938794019 0.17236503770704067 0.013912733680564494 0.048448156092279863 0.058441895731542681 -0.29496720272780941 0.43859120859336226 -0.099405033757396052 0.19263563168330561 -0.43454613731524872 0.056135303009801962 0.01268813570052707 -0.25027775122293472 0.029672485666112539 -0.21339036425472568 -0.032043371780994527 -0.037016222606249725 0.22403506982063723 0.012490639152334372 0.19518236313071249 -0.12838119775611254
leaf_weight=161 143 67 83 312 43 73 78 62 84 65 94 92 157 77 67 70 42 71 120 63 177 46 280 64 79 81 81 425 111 169
leaf_count=161 143 67 83 312 43 73 78 62 84 65 94 92 157 77 67 70 42 71 120 63 177 46 280 64 79 81 81 425 111 169
internal_value=-0.00114504 -0.0126253 0.0137249 -0.0228643 -0.00239961 -0.037007 -0.023444 0.00985507 0.00415584 -0.0122744 0.0277108 0.00729335 0.00582822 -0.00289474 -0.0139485 0.010184 0.0014936 0.0107273 -0.0313131 0.0281955 -0.00889571 -0.0438547 -0.00443925 -0.000290698 -0.0260274 0.0156652 0.00864198 0.00636943 0.0155172 -0.00375723
internal_weight=3537 1996 1541 985 1011 431 241 1380 770 554 156 1224 1141 380 223 761 703 275 198 133 489 358 428 344 146 233 162 628 203 346
internal_count=3537 1996 1541 985 1011 431 241 1380 770 554 156 1224 1141 380 223 761 703 275 198 133 489 358 428 344 146 233 162 628 203 346
cat_boundaries=0 1 2 3 4
cat_threshold=2 19 2 2
is_linear=0
shrinkage=0.05


Tree=27
num_leaves=31
num_cat=4
split_feature=13 46 5 47 13 10 17 13 44 10 33 51 68 13 30 40 46 39 39 23 17 12 58 31 58 57 19 19 45 45
split_gain=197.591 75.4985 69.302 73.0335 62.4443 54.6847 42.9727 26.0441 25.3063 22.0377 20.2026 19.8095 19.0015 25.066 17.5954 15.3885 15.3006 35.4032 25.1363 14.9052 11.5661 11.0717 10.1449 9.68837 9.13985 9.60068 8.63904 8.14996 8.05038 8.68407
threshold=27.265000000000004 0 0.45804195804195807 1 3.6100000000000003 204.22000000000003 2535.0000000000005 68.575000000000003 0.033030904451375055 131.70500000000001 0.10269777993540712 2 69.891500000000008 72.725000000000009 30.215000000000035 -19.148412243246067 3 -23.90820781826978 -36.816755959552687 1615.0000000000002 1705.0000000000002 91.330000000000013 80.110000000000014 244.11000000000004 81.310000000000016 81.225000000000009 309.99999999999994 165.00000000000003 0.013624022493992102 0.011333048894778852
decision_type=2 1 2 1 2 2 2 2 2 2 2 9 2 2 2 2 1 2 2 2 2 2 2 2 2 2 2 2 2 2
left_child=4 2 7 -4 -1 9 15 10 12 -3 14 -11 -7 22 -2 -5 18 27 19 -6 28 -10 -14 -13 -20 -26 -15 -18 29 -12
right_child=1 5 3 6 16 8 -8 -9 21 11 20 23 13 26 -16 -17 17 -19 24 -21 -22 -23 -24 -25 25 -27 -28 -29 -30 -31
leaf_value=0.6135651653288231 0.11112870515057126 0.56105753843867456 0.10408111225160468 -0.51895417964991875 0.0051866626598154227 0.21220951654027598 -0.06914333711256973 -0.54145318715655655 -0.16972429462256874 0.17993343582238552 -0.091265204512127301 0.031252668931931238 -0.15072139789139777 -0.23481134570274165 -0.16867329478592172 -0.26118794235507342 0.31604629667830575 -0.033264075972736708 0.056358212390548883 -0.057216567353414516 0.029278213097660235 -0.52046738450612773 0.047021404238535694 -0.048034336365809699 0.10474177503903098 0.74287678224206055 -0.83750381166987575 0.49718522441343893 -0.22330839483054757 0.037338091650677363
leaf_weight=164 183 66 92 352 86 76 71 49 53 126 206 550 69 53 46 40 42 69 175 58 104 144 92 78 95 51 46 115 128 44
leaf_count=164 183 66 92 352 86 76 71 49 53 126 206 550 69 53 46 40 42 69 175 58 104 144 92 78 95 51 46 115 128 44
internal_value=-0.00109282 -0.0077961 -0.0162642 -0.0298198 0.0198246 0.000550257 -0.037905 -0.00657895 -0.0119137 0.00865854 -0.00414909 0.00623342 -0.00357143 -0.01 0.0080786 -0.0443878 0.0132417 0.0237288 0.00747368 -0.00972222 -0.00995851 -0.0261421 0.00217391 0.0023511 0.0154206 0.0246575 -0.029798 0.0378981 -0.0140212 -0.0088
internal_weight=3523 2668 1315 555 855 1353 463 760 533 820 711 754 336 260 229 392 691 226 465 144 482 197 161 628 321 146 99 157 378 250
internal_count=3523 2668 1315 555 855 1353 463 760 533 820 711 754 336 260 229 392 691 226 465 144 482 197 161 628 321 146 99 157 378 250
cat_boundaries=0 1 2 3 4
cat_threshold=2 2 2092 2
is_linear=0
shrinkage=0.05


Tree=28
num_leaves=31
num_cat=5
split_feature=16 8 13 46 61 13 10 48 16 9 58 8 16 47 8 3 47 12 9 51 62 8 18 59 10 14 9 31 34 68
split_gain=181.831 94.3688 65.4732 56.2662 57.4969 50.4919 35.684 26.6054 26.503 25.6857 25.488 20.7915 18.7967 18.3636 26.3874 18.2252 19.5836 15.5121 14.9068 12.8118 12.3245 12.1622 10.7212 10.4178 10.0854 9.92356 9.8 9.17015 8.76841 8.66269
threshold=0.54484361173109097 4480.0000000000009 3.6100000000000003 0 1173.7900000000002 76.100000000000009 131.70500000000001 1.0000000180025095e-35 0.35762500000000003 2074.4600000000005 72.680000000000021 6030.7029478458053 0.69795774128794064 1 5292.6984126984134 2 3 73.960000000000022 1204.5050000000003 4 1852.1850000000002 4926.9841269841281 2455.0000000000005 1709.8550000000002 179.38500000000002 107.25500000000001 2085.8450000000007 44.174999999999962 0.84744778972450352 68.326000000000008
decision_type=2 2 2 1 2 2 2 2 2 2 2 2 2 1 2 9 1 2 2 9 2 2 2 2 2 2 2 2 2 2
left_child=2 3 -1 4 20 9 -3 8 10 -5 26 12 13 22 17 21 -17 28 -16 23 -2 -14 25 -10 -25 -8 -4 -27 -15 -12
right_child=1 6 7 5 -6 -7 11 -9 19 -11 29 -13 15 14 18 16 -18 -19 -20 -21 -22 -23 -24 24 -26 27 -28 -29 -30 -31
leaf_value=0.56519267994843614 -0.20813448099823262 0.51444967724074264 -0.04964450640099001 -0.028482817518681272 -0.48048537076093878 -0.92354235217138703 -0.16905436926754458 -0.035307437878000059 0.26044030464024409 0.18029409641234936 0.46045678997654299 -0.73627213225940891 0.21424068249078296 -0.12146008398635351 0.20985846059154581 -0.076109371492891154 -0.57570241852656923 -0.36106051040015963 0.0029953210394873865 0.0055722742770048855 0.036827868813679741 -0.22348360088985375 0.23782806835999706 0.0091528581540599781 0.28472191749140435 0.13508244515373785 0.31644956578647127 0.0094768467929830184 -0.008764828387550062 0.3773742611816685
leaf_weight=148 193 72 40 214 340 58 47 72 127 55 116 53 50 44 43 135 128 73 247 459 55 53 71 172 48 67 40 75 143 83
leaf_count=148 193 72 40 214 340 58 47 72 127 55 116 53 50 44 43 135 128 73 247 459 55 53 71 172 48 67 40 75 143 83
internal_value=-0.00220108 -0.0109206 0.0126054 -0.023224 -0.0322742 -0.00578635 -0.00226749 0.00859983 0.010553 0.00315985 0.0238351 -0.00427177 -0.00289116 0.00135802 -0.00381818 -0.0122951 -0.0188645 -0.0153846 0.00655172 0.00595533 -0.0145161 0.00575221 0.0123077 0.0130252 0.00681818 0.00608466 0 0.0126761 -0.00775401 0.0334171
internal_weight=3521 2216 1305 915 588 327 1301 1157 1085 269 279 1229 1176 810 550 366 263 260 290 806 248 103 260 347 220 189 80 142 187 199
internal_count=3521 2216 1305 915 588 327 1301 1157 1085 269 279 1229 1176 810 550 366 263 260 290 806 248 103 260 347 220 189 80 142 187 199
cat_boundaries=0 1 2 3 4 5
cat_threshold=2 4 544 4 786605
is_linear=0
shrinkage=0.05


Tree=29
num_leaves=31
num_cat=4
split_feature=16 13 46 5 10 17 12 53 44 13 14 35 51 9 48 51 60 10 27 11 12 62 68 16 30 40 44 10 10 60
split_gain=194.217 71.6513 67.0322 67.8961 48.9949 38.8825 23.0027 20.695 19.9358 17.9628 20.6325 35.737 15.0978 14.9905 14.9102 14.099 12.4003 12.2295 11.8774 13.2839 11.8161 11.5752 11.1849 16.4804 10.9299 9.09451 8.53139 8.30813 10.2354 8.35567
threshold=0.56976706220246198 3.6100000000000003 0 0.46291208791208799 202.23500000000004 2535.0000000000005 94.000000000000014 1 0.028494471222001654 14.375000000000002 126.14500000000001 0.15657508109844087 2 2582.3050000000007 1.0000000180025095e-35 3 2461.3150000000005 171.18500000000003 59.999999999999893 2012.0300000000002 100.79000000000001 1537.5050000000003 69.891500000000008 0.75878409454037976 16.919999999999963 -20.175512093006336 0.030762687836688351 194.51500000000001 186.47500000000002 2912.0200000000004
decision_type=2 2 1 2 2 2 2 9 2 2 2 2 9 2 2 9 2 2 2 2 2 2 2 2 2 2 2 2 2 2
left_child=1 -1 3 6 12 16 21 9 22 10 11 -3 26 18 15 -11 -5 -17 19 -14 25 -2 -6 -24 -23 -10 -4 28 29 -19
right_child=2 7 4 5 8 -7 -8 -9 20 14 -12 -13 13 -15 -16 17 -18 27 -20 -21 -22 24 23 -25 -26 -27 -28 -29 -30 -31
leaf_value=0.52012734172951081 -0.27304249750044729 -0.021436570206171804 0.013596978737012645 -0.50478894994981116 0.18746523363535098 -0.098291374125471717 -0.5101048498581765 0.93752895299732308 -0.08553144209893554 0.13632565762093826 0.31171802513059732 0.4593039479607548 0.081093802630566453 -0.15646181975231413 -0.25444742414469373 -0.045870159022395329 -0.23686791453178346 0.05030649396474543 -0.10173995837900246 0.41175230759112358 -0.68596356265180813 0.032966642071623878 -0.036877810974508131 -0.75800823385414506 -0.09419583630544795 -0.28730995500503892 -0.11016719512185019 -0.069934159127990239 0.14943164228894207 -0.088072525588804407
leaf_weight=155 81 79 73 295 57 74 59 41 93 268 98 49 160 58 65 125 53 487 44 114 107 154 173 42 258 43 52 51 70 45
leaf_count=155 81 79 73 295 57 74 59 41 93 268 98 49 160 58 65 125 53 487 44 114 107 154 173 42 258 43 52 51 70 45
internal_value=-0.00205791 0.0113177 -0.0123618 -0.0216463 -0.00321637 -0.0369668 -0.0103261 0.00769231 -0.0140777 0.0066193 0.019469 0.00625 0.00788423 0.0126943 0.0040054 0.00544933 -0.0439655 0.00190355 0.0172956 0.0211679 -0.0244856 -0.00679513 -0.00477941 -0.01 -0.00339806 -0.0147059 -0.00703704 0.00467075 0.00631229 0.00394737
internal_weight=3523 1533 1990 974 1016 422 552 1378 515 1337 226 128 501 376 1111 1046 348 778 318 274 243 493 272 215 412 136 125 653 602 532
internal_count=3523 1533 1990 974 1016 422 552 1378 515 1337 226 128 501 376 1111 1046 348 778 318 274 243 493 272 215 412 136 125 653 602 532
cat_boundaries=0 1 2 3 4
cat_threshold=2 1 308288 266401
is_linear=0
shrinkage=0.05


Tree=30
num_leaves=31
num_cat=4
split_feature=16 12 8 58 60 47 10 14 30 12 8 10 10 8 51 60 24 68 47 8 57 15 61 23 40 15 51 15 58 11
split_gain=192.887 78.9885 60.2063 48.5774 35.5317 32.9016 28.0132 32.0009 25.3448 20.0694 19.7458 19.1677 18.0618 21.5987 17.2599 16.8335 16.0718 15.6196 18.5501 20.7792 15.6472 15.4482 14.0254 13.865 12.9041 12.7687 12.0664 11.7663 10.1671 9.25823
threshold=0.41643252504982403 78.105000000000018 4480.0000000000009 154.17000000000004 1674.2050000000002 0 138.18500000000003 113.00500000000001 18.295000000000076 100.79000000000001 4937.2789115646265 192.87000000000003 195.89500000000001 5677.9591836734699 1 1689.2150000000004 1615.0000000000002 9.0844999999999931 2 5292.6984126984134 59.380000000000003 107.52000000000002 1333.8550000000002 785.00000000000011 -41.459706997564389 82.760000000000019 3 107.52000000000002 80.855000000000004 1964.2900000000002
decision_type=2 2 2 2 2 1 2 2 2 2 2 2 2 2 9 2 2 2 1 2 2 2 2 2 2 2 9 2 2 2
left_child=5 3 4 6 9 21 -2 10 -7 11 22 -3 13 29 -13 23 -10 -14 28 -20 -21 -1 -8 -9 -18 -24 -17 -16 -19 -4
right_child=1 2 12 -5 -6 8 7 15 16 -11 -12 14 17 -15 27 26 24 18 19 20 -22 -23 25 -25 -26 -27 -28 -29 -30 -31
leaf_value=0.090842697286546911 0.52370479091627453 -0.4413491369350438 0.079498331102954067 -0.25988086694612555 -0.83893600389364309 0.48341816070420462 -0.021432843018916438 -0.065886889669108273 0.28098877213653956 -0.53430342518323626 0.11138303523739719 -0.24860964118874274 0.18443831137094202 -0.22297442871767947 0.15909022828072228 -0.039875648029845667 -0.035680095187239094 -0.45549006389870678 -0.50567985800006177 0.055537908196993335 -0.34091033626851724 0.52306098041009952 -0.10558379165027568 0.098668277298449736 0.0076328516266388931 -0.26605913938389952 0.029343186593894722 -0.13096617070592328 0.029147836568151675 0.27447184109814476
leaf_weight=59 47 64 46 66 166 116 91 50 52 72 127 120 50 114 49 262 62 40 112 40 118 193 51 463 60 110 491 55 136 49
leaf_count=59 47 64 46 66 166 116 91 50 52 72 127 120 50 114 49 262 62 40 112 40 118 193 51 463 60 110 491 55 136 49
internal_value=-0.00216653 -0.00714286 -0.0168562 -0.000341297 -0.0296578 0.0252768 0.00130024 0.000212766 0.0137931 -0.0208333 -0.012533 -0.0149306 -0.00730496 0.00502392 -0.00803571 0.00402844 0.00172414 -0.0125 -0.0154709 -0.0237037 -0.0120253 0.0384921 -0.0206349 0.0110136 -0.00819672 -0.0295031 -0.000730412 0.00701754 -0.00284091 0.0226316
internal_weight=3531 2989 1231 1758 526 542 1692 1645 290 360 379 288 705 209 224 1266 174 496 446 270 158 252 252 513 122 161 753 104 176 95
internal_count=3531 2989 1231 1758 526 542 1692 1645 290 360 379 288 705 209 224 1266 174 496 446 270 158 252 252 513 122 161 753 104 176 95
cat_boundaries=0 1 2 3 4
cat_threshold=2 435200 4 623936
is_linear=0
shrinkage=0.05


Tree=31
num_leaves=31
num_cat=5
split_feature=13 8 13 5 15 47 3 14 40 8 13 68 16 8 47 4 8 33 68 68 15 47 62 62 68 60 14 58 58 51
split_gain=180.84 86.5546 72.9706 68.1744 33.9062 27.2559 23.0596 24.8455 21.8843 18.8102 18.5621 16.6837 18.8086 14.5833 24.7128 13.5483 26.0097 17.9358 15.427 13.7042 13.3401 13.1755 11.6864 11.25 11.0117 10.7209 10.3939 9.86947 15.264 8.53062
threshold=38.900000000000006 4469.2743764172346 3.6100000000000003 0.46291208791208799 13.000000000000002 0 1 124.34500000000001 -23.440889963813479 4926.9841269841281 68.575000000000003 15.377500000000003 0.69795774128794064 4886.3492063492076 2 3.5000000000000004 4825.396825396826 0.0062121643790612009 65.33750000000002 59.138500000000121 119.17 3 1952.0400000000002 2267.1200000000003 61.55350000000012 1519.4550000000002 118.81000000000002 86.765000000000015 110.83000000000001 4
decision_type=2 2 2 2 2 1 9 2 2 2 2 2 2 2 1 2 2 2 2 2 2 1 2 2 2 2 2 2 2 9
left_child=2 3 -1 10 9 -5 26 15 24 -3 -2 -6 13 14 -13 18 17 -17 -8 -19 -18 27 -20 -21 25 -9 -4 -14 -29 -15
right_child=1 4 6 5 11 -7 7 8 -10 -11 -12 12 21 29 -16 16 20 19 22 23 -22 -23 -24 -25 -26 -27 -28 28 -30 -31
leaf_value=0.482161179705904 -0.065129532267599197 0.45297004760875925 0.809139508829958 -0.083391597975081319 0.23312934590246936 -0.51718296372727279 0.085293597305954372 0.27186778222328112 -0.027899944057255866 -0.20134745032003601 -0.43650443983298826 0.045120352800364222 -0.57635483397469833 -0.12444568668665089 -0.24027837077795253 -0.20276405492060923 -0.013854756400170178 -0.10159920940245898 0.07633788651748763 -0.021247467150184066 0.32361780899561488 -0.52984922930447531 -0.044773922156176885 0.02317770852384067 0.29648148960697374 0.0013111765352226358 0.14664341277721182 0.17520234861803133 -0.32789050745987081 0.03582188454368334
leaf_weight=167 358 89 56 53 58 347 338 71 85 44 49 79 40 113 92 53 149 75 119 40 61 141 156 40 91 65 93 61 47 323
leaf_count=167 358 89 56 53 58 347 338 71 85 44 49 79 40 113 92 53 149 75 119 40 61 141 156 40 91 65 93 61 47 323
internal_value=-0.00237827 -0.0129356 0.0096745 -0.0253408 -0.00372585 -0.04 0.00616622 0.00395418 0.0163462 0.0199248 -0.0109337 -0.00702306 -0.00870536 -0.00370675 -0.0160819 0.000242483 -0.00669856 -0.0192308 0.00497553 -0.0106452 0.00571429 -0.0192042 -0.00381818 0.00375 0.0244493 0.0154412 0.0242138 -0.00878378 -0.000925926 0.00114679
internal_weight=3553 1894 1659 807 1087 400 1492 1343 312 133 407 954 896 607 171 1031 418 208 613 155 210 289 275 80 227 136 149 148 108 436
internal_count=3553 1894 1659 807 1087 400 1492 1343 312 133 407 954 896 607 171 1031 418 208 613 155 210 289 275 80 227 136 149 148 108 436
cat_boundaries=0 1 2 3 4 5
cat_threshold=2 36 4 4 364800
is_linear=0
shrinkage=0.05


Tree=32
num_leaves=31
num_cat=4
split_feature=16 46 5 13 20 12 71 57 10 15 57 14 46 5 10 13 10 14 47 40 51 37 42 63 36 9 24 59 71 31
split_gain=184.296 70.5648 68.826 62.7508 45.4199 41.5108 29.4336 19.5167 18.623 17.3546 16.5898 14.3809 22.4986 17.8063 15.1434 12.2464 12.1368 11.726 11.1618 10.8121 14.7478 13.2014 10.2597 9.85002 9.7654 9.08151 15.1049 9.70238 8.98753 8.93117
threshold=0.54037163747264338 0 0.46291208791208799 3.6100000000000003 2555.0000000000005 96.805000000000021 -22.467711947361881 103.03500000000001 212.54500000000004 15.045000000000003 56.895000000000003 124.23500000000001 1 0.6515151515151516 171.39500000000001 16.330000000000002 226.56500000000003 127.37500000000001 2 -23.588192059887024 3 0.81731219337622252 0.96040207699352753 0.89365489987033275 0.04486124546274476 917.15000000000009 1635.0000000000002 1242.7600000000004 -16.972172737751265 -6.0049999999999946
decision_type=2 1 2 2 2 2 2 2 2 2 2 2 1 2 2 2 2 2 1 2 9 2 2 2 2 2 2 2 2 2
left_child=3 2 8 -1 6 9 -4 -7 28 10 -3 12 13 14 24 22 -9 -17 -16 20 21 -11 -13 -22 -5 -21 -27 -28 -2 -15
right_child=1 5 4 11 -6 7 -8 16 -10 19 -12 15 -14 29 18 17 -18 -19 -20 25 23 -23 -24 -25 -26 26 27 -29 -30 -31
leaf_value=0.47785978652859262 -0.029215625007181292 0.48651763980833773 -0.48699513759822111 -0.073281470296058471 -0.041732097077886103 -0.38906123658262431 -0.18710177162050343 -0.21671407547041849 -0.50133140620159156 0.05542686758351803 0.061898054861043744 0.071128603882870595 0.32691460826974206 0.036072925239667611 -0.036150788181277926 0.14553019516685828 0.18458644724845996 -0.05261447484839657 0.11294651784099125 -0.20776994116305617 -0.11766901775586228 0.13559906232158206 0.31437065103390383 0.037066389130849677 0.097573685269507937 0.099123377161965689 -0.21048967687860209 -0.025458004388425961 -0.18557518662478092 -0.053435059225758245
leaf_weight=168 474 52 313 100 85 196 70 50 40 177 66 51 183 40 59 47 51 68 385 40 104 41 74 158 41 52 50 93 113 77
leaf_count=168 474 52 313 100 85 196 70 50 40 177 66 51 183 40 59 47 51 68 385 40 104 41 74 158 41 52 50 93 113 77
internal_value=-0.00244457 -0.0111685 -0.0201357 0.0125677 -0.0348291 -0.0022807 -0.0421671 -0.0183502 -0.00948963 0.00342137 0.0211864 0.00831111 0.00536723 0.0011236 0.00470085 0.0191667 -0.00049505 0.0073913 0.00923423 0.00048951 0.00479167 0.0140351 0.03 -0.00330882 -0.00957447 -0.00829787 -0.00384615 -0.0122378 -0.0072402 -0.0166667
internal_weight=3518 2225 1095 1293 468 1130 383 297 627 833 118 1125 885 702 585 240 101 115 444 715 480 218 125 262 141 235 195 143 587 117
internal_count=3518 2225 1095 1293 468 1130 383 297 627 833 118 1125 885 702 585 240 101 115 444 715 480 218 125 262 141 235 195 143 587 117
cat_boundaries=0 1 2 3 4
cat_threshold=2 10 1 723114
is_linear=0
shrinkage=0.05


end of trees

feature_importances:
base_ovl=73
base_ovl_ratio=72
base_cons=68
wav_duration_ms=64
db_mean=49
words_vs_alias_score_margin=45
base_pre=44
base_cons_gap=44
voicing_class=42
vowel_class=30
next_base_pre=30
db_min=29
row_ratio_in_wav=26
base_cut_gap=22
next_base_offset=21
base_pre_to_expected_ms=19
valley_dist_from_cutoff_ms=19
onset_class=19
next_base_cutoff_abs=14
is_tense=13
prev_base_offset=13
curr_phone_start_ms=12
energy_mean=12
zcr_mean=12
alias_group=11
energy_slope_pre=11
base_offset=10
base_offset_to_expected_ms=10
curr_phone_end_ms=9
curr_vowel_len_ms=9
syllable_start_ms=9
base_cutoff_to_next_anchor_ms=9
energy_slope_post=9
prev_base_pre=9
mapping_confidence=9
base_cutoff_abs=8
next_phone_gap_ms=8
spectral_flux_mean=8
curr_phone_len_ms=7
curr_vowel_end_ms=7
prev_base_cutoff_abs=7
row_index_in_wav=6
energy_min=6
curr_vowel_start_ms=5
syllable_end_ms=5
local_peak_db=5
syllable_len_ms=4
bridge_type=4
energy_max=2
valley_energy=2
used_exact_vowel_fix=2
local_valley_db=2
db_silence_ratio=1
f0_voicing_mean=1
is_diphthong=1
is_nasal_or_sonorant=1
prev_alias_type=1

parameters:
[boosting: gbdt]
[objective: regression_l1]
[metric: l1]
[tree_learner: serial]
[device_type: cpu]
[data_sample_strategy: bagging]
[data: ]
[valid: ]
[num_iterations: 500]
[learning_rate: 0.05]
[num_leaves: 31]
[num_threads: 0]
[seed: 0]
[deterministic: 0]
[force_col_wise: 0]
[force_row_wise: 0]
[histogram_pool_size: -1]
[max_depth: -1]
[min_data_in_leaf: 40]
[min_sum_hessian_in_leaf: 0.001]
[bagging_fraction: 0.85]
[pos_bagging_fraction: 1]
[neg_bagging_fraction: 1]
[bagging_freq: 1]
[bagging_seed: 3]
[bagging_by_query: 0]
[feature_fraction: 0.85]
[feature_fraction_bynode: 1]
[feature_fraction_seed: 2]
[extra_trees: 0]
[extra_seed: 6]
[early_stopping_round: 0]
[early_stopping_min_delta: 0]
[first_metric_only: 0]
[max_delta_step: 0]
[lambda_l1: 0]
[lambda_l2: 0]
[linear_lambda: 0]
[min_gain_to_split: 0]
[drop_rate: 0.1]
[max_drop: 50]
[skip_drop: 0.5]
[xgboost_dart_mode: 0]
[uniform_drop: 0]
[drop_seed: 4]
[top_rate: 0.2]
[other_rate: 0.1]
[min_data_per_group: 100]
[max_cat_threshold: 32]
[cat_l2: 10]
[cat_smooth: 10]
[max_cat_to_onehot: 4]
[top_k: 20]
[monotone_constraints: ]
[monotone_constraints_method: basic]
[monotone_penalty: 0]
[feature_contri: ]
[forcedsplits_filename: ]
[refit_decay_rate: 0.9]
[cegb_tradeoff: 1]
[cegb_penalty_split: 0]
[cegb_penalty_feature_lazy: ]
[cegb_penalty_feature_coupled: ]
[path_smooth: 0]
[interaction_constraints: ]
[verbosity: -1]
[saved_feature_importance_type: 0]
[use_quantized_grad: 0]
[num_grad_quant_bins: 4]
[quant_train_renew_leaf: 0]
[stochastic_rounding: 1]
[linear_tree: 0]
[max_bin: 255]
[max_bin_by_feature: ]
[min_data_in_bin: 3]
[bin_construct_sample_cnt: 200000]
[data_random_seed: 1]
[is_enable_sparse: 1]
[enable_bundle: 1]
[use_missing: 1]
[zero_as_missing: 0]
[feature_pre_filter: 1]
[pre_partition: 0]
[two_round: 0]
[header: 0]
[label_column: ]
[weight_column: ]
[group_column: ]
[ignore_column: ]
[categorical_feature: 0,1,2,3,46,47,50,51,52,53,55,56,70]
[forcedbins_filename: ]
[precise_float_parser: 0]
[parser_config_file: ]
[objective_seed: 5]
[num_class: 1]
[is_unbalance: 0]
[scale_pos_weight: 1]
[sigmoid: 1]
[boost_from_average: 1]
[reg_sqrt: 0]
[alpha: 0.9]
[fair_c: 1]
[poisson_max_delta_step: 0.7]
[tweedie_variance_power: 1.5]
[lambdarank_truncation_level: 30]
[lambdarank_norm: 1]
[label_gain: ]
[lambdarank_position_bias_regularization: 0]
[eval_at: ]
[multi_error_top_k: 1]
[auc_mu_weights: ]
[num_machines: 1]
[local_listen_port: 12400]
[time_out: 120]
[machine_list_filename: ]
[machines: ]
[gpu_platform_id: -1]
[gpu_device_id: -1]
[gpu_use_dp: 0]
[num_gpu: 1]

end of parameters

pandas_categorical:[["korean"], ["cvc"], ["cv", "cv_head", "mono", "vc", "vcv", "vv"], ["cv", "cv_glide", "cv_head", "cv_head_glide", "mono", "vc_other", "vc_sonorant", "vc_stop", "vcv", "vv"], ["other", "plosive", "sibilant", "sonorant"], ["unknown", "voiced", "voiceless"], ["liquid", "nasal", "none", "other", "stop"], ["", "a", "e", "eo", "eu", "eui", "i", "o", "u", "ui", "wa", "we", "weo", "wi", "wo", "ya", "ye", "yeo", "yo", "yu"], ["head", "mid", "tail"], ["", "vc", "vcv", "vv"], ["", "cv", "cv_head", "mono", "vc", "vcv", "vv"], [""], ["unknown"]]
