tree
version=v4
num_class=1
num_tree_per_iteration=1
label_index=0
max_feature_idx=49
objective=regression
feature_names=language format_type alias_type alias_group candidate_mode candidate_index mapping_confidence jump_blocked_flag used_alias_based_syllables used_nuclei_fallback words_vs_alias_score_margin wav_duration_ms expected_anchor_ms base_offset_to_expected_ms base_pre_to_expected_ms base_cutoff_to_next_anchor_ms prev_phone_gap_ms next_phone_gap_ms energy_mean db_silence_ratio local_peak_db local_valley_db mel_window_energy_mean mel_window_silence_ratio coda_type vowel_class bridge_type mora_position onset_class voicing_class mapping_reason_code prev_alias_type next_alias_type cand_offset cand_cons cand_cutoff_abs cand_pre cand_ovl cand_pre_abs cand_cons_gap cand_cut_gap cand_ovl_ratio cand_offset_to_expected_ms cand_pre_to_expected_ms cand_cutoff_to_next_anchor_ms cand_delta_from_base_total cand_delta_from_base_anchor cand_overlap_margin cand_pre_cons_margin cand_leak_risk
feature_infos=none none -1:0:1:3:2:5 -1:1:0:3:2:5:4:9:6:7 -1:0:1:2:7:4:5:3 [0:5] [0.75031053025493821:1] none none none [-15.722000000000005:1596.9359999999999] [3636.8253968253966:12360.294784580499] [70:11290] [-176.59000000000017:41.509999999999991] [-35.700000000000045:166.25999999999999] [-2737.6400000000003:2550.1999999999998] [0:550] [0:2150] [0.196690336444448:1] [0:0.55384615384615388] [-62.685141072849696:-7.4360091880644568] [-96.888252737959206:-8.7785598918622547] [0.196690336444448:1] [0:0.55384615384615388] -1:2:3:4:1 -1:0:1:6:2:11:8:7:13:17:16:10:18:15:19:3:12:5:4:14 -1:0:1:3 -1:1:0:2 -1:1:0:3:2 -1:1:0:2 none -1:1:0:4:2:5:6 none [37.75:11216.309999999999] [114.92:295.80000000000001] [314.95999999999998:11425.93] [22.714499999999958:175.83100000000005] [0:158.66] [81.582999999999998:11282.0085] [36.799999999999997:190.53] [145.26999999999998:11266.309999999999] [0:0.95227381195881922] [-176.59000000000017:41.509999999999991] [-38.87519999999995:166.25999999999999] [-4878.1000000000004:2550.1999999999998] [0:2143.2466000000004] [0:10.51260000000002] [7:86.359999999999999] [36.799999999999997:190.53] [0:4878.1000000000004]
tree_sizes=2832 2798 2811 2779 2763 2793 2775 2799 2774 2792 2776 2768 2745 2778 2762 2738 2767 2750 2730 2783 2769

Tree=0
num_leaves=31
num_cat=4
split_feature=44 26 14 15 6 6 34 25 47 35 20 45 21 10 47 33 14 29 6 33 41 6 45 12 14 25 35 21 34 18
split_gain=8.81765e+07 4.57653e+07 1.2836e+07 5.77195e+06 4.43007e+06 3.3563e+06 2.442e+06 2.40017e+06 2.32285e+06 1.72982e+06 2.27707e+06 1.41565e+06 1.37033e+06 1.41914e+06 1.2793e+06 1.06264e+06 1.00479e+06 773012 719237 1.04295e+06 684903 676152 668932 616370 611992 581646 550144 548322 535059 501324
threshold=-2677.7199999999998 0 49.150000000000098 40.630000000000116 0.85648632831118332 0.96792815261865905 189.47500000000002 1 46.792500000000011 1153.3900000000001 -24.090850965167565 122.54090000000012 -54.792381045206319 127.51050000000002 37.568400000000004 823.4100000000002 22.735000000000017 2 0.99666505033266317 917.15000000000009 0.71838626295021457 0.9989067051857613 94.344500000000025 710.00000000000011 101.45000000000006 3 1565.8350000000003 -33.55477931857596 219.32000000000002 0.68681643959736849
decision_type=2 9 2 2 2 2 2 9 2 2 2 2 2 2 2 2 2 1 2 2 2 2 2 2 2 9 2 2 2 2
left_child=-1 6 3 7 15 8 -2 11 12 23 18 21 -4 17 16 -5 26 -14 19 -11 -17 -3 -10 -6 -15 -7 -9 -21 -16 -8
right_child=1 2 5 4 9 25 29 14 22 10 -12 -13 13 24 28 20 -18 -19 -20 27 -22 -23 -24 -25 -26 -27 -28 -29 -30 -31
leaf_value=-263.6934391717781 -211.66287619520216 -203.25038144372377 -204.50543852454317 -196.75753026556717 -201.5438952985684 -201.38495241029685 -199.93226785459836 -198.5413267106793 -206.41944817328289 -197.96744926697966 -197.33369962905763 -211.91977697975841 -200.14486309952528 -203.09133461248123 -201.62020047549532 -204.84278920130018 -200.94768952917565 -201.9847835680724 -198.27935030058674 -200.20928137570019 -201.52847641842072 -199.80514928844281 -202.49549499001546 -196.28090591876344 -207.56272768441673 -199.08598135791044 -199.85647780138206 -202.61708978529066 -206.9475129417562 -206.54438919044856
leaf_weight=56 970 668 642 91 58 419 43 1244 510 442 2298 42 903 1146 822 218 1458 1552 825 1007 547 181 138 1362 82 799 2204 309 50 86
leaf_count=56 970 668 642 91 58 419 43 1244 510 442 2298 42 903 1146 822 218 1458 1552 825 1007 547 181 138 1362 82 799 2204 309 50 86
internal_value=-201.035 -200.869 -200.324 -199.476 -198.49 -202.216 -210.803 -200.535 -202.792 -198.032 -198.479 -202.938 -202.374 -202.002 -200.162 -201.865 -199.847 -201.308 -199.497 -200.069 -202.473 -202.516 -205.584 -196.496 -203.39 -199.864 -199.382 -200.775 -201.926 -204.34
internal_weight=21172 21116 20017 13826 7157 6191 1099 6669 4973 6301 4881 891 4325 3683 5778 856 4906 2455 2583 1758 765 849 648 1420 1228 1218 3448 1316 872 129
internal_count=21172 21116 20017 13826 7157 6191 1099 6669 4973 6301 4881 891 4325 3683 5778 856 4906 2455 2583 1758 765 849 648 1420 1228 1218 3448 1316 872 129
cat_boundaries=0 1 2 3 4
cat_threshold=2 20552 2 102415
is_linear=0
shrinkage=1


Tree=1
num_leaves=31
num_cat=6
split_feature=49 26 43 6 33 6 25 34 47 11 44 44 21 10 11 28 36 45 25 37 21 29 35 11 10 18 25 34 13 35
split_gain=7.9821e+07 4.12495e+07 1.13617e+07 5.08977e+06 3.67815e+06 3.13467e+06 2.85698e+06 2.36352e+06 1.84375e+06 1.6176e+06 1.74355e+06 1.36151e+06 1.04016e+06 1.17937e+06 983244 931686 765727 738569 705367 622209 598373 597368 596468 587651 562048 534806 533152 489170 462869 468797
threshold=2624.8200000000002 0 45.83299999999992 0.98984669328714137 1276.8750000000002 0.95360410412616203 1 189.47500000000002 46.792500000000011 5292.6984126984134 40.630000000000116 42.08499999999993 -55.05893421963281 127.51050000000002 4480.0000000000009 2 67.476600000000005 116.9673999999999 3 3.6100000000000003 -57.301056062589375 4 1984.9800000000002 5945.1700680272115 192.17950000000005 0.68681643959736849 5 202.28000000000003 -46.309999999999938 1040.3850000000002
decision_type=2 9 2 2 2 2 9 2 2 2 2 2 2 2 2 1 2 2 9 2 2 1 2 2 2 2 9 2 2 2
left_child=1 7 3 4 9 8 22 -1 12 10 28 19 -4 21 18 -10 23 24 -8 -5 -13 -14 -6 -7 -16 -9 -15 -19 29 -3
right_child=-2 2 5 11 6 16 14 25 15 -11 -12 20 13 26 17 -17 -18 27 -20 -21 -22 -23 -24 -25 -26 -27 -28 -29 -30 -31
leaf_value=-10.048105079059848 -60.156442982066771 -0.08417442116785695 -3.2313435134702311 -0.47027331041541987 -0.8223216122111483 1.5623926750225046 -2.4138863153490302 1.2166737278302513 -5.3392913042021197 -0.37906968108129574 3.4620756474581258 1.8051275647780363 0.75645246480745454 -0.89517740510552146 1.507467060473221 -0.54068301428973453 -1.6016710953501456 -0.50719323002358341 0.21523660755800933 2.2491710338238584 3.9578190897065761 -0.96881072941818447 -3.0347471935101638 -3.0243122544844407 -0.63156853160079651 -5.3313857346438294 -3.1808074453180581 -6.315307833982069 -0.51951593102548077 2.2109195477400654
leaf_weight=981 55 296 635 277 548 1240 355 48 474 584 1930 376 793 443 2934 144 274 231 848 874 2282 1366 686 74 343 89 693 43 313 896
leaf_count=981 55 296 635 277 548 1240 355 48 474 584 1930 376 793 443 2934 144 274 231 848 874 2282 1366 686 74 343 89 693 43 313 896
internal_value=-0.000149079 0.15688 0.68057 1.47572 0.88364 -1.10982 0.0983127 -9.18898 -1.7776 2.05372 2.46733 3.03124 -1.37839 -1.02129 0.655156 -4.31631 0.802714 1.07507 -0.578882 1.59471 3.6533 -0.335122 -2.03575 1.30409 1.28358 -3.03718 -2.32537 -1.41869 1.19167 1.641
internal_weight=21125 21070 19952 13816 10007 6136 5988 1118 4548 4019 3435 3809 3930 3295 4754 618 1588 3551 1203 1151 2658 2159 1234 1314 3277 137 1136 274 1505 1192
internal_count=21125 21070 19952 13816 10007 6136 5988 1118 4548 4019 3435 3809 3930 3295 4754 618 1588 3551 1203 1151 2658 2159 1234 1314 3277 137 1136 274 1505 1192
cat_boundaries=0 1 2 3 4 5 6
cat_threshold=2 69706 3 2436 2 795905
is_linear=0
shrinkage=0.05


Tree=2
num_leaves=31
num_cat=6
split_feature=49 26 14 6 33 6 25 34 47 11 15 15 21 10 11 28 18 15 25 21 11 28 37 39 34 14 44 15 25 34
split_gain=7.25578e+07 3.76992e+07 1.07841e+07 4.73391e+06 3.10094e+06 2.82758e+06 2.6588e+06 2.02747e+06 1.88778e+06 1.46388e+06 1.56377e+06 1.16949e+06 1.0996e+06 1.07312e+06 1.03912e+06 884467 848469 743621 608480 573210 569521 565506 545190 543111 537893 525214 511852 506921 494537 487830
threshold=2624.8200000000002 0 49.150000000000098 0.99337424284517117 1276.8750000000002 0.96792815261865905 1 189.47500000000002 47.544000000000004 5292.6984126984134 40.630000000000116 42.08499999999993 -54.792381045206319 128.58750000000001 4480.0000000000009 2 0.62253917175507767 -220.4800000000001 3 -57.301056062589375 5934.8299319727894 4 3.6100000000000003 116.93140000000001 208.71000000000001 101.45000000000006 -164.92499999999993 210.98499999999993 5 201.90500000000003
decision_type=2 9 2 2 2 2 9 2 2 2 2 2 2 2 2 1 2 2 9 2 2 1 2 2 2 2 2 2 9 2
left_child=1 7 3 4 9 8 -6 -1 12 10 21 22 -4 23 16 -10 -8 24 -18 -13 -7 28 -5 -14 -16 -15 -11 -25 -3 -19
right_child=-2 2 5 11 6 20 14 -9 15 26 -12 19 13 25 17 -17 18 29 -20 -21 -22 -23 -24 27 -26 -27 -28 -29 -30 -31
leaf_value=-9.5488490743210388 -56.842383248465403 -0.0045063869493013184 -3.151419454109595 -0.38220176583872395 -2.2514136481294189 1.3910875104983649 -3.4475105997634259 -2.9951552618795367 -5.1541349526343305 2.8155767750971528 3.2530720787421696 1.6572119410517308 -1.3198592942564238 -1.8557005657751942 -0.46761287947814179 -0.39294754381049168 -2.1892822999802846 1.6191503918942498 0.61015685945925635 3.8728494480431532 -2.601902160755138 -1.753399931630002 2.2419813478668869 0.40100703633844087 -6.3291874784104367 -5.9772113317466644 -1.0703767335969783 -4.0091133550685996 2.0681454160504544 0.35268995224449751
leaf_weight=989 56 422 644 260 953 1125 219 134 482 103 1982 337 889 1125 234 136 242 2438 835 2182 97 148 829 1560 47 83 478 68 944 1105
leaf_count=989 56 422 644 260 953 1125 219 134 482 103 1982 337 889 1125 234 136 242 2438 835 2182 97 148 829 1560 47 83 478 68 944 1105
internal_value=-0.00393967 0.146983 0.648321 1.42894 0.875967 -1.08138 0.159902 -8.76684 -1.60956 1.9426 2.32884 2.98455 -1.24369 -0.913873 0.611929 -4.19612 -0.610433 1.0278 -0.0335344 3.57643 1.07413 1.11891 1.61545 -0.325945 -1.44802 -2.13888 -0.381473 0.216801 1.43246 1.22416
internal_weight=21146 21090 19967 13758 10150 6209 6073 1123 4987 4077 3496 3608 4369 3725 5120 618 1296 3824 1077 2519 1222 1514 1089 2517 281 1208 581 1628 1366 3543
internal_count=21146 21090 19967 13758 10150 6209 6073 1123 4987 4077 3496 3608 4369 3725 5120 618 1296 3824 1077 2519 1222 1514 1089 2517 281 1208 581 1628 1366 3543
cat_boundaries=0 1 2 3 4 5 6
cat_threshold=2 4170 3 65924 6 5444
is_linear=0
shrinkage=0.05


Tree=3
num_leaves=31
num_cat=8
split_feature=44 26 14 6 40 25 6 34 47 11 15 47 40 21 10 15 28 21 20 29 11 37 11 29 34 28 35 18 25 28
split_gain=6.78275e+07 3.36293e+07 9.36583e+06 4.32217e+06 3.1724e+06 2.70206e+06 2.53105e+06 1.78748e+06 1.68216e+06 1.19076e+06 1.36007e+06 1.09678e+06 1.06645e+06 1.02078e+06 1.16896e+06 981818 957338 885310 854664 729755 597323 569891 567671 503193 502508 491701 545857 489253 474186 469736
threshold=-2677.7199999999998 0 49.150000000000098 0.98984669328714137 1392.2300000000002 1 0.96792815261865905 189.47500000000002 40.317700000000009 5292.6984126984134 55.13999999999988 34.690350000000002 3665.6850000000004 -54.792381045206319 128.58750000000001 42.08499999999993 2 -27.139909451700682 -36.712180536463634 3 4480.0000000000009 3.6100000000000003 5945.1700680272115 4 213.71000000000001 5 1035.5550000000003 0.77538181822791052 6 7
decision_type=2 9 2 2 2 9 2 2 2 2 2 2 2 2 2 2 1 2 2 1 2 2 2 1 2 1 2 2 9 1
left_child=-1 7 3 4 9 11 8 -2 13 10 25 20 18 -4 19 21 -10 -14 -7 -15 -6 -5 -8 -16 -13 26 -3 -9 -25 -21
right_child=1 2 6 15 5 12 22 27 16 -11 -12 24 17 14 23 -17 -18 -19 -20 29 -22 -23 -24 28 -26 -27 -28 -29 -30 -31
leaf_value=-52.670324206743089 -9.1110446230053785 -0.55626952196268931 -2.955704779986692 -0.50174307156965592 -0.31420579650335845 -3.4215057011772978 1.3028476524733972 0.46764183948779925 -0.67177511940087975 -0.27332503590512197 3.1288040434930262 -0.64699716286967468 -2.8853550053354522 1.0114402034048573 -0.40052581206647631 3.3021712854748033 -4.7609651840832523 -12.144454837980724 -0.69151792605754769 0.10558192949007861 1.3929383528086008 2.1564792184863775 -3.1588079100180617 -4.8114017904361832 -4.7696323705274004 -1.1964756937877177 1.8717598613551478 -5.5637482976913457 -1.9512976123031125 -1.6357959398091428
leaf_weight=61 969 276 643 262 630 376 1151 58 213 591 1799 526 67 858 327 2632 543 42 1207 746 2745 875 76 204 86 187 1435 80 663 802
leaf_count=61 969 276 643 262 630 376 1151 58 213 591 1799 526 67 858 327 2632 543 42 1207 746 2745 875 76 204 86 187 1435 80 663 802
internal_value=-0.0225386 0.12989 0.600302 1.32945 0.784042 0.00891408 -1.00837 -8.35283 -1.50782 1.81062 2.14375 0.719329 -1.65954 -1.12067 -0.792907 2.77176 -3.68071 -6.45308 -1.33995 -0.158201 1.07427 1.54394 1.02649 -2.07189 -1.22632 1.21008 1.4715 -3.02882 -2.70226 -0.80649
internal_weight=21130 21069 19962 13736 9967 5679 6226 1107 4999 4288 3697 3987 1692 4243 3600 3769 756 109 1583 2406 3375 1137 1227 1194 612 1898 1711 138 867 1548
internal_count=21130 21069 19962 13736 9967 5679 6226 1107 4999 4288 3697 3987 1692 4243 3600 3769 756 109 1583 2406 3375 1137 1227 1194 612 1898 1711 138 867 1548
cat_boundaries=0 1 2 3 4 5 6 7 8
cat_threshold=2 958853 12 2 1 6 229580 5
is_linear=0
shrinkage=0.05


Tree=4
num_leaves=31
num_cat=7
split_feature=49 26 14 15 6 47 11 25 37 34 19 29 34 37 28 49 6 25 25 12 11 17 10 10 35 33 22 21 28 21
split_gain=6.27835e+07 3.03469e+07 8.83029e+06 3.61054e+06 3.07878e+06 2.19119e+06 2.13504e+06 1.78913e+06 1.78734e+06 1.64926e+06 1.13608e+06 984590 982731 921038 828302 783903 781413 777469 720895 628930 589342 581021 550648 503835 466525 465127 451166 448084 431576 561082
threshold=2624.8200000000002 0 49.150000000000098 40.630000000000116 0.84108366424330305 46.792500000000011 5857.6643990929715 1 41.220000000000006 189.47500000000002 0.054299754299754262 2 168.09000000000003 65.705000000000013 3 183.905 0.86070045067470324 4 5 4265.0000000000009 5945.1700680272115 35.000000000000234 42.717000000000006 205.26650000000004 1151.2550000000003 823.4100000000002 0.77538181822791052 -26.064724395403417 6 -22.974741271581454
decision_type=2 9 2 2 2 2 2 9 2 2 2 1 2 2 1 2 2 9 9 2 2 2 2 2 2 2 2 2 1 2
left_child=1 9 3 7 13 8 10 22 16 -1 11 17 -9 -5 -7 19 -4 -6 28 21 -18 -14 -3 27 -13 -15 -11 -20 -10 -30
right_child=-2 2 5 4 6 14 -8 12 18 26 -12 24 15 25 -16 -17 20 -19 23 -21 -22 -23 -24 -25 -26 -27 -28 -29 29 -31
leaf_value=-8.6354616661519739 -49.466916561126709 0.047455675909008489 -1.3891076962059854 -4.1515549281369086 2.828457693221099 -4.6557421063036886 0.14239444545651445 2.4647555148078686 0.81597244948769621 0.74763535846363416 0.63485677219004355 4.1917068593163327 -0.19906451095820224 4.5139128928091017 -0.45583749971865273 -7.4698916800138422 1.1378390251424619 -0.032553219473497437 -2.3057414052366578 -5.7143963261654509 -2.852776154845345 -2.6367829549001227 1.6531111411043822 -4.0222098887767848 3.01072851346466 -0.52784500896326592 -5.135092872381211 -0.51031660389738798 -1.691155524081851 1.3878881044603968
leaf_weight=974 64 681 466 184 535 506 894 285 410 55 557 1190 2780 51 168 41 1654 430 1060 57 98 268 2473 279 2813 444 80 517 791 182
leaf_count=974 64 681 466 184 535 506 894 285 410 55 557 1190 2780 51 168 41 1654 430 1060 57 98 268 2473 279 2813 444 80 517 791 182
internal_value=-0.0199739 0.131276 0.581776 1.28833 2.07064 -0.995095 2.40932 0.445083 -0.662897 -7.91761 2.77613 3.0162 -0.34571 -1.13113 -3.68472 -0.601412 0.430608 1.58258 -1.41171 -0.510717 0.91462 -0.413405 1.30229 -2.05258 3.36181 -0.00839116 -2.73843 -1.71713 -0.53295 -1.10387
internal_weight=20987 20923 19814 13683 7098 6131 6419 6585 5457 1109 5525 4968 3431 679 674 3146 2218 965 3239 3105 1752 3048 3154 1856 4003 495 135 1577 1383 973
internal_count=20987 20923 19814 13683 7098 6131 6419 6585 5457 1109 5525 4968 3431 679 674 3146 2218 965 3239 3105 1752 3048 3154 1856 4003 495 135 1577 1383 973
cat_boundaries=0 1 2 3 4 5 6 7
cat_threshold=2 958624 1 3 237601 404768 9
is_linear=0
shrinkage=0.05


Tree=5
num_leaves=31
num_cat=4
split_feature=49 26 14 6 40 6 20 34 47 15 14 45 37 15 21 10 14 28 35 38 20 37 14 31 35 21 18 34 31 15
split_gain=6.13797e+07 2.74757e+07 8.02577e+06 3.54139e+06 2.7501e+06 2.06469e+06 1.77227e+06 1.47411e+06 1.2171e+06 920517 809121 797879 801863 730906 714097 741205 638585 628485 593558 704769 518602 517373 489282 976444 635143 471233 461637 457028 418986 542626
threshold=2624.8200000000002 0 49.150000000000098 0.98915948721098357 1392.2300000000002 0.95360410412616203 -36.569324644437309 189.47500000000002 46.792500000000011 42.08499999999993 31.490000000000013 63.083050000000021 34.970000000000006 21.170000000000076 -70.668686068908656 205.26650000000004 28.659999999999915 1 1040.3850000000002 950.14910000000009 -12.984648761939752 3.6100000000000003 18.114999999999956 2 2492.5600000000009 -57.301056062589375 0.99938677139052656 185.07500000000002 3 150.9199999999999
decision_type=2 9 2 2 2 2 2 2 2 2 2 2 2 2 2 2 2 1 2 2 2 2 2 9 2 2 2 2 9 2
left_child=1 7 3 4 10 8 16 -1 14 21 18 20 -13 -7 -4 -16 -6 -10 -3 -20 22 -5 -8 -24 -25 -11 28 -17 -21 -30
right_child=-2 2 5 9 6 13 11 -9 17 25 -12 12 -14 -15 15 27 -18 -19 19 26 -22 -23 23 24 -26 -27 -28 -29 29 -31
leaf_value=-8.19410060090242 -48.900701713562015 0.022596113778740528 -3.3950617764716498 -0.47106707309887991 -0.80309890126634498 -0.83166461900033717 0.86543080252875682 -2.5829721644408723 -0.47046117089115658 1.379882664942977 0.27125223306788232 -0.56696754965740137 -6.0199627920292151 1.3980742094327692 -0.67253747739574865 -0.83251659660650201 -3.5039040376471529 -4.3972569974360987 2.9868633956844075 1.1615336376874053 2.8227950510939932 1.9668732020965114 0.36492054256621886 -1.3397273384109893 -6.4055285416709058 3.3097148503560216 -3.2891699143818451 -3.9931961215003975 4.0656362644223298 -2.0152306352342881
leaf_weight=976 64 332 326 291 479 569 2690 133 146 367 803 312 86 1038 3150 186 403 469 1585 1165 246 863 1225 198 90 2291 49 297 290 42
leaf_count=976 64 332 326 291 479 569 2690 133 146 367 803 312 86 1038 3150 186 403 469 1585 1165 246 863 1225 198 90 2291 49 297 290 42
internal_value=-0.00905617 0.139262 0.564288 1.23465 0.740119 -0.933151 0.0244303 -7.52117 -1.47481 2.5313 1.70125 0.399571 -1.74525 0.608577 -1.15335 -0.952194 -2.03714 -3.54419 2.03284 2.24599 0.591443 1.35211 0.460843 -0.258484 -2.82471 3.04326 1.48643 -2.77604 1.64275 3.19998
internal_weight=21161 21097 19988 13807 9995 6181 5729 1109 4574 3812 4266 4847 398 1607 3959 3633 882 615 3463 3131 4449 1154 4203 1513 288 2658 1546 483 1497 332
internal_count=21161 21097 19988 13807 9995 6181 5729 1109 4574 3812 4266 4847 398 1607 3959 3633 882 615 3463 3131 4449 1154 4203 1513 288 2658 1546 483 1497 332
cat_boundaries=0 1 2 3 4
cat_threshold=2 12 66 5
is_linear=0
shrinkage=0.05


Tree=6
num_leaves=31
num_cat=7
split_feature=49 26 43 6 40 25 6 47 11 27 15 11 37 25 15 15 28 18 20 40 19 3 37 37 20 18 39 31 21 21
split_gain=5.54656e+07 2.48197e+07 6.78188e+06 3.31428e+06 2.49696e+06 2.19568e+06 1.93328e+06 1.21026e+06 1.09702e+06 1.07705e+06 975823 920748 837169 773203 713758 673866 632473 598235 595680 607763 578272 495745 453938 441663 502265 495853 429821 426056 424957 422073
threshold=2624.8200000000002 0 45.83299999999992 0.99337424284517117 1400.8150000000003 1 0.96792815261865905 46.792500000000011 5292.6984126984134 2 62.220000000000034 4480.0000000000009 105.59090000000002 3 42.08499999999993 -220.4800000000001 4 0.98417224512611223 -36.712180536463634 3665.6850000000004 0.079682539682539674 5 34.07500000000001 86.835000000000022 -24.726670386039789 0.65070165970895832 109.83594999999998 6 -26.367555478768377 -57.301056062589375
decision_type=2 9 2 2 2 9 2 2 2 1 2 2 2 9 2 2 1 2 2 2 2 9 2 2 2 2 2 9 2 2
left_child=1 9 3 4 8 11 7 13 10 -1 -3 21 -11 20 27 22 -9 -15 -7 -20 -4 -6 -13 25 -25 26 -17 -5 -21 -16
right_child=-2 2 6 14 5 18 -8 16 -10 12 -12 15 -14 17 29 23 -18 -19 19 28 -22 -23 -24 24 -26 -27 -28 -29 -30 -31
leaf_value=0.69655933947790238 -45.773876906886244 1.1482850184570774 0.012998840708769322 0.70774336214241174 0.069900203768816532 -3.2872511304894538 0.94580163586787735 0.45769540708850731 -0.40964958424742026 -7.8502635657915265 2.7382519327449981 -0.42148132952466866 -2.336935306884147 -2.0726187379060894 1.2445727300553611 2.6244384811104586 -3.9722860367473114 -0.13551958247125725 -0.70535314499756241 -2.1051857774219815 -2.8272466690696065 -2.4728419556245207 -5.8023994811037758 0.8905137139062087 -4.9410834069798391 1.8744299021656332 -0.0030825774131400551 2.9762918150958582 -8.6454724149006168 3.1619359305848711
leaf_weight=42 66 2075 1802 763 538 365 1200 100 600 990 1804 236 74 1740 330 192 535 517 1249 63 199 290 47 96 60 1818 822 286 41 2204
leaf_count=42 66 2075 1802 763 538 365 1200 100 600 990 1804 236 74 1740 330 192 535 517 1249 63 199 290 47 96 60 1818 822 286 41 2204
internal_value=-0.00912248 0.134177 0.537935 1.14841 0.692614 0.00935924 -0.852652 -1.29372 1.57998 -7.15682 1.88773 0.638201 -7.46682 -0.990047 2.45819 1.01679 -3.33 -1.62171 -1.48607 -1.01114 -0.268124 -0.849695 -1.31513 1.23765 -1.35241 1.38032 0.494436 1.36136 -4.68357 2.91224
internal_weight=21144 21078 19972 13879 10296 5817 6093 4893 4479 1106 3879 4099 1064 4258 3583 3271 635 2257 1718 1353 2001 828 283 2988 156 2832 1014 1049 104 2534
internal_count=21144 21078 19972 13879 10296 5817 6093 4893 4479 1106 3879 4099 1064 4258 3583 3271 635 2257 1718 1353 2001 828 283 2988 156 2832 1014 1049 104 2534
cat_boundaries=0 1 2 3 4 5 6 7
cat_threshold=2 958853 4 929056 4 2 35
is_linear=0
shrinkage=0.05


Tree=7
num_leaves=31
num_cat=5
split_feature=49 2 14 6 15 6 25 34 25 34 19 38 20 20 34 28 28 37 21 15 18 20 34 14 20 15 37 12 38 47
split_gain=4.87768e+07 2.21166e+07 6.43274e+06 4.06343e+06 2.15132e+06 1.71613e+06 1.61552e+06 1.12452e+06 1.09284e+06 995380 985558 937236 956283 761066 642819 638163 636330 631011 570511 519344 446190 426845 424201 472345 459194 412354 397324 390039 601810 576513
threshold=2624.8200000000002 0 33.994999999999898 0.97097973868489751 43.620000000000012 0.84108366424330305 1 187.94000000000003 2 240.44000000000003 0.079682539682539674 918.6377500000001 -24.090850965167565 -23.376766336655198 203.87000000000003 3 4 65.705000000000013 -27.139909451700682 6.8349999999999236 0.64724989245266451 -25.38009231619478 131.70500000000001 35.264999999999993 -36.130740169283598 -47.155000000000079 95.470000000000013 2405.0000000000005 2127.8550000000005 36.873400000000011
decision_type=2 9 2 2 2 2 9 2 9 2 2 2 2 2 2 1 1 2 2 2 2 2 2 2 2 2 2 2 2 2
left_child=1 7 4 6 8 17 9 22 20 10 27 -7 -13 16 -15 -16 -8 -6 -5 -20 -3 -9 23 -1 -24 -12 -18 28 29 -4
right_child=-2 2 3 18 5 11 13 21 -10 -11 25 12 -14 14 15 -17 26 -19 19 -21 -22 -23 24 -25 -26 -27 -28 -29 -30 -31
leaf_value=-7.7190926190180882 -44.638493522268831 0.24795382223863474 0.11822653632714518 0.33351269373327663 -4.0682114567673002 3.4763443282188895 -1.0848014957432088 -0.84224960924399017 -0.34343837936136051 -4.4201759132317138 0.13569823164364389 1.2205619014518214 2.8386082699572825 -0.041612903593569159 -0.29470007703139273 -3.9214554861134143 -3.1980115108103648 0.18773868517662451 0.080285132641239737 2.4410424589199935 1.4907729683187845 -6.9090478571449836 -3.5387653535267094 -11.774541062894075 -7.2112871237202656 -3.3813529885298501 1.0598617438423006 -1.5869486080048452 1.7747406725731232 -5.4912578055199157
leaf_weight=327 61 1002 1800 870 114 1272 657 99 1892 140 116 2158 1583 816 232 267 1413 369 293 1137 2586 41 106 92 432 296 57 266 621 47
leaf_count=327 61 1002 1800 870 114 1272 657 99 1892 140 116 2158 1583 816 232 267 1413 369 293 1137 2586 41 106 92 432 296 57 266 621 47
internal_value=0.00776426 0.13683 0.517223 -0.471153 1.33065 2.02964 -1.09137 -6.74294 0.629629 -0.294072 -0.111391 2.30389 1.90524 -1.84631 -0.906096 -2.31976 -2.43627 -0.816771 1.34311 1.95733 1.14052 -2.61895 -7.4167 -8.60955 -6.4877 -2.39112 -3.01242 0.232152 0.428214 -0.0245162
internal_weight=21162 21101 20004 9028 10976 5496 6728 1097 5480 3286 3146 5013 3741 3442 1315 499 2127 483 2300 1430 3588 140 957 419 538 412 1470 2734 2468 1847
internal_count=21162 21101 20004 9028 10976 5496 6728 1097 5480 3286 3146 5013 3741 3442 1315 499 2127 483 2300 1430 3588 140 957 419 538 412 1470 2734 2468 1847
cat_boundaries=0 1 2 3 4 5
cat_threshold=8 929056 959874 6 12
is_linear=0
shrinkage=0.05


Tree=8
num_leaves=31
num_cat=7
split_feature=49 2 6 43 25 33 44 34 34 19 35 21 25 40 44 11 11 35 28 10 21 29 11 41 44 33 38 29 10 25
split_gain=4.74518e+07 1.97112e+07 5.49281e+06 4.47858e+06 1.70886e+06 1.58884e+06 1.29643e+06 1.11426e+06 899816 900099 835692 880207 812657 694787 673818 630549 587594 574421 547162 522595 521003 544130 470483 452298 446564 440716 627452 566333 557657 429205
threshold=2624.8200000000002 0 0.97821044459997541 25.717400000000001 1 1267.7200000000003 24.099999999999799 187.94000000000003 240.44000000000003 0.079682539682539674 1621.9750000000001 -31.682924337667021 2 867.94500000000005 -177.3600000000001 5292.6984126984134 5857.6643990929715 1925.5300000000002 3 31.720499999999994 -57.301056062589375 4 5857.6643990929715 0.88778538607229229 34.349999999999916 2381.7900000000004 2127.8550000000005 5 144.39000000000001 6
decision_type=2 9 2 2 9 2 2 2 2 2 2 2 9 2 2 2 2 2 1 2 2 1 2 2 2 2 2 1 2 9
left_child=1 7 3 5 8 13 14 -1 9 25 18 23 -7 -3 -4 -15 20 -11 -6 -14 -8 -22 -17 -12 -13 26 27 -5 -29 -16
right_child=-2 2 6 4 10 12 16 -9 -10 17 11 24 19 15 29 22 -18 -19 -20 -21 21 -23 -24 -25 -26 -27 -28 28 -30 -31
leaf_value=-7.0566431142686561 -42.672574087289661 -0.26498074163458502 -5.5342577634855763 -0.9795108889745171 0.065757295567422144 -1.2746300075937089 1.0743748870509411 -2.3237708451864605 -4.1535597945438392 -0.20267709533059333 -3.0920035860394393 -2.1380785056903315 -0.98408274656045003 2.4226599970721723 -0.25641394425307507 -2.5684309747735306 0.4639345642861068 -3.5472771866816397 -2.3535315565242891 0.81834489104738606 1.2015770459659647 3.094130849314388 1.4410965579451545 1.7931705827919804 -0.083268361044305891 -1.5888722572435032 1.8042112794459375 1.3230134976281254 -0.81063696144480424 1.4532948756198047
leaf_weight=954 65 353 43 793 920 700 513 143 134 249 1434 497 463 2115 591 112 377 265 304 3060 449 2464 211 49 565 275 706 1018 438 963
leaf_count=954 65 353 43 793 920 700 513 143 134 249 1434 497 463 2115 591 112 377 265 304 3060 449 2464 211 49 565 275 706 1018 438 963
internal_value=-0.0172019 0.113841 0.471973 -0.0299095 -0.866852 0.882565 1.83546 -6.38151 -0.127372 0.0163875 -1.62307 -2.14371 0.270783 1.80824 0.639936 2.10842 2.3375 -1.92703 -0.553803 0.57982 2.54367 2.80242 0.050796 -2.93059 -1.04489 0.32565 0.503821 0.0956054 0.68116 0.810779
internal_weight=21223 21158 20061 14661 7647 7014 5400 1097 3878 3744 3769 2545 4223 2791 1597 2438 3803 514 1224 3523 3426 2913 323 1483 1062 3230 2955 2249 1456 1554
internal_count=21223 21158 20061 14661 7647 7014 5400 1097 3878 3744 3769 2545 4223 2791 1597 2438 3803 514 1224 3523 3426 2913 323 1483 1062 3230 2955 2249 1456 1554
cat_boundaries=0 1 2 3 4 5 6 7
cat_threshold=8 961824 69738 6 1 1 68684
is_linear=0
shrinkage=0.05


Tree=9
num_leaves=31
num_cat=4
split_feature=49 26 14 15 36 35 20 37 25 34 38 29 47 19 44 10 11 45 19 11 34 11 40 10 47 29 11 18 18 11
split_gain=3.30545e+07 1.81489e+07 5.01286e+06 2.32968e+06 1.47459e+06 1.46135e+06 1.44431e+06 1.86623e+06 1.30706e+06 1.07206e+06 727226 774129 704361 693558 660118 562803 558513 542245 503942 520952 496681 478103 457554 448513 442092 415115 514048 404315 399718 382179
threshold=2624.8200000000002 0 49.150000000000098 40.630000000000116 64.986900000000006 1153.3900000000001 -24.594422141163694 88.035000000000011 1 187.94000000000003 1675.9743000000001 2 44.465000000000011 0.22996794871794868 -183.595 205.26650000000004 5945.1700680272115 127.68250000000013 0.041684759009986957 5688.1179138322004 164.28500000000003 6030.7029478458053 2111.3150000000005 5.6989999999999954 38.655000000000008 3 4788.0498866213156 0.68681643959736849 0.99751535709622463 5873.1065759637195
decision_type=2 9 2 2 2 2 2 2 9 2 2 1 2 2 2 2 2 2 2 2 2 2 2 2 2 1 2 2 2 2
left_child=1 9 3 8 13 21 10 23 29 -1 28 -12 15 16 -10 18 24 -14 19 25 -16 -5 -13 -8 -4 -6 -27 -11 -7 -3
right_child=-2 2 4 5 12 6 7 -9 14 27 11 22 17 -15 20 -17 -18 -19 -20 -21 -22 -23 -24 -25 -26 26 -28 -29 -30 -31
leaf_value=-6.7610049953194036 -37.362796434305487 0.71311600624640203 0.87472003632954287 3.2411079216301766 1.0634785242904072 1.2524300051101112 -2.3962349716497928 -5.6604135595957441 -6.6974712579732856 1.5358000911011989 -2.1526908760246593 -0.72240626358567084 -3.5846662196486268 -4.0743281454863878 2.4376400747814695 -2.8814832769691745 -2.8641857624053957 0.85833214387297641 -2.7970383152779608 -2.040933774257538 -0.53617156929651921 -1.0842028048931998 1.8739592618454393 2.4338444843289153 -1.6615883199153125 -1.218727476903108 0.67782490762047143 -4.0267992520818909 -2.4020404730087677 2.069335331052542
leaf_weight=950 59 3076 1889 1376 468 1838 49 75 42 49 434 346 485 88 148 370 120 80 288 503 2737 67 333 2512 189 1137 521 98 78 625
leaf_count=950 59 3076 1889 1376 468 1838 49 75 42 49 434 346 485 88 148 370 120 80 288 503 2737 67 333 2512 189 1137 521 98 78 625
internal_value=0.00944242 0.114586 0.460164 0.990992 -0.727755 1.61978 1.25795 2.11376 0.316665 -6.14615 0.513178 -0.503317 -1.32477 0.278243 -0.472599 -1.04446 0.452504 -2.95557 -0.811442 -0.593925 -0.383616 3.04028 0.550922 2.34143 0.644036 -0.25157 -0.622766 -2.1726 1.10366 0.939606
internal_weight=21030 20971 19874 13736 6138 7108 5665 2636 6628 1097 3029 1113 3852 2286 2927 3287 2198 565 2917 2629 2885 1443 679 2561 2078 2126 1658 147 1916 3701
internal_count=21030 20971 19874 13736 6138 7108 5665 2636 6628 1097 3029 1113 3852 2286 2927 3287 2198 565 2917 2629 2885 1443 679 2561 2078 2126 1658 147 1916 3701
cat_boundaries=0 1 2 3 4
cat_threshold=2 958626 4 2
is_linear=0
shrinkage=0.05


Tree=10
num_leaves=31
num_cat=6
split_feature=44 26 6 14 25 40 25 34 45 19 34 20 28 44 34 28 11 35 11 14 47 34 12 12 47 37 31 33 14 18
split_gain=3.38353e+07 1.7067e+07 4.64862e+06 3.66679e+06 1.67566e+06 1.53501e+06 1.33583e+06 828538 795964 783834 810978 650115 649572 642705 615281 571387 539375 636541 568374 602695 487296 427464 410135 469883 488472 508941 390842 383743 377922 374927
threshold=-2677.7199999999998 0 0.99073086558424117 32.910000000000089 1 1386.5750000000003 2 187.94000000000003 121.55099999999989 0.079682539682539674 240.44000000000003 -23.376766336655198 3 30.784999999999972 203.87000000000003 4 5292.6984126984134 1073.1750000000004 5857.6643990929715 -0.32499999999993168 34.690350000000002 208.71000000000001 2280.0000000000005 2055.0000000000005 35.405200000000008 39.255000000000003 5 1642.8200000000002 16.059999999999949 0.92921287355042526
decision_type=2 9 2 2 9 2 9 2 2 2 2 2 1 2 2 1 2 2 2 2 2 2 2 2 2 2 9 2 2 2
left_child=-1 7 3 5 9 16 8 29 -7 10 22 12 -6 -4 -13 -16 17 -3 -18 -20 -8 -22 23 24 25 -5 -19 -11 -28 -2
right_child=1 2 13 4 11 6 20 -9 -10 27 -12 14 -14 -15 15 -17 18 26 19 -21 21 -23 -24 -25 -26 -27 28 -29 -30 -31
leaf_value=-38.497546707956417 -6.0523338943078189 0.25363461072046828 0.91672729176466161 1.7305791519888882 -0.73119528299822678 -1.3690332053511316 0.78359738800505618 -2.4133549695145593 -8.4493645318916872 -0.076478339816573315 -3.7745490376089443 0.047327620998230423 -2.5631929829792135 2.26682085617837 -0.22235679917797749 -3.6437175649469786 -2.823439733558939 1.1089156581591841 3.8282127914890172 -0.5602227652410291 -0.1509691083388004 -3.6954192506699339 -1.4905714224196143 1.6374509698601991 -4.6497347476435644 -0.098260101615991136 3.3159044713995813 -3.1746917535276977 1.8463963220947683 -8.8567033122769363
leaf_weight=57 836 548 1242 486 723 723 3195 146 42 158 122 979 1644 3037 235 264 131 727 124 212 448 105 270 741 51 1751 847 272 905 139
leaf_count=57 836 548 1242 486 723 723 3195 146 42 158 122 979 1644 3037 235 264 131 727 124 212 448 105 270 741 51 1751 847 272 905 139
internal_value=-0.0266933 0.077218 0.414008 0.015908 -0.763427 0.764973 0.155829 -5.92612 -1.73508 -0.0241715 0.228668 -1.49987 -2.01753 1.87495 -0.681003 -2.10993 1.55177 1.79578 -0.0298489 1.05932 0.544955 -0.823966 0.376711 0.543157 0.188755 0.299065 2.13668 -2.03628 2.54232 -6.45214
internal_weight=21160 21103 19982 15703 7696 8007 4513 1121 765 3851 3421 3845 2367 4279 1478 499 3494 3027 467 336 3748 553 3299 3029 2288 2237 2479 430 1752 975
internal_count=21160 21103 19982 15703 7696 8007 4513 1121 765 3851 3421 3845 2367 4279 1478 499 3494 3027 467 336 3748 553 3299 3029 2288 2237 2479 430 1752 975
cat_boundaries=0 1 2 3 4 5 6
cat_threshold=2 929056 69706 12 6 4
is_linear=0
shrinkage=0.05


Tree=11
num_leaves=31
num_cat=6
split_feature=49 2 14 15 19 36 25 36 27 47 35 20 36 37 37 37 28 10 17 36 10 21 28 25 10 10 14 21 45 15
split_gain=2.96627e+07 1.53113e+07 4.29019e+06 1.91775e+06 1.26168e+06 1.24514e+06 1.08516e+06 1.03587e+06 720808 655379 614433 1.06477e+06 598092 558096 532073 528088 510062 496093 480573 490590 474921 474773 571959 472577 453681 443026 410454 408876 389840 388790
threshold=2624.8200000000002 0 49.150000000000098 40.630000000000116 0.076340326340326323 64.986900000000006 1 89.578800000000015 2 44.465000000000011 1153.3900000000001 -24.090850965167565 108.76910000000002 21.420000000000005 43.745000000000012 61.830000000000005 3 144.39000000000001 29.99999999999989 44.992900000000013 258.60199999999992 -24.419100622400162 4 5 39.790500000000002 105.5425 12.759999999999936 -32.041219104272265 15.137600000000029 -295.58999999999975
decision_type=2 9 2 2 2 2 9 2 1 2 2 2 2 2 2 2 1 2 2 2 2 2 1 9 2 2 2 2 2 2
left_child=1 8 3 6 7 13 24 10 -1 20 26 17 -10 -4 -6 -9 -11 -12 19 -8 21 22 25 -13 -3 -7 -5 -17 -24 -21
right_child=-2 2 5 4 14 9 18 15 12 16 11 23 -14 -15 -16 27 -18 -19 -20 29 -22 -23 28 -25 -26 -27 -28 -29 -30 -31
leaf_value=0.78016773291996555 -35.717339114485121 -0.26158086117905893 -1.6238123520103322 3.7863249999525275 0.28857842292375913 1.9559920574227971 1.7600365786187684 -4.5242724167673209 -6.2727129562708086 0.53805292270013261 1.0611487316755419 2.8908020738401392 -2.1744524898577708 0.55504568144524169 -2.9521027279278589 1.2488263968440503 -3.411650435566056 -1.6787306646698088 -1.8951379598280234 -3.8088946654001874 -3.0561799821963751 0.23188888482946002 -1.8241444331259853 1.2552917856991799 1.3734942468371611 -1.8795324730175036 2.0128478087852648 -0.96982947512777573 0.16405815349936437 -0.16570880398934063
leaf_weight=42 58 526 345 635 384 234 335 57 972 102 1894 1527 98 1984 189 569 483 181 397 75 249 834 1584 697 2193 111 671 327 292 3104
leaf_count=42 58 526 345 635 384 234 335 57 972 102 1894 1527 98 1984 189 569 483 181 397 75 249 834 1584 697 2193 111 671 327 292 3104
internal_value=-0.0093656 0.0888309 0.407771 0.900493 1.46964 -0.682011 0.28834 1.66623 -5.59484 -1.22956 1.92534 1.6368 -5.89736 0.232287 -0.780337 0.14225 -2.77211 0.822152 -0.245546 -0.059879 -0.956434 -0.785293 -1.16725 2.39688 1.05331 0.701617 2.87514 0.439116 -1.50665 -0.25166
internal_weight=21149 21091 19979 13761 7131 6218 6630 6558 1112 3889 5605 4299 1070 2329 573 953 585 2075 3911 3514 3304 3055 2221 2224 2719 345 1306 896 1876 3179
internal_count=21149 21091 19979 13761 7131 6218 6630 6558 1112 3889 5605 4299 1070 2329 573 953 585 2075 3911 3514 3304 3055 2221 2224 2719 345 1306 896 1876 3179
cat_boundaries=0 1 2 3 4 5 6
cat_threshold=8 434336 4 4 8 467265
is_linear=0
shrinkage=0.05


Tree=12
num_leaves=31
num_cat=8
split_feature=49 26 6 14 40 47 34 21 15 3 25 17 10 28 11 19 29 25 38 35 17 34 27 6 11 29 13 18 34 14
split_gain=2.79362e+07 1.38004e+07 4.12082e+06 3.58597e+06 1.1133e+06 1.07708e+06 836263 779646 662125 624821 573187 539740 524390 490569 458110 515672 563710 447658 441035 435624 429312 419238 386705 457102 376657 532056 385479 340922 333237 406935
threshold=207.47000000000006 0 0.97097973868489751 28.659999999999915 1375.0200000000004 40.317700000000009 187.94000000000003 -22.974741271581454 26.080000000000158 1 2 55.000000000000007 25.168500000000012 3 5857.6643990929715 0.018350168350168304 4 5 2100.5491500000003 1040.3850000000002 29.99999999999989 237.45000000000002 6 0.88249103102846227 5292.6984126984134 7 -45.820000000000043 0.97444863677922933 131.70500000000001 0.85499999999990461
decision_type=2 9 2 2 2 2 2 2 2 9 9 2 2 1 2 2 1 9 2 2 2 2 1 2 2 1 2 2 2 2
left_child=1 6 3 4 19 7 28 9 20 22 -9 21 -6 -7 15 16 18 -14 -10 -3 -4 24 -5 -24 25 -11 -26 -16 -1 -30
right_child=-2 2 8 5 12 13 -8 10 14 11 -12 -13 17 -15 27 -17 -18 -19 -20 -21 -22 -23 23 -25 26 -27 -28 -29 29 -31
leaf_value=-6.9030799710920085 -31.083487767643398 -0.15330219470125475 0.95162991376096651 -3.3844183106255792 -1.1910087604545587 -0.37533420442121307 -1.859747878383649 1.0557958393509224 -0.31307962231469122 1.3562037583634219 -0.84559149702713121 -2.3553995310552751 -1.3822740318613538 -3.0562789308278702 1.2495165921983795 0.54228657776126143 2.5536658669355572 0.663973521057172 2.5623390514828843 1.8003554072475669 -1.7727778418909148 -3.8169268982319893 -2.1990848362922555 -0.42038839427997243 0.79737384987081061 -0.37703764281072782 -2.1031680943242623 -1.833861851009704 -7.6347005371354584 -4.3012827264158293
leaf_weight=422 72 324 1705 279 547 243 152 1041 341 666 628 337 285 697 284 507 2716 2965 219 2391 158 79 758 690 161 1321 397 131 117 421
leaf_count=422 72 324 1705 279 547 243 152 1041 341 666 628 337 285 697 284 507 2716 2965 219 2391 158 79 758 690 161 1321 397 131 117 421
internal_value=0.00815791 0.114849 0.418201 -0.0588381 0.79408 -0.820001 -5.30565 -0.586408 1.50506 -0.916798 0.341614 -0.470119 0.241261 -2.39973 1.8532 2.02619 2.25585 0.482323 0.811414 1.56721 0.720574 -0.229784 -1.67025 -1.3515 -0.118434 0.203908 -1.26627 0.276209 -5.85125 -5.02621
internal_weight=21054 20982 19870 13809 6512 7297 1112 6357 6061 4688 1669 2961 3797 940 4198 3783 3276 3250 560 2715 1863 2624 1727 1448 2545 1987 558 415 960 538
internal_count=21054 20982 19870 13809 6512 7297 1112 6357 6061 4688 1669 2961 3797 940 4198 3783 3276 3250 560 2715 1863 2624 1727 1448 2545 1987 558 415 960 538
cat_boundaries=0 1 2 3 4 5 6 7 8
cat_threshold=2 1 404805 12 1 4170 4 2
is_linear=0
shrinkage=0.05


Tree=13
num_leaves=31
num_cat=6
split_feature=15 26 6 14 10 21 15 13 25 11 11 25 6 14 15 28 10 15 47 21 18 11 35 15 12 14 25 29 12 18
split_gain=2.58306e+07 1.21446e+07 3.75509e+06 2.22337e+06 2.17148e+06 1.92661e+06 995220 988669 742375 699185 672170 671584 571081 740940 558786 490991 644652 621426 470329 614762 459095 420907 399020 347637 317256 310311 388822 376478 455456 301306
threshold=-407.76499999999982 0 0.86580340929731892 31.949999999999878 100.78300000000002 -23.767466469593419 62.220000000000034 -41.889999999999979 1 5739.6825396825398 5857.6643990929715 2 0.86466091194517036 0.85499999999990461 21.170000000000076 3 98.754000000000033 57.065000000000062 40.317700000000009 -64.975308609237516 0.97444863677922933 7218.0952380952394 1151.2550000000003 192.47499999999994 2485.0000000000005 16.38999999999999 4 5 3165.0000000000005 0.92921287355042526
decision_type=2 9 2 2 2 2 2 2 9 2 2 9 2 2 2 1 2 2 2 2 2 2 2 2 2 2 9 1 2 2
left_child=4 12 7 6 -1 8 11 18 24 14 22 -4 13 -2 -7 16 -10 -17 21 -20 -9 25 -8 -15 -5 27 -27 28 -3 -14
right_child=1 2 3 5 -6 9 10 20 15 -11 -12 -13 29 23 -16 17 -18 -19 19 -21 -22 -23 -24 -25 -26 26 -28 -29 -30 -31
leaf_value=-36.15769526495076 -5.8035340116636176 -0.064466220824397166 1.7054891961103351 0.80835616000077981 -19.884569384412071 -0.020585515826701907 2.9524234216836369 -1.9796499823724887 0.90545014216401987 -2.7521817553374506 0.3404401577159889 0.34784196037511095 -5.3860239308623337 0.38795577484427146 1.7798693995286805 -2.3298481155947535 -1.5311086458054448 -0.4944536469880042 1.3833592550868685 -3.4158347224152608 -0.035934060982697094 -4.981419752892994 1.797319772623714 -3.3596893452059842 -2.8008869398557223 0.32300134119404322 -1.3376263053372215 1.077704828952341 -5.0686642849220425 -8.0011389967421405
leaf_weight=41 222 320 1354 962 41 562 1100 1677 630 108 590 2795 491 103 1848 1004 477 853 94 230 371 42 2334 155 65 742 659 1033 53 142
leaf_count=41 222 320 1354 962 41 562 1100 1677 630 108 590 2795 491 103 1848 1004 477 853 94 230 371 42 2334 155 65 742 659 1033 53 142
internal_value=-0.0129409 0.0963412 0.380575 0.790123 -28.0211 0.10065 1.33922 -0.771118 -0.582626 1.18364 1.89947 0.795851 -4.98641 -3.68579 1.36001 -0.982126 -0.143156 -1.47881 -0.218342 -2.02348 -1.62754 -0.0130551 2.16733 -1.86354 0.574331 0.0612845 -0.465364 0.58606 -0.775518 -5.97267
internal_weight=21098 21016 19903 14682 82 6509 8173 5221 3991 2518 4024 4149 1113 480 2410 2964 1107 1857 3173 324 2048 2849 3434 258 1027 2807 1401 1406 373 633
internal_count=21098 21016 19903 14682 82 6509 8173 5221 3991 2518 4024 4149 1113 480 2410 2964 1107 1857 3173 324 2048 2849 3434 258 1027 2807 1401 1406 373 633
cat_boundaries=0 1 2 3 4 5 6
cat_threshold=2 925728 958464 12 306248 2
is_linear=0
shrinkage=0.05


Tree=14
num_leaves=31
num_cat=6
split_feature=49 26 6 14 25 33 25 15 34 21 34 19 18 35 35 33 25 18 33 47 10 25 37 35 35 21 21 21 25 6
split_gain=2.75522e+07 1.06744e+07 3.34422e+06 2.66227e+06 1.07438e+06 1.06151e+06 937575 685484 574696 546864 532599 570568 451990 435369 416292 528498 395351 385323 384957 380864 379250 319075 318542 287013 286378 353251 283070 275439 433231 661234
threshold=2779.52 0 0.97821044459997541 32.910000000000089 1 1267.7200000000003 2 26.080000000000158 187.94000000000003 -27.672798627590723 244.11500000000004 0.079682539682539674 0.98417224512611223 1035.5550000000003 1605.0200000000002 1213.595 3 0.99868785637636992 2518.9050000000002 34.690350000000002 33.876000000000012 4 36.100000000000009 1925.5300000000002 1128.4450000000004 -26.064724395403417 -25.154667114152229 -17.827322957321719 5 0.92071927617443872
decision_type=2 9 2 2 9 2 9 2 2 2 2 2 2 2 2 2 9 2 2 2 2 9 2 2 2 2 2 2 9 2
left_child=1 8 3 5 10 13 9 16 27 -7 11 -5 14 -3 15 -6 -4 -15 20 22 -8 24 -16 -13 -9 -26 -22 28 -1 -30
right_child=-2 2 7 4 12 6 18 21 -10 -11 -12 23 -14 17 19 -17 -18 -19 -20 -21 26 -23 -24 -25 25 -27 -28 -29 29 -31
leaf_value=-5.4754078537825777 -40.953601055610477 -0.51095155452861607 1.3275301586671742 0.22738790978381795 -1.7403457392050017 -1.2646516319607264 -1.3720802279342201 3.3457986823650971 -1.7689796718147894 -5.8163167252598038 -3.4575290950721711 -0.12734166797317431 -0.13107560949925431 1.6293655050090678 -0.097037292418801657 0.72121752427419028 -0.23950635927254102 -2.3905020963950236 1.077874009007779 -3.1221675979531631 0.047138946631877891 2.0611691657293107 -1.9407645268698517 -2.7959595453082109 -0.14274618460375629 1.7492480915063711 1.6148349834111202 -7.0018806360438921 0.66568367520104288 -5.0324773520754098
leaf_weight=586 41 287 781 3021 521 322 414 119 144 83 116 167 624 2622 289 375 819 61 1258 554 2050 2697 1237 254 523 467 335 167 92 114
leaf_count=586 41 287 781 3021 521 322 414 119 144 83 116 167 624 2622 289 375 819 61 1258 554 2050 2697 1237 254 523 467 335 167 92 114
internal_value=-0.0054037 0.0741677 0.338303 -0.0552975 -0.743515 0.607547 0.120026 1.40057 -4.71428 -2.14451 -0.124881 -0.0129288 -1.35083 1.33998 -1.61113 -0.710116 0.532203 1.53797 0.350511 -1.99925 0.0248529 1.76563 -1.59159 -1.73739 1.01912 0.74974 0.267339 -5.15653 -4.76743 -2.3725
internal_weight=21140 21099 19996 14590 7158 7432 4462 5406 1103 405 3558 3442 3600 2970 2976 896 1600 2683 4057 2080 2799 3806 1526 421 1109 990 2385 959 792 206
internal_count=21140 21099 19996 14590 7158 7432 4462 5406 1103 405 3558 3442 3600 2970 2976 896 1600 2683 4057 2080 2799 3806 1526 421 1109 990 2385 959 792 206
cat_boundaries=0 1 2 3 4 5 6
cat_threshold=2 929056 4106 958850 3244 5
is_linear=0
shrinkage=0.05


Tree=15
num_leaves=31
num_cat=8
split_feature=49 26 6 15 25 49 40 11 3 29 33 20 31 36 44 19 19 6 14 34 15 14 29 31 34 18 37 13 18 25
split_gain=2.18124e+07 9.87332e+06 3.05615e+06 2.00187e+06 1.75275e+06 1.90782e+06 1.2723e+06 1.25856e+06 853776 701082 877460 690200 669968 653940 692275 579747 576799 571709 539504 630272 515283 405656 393070 373815 330763 290498 281578 271631 268847 265125
threshold=2779.52 0 0.86580340929731892 61.345000000000034 1 184.94499999999996 1416.8150000000003 5873.1065759637195 2 3 2044.0300000000002 -34.149853304840036 4 64.793800000000019 -131.14500000000007 0.018350168350168304 0.022474747474747453 0.78888438445076614 9.7400000000000109 205.25500000000002 -52.119999999999997 0.85499999999990461 5 6 189.47500000000002 0.97050178410586196 60.665000000000006 31.44499999999994 0.72318966254891304 7
decision_type=2 9 2 2 9 2 2 2 9 1 2 2 9 2 2 2 2 2 2 2 2 2 1 9 2 2 2 2 2 9
left_child=1 11 8 4 22 6 12 9 16 10 -5 20 21 23 -15 -11 29 -13 19 -10 -1 -6 -4 -8 -22 -9 -21 -20 -25 -3
right_child=-2 2 3 7 5 -7 13 25 18 15 -12 17 -14 14 -16 -17 -18 -19 27 26 24 -23 -24 28 -26 -27 -28 -29 -30 -31
leaf_value=2.6955447951028515 -36.425355325094088 -1.0642028046660243 0.19495857208179385 -0.26616481458247021 5.0768425345420845 -10.506325574478378 0.73452397306338735 0.21004935041158684 0.6426696047534739 2.111571849885729 2.3079645912975351 -2.2749806948330096 0.10508109213493651 0.20825523745130609 -2.4594571836313759 0.42784818506353811 -1.3827136641427744 -5.7961837154520417 -2.0753024965252589 -5.4975621908903127 -4.2337222011031015 1.5194581853544591 1.6151765773451456 -1.6495398195784228 0.38901450877286953 -1.677655103226714 -1.2745806101384094 0.3124075799487358 -0.11799744494877094 0.50086714916055952
leaf_weight=43 41 307 662 947 96 46 569 735 514 3962 509 138 1640 324 975 587 689 700 1554 64 184 485 1845 535 49 282 103 129 617 1868
leaf_count=43 41 307 662 947 96 46 569 735 514 3962 509 138 1640 324 975 587 689 700 1554 64 184 485 1845 535 49 282 103 129 617 1868
internal_value=0.00888988 0.0794922 0.334125 0.700873 0.149212 -0.367398 -0.27911 1.31318 -0.705227 1.58866 0.63372 -4.50207 0.62931 -0.94719 -1.79407 1.89431 -0.121577 -5.21632 -1.40586 -0.224367 -2.33346 2.0716 1.23523 -0.307971 -3.26156 -0.313385 -2.89297 -1.89229 -0.822124 0.277368
internal_weight=21199 21158 20044 14816 7794 5287 5241 7022 5228 6005 1456 1114 2221 3020 1299 4549 2864 838 2364 681 276 581 2507 1721 233 1017 167 1683 1152 2175
internal_count=21199 21158 20044 14816 7794 5287 5241 7022 5228 6005 1456 1114 2221 3020 1299 4549 2864 838 2364 681 276 581 2507 1721 233 1017 167 1683 1152 2175
cat_boundaries=0 1 2 3 4 5 6 7 8
cat_threshold=2 958465 522 1 50 1 16 69632
is_linear=0
shrinkage=0.05


Tree=16
num_leaves=31
num_cat=6
split_feature=49 26 6 14 21 47 15 10 28 27 14 11 25 34 11 20 37 6 25 21 15 19 22 31 14 33 15 15 10 34
split_gain=1.90436e+07 9.04784e+06 2.9013e+06 1.72527e+06 1.4862e+06 855992 771203 758943 725266 825999 681315 664355 586474 532292 523930 467922 445629 428094 417203 415844 408898 352400 346829 330918 323653 310325 310239 295668 291925 288423
threshold=207.47000000000006 0 0.86580340929731892 31.949999999999878 -26.919830858970922 37.568400000000004 62.220000000000034 108.89500000000002 1 2 22.500000000000004 4865.396825396826 3 131.70500000000001 5857.6643990929715 -34.482810792869834 31.620000000000005 0.78888438445076614 4 -42.717291950525492 255.86500000000029 0.074772886093640759 0.89856150262553547 5 99.050000000000026 2108.7400000000002 -41.465000000000025 -52.119999999999997 323.03850000000006 183.52500000000003
decision_type=2 9 2 2 2 2 2 2 1 1 2 2 9 2 2 2 2 2 9 2 2 2 2 9 2 2 2 2 2 2
left_child=1 13 5 6 8 10 12 20 11 -10 23 -5 -4 22 21 27 -7 -17 -11 26 -6 -8 -1 -3 -21 -20 -12 -15 -9 -13
right_child=-2 2 3 4 7 16 14 28 9 18 19 29 -14 15 -16 17 -18 -19 25 24 -22 -23 -24 -25 -26 -27 -28 -29 -30 -31
leaf_value=-4.9036443764500532 -25.855794487536794 -0.11584623955373585 1.2619057245567133 1.2317982198531503 1.6142657630085457 -1.4989912714300893 2.0300295653102935 0.13281762991298704 -3.1064932095714743 0.37555699872047327 -0.53921696884028714 0.9158615382562858 0.078891837632674988 2.4247810524702071 0.26679176473396987 -1.5667452154961308 -4.2068056090364179 -5.0668810576277892 -1.3900523761490473 -0.22894731308186286 -1.8527196416694129 0.095686541899569391 -8.3020046311981837 1.3828374058673336 -2.2710170475859193 2.2663258130433128 -2.4720074432209187 -2.3696331045067893 -2.2191649637371302 -1.8546836903065487
leaf_weight=321 71 1097 2160 804 1914 579 3225 752 432 625 324 128 2041 40 581 113 206 385 1192 1644 89 254 98 545 220 61 578 164 160 353
leaf_count=321 71 1097 2160 804 1914 579 3225 752 432 625 324 128 2041 40 581 113 206 385 1192 1644 89 254 98 545 220 61 578 164 160 353
internal_value=-0.00430512 0.0827452 0.328179 0.685573 0.0768502 -0.688393 1.16527 0.915823 -0.60343 -1.13027 -0.417492 0.349724 0.690346 -4.28821 1.65669 -3.44647 -2.20958 -4.27267 -0.681692 -0.896435 1.46022 1.8888 -5.69849 0.389301 -0.469964 -1.20245 -1.77775 -1.42955 -0.279811 -1.11741
internal_weight=21156 21085 19964 14771 6510 5193 8261 2915 3595 2310 4408 1285 4201 1121 4060 702 785 498 1878 2766 2003 3479 419 1642 1864 1253 902 204 912 481
internal_count=21156 21085 19964 14771 6510 5193 8261 2915 3595 2310 4408 1285 4201 1121 4060 702 785 498 1878 2766 2003 3479 419 1642 1864 1253 902 204 912 481
cat_boundaries=0 1 2 3 4 5 6
cat_threshold=2 12 4 960515 795680 6
is_linear=0
shrinkage=0.05


Tree=17
num_leaves=31
num_cat=8
split_feature=49 26 6 49 14 20 29 15 6 25 15 25 20 15 21 25 6 25 37 37 15 14 21 29 12 14 13 25 34 37
split_gain=2.04568e+07 8.07058e+06 2.76179e+06 2.56316e+06 2.15459e+06 963196 1.00594e+06 860810 631642 606602 605258 604814 522322 453454 450482 445779 439567 404793 360944 346465 324957 322496 299921 346501 340627 317151 286809 273586 269557 265802
threshold=2779.52 0 0.99337424284517117 188.51500000000013 28.659999999999915 -22.917122713760353 1 10.389999999999988 0.84469426641582912 2 -41.465000000000025 3 -34.149853304840036 -52.119999999999997 -26.642031820884483 4 0.78888438445076614 5 97.245000000000019 51.745000000000012 290.74500000000018 98.315000000000012 -60.906058882030855 6 2245.0000000000005 48.054999999999957 -28.085000000000033 7 189.47500000000002 39.255000000000003
decision_type=2 9 2 2 2 2 1 2 2 9 2 9 2 2 2 9 2 9 2 2 2 2 2 1 2 2 2 9 2 2
left_child=1 12 3 4 8 6 17 21 14 -9 -8 -10 13 -1 27 -12 -14 -6 -17 -13 -11 -7 -4 24 -24 -25 -19 -3 -15 -28
right_child=-2 2 22 -5 5 7 10 9 11 20 15 19 16 28 -16 18 -18 26 -20 -21 -22 -23 23 25 -26 -27 29 -29 -30 -31
leaf_value=2.5640367893945601 -34.87461700439453 0.4336189344293187 0.1978570201589914 -12.205069236977156 1.6231249341479097 -0.75386041491380285 -0.08516601584449153 1.8099084452379584 1.3755941243760281 0.3051758707826579 -0.71418651605080707 0.061406871289400249 -2.0804627116685523 -3.9156566319366299 -2.9484575466161047 -2.2589121736377793 -5.2164897720445387 0.65206755654807025 1.1456051873388116 1.3420030998029624 -2.531349316896363 -3.691417417072115 -0.35031668718179987 1.9995397713684468 2.4474586416631938 0.62701296464093037 -0.29438245266287527 -1.1307168435489681 0.20595944499969485 -2.1855226096346576
leaf_weight=42 42 1017 438 43 324 848 694 798 2967 1230 825 2252 133 192 142 2003 699 493 81 690 110 105 396 2660 150 500 633 374 50 263
leaf_count=42 42 1017 438 43 324 848 694 798 2967 1230 825 2252 133 192 142 2003 699 493 81 690 110 105 396 2660 150 500 633 374 50 263
internal_value=-0.0141336 0.0550864 0.285588 -0.0141772 0.018898 -0.5296 -0.937698 0.172259 0.63852 0.729338 -1.41195 0.873145 -4.0832 -2.23176 -0.265851 -1.72848 -4.71518 0.0598111 -2.11643 0.360525 0.071791 -1.07752 1.43517 1.5814 0.418303 1.78237 -0.314273 0.00800243 -3.06408 -0.849483
internal_weight=21194 21152 20036 15892 15849 8407 5316 3091 7442 2138 3603 5909 1116 284 1533 2909 832 1713 2084 2942 1340 953 4144 3706 546 3160 1389 1391 242 896
internal_count=21194 21152 20036 15892 15849 8407 5316 3091 7442 2138 3603 5909 1116 284 1533 2909 832 1713 2084 2942 1340 953 4144 3706 546 3160 1389 1391 242 896
cat_boundaries=0 1 2 3 4 5 6 7 8
cat_threshold=2 2 401728 1024001 402464 925696 1 958849
is_linear=0
shrinkage=0.05


Tree=18
num_leaves=31
num_cat=11
split_feature=49 2 14 21 25 6 15 29 25 40 10 31 35 25 11 21 31 16 18 35 29 25 12 13 40 31 23 44 25 15
split_gain=1.37354e+07 7.35311e+06 2.24121e+06 1.39026e+06 1.01655e+06 921694 760721 665471 660737 608779 568566 592358 540323 526063 452263 446344 420640 398880 444345 394385 385236 382550 367072 344800 315314 668702 313372 305446 291462 285009
threshold=207.47000000000006 0 33.994999999999898 -22.974741271581454 1 0.86668141731568371 62.220000000000034 2 3 1721.6350000000002 108.89500000000002 4 2295.1900000000005 5 5292.6984126984134 -31.252260713096621 6 50.000000000000121 0.92921287355042526 2796.2400000000007 7 8 2045.0000000000002 -31.804999999999946 1400.8150000000003 9 0.074772886093640759 -169.89500000000007 10 30.784999999999972
decision_type=2 9 2 2 9 2 2 1 9 2 2 9 2 9 2 2 9 2 2 2 1 9 2 2 2 9 2 2 9 2
left_child=1 2 5 7 17 21 13 10 -5 -9 11 -4 -6 -7 26 20 -12 18 23 -16 22 -1 -11 -3 25 -15 -8 -27 -17 -10
right_child=-2 4 3 8 12 6 14 9 29 15 16 -13 -14 24 19 28 -18 -19 -20 -21 -22 -23 -24 -25 -26 27 -28 -29 -30 -31
leaf_value=0.59016253744222491 -22.249677436939184 -3.8293696235256101 1.086031591542836 1.6492041759243699 -2.3734046157501956 1.4111725943522389 1.9958405505799288 -0.12513399273495818 -0.86357528332767597 -1.5802601717632891 -1.8788598801082363 -1.7461559098500474 1.5826003917425331 3.2279734344838502 0.27566523971045992 0.89026597111787609 0.8602624269044814 -8.8306469557020399 -6.6163889952585215 2.9262386341528459 -2.5725025555658054 -0.66900894703197877 0.99714602864818813 0.57705368691303904 -0.26429282993736475 -3.9566812445477746 0.15047643747478723 0.43456362218994971 -1.2142261582412546 0.51292753582569028
leaf_weight=1188 69 801 1150 1060 284 1361 2884 1203 559 938 491 211 124 221 939 274 191 45 141 165 957 1205 162 47 1562 41 250 1160 384 1149
leaf_count=1188 69 801 1150 1060 284 1361 2884 1203 559 938 491 211 124 221 939 274 191 45 141 165 957 1205 162 47 1562 41 250 1160 384 1149
internal_value=0.0223132 0.0949839 0.347802 -0.249968 -3.33905 0.823514 1.06545 -0.679959 0.676035 -1.06144 0.0516398 0.642099 -1.14307 0.600558 1.54207 -1.47632 -1.12668 -4.1863 -4.0173 0.671811 -1.83891 -0.0442253 -1.20068 -3.58515 0.225353 0.76479 1.84864 0.282304 -0.342811 0.0620577
internal_weight=21216 21147 19705 8729 1442 10976 8583 5961 2768 3918 2043 1361 408 4345 4238 2715 682 1034 989 1104 2057 2393 1100 848 2984 1422 3134 1201 658 1708
internal_count=21216 21147 19705 8729 1442 10976 8583 5961 2768 3918 2043 1361 408 4345 4238 2715 682 1034 989 1104 2057 2393 1100 848 2984 1422 3134 1201 658 1708
cat_boundaries=0 1 2 3 4 5 6 7 8 9 10 11
cat_threshold=35 4175 2 403712 19 434177 3 1 828544 50 75041
is_linear=0
shrinkage=0.05


Tree=19
num_leaves=31
num_cat=5
split_feature=49 26 6 15 25 11 40 14 6 29 33 19 12 27 47 14 14 21 40 14 21 36 11 25 21 16 45 18 36 16
split_gain=1.34815e+07 6.84674e+06 2.36566e+06 1.3176e+06 1.14625e+06 947221 704357 616401 671212 551452 750199 513430 505928 499088 495723 412198 392703 375258 372198 360075 334401 328365 318070 304717 297769 437038 291856 276454 438845 405846
threshold=2624.8200000000002 0 0.84469426641582912 61.345000000000034 1 5873.1065759637195 1416.8150000000003 8.9000000000000359 0.99502163273971533 2 2044.0300000000002 0.049390243902439006 1245.0000000000002 3 40.317700000000009 -0.32499999999993168 17.250000000000004 -33.55477931857596 2847.4500000000003 39.000000000000121 -55.05893421963281 108.76910000000002 5713.9002267573705 4 -38.081472770912121 125.00000000000001 33.573699999999953 0.76834293487302874 75.504499999999993 50.000000000000121
decision_type=2 9 2 2 9 2 2 2 2 1 2 2 2 1 2 2 2 2 2 2 2 2 2 9 2 2 2 2 2 2
left_child=1 13 14 4 -4 9 12 22 19 10 -5 -11 23 21 16 -14 24 -7 -10 -9 -18 27 -8 -6 25 -3 -21 29 -29 -1
right_child=-2 2 3 5 6 17 7 8 18 11 -12 -13 15 -15 -16 -17 20 -19 -20 26 -22 -23 -24 -25 -26 -27 -28 28 -30 -31
leaf_value=-3.0634931613411944 -23.865938296560515 1.1272746888786642 1.1548501280120669 -0.29915060600949811 0.57400328544086943 0.56380564616343321 -0.27100019495530525 -2.6143137028218484 -0.24139915380915747 1.7164810126654999 1.9378049486614246 -0.029843436570826127 4.4767490447835723 0.61586418818859823 -2.1274495648629537 0.99929944975362894 -1.9742976670253054 -1.3051119927482633 2.9545493508223446 -1.3909358248593797 -0.58692605177907919 -1.2935667659800787 1.3542098365985207 -0.81242174971231018 -1.0919073170793603 -3.2575726661951316 0.44052240962726402 -3.8095308294425076 -7.0925030884130038 -7.5534372602190292
leaf_weight=497 59 681 2061 1073 792 559 1015 511 316 4263 576 467 94 63 612 912 589 517 128 1306 1654 104 428 774 306 62 261 236 179 56
leaf_count=497 59 681 2061 1073 792 559 1015 511 316 4263 576 467 94 63 612 912 589 517 128 1306 1654 104 428 774 306 62 261 236 179 56
internal_value=0.00157056 0.0683344 0.283169 0.551626 0.129823 1.0381 -0.194818 -0.613131 -1.08469 1.26957 0.482224 1.54406 0.449295 -3.70915 -0.820711 1.32423 -0.577781 -0.334178 0.679955 -1.46174 -0.951243 -3.96333 0.211044 -0.112764 0.220764 0.761379 -1.08589 -4.25016 -5.22556 -3.51817
internal_weight=21151 21092 19957 16053 8598 7455 6537 3965 2522 6379 1649 4730 2572 1135 3904 1006 3292 1076 444 2078 2243 1072 1443 1566 1049 743 1567 968 415 553
internal_count=21151 21092 19957 16053 8598 7455 6537 3965 2522 6379 1649 4730 2572 1135 3904 1006 3292 1076 444 2078 2243 1072 1443 1566 1049 743 1567 968 415 553
cat_boundaries=0 1 2 3 4 5
cat_threshold=2 434176 1 2 1504
is_linear=0
shrinkage=0.05


Tree=20
num_leaves=31
num_cat=4
split_feature=49 26 43 49 20 40 20 11 28 36 35 34 25 43 10 34 10 21 10 40 25 11 15 11 15 47 45 16 18 36
split_gain=1.18447e+07 5.93213e+06 1.85127e+06 1.63513e+06 804872 839142 929278 746638 615076 565154 528216 437106 427682 405320 384662 378892 366899 356446 344983 314051 309101 304185 299166 293253 572862 281470 297897 280231 350743 299361
threshold=2779.52 0 45.83299999999992 191.69499999999974 -13.123683050892357 1392.2300000000002 -36.712180536463634 5292.6984126984134 1 64.986900000000006 1035.5550000000003 187.94000000000003 2 7.0007499999999832 18.649500000000007 195.47000000000003 258.60199999999992 -70.668686068908656 187.34100000000004 3314.2250000000004 3 5945.1700680272115 65.38000000000001 5857.6643990929715 -197.79999999999995 46.792500000000011 125.28500000000004 75.000000000000128 0.74807178508501437 75.504499999999993
decision_type=2 9 2 2 2 2 2 2 1 2 2 2 9 2 2 2 2 2 2 2 9 2 2 2 2 2 2 2 2 2
left_child=1 11 3 4 5 7 14 8 20 17 -10 27 15 -12 -7 -8 25 -4 -17 -14 -3 -19 -20 -9 -25 -11 -27 28 -1 -30
right_child=-2 2 9 -5 -6 6 12 23 10 16 13 -13 19 -15 -16 18 -18 21 22 -21 -22 -23 -24 24 -26 26 -28 -29 29 -31
leaf_value=-2.8388273252114171 -27.169226436614991 -1.9635532905380906 -2.5604885088770017 -9.2720130488986054 2.0518465319039882 3.3439857591282243 1.2344214451821607 -1.8510496628259057 -0.66203269538985698 -0.51517281733838438 2.020249580681611 -0.97533910428353254 0.12347277012821711 1.0562730227304147 -1.4316821155739852 0.36501445842294794 -2.5499419726508714 0.44858185086066538 -0.7011281168578487 -1.6772916762530805 0.68389409820104508 -2.2632648931867485 -6.043306570053101 2.879044585095512 -0.82025560808244014 -2.3011973975491133 1.095157395538531 -8.0101776456832887 -3.6635196980558526 -6.3967556113797119
leaf_weight=496 40 214 114 42 903 44 1881 264 314 3034 1874 146 2804 2608 1011 843 289 2015 76 265 212 109 40 144 383 429 76 40 238 173
leaf_count=496 40 214 114 42 903 44 1881 264 314 3034 1874 146 2804 2608 1011 843 289 2015 76 265 212 109 40 144 383 429 76 40 238 173
internal_value=0.0133136 0.0648909 0.261026 0.578655 0.608462 0.508025 0.134416 0.940723 1.15757 -0.467961 1.31769 -3.52189 0.378469 1.45933 -1.23251 0.819171 -0.836977 0.163226 0.0132317 -0.0319145 -0.660577 0.309415 -2.54326 -0.490838 0.190559 -0.697094 -1.79006 -3.91449 -3.73386 -4.81401
internal_weight=21121 21081 19988 13922 13880 12977 6964 6013 5222 6066 4796 1093 5909 4482 1055 2840 3828 2238 959 3069 426 2124 116 791 527 3539 505 947 907 411
internal_count=21121 21081 19988 13922 13880 12977 6964 6013 5222 6066 4796 1093 5909 4482 1055 2840 3828 2238 959 3069 426 2124 116 791 527 3539 505 947 907 411
cat_boundaries=0 1 2 3 4
cat_threshold=2 1 434435 539662
is_linear=0
shrinkage=0.05


end of trees

feature_importances:
vowel_class=53
base_cutoff_to_next_anchor_ms=42
base_pre_to_expected_ms=38
wav_duration_ms=37
cand_cons=37
mapping_confidence=36
local_valley_db=36
words_vs_alias_score_margin=26
cand_ovl=23
cand_cutoff_abs=22
energy_mean=21
onset_class=21
cand_overlap_margin=21
cand_leak_risk=21
local_peak_db=19
voicing_class=19
bridge_type=17
cand_cut_gap=16
db_silence_ratio=14
cand_offset=14
cand_cutoff_to_next_anchor_ms=13
cand_pre=11
expected_anchor_ms=10
prev_alias_type=10
cand_delta_from_base_total=9
base_offset_to_expected_ms=6
cand_pre_abs=6
mora_position=5
cand_pre_to_expected_ms=5
alias_type=4
prev_phone_gap_ms=4
next_phone_gap_ms=4
alias_group=3
mel_window_energy_mean=2
cand_cons_gap=2
cand_ovl_ratio=2
mel_window_silence_ratio=1

parameters:
[boosting: gbdt]
[objective: regression]
[metric: l2]
[tree_learner: serial]
[device_type: cpu]
[data_sample_strategy: bagging]
[data: ]
[valid: ]
[num_iterations: 400]
[learning_rate: 0.05]
[num_leaves: 31]
[num_threads: 0]
[seed: 0]
[deterministic: 0]
[force_col_wise: 0]
[force_row_wise: 0]
[histogram_pool_size: -1]
[max_depth: -1]
[min_data_in_leaf: 40]
[min_sum_hessian_in_leaf: 0.001]
[bagging_fraction: 0.85]
[pos_bagging_fraction: 1]
[neg_bagging_fraction: 1]
[bagging_freq: 1]
[bagging_seed: 3]
[bagging_by_query: 0]
[feature_fraction: 0.85]
[feature_fraction_bynode: 1]
[feature_fraction_seed: 2]
[extra_trees: 0]
[extra_seed: 6]
[early_stopping_round: 0]
[early_stopping_min_delta: 0]
[first_metric_only: 0]
[max_delta_step: 0]
[lambda_l1: 0]
[lambda_l2: 0]
[linear_lambda: 0]
[min_gain_to_split: 0]
[drop_rate: 0.1]
[max_drop: 50]
[skip_drop: 0.5]
[xgboost_dart_mode: 0]
[uniform_drop: 0]
[drop_seed: 4]
[top_rate: 0.2]
[other_rate: 0.1]
[min_data_per_group: 100]
[max_cat_threshold: 32]
[cat_l2: 10]
[cat_smooth: 10]
[max_cat_to_onehot: 4]
[top_k: 20]
[monotone_constraints: ]
[monotone_constraints_method: basic]
[monotone_penalty: 0]
[feature_contri: ]
[forcedsplits_filename: ]
[refit_decay_rate: 0.9]
[cegb_tradeoff: 1]
[cegb_penalty_split: 0]
[cegb_penalty_feature_lazy: ]
[cegb_penalty_feature_coupled: ]
[path_smooth: 0]
[interaction_constraints: ]
[verbosity: -1]
[saved_feature_importance_type: 0]
[use_quantized_grad: 0]
[num_grad_quant_bins: 4]
[quant_train_renew_leaf: 0]
[stochastic_rounding: 1]
[linear_tree: 0]
[max_bin: 255]
[max_bin_by_feature: ]
[min_data_in_bin: 3]
[bin_construct_sample_cnt: 200000]
[data_random_seed: 1]
[is_enable_sparse: 1]
[enable_bundle: 1]
[use_missing: 1]
[zero_as_missing: 0]
[feature_pre_filter: 1]
[pre_partition: 0]
[two_round: 0]
[header: 0]
[label_column: ]
[weight_column: ]
[group_column: ]
[ignore_column: ]
[categorical_feature: 0,1,2,3,4,24,25,26,27,28,29,30,31,32]
[forcedbins_filename: ]
[precise_float_parser: 0]
[parser_config_file: ]
[objective_seed: 5]
[num_class: 1]
[is_unbalance: 0]
[scale_pos_weight: 1]
[sigmoid: 1]
[boost_from_average: 1]
[reg_sqrt: 0]
[alpha: 0.9]
[fair_c: 1]
[poisson_max_delta_step: 0.7]
[tweedie_variance_power: 1.5]
[lambdarank_truncation_level: 30]
[lambdarank_norm: 1]
[label_gain: ]
[lambdarank_position_bias_regularization: 0]
[eval_at: ]
[multi_error_top_k: 1]
[auc_mu_weights: ]
[num_machines: 1]
[local_listen_port: 12400]
[time_out: 120]
[machine_list_filename: ]
[machines: ]
[gpu_platform_id: -1]
[gpu_device_id: -1]
[gpu_use_dp: 0]
[num_gpu: 1]

end of parameters

pandas_categorical:[["korean"], ["cvc"], ["cv", "cv_head", "mono", "vc", "vcv", "vv"], ["cv", "cv_glide", "cv_head", "cv_head_glide", "mono", "vc_other", "vc_sonorant", "vc_stop", "vcv", "vv"], ["anchor_soft", "anchor_tight", "base", "bridge_tight", "cv_guard", "kr_cvc_body_hold", "kr_cvc_tail_hold", "next_safe"], ["liquid", "nasal", "none", "other", "stop"], ["", "a", "e", "eo", "eu", "eui", "i", "o", "u", "ui", "wa", "we", "weo", "wi", "wo", "ya", "ye", "yeo", "yo", "yu"], ["", "vc", "vcv", "vv"], ["head", "mid", "tail"], ["other", "plosive", "sibilant", "sonorant"], ["unknown", "voiced", "voiceless"], ["unknown"], ["", "cv", "cv_head", "mono", "vc", "vcv", "vv"], [""]]
