tree
version=v4
num_class=1
num_tree_per_iteration=1
label_index=0
max_feature_idx=62
objective=regression_l1
feature_names=language format_type alias_type alias_group row_index_in_wav row_ratio_in_wav is_head_row is_tail_row wav_duration_ms base_offset base_cons base_cutoff_abs base_pre base_ovl base_cons_gap base_cut_gap base_ovl_ratio curr_phone_start_ms curr_phone_end_ms curr_phone_len_ms curr_vowel_start_ms curr_vowel_end_ms curr_vowel_len_ms syllable_start_ms syllable_end_ms syllable_len_ms prev_phone_gap_ms next_phone_gap_ms expected_anchor_ms base_offset_to_expected_ms base_pre_to_expected_ms base_cutoff_to_next_anchor_ms energy_mean energy_min energy_max energy_slope_pre energy_slope_post valley_energy valley_dist_from_cutoff_ms db_mean db_min db_silence_ratio f0_voicing_mean f0_voicing_near_pre zcr_mean spectral_flux_mean onset_class voicing_class is_tense is_diphthong coda_type vowel_class mora_position bridge_type is_nasal_or_sonorant prev_alias_type next_alias_type prev_base_pre next_base_pre prev_base_offset next_base_offset prev_base_cutoff_abs next_base_cutoff_abs
feature_infos=none none -1:1:0 -1:2:0:1 [0:26] [0:1] [0:1] [0:1] [2062.312925170068:10311.56462585034] [503.17000000000002:9509.4300000000003] [210.69:586.30999999999995] [910.59000000000003:9884.5200000000004] [164.84:400.50999999999999] [69.420000000000002:219.74000000000001] [1.3400000000000318:297.67999999999995] [1.0300000000000011:670.09000000000003] [0.32199159768728419:0.60604835746307051] [120:8650] [400:9900] [10:4270] [0:7950] [0:8620] [0:2560] [60:8650] [400:9900] [10:4270] [0:2640] [0:2640] [120:7950] [-1773.6700000000001:4665.21] [-1542.9300000000003:4890.1099999999997] [-8572.7900000000009:3926.9400000000001] [4.8788662893980496e-06:1] [0:1] [8.0949681075144362e-05:1] [-0.65540146683165257:0.84831967064659231] [-0.94162345424736638:0.99999655380528718] [0:1] [-18.677596371882828:701.31058956916104] [-109.68414273598114:-16.631611655931952] [-120:-18.435382696182007] [0:1] [0:1] [0:1] [0.00028352707683579998:0.36603345619506661] [0:0.1066577417753824] -1:0:1 -1:0:1 none [0:1] -1:2:3:1:0 -1:0:1:2:3:4:6:7:8:9:10:11:13:14:17:5:12:15:16 -1:1:2:0 -1:1:0 [0:1] -1:5:1:3:4:0:2 none [0:400.50999999999999] [0:400.50999999999999] [0:6544] [0:9590] [0:6881.6700000000001] [0:9884.5200000000004]
tree_sizes=1388 1454 1395 1320 1308 1398 1473 1476 1576 1415 1422 1327 1490 1483 1555 1410 1573 1471 1499 1476 1496 1645 1581 1586 1568 1482 1487 1587 1558 1538 1509 1665 1602 1598 1645 1571 1558 1649 1564 1563 1489 1577 1504 1396 1501 1581 1533 1414 1500

Tree=0
num_leaves=15
num_cat=1
split_feature=12 22 57 12 33 18 14 13 10 52 62 12 35 17
split_gain=269.136 29.3981 27.6677 18.8655 24.8694 15.5234 7.64476 9.24329 14.2402 6.84002 3.77065 1.47533 1.78921 0.476471
threshold=272.10000000000008 75.000000000000014 96.315000000000012 244.17500000000004 9.0098225607258619e-08 4685.0000000000009 154.23500000000004 102.04000000000001 279.13500000000005 0 3056.9800000000005 301.67500000000007 -1.0000000180025095e-35 3465.0000000000005
decision_type=2 2 2 2 2 2 2 2 2 1 2 2 2 2
left_child=1 10 5 4 -4 9 7 8 -6 -3 -1 12 -2 -9
right_child=11 2 3 -5 6 -7 -8 13 -10 -11 -12 -13 -14 -15
leaf_value=-32.349426651000975 -38.128601646423341 -34.746551609039308 -35.983201599121095 -35.644301605224612 -32.748326683044432 -36.533201694488525 -35.05660161972046 -33.477101659774782 -35.014751625061038 -35.717401599884035 -33.58910164833069 -38.08735179901123 -37.782201576232907 -33.699851652979852
leaf_weight=70 42 55 40 65 70 54 43 45 69 42 41 125 64 40
leaf_count=70 42 55 40 65 70 54 43 45 69 42 41 125 64 40
internal_value=-35.4761 -35.4593 -35.4642 -35.4569 -35.4517 -35.4823 -35.4462 -35.4425 -35.4505 -35.4703 -35.4359 -35.5223 -35.518 -35.4295
internal_weight=865 634 523 372 307 151 267 224 139 97 111 231 106 85
internal_count=865 634 523 372 307 151 267 224 139 97 111 231 106 85
cat_boundaries=0 1
cat_threshold=2
is_linear=0
shrinkage=1


Tree=1
num_leaves=16
num_cat=0
split_feature=12 22 10 10 39 14 14 38 13 60 31 29 34 9 9
split_gain=266.041 29.9361 25.6517 57.073 35.5765 13.9477 10.7183 9.3021 6.48373 5.56528 5.4163 3.94718 1.96527 0.521105 0.481395
threshold=272.23500000000007 75.000000000000014 270.23500000000007 328.44500000000005 -29.653096922782623 55.620000000000005 153.22500000000005 4.1774263038547597 103.27500000000002 3041.0600000000004 -376.815 -180.4850000000001 0.84464408759955456 2443.1850000000009 2629.5900000000006
decision_type=2 2 2 2 2 2 2 2 2 2 2 2 2 2 2
left_child=1 9 10 5 7 -4 -6 -5 -9 -1 -3 -10 -2 -14 -13
right_child=12 2 3 4 6 -7 -8 8 11 -11 -12 14 13 -15 -16
leaf_value=2.8362213325500489 -2.0079325199127198 2.7498162937164308 -0.024472422599792411 0.26487007617950448 0.41568757057189959 -1.7576400732994082 -1.2709998798370361 0.36262383937835702 0.6600925755500795 1.7925550866127016 1.214810061454773 2.1178050923347476 -2.0700048828124999 -2.9339898204803472 2.2348550963401794
leaf_weight=73 45 48 47 47 61 64 44 44 40 41 41 40 50 131 46
leaf_count=73 45 48 47 47 61 64 44 44 40 41 41 40 50 131 46
internal_value=0.000580046 0.0171384 0.012069 0.00704388 0.0177019 -0.0238739 -0.00619048 0.0292627 0.0347059 0.0403509 0.0365169 0.0404762 -0.0460177 -0.0483425 0.0465116
internal_weight=862 636 522 433 322 111 105 217 170 114 89 126 226 181 86
internal_count=862 636 522 433 322 111 105 217 170 114 89 126 226 181 86
is_linear=0
shrinkage=0.05


Tree=2
num_leaves=15
num_cat=1
split_feature=12 22 51 10 57 13 20 45 40 12 58 34 10 37
split_gain=247.593 29.0237 25.4732 35.4814 26.1478 19.4563 18.9266 6.82674 6.4188 6.32195 4.98136 2.35459 1.8 0.683454
threshold=272.23500000000007 75.000000000000014 0 270.23500000000007 119.37500000000001 103.58500000000001 4195.0000000000009 0.010841678102257451 -73.735745414949136 227.06500000000003 182.14000000000001 0.84742125257139256 381.43000000000006 0.68214244734223783
decision_type=2 2 1 2 2 2 2 2 2 2 2 2 2 2
left_child=1 10 9 8 7 -6 -7 -5 -4 -3 -1 -2 -11 -13
right_child=11 2 3 4 5 6 -8 -9 -10 12 -12 13 -14 -15
leaf_value=2.564085282325745 -1.6445607733726502 0.87470322561264069 2.4771868100166325 -0.40155784142017376 -0.9597436168193817 1.698572324322537 -0.18066925096511818 -0.82396623158454896 1.441256301522255 1.7753313851356509 1.6388602628707887 -2.4546515889167786 1.0710838375091554 -2.1358696918487552
leaf_weight=60 40 41 43 51 79 76 53 57 48 40 47 144 40 41
leaf_count=60 40 41 43 51 79 76 53 57 48 40 47 144 40 41
internal_value=-0.000930233 0.0150394 0.0102273 0.00371703 -0.00411392 0.00625 0.0182171 -0.0240741 0.0313187 0.0293893 0.038785 -0.046 0.04 -0.0483784
internal_weight=860 635 528 407 316 208 129 108 91 121 107 225 80 185
internal_count=860 635 528 407 316 208 129 108 91 121 107 225 80 185
cat_boundaries=0 1
cat_threshold=174240
is_linear=0
shrinkage=0.05


Tree=3
num_leaves=14
num_cat=1
split_feature=12 22 51 10 10 39 4 60 8 40 25 12 60
split_gain=253.492 31.364 22.3818 30.8645 29.9351 22.3837 22.997 13.5296 10.9529 7.0564 4.14833 1.64818 1.90556
threshold=272.23500000000007 75.000000000000014 0 270.23500000000007 328.44500000000005 -29.653096922782623 2.5000000000000004 2032.4750000000001 7558.4126984126988 -73.735745414949136 235.00000000000003 301.67500000000007 2891.8600000000001
decision_type=2 2 1 2 2 2 2 2 2 2 2 2 2
left_child=1 10 8 9 7 6 -6 -5 -3 -4 -1 12 -2
right_child=11 2 3 4 5 -7 -8 -9 -10 -11 -12 -13 -14
leaf_value=1.6737757816195487 -1.8517416066527368 1.9057414119482041 2.1172775717258454 -3.1954290906071665 0.0141781674742699 -0.97823655555248268 1.4494947033047678 -0.32444217144250875 0.84241806890964532 1.4241184871137142 2.8844116147041321 -2.2042697176337245 -2.8780879662275312
leaf_weight=48 42 63 44 57 68 67 73 58 49 50 66 124 48
leaf_count=48 42 63 44 57 68 67 73 58 49 50 66 124 48
internal_value=0.000875146 0.016563 0.0114367 0.00550351 -0.00170279 0.00961538 0.020922 -0.0221739 0.0303279 0.0308511 0.0403509 -0.0462617 -0.0411111
internal_weight=857 643 529 417 323 208 141 115 112 94 114 214 90
internal_count=857 643 529 417 323 208 141 115 112 94 114 214 90
cat_boundaries=0 1
cat_threshold=231456
is_linear=0
shrinkage=0.05


Tree=4
num_leaves=14
num_cat=0
split_feature=12 57 12 10 10 14 12 32 20 29 14 29 45
split_gain=244.81 25.9061 28.0232 34.2339 25.9015 25.2038 18.6681 11.838 8.84767 8.53795 3.35034 1.85042 0.688575
threshold=272.23500000000007 295.58000000000004 199.98500000000004 333.24500000000006 390.39000000000004 57.335000000000001 226.59500000000003 0.11969504334137031 2985.0000000000005 -191.22999999999976 143.20500000000001 -9.6149999999998936 0.0063094725869549508
decision_type=2 2 2 2 2 2 2 2 2 2 2 2 2
left_child=1 2 -1 5 6 7 8 -4 -5 -8 12 -11 -2
right_child=10 -3 3 4 -6 -7 9 -9 -10 11 -12 -13 -14
leaf_value=2.4219854210710525 -1.3385534371483327 1.6872728348737955 0.91842590888887621 0.71533583517611032 -0.43823053999123157 -1.7766944516009096 1.1260170397388936 -0.61227952041089539 -0.42972608130097395 1.5839968098747732 -1.8719949821740394 2.0968460557329656 -2.8347868262320759
leaf_weight=69 41 58 40 43 68 65 70 43 55 61 40 49 149
leaf_count=69 41 58 40 43 68 65 70 43 55 61 40 49 149
internal_value=-0.00158637 0.0147343 0.0114565 0.00728745 0.015896 -0.0128378 0.0226619 0.00542169 0.00510204 0.0322222 -0.0456522 0.0409091 -0.0484211
internal_weight=851 621 563 494 346 148 278 83 98 180 230 110 190
internal_count=851 621 563 494 346 148 278 83 98 180 230 110 190
is_linear=0
shrinkage=0.05


Tree=5
num_leaves=15
num_cat=2
split_feature=12 12 57 51 22 52 39 57 16 16 57 57 12 60
split_gain=245.352 29.6762 34.1285 26.9097 19.0272 12.8827 11.9247 12.3287 10.2627 8.19996 6.93118 2.84444 1.94137 2.65396
threshold=272.23500000000007 199.98500000000004 281.49000000000007 0 85.000000000000014 1 -29.653096922782623 119.37500000000001 0.4608713620731984 0.4544726731229265 188.18500000000003 168.20500000000001 301.67500000000007 2891.8600000000001
decision_type=2 2 2 1 2 1 2 2 2 2 2 2 2 2
left_child=1 11 3 9 -5 6 7 -6 10 -3 -7 -1 13 -2
right_child=12 2 -4 4 5 8 -8 -9 -10 -11 -12 -13 -14 -15
leaf_value=3.5067686896680001 -1.7783702467982476 0.85873350726772868 1.5911620532408339 1.4455287365799241 -0.26606760973808136 -0.4098725638079046 -0.72646274701705704 1.0518935319972242 0.72015699772363906 2.2385822288698556 -3.4771615914034246 1.6150530415327546 -1.9272973628501597 -2.9009441350518164
leaf_weight=45 43 58 62 50 59 51 56 78 45 54 47 45 130 53
leaf_count=45 43 58 62 50 59 51 56 78 45 54 47 45 130 53
internal_value=-0.00114155 0.0144615 0.0101786 0.00582329 -0.000757576 -0.00505952 0.00336788 0.0113139 -0.0164336 0.0262295 -0.0255102 0.0411111 -0.0460177 -0.040625
internal_weight=876 650 560 498 386 336 193 137 143 112 98 90 226 96
internal_count=876 650 560 498 386 336 193 137 143 112 98 90 226 96
cat_boundaries=0 1 2
cat_threshold=172066 2
is_linear=0
shrinkage=0.05


Tree=6
num_leaves=16
num_cat=0
split_feature=12 12 13 12 16 57 13 13 60 60 44 14 9 34 10
split_gain=232.997 30.0953 33.8937 22.6052 18.4298 13.3753 11.4121 7.85158 6.45467 5.36876 4.88038 3.88668 3.25765 1.80466 0.543103
threshold=276.79000000000002 216.01000000000002 103.27500000000002 229.62000000000003 0.50564904982509229 230.51500000000001 97.925000000000011 107.37000000000002 2063.3600000000006 3048.6750000000006 0.037283810603912608 128.50500000000002 4163.5900000000011 0.84464408759955456 412.75500000000005
decision_type=2 2 2 2 2 2 2 2 2 2 2 2 2 2 2
left_child=1 10 3 6 5 7 11 -4 -8 -5 -1 -3 -7 -2 -15
right_child=13 2 4 9 -6 12 8 -9 -10 -11 -12 -13 -14 14 -16
leaf_value=2.1120871394366492 -1.7299900378423407 1.1013616344484054 0.0093007700041187746 -1.1401462061535004 -0.12329430516274585 1.8413644814405394 -1.0418770566704898 1.6449322476431996 0.48949957848598091 -0.60096051415817531 2.3665586219323962 0.14909638278093773 1.5276817195784005 -5.7252077785211286 -1.6894767207254251
leaf_weight=44 47 41 49 42 62 61 41 77 62 40 51 44 40 48 126
leaf_count=44 47 41 49 42 62 61 41 77 62 40 51 44 40 48 126
internal_value=-0.00154286 0.0134557 0.00903399 -0.0037037 0.0209343 0.027533 0.00585106 0.0166667 -0.00533981 -0.0256098 0.0394737 0.0194118 0.0410891 -0.0459276 -0.0482759
internal_weight=875 654 559 270 289 227 188 126 103 82 95 85 101 221 174
internal_count=875 654 559 270 289 227 188 126 103 82 95 85 101 221 174
is_linear=0
shrinkage=0.05


Tree=7
num_leaves=16
num_cat=0
split_feature=12 12 57 10 8 38 12 29 40 10 59 45 57 35 4
split_gain=230.917 26.715 29.3238 26.7138 20.8585 12.3482 11.564 13.6303 11.7999 9.73238 4.16582 3.88635 3.82159 1.68016 0.296104
threshold=276.79000000000002 216.01000000000002 297.24000000000007 328.44500000000005 7558.4126984126988 4.0167573696144254 225.10500000000005 -184.57500000000002 -24.143277369917222 286.85000000000008 2273.4900000000002 0.010340357968081951 168.20500000000001 0.015529591087590902 5.5000000000000009
decision_type=2 2 2 2 2 2 2 2 2 2 2 2 2 2 2
left_child=1 12 3 9 5 -5 -6 8 -8 -3 11 -7 -1 14 -2
right_child=13 2 -4 4 6 10 7 -9 -10 -11 -12 -13 -14 -15 -16
leaf_value=2.7372412181690957 -1.7107287888520819 -0.044933415559553685 1.4018777960301561 -0.0070517494625345735 -0.81601214282241341 1.5577401884472628 -0.53761278161823012 1.3370187752953921 0.76673185161543889 -1.3167730565190117 1.2994884751452078 1.3815107473504664 1.9729005464718854 -1.9070166647993383 -1.632253737147024
leaf_weight=49 114 77 54 40 43 40 41 45 40 65 47 58 45 64 40
leaf_count=49 114 77 54 40 43 40 41 45 40 65 47 58 45 64 40
internal_value=-0.00139211 0.0136646 0.00945455 0.00564516 0.0129944 0.0245946 0.000295858 0.00793651 -0.00432099 -0.0126761 0.0313793 0.0255102 0.0382979 -0.0458716 -0.0487013
internal_weight=862 644 550 496 354 185 169 126 81 142 145 98 94 218 154
internal_count=862 644 550 496 354 185 169 126 81 142 145 98 94 218 154
is_linear=0
shrinkage=0.05


Tree=8
num_leaves=17
num_cat=1
split_feature=12 12 10 51 58 45 23 18 4 45 25 32 11 12 60 12
split_gain=218.742 25.2264 29.4949 32.9826 24.0403 16.9446 15.3215 11.3624 11.3063 4.63054 4.08628 4.04682 3.43457 2.88509 3.7416 0.0701493
threshold=276.79000000000002 216.01000000000002 328.44500000000005 0 73.75500000000001 0.010340357968081951 3625.0000000000005 5725.0000000000009 2.5000000000000004 0.011102660503094452 535.00000000000011 0.65764306355681224 4294.5400000000009 301.67500000000007 2921.0650000000005 312.27000000000004
decision_type=2 2 2 1 2 2 2 2 2 2 2 2 2 2 2 2
left_child=1 11 4 12 -3 -6 8 9 10 -8 -5 -1 -4 14 -2 -15
right_child=13 2 3 6 5 -7 7 -9 -10 -11 -12 -13 -14 15 -16 -17
leaf_value=3.029178905655145 -1.2582013725467642 -2.0389505910732919 1.4441225811105587 -0.2268488375969252 0.82941184225160203 -0.56718140642632009 -0.73166759896985878 0.65375001741173178 0.95201168580971363 -0.15190007298201014 1.0176876655576625 1.7101101528342608 1.9110269047022048 -1.3774225015163741 -2.1999447831338208 -2.1935882814643892
leaf_weight=52 44 75 65 43 45 44 46 42 60 40 49 40 58 40 45 94
leaf_count=52 44 75 65 43 45 44 46 42 60 40 49 40 58 40 45 94
internal_value=-0.00181406 0.0126707 0.00873016 0.016005 -0.00914634 0.00842697 0.00551724 -0.00703125 0.0164474 -0.0174419 0.00543478 0.0369565 0.0364662 -0.0446188 -0.0376404 -0.0492537
internal_weight=882 659 567 403 164 89 280 128 152 86 92 92 123 223 89 134
internal_count=882 659 567 403 164 89 280 128 152 86 92 92 123 223 89 134
cat_boundaries=0 1
cat_threshold=131241
is_linear=0
shrinkage=0.05


Tree=9
num_leaves=15
num_cat=1
split_feature=12 22 12 51 14 16 30 5 39 14 8 25 38 4
split_gain=222.968 32.7256 17.8111 23.1653 11.5773 17.7911 13.5191 10.6712 10.1084 9.65327 7.48614 2.45471 2.36115 0.0735099
threshold=276.79000000000002 185.00000000000003 213.93500000000003 0 50.365000000000016 0.4571726914382454 69.539999999999978 0.90454545454545465 -32.276653889049292 153.19500000000005 7558.4126984126988 165.00000000000003 336.62620181405947 7.5000000000000009
decision_type=2 2 2 1 2 2 2 2 2 2 2 2 2 2
left_child=1 8 -3 10 -5 7 -7 9 11 -6 -4 -1 13 -2
right_child=12 2 3 4 5 6 -8 -9 -10 -11 -12 -13 -14 -15
leaf_value=1.348541241115405 -1.3941882938484254 1.7887500115065784 1.4712574592313925 0.48094479026861436 0.16477418091899559 -0.17932464268183157 1.2595971584332211 -1.3957468101371207 0.73207961484497575 -0.39186779329382021 0.54285809352823655 3.424738383923891 -2.4269101482561783 -2.0033765701377737
leaf_weight=40 111 61 52 51 54 63 59 76 40 40 49 62 67 40
leaf_count=40 111 61 52 51 54 63 59 76 40 40 49 62 67 40
internal_value=-0.00213873 0.0125966 0.00663366 0.00315315 -0.00325779 -0.00719178 0.00737705 -0.0176471 0.0338028 -0.00638298 0.022973 0.0421569 -0.0458716 -0.0493377
internal_weight=865 647 505 444 343 292 122 170 142 94 101 102 218 151
internal_count=865 647 505 444 343 292 122 170 142 94 101 102 218 151
cat_boundaries=0 1
cat_threshold=229536
is_linear=0
shrinkage=0.05


Tree=10
num_leaves=15
num_cat=1
split_feature=12 22 10 51 57 39 10 29 58 45 12 39 35 61
split_gain=203.353 27.6959 15.949 26.2237 15.0522 13.9077 17.8898 15.8128 12.9521 12.7037 10.5671 9.94614 2.53164 0.648252
threshold=276.79000000000002 75.000000000000014 270.23500000000007 0 123.07000000000001 -30.247027571619309 333.24500000000006 -179.14499999999995 70.690000000000012 0.011264411474733352 227.56000000000003 -35.857655600089949 0.015529591087590902 4195.4350000000004
decision_type=2 2 2 1 2 2 2 2 2 2 2 2 2 2
left_child=1 11 8 10 9 6 -6 -8 -3 -5 -4 -1 13 -2
right_child=12 2 3 4 5 -7 7 -9 -10 -11 -12 -13 -14 -15
leaf_value=2.0039501154152703 -1.3868219756597009 0.32756244226669851 0.74904700422894843 -0.045608468801557223 -2.7303707140226599 -0.94612365630479123 -0.008040330701670673 1.6159812310714323 2.3302523474893775 -0.50402119250732669 1.3642511375314295 0.69547563410272684 -1.4536733419623671 -1.8476637279140655
leaf_weight=74 103 43 41 60 50 59 40 62 54 58 68 40 64 40
leaf_count=74 103 43 41 60 50 59 40 62 54 58 68 40 64 40
internal_value=-0.0010514 0.0127119 0.00794393 0.00388128 -0.00339233 0.00450237 0.0125 0.0245098 0.0262887 -0.0177966 0.0239496 0.0350877 -0.0442029 -0.0479021
internal_weight=856 649 535 438 329 211 152 102 97 118 109 114 207 143
internal_count=856 649 535 438 329 211 152 102 97 118 109 114 207 143
cat_boundaries=0 1
cat_threshold=231456
is_linear=0
shrinkage=0.05


Tree=11
num_leaves=14
num_cat=1
split_feature=12 57 12 10 51 8 13 4 57 40 35 12 12
split_gain=182.73 25.0807 21.4328 26.4407 30.2543 22.1344 10.4312 10.0334 7.25376 6.29923 3.80008 3.70846 1.70068
threshold=276.79000000000002 295.58000000000004 213.93500000000003 328.44500000000005 0 7558.4126984126988 98.360000000000014 2.5000000000000004 168.20500000000001 -24.143277369917222 0.015529591087590902 233.46500000000003 296.34500000000008
decision_type=2 2 2 2 1 2 2 2 2 2 2 2 2
left_child=1 2 8 6 11 7 -4 -6 -1 -7 12 -5 -2
right_child=10 -3 3 4 5 9 -8 -9 -10 -11 -12 -13 -14
leaf_value=2.3089235316691301 -1.3354568068240127 1.1298916760545266 0.16160419176322025 0.89564705443132597 0.10216674820163396 -0.85404176337475946 -1.1517782330365829 0.89378591916045558 1.267399644933235 -0.25160243084094525 -1.1710283683277558 2.1841225232217849 -1.525666544885085
leaf_weight=49 42 58 67 63 76 53 76 42 44 63 60 52 105
leaf_count=49 42 58 67 63 76 53 76 42 44 63 60 52 105
internal_value=-0.00141176 0.0117418 0.00863248 0.00447154 0.0118911 0.000819672 -0.0136364 0.0161017 0.0306452 -0.0146552 -0.0422705 0.0316 -0.0465986
internal_weight=850 643 585 492 349 234 143 118 93 116 207 115 147
internal_count=850 643 585 492 349 234 143 118 93 116 207 115 147
cat_boundaries=0 1
cat_threshold=164001
is_linear=0
shrinkage=0.05


Tree=12
num_leaves=16
num_cat=2
split_feature=13 16 13 51 40 57 13 21 16 11 44 57 44 52 22
split_gain=121.733 32.1029 28.7772 20.6396 16.7904 14.3678 10.8989 16.0418 10.6773 9.77156 9.11743 7.72275 6.58631 3.68506 1.12045
threshold=133.19500000000002 0.42140653655765226 96.925000000000026 0 -37.028725658295279 228.55000000000004 97.185000000000016 3340.0000000000005 0.45161996160417839 5026.7350000000015 0.029061525375673303 167.90500000000003 0.031896796144031701 1 525.00000000000011
decision_type=2 2 2 1 2 2 2 2 2 2 2 2 2 1 2
left_child=1 2 -1 5 12 6 11 -8 -7 13 -9 -3 -5 14 -2
right_child=9 3 -4 4 -6 8 7 10 -10 -11 -12 -13 -14 -15 -16
leaf_value=0.18151663569912363 -1.3632126121699935 1.1591865217188555 -1.058026370477684 0.95925986464548674 -0.41966512607774509 0.79648761345022856 1.3640093461827114 0.43243921905368748 1.7488192065175694 -1.3136095487672605 -0.56314347926590358 0.35537857294125719 0.066366246175368113 -2.6996644713527531 -1.8585436299557345
leaf_weight=58 68 43 47 46 72 56 61 45 60 50 43 40 59 42 51
leaf_count=58 68 43 47 46 72 56 61 45 60 50 43 40 59 42 51
internal_value=-0.00243757 0.00857143 -0.0166667 0.013619 -0.000802139 0.0203911 0.0137931 0.0057047 0.0353448 -0.0353081 -0.00795455 0.0283133 0.0119048 -0.0413043 -0.0457983
internal_weight=841 630 105 525 177 348 232 149 116 211 88 83 105 161 119
internal_count=841 630 105 525 177 348 232 149 116 211 88 83 105 161 119
cat_boundaries=0 1 2
cat_threshold=229949 2
is_linear=0
shrinkage=0.05


Tree=13
num_leaves=16
num_cat=1
split_feature=12 22 10 16 16 30 52 45 58 30 31 5 10 34 18
split_gain=177.759 30.77 18.1429 26.9935 21.342 14.6591 12.6173 12.2787 12.0692 10.0469 8.8942 5.39957 2.09692 1.8 0.40627
threshold=272.23500000000007 75.000000000000014 270.23500000000007 0.4593159847505946 0.50564904982509229 23.00500000000034 0 0.011330771415596852 70.690000000000012 28.345000000000031 -142.56000000000014 0.41428571428571431 448.38000000000005 0.8880852900410604 3495.0000000000005
decision_type=2 2 2 2 2 2 1 2 2 2 2 2 2 2 2
left_child=1 10 8 5 11 -4 7 -7 -3 -2 -1 -5 14 -8 -11
right_child=9 2 3 4 -6 6 13 -9 -10 12 -12 -13 -14 -15 -16
leaf_value=0.90529686520852659 -0.83159222776593311 0.32570808754960057 0.60211960855327662 1.0394338782769152 -0.36307588241825395 0.27907972167516965 -2.1767912990585132 -0.42434761453728531 2.1209563487365442 -1.1737699224253093 1.8636922762463464 1.177225491213262 -0.51180729611156917 -0.90913394224133859 -2.1455672747121866
leaf_weight=69 40 42 54 48 47 62 40 66 59 55 51 78 40 40 90
leaf_count=69 40 42 54 48 47 62 40 66 59 55 51 78 40 40 90
internal_value=-0.00187287 0.0112805 0.00615672 0.00172414 0.017052 -0.00839695 -0.0144231 -0.0046875 0.0252475 -0.0402222 0.0341667 0.0277778 -0.0451351 -0.03 -0.047931
internal_weight=881 656 536 435 173 262 208 128 101 225 120 126 185 80 145
internal_count=881 656 536 435 173 262 208 128 101 225 120 126 185 80 145
cat_boundaries=0 1
cat_threshold=2
is_linear=0
shrinkage=0.05


Tree=14
num_leaves=17
num_cat=0
split_feature=12 22 16 10 16 19 14 5 45 14 58 12 10 30 10 58
split_gain=160.008 26.5565 13.4593 23.784 16.428 10.7494 8.92345 15.3069 9.62667 8.58197 7.9898 6.57079 6.20392 2.84715 2.43203 0.605322
threshold=276.79000000000002 185.00000000000003 0.4571726914382454 270.23500000000007 0.50564904982509229 85.000000000000014 154.24500000000006 0.88348416289592768 0.0091411688340011007 154.22000000000006 98.960000000000022 226.59500000000003 453.92000000000007 187.89000000000001 379.69500000000005 303.78000000000003
decision_type=2 2 2 2 2 2 2 2 2 2 2 2 2 2 2 2
left_child=1 5 3 10 9 -1 7 11 -9 14 -3 -5 13 -2 -4 -15
right_child=12 2 4 6 -6 -7 -8 8 -10 -11 -12 -13 -14 15 -16 -17
leaf_value=0.86003202194810024 -1.5214016493822136 0.30942268317212057 1.2337366984385145 -0.40141379470674271 -0.2840213947936337 2.0641515815522218 -0.37918092815067211 -0.033421972017157485 -1.3368001079877778 0.84849588477330995 1.733608558765537 0.27207676053144497 -0.69525817348959196 -1.9031780045493818 1.4179307482412733 -1.0409400631723891
leaf_weight=77 40 40 45 44 46 65 42 40 60 55 43 47 45 91 40 41
leaf_count=77 40 40 45 44 46 65 42 40 60 55 43 47 45 91 40 41
internal_value=-0.00272938 0.00978261 0.00438247 -0.00189873 0.0150538 0.0288732 -0.0100858 -0.00549738 -0.019 0.0235714 0.0210843 0.00934066 -0.0398618 -0.044186 0.0335294 -0.0477273
internal_weight=861 644 502 316 186 142 233 191 100 140 83 91 217 172 85 132
internal_count=861 644 502 316 186 142 233 191 100 140 83 91 217 172 85 132
is_linear=0
shrinkage=0.05


Tree=15
num_leaves=15
num_cat=1
split_feature=12 22 14 33 3 12 12 4 25 13 10 30 29 10
split_gain=169.666 22.5136 13.4472 21.9604 17.4816 16.3104 10.968 10.8682 10.06 9.8675 9.37962 7.71205 5.18869 0.496479
threshold=276.79000000000002 75.000000000000014 154.23500000000004 0.41596954208442577 0 234.80000000000004 240.78500000000003 5.5000000000000009 895.00000000000011 101.65000000000002 453.92000000000007 38.370000000000125 -200.41499999999971 412.01500000000004
decision_type=2 2 2 2 1 2 2 2 2 2 2 2 2 2
left_child=1 11 3 4 -3 -4 7 9 -5 -6 12 -1 -2 -14
right_child=10 2 5 8 6 -7 -8 -9 -10 -11 -12 -13 13 -15
leaf_value=0.89022288496811042 -1.1079868021990165 -0.46073442048831947 -0.37888704138866808 1.1363894491709947 -0.16230647236190993 0.85105555771955521 -0.47684448394126133 1.0482092270648373 0.23596865559736602 0.61559199498244266 -0.60956935408158164 4.459834955311142 -3.6762908660732756 -1.0815943351104327
leaf_weight=65 40 72 65 77 78 48 40 78 40 45 43 41 48 94
leaf_count=65 40 72 65 77 78 48 40 78 40 45 43 41 48 94
internal_value=-0.00102975 0.0119414 0.00782689 0.0118605 0.00495208 -0.00752212 0.0114108 0.0161692 0.0303419 0.00691057 -0.0384444 0.0330189 -0.0434066 -0.0478873
internal_weight=874 649 543 430 313 113 241 201 117 123 225 106 182 142
internal_count=874 649 543 430 313 113 241 201 117 123 225 106 182 142
cat_boundaries=0 1
cat_threshold=1
is_linear=0
shrinkage=0.05


Tree=16
num_leaves=17
num_cat=2
split_feature=12 22 51 52 14 5 44 39 8 34 59 16 36 45 32 45
split_gain=136.22 25.0468 13.6569 18.9533 29.1738 13.1703 10.5495 10.0595 8.97669 8.21445 7.6468 7.43426 6.05927 3.73349 2.11157 0.840214
threshold=272.23500000000007 75.000000000000014 0 1 80.289999999999992 0.26201372997711675 0.029345052452509155 -36.714951969987212 5967.5283446712028 0.92665059536785666 2877.0000000000005 0.4631480951129659 -0.018586983001717797 0.013433071982754702 0.56316211895286383 0.0100964571694432
decision_type=2 2 1 1 2 2 2 2 2 2 2 2 2 2 2 2
left_child=1 7 5 6 -5 -3 10 -1 -7 -2 -4 -6 -8 15 -14 -11
right_child=9 2 3 4 11 8 12 -9 -10 13 -12 -13 14 -15 -16 -17
leaf_value=1.7478568801382643 -0.57498122291524933 -0.50050587014423376 0.92636049790362207 -1.5294103487320667 0.046667399663005066 0.41854704384773123 0.40540628491303399 0.53094902324184978 -0.70022797335728915 -0.87206095628660174 -0.026501763532952617 0.97145578097718932 0.76537582893228562 -1.6815570919040177 1.104746906447623 -1.3802929360744631
leaf_weight=70 67 41 40 78 42 41 46 42 40 59 77 40 45 48 44 58
leaf_count=70 67 41 40 78 42 41 46 42 40 59 77 40 45 48 44 58
internal_value=-0.00205011 0.00975232 0.00524345 0.00947867 -0.00375 -0.00909091 0.018254 0.03125 0.00185185 -0.0349138 0.00726496 0.0170732 0.0277778 -0.0409091 0.0353933 -0.0457265
internal_weight=878 646 534 412 160 122 252 112 81 232 117 82 135 165 89 117
internal_count=878 646 534 412 160 122 252 112 81 232 117 82 135 165 89 117
cat_boundaries=0 1 2
cat_threshold=30208 2
is_linear=0
shrinkage=0.05


Tree=17
num_leaves=16
num_cat=0
split_feature=10 14 57 5 58 14 61 5 45 33 14 10 44 62 15
split_gain=83.7232 47.6029 21.1807 19.5639 18.3991 14.1823 12.6587 11.9332 10.7568 8.12316 6.57747 12.9764 4.3518 1.86255 0.238384
threshold=388.72500000000008 159.13000000000005 96.315000000000012 0.72902097902097907 70.690000000000012 80.289999999999992 2743.6800000000007 0.25543478260869573 0.010875725253005852 0.56546584220028684 126.69500000000001 379.69500000000005 0.029628579529345004 4327.9750000000013 424.55000000000007
decision_type=2 2 2 2 2 2 2 2 2 2 2 2 2 2 2
left_child=2 6 3 -1 5 -4 9 -6 -5 -2 13 -12 14 -9 -8
right_child=1 -3 4 8 7 -7 12 10 -10 -11 11 -13 -14 -15 -16
leaf_value=0.55706451090111742 -0.043534613570618323 0.77528023331643814 -0.8874488777834082 -0.082977274990008357 0.15859816805388896 0.53623960618446098 -2.0685358573293784 1.702796062853527 -0.5681661334953525 -0.86685884748971409 0.21394764232904731 0.77647817721933299 -0.82802968701351221 0.78029436467085012 -2.0396479531309462
leaf_weight=75 51 56 77 43 56 73 40 41 49 40 49 43 64 47 59
leaf_count=75 51 56 77 43 56 73 40 41 49 40 49 43 64 47 59
internal_value=-0.00307068 -0.023871 0.00858951 -0.00628743 0.0150259 0.00133333 -0.0330709 0.0237288 -0.0217391 -0.0181319 0.03 0.0206522 -0.041411 0.0397727 -0.0479798
internal_weight=863 310 553 167 386 150 254 236 92 91 180 92 163 88 99
internal_count=863 310 553 167 386 150 254 236 92 91 180 92 163 88 99
is_linear=0
shrinkage=0.05


Tree=18
num_leaves=16
num_cat=1
split_feature=12 10 57 12 51 22 33 9 28 16 57 57 45 45 15
split_gain=119.878 23.5638 16.6201 13.1343 14.6078 12.2152 10.4312 7.02439 6.84266 6.45663 13.2984 11.7198 15.5163 4.9873 0.254545
threshold=276.79000000000002 446.46500000000009 229.76500000000001 216.01000000000002 0 420.00000000000017 0.30482037720232186 3637.3550000000005 2600.0000000000005 0.4571726914382454 170.39000000000001 96.315000000000012 0.011330771415596852 0.0079992830001319026 474.18500000000006
decision_type=2 2 2 2 1 2 2 2 2 2 2 2 2 2 2
left_child=2 13 3 7 8 -4 -7 -1 -5 10 11 12 -6 -2 -15
right_child=1 -3 5 4 9 6 -8 -9 -10 -11 -12 -13 -14 14 -16
leaf_value=0.54178724069899065 -0.92200871620108704 -0.041357882892087618 0.93485307047362154 0.92535019770400706 0.028843883231298231 -0.0014790806884573016 0.91317318339265618 1.4615787756376424 0.28865043752572239 0.52363416710835053 -2.2841649728370643 1.1025081649412081 -0.57796397588391746 -1.7899408517904662 -1.3956553447420725
leaf_weight=41 47 61 72 45 52 67 76 41 57 74 48 40 41 70 40
leaf_count=41 47 61 72 45 52 67 76 41 57 74 48 40 41 70 40
internal_value=0 -0.0321101 0.0107034 0.00512528 0.000980392 0.022093 0.0136364 0.0231707 0.0160714 -0.0054717 -0.0107735 -0.00263158 -0.0123656 -0.0423567 -0.0481818
internal_weight=872 218 654 439 357 215 143 82 102 255 181 133 93 157 110
internal_count=872 218 654 439 357 215 143 82 102 255 181 133 93 157 110
cat_boundaries=0 1
cat_threshold=231584
is_linear=0
shrinkage=0.05


Tree=19
num_leaves=16
num_cat=0
split_feature=12 10 12 10 12 14 5 45 14 57 30 10 44 29 4
split_gain=121.886 21.001 19.0099 24.6234 19.3672 19.3075 14.3406 12.9277 10.1424 8.66581 6.16423 10.9102 9.32379 4.53565 1.09206
threshold=272.23500000000007 446.02500000000003 213.93500000000003 333.24500000000006 225.51000000000002 57.335000000000001 0.25543478260869573 0.010362466798390551 153.21000000000006 168.20500000000001 314.59999999999997 390.65000000000003 0.033881485681882602 -193.00499999999988 5.5000000000000009
decision_type=2 2 2 2 2 2 2 2 2 2 2 2 2 2 2
left_child=2 13 9 5 -5 7 8 -4 -6 -1 11 12 -8 -2 -15
right_child=1 -3 3 4 6 -7 10 -9 -10 -11 -12 -13 -14 14 -16
leaf_value=1.7834385967427151 -1.0722660027669768 -0.064675496131187241 0.9295423030450195 -0.13859183835506281 0.71102037158287446 -1.166485733258811 0.85411585777600729 -0.41105129739569563 -0.41648956883270527 1.2108689639196952 1.2812075703430779 -0.054729433816049958 0.31383992402365929 -1.4089234318745814 -1.2771373344713703
leaf_weight=47 40 62 49 71 41 62 74 44 42 46 51 40 62 86 40
leaf_count=47 40 62 49 71 41 62 74 44 42 46 51 40 62 86 40
internal_value=-0.00157526 -0.0328947 0.00977742 0.00615672 0.0129921 -0.0106452 0.0183871 0.00376344 0.00060241 0.0306452 0.0248899 0.0204545 0.0272059 -0.0421687 -0.0468254
internal_weight=857 228 629 536 381 155 310 93 83 93 227 176 136 166 126
internal_count=857 228 629 536 381 155 310 93 83 93 227 176 136 166 126
is_linear=0
shrinkage=0.05


Tree=20
num_leaves=16
num_cat=1
split_feature=13 51 13 57 22 39 13 49 13 58 14 16 57 19 39
split_gain=78.5962 27.5048 31.942 17.3442 17.7972 15.3379 11.8927 19.614 10.5886 10.1268 9.23462 6.42082 4.67788 6.14967 1.85997
threshold=146.15500000000003 0 118.47000000000001 225.62500000000003 45.000000000000007 -32.276653889049292 97.925000000000011 1.0000000180025095e-35 163.14500000000001 252.76000000000002 153.19500000000005 0.44257935378031094 168.07500000000002 495.00000000000006 -37.759058754292624
decision_type=2 1 2 2 2 2 2 2 2 2 2 2 2 2 2
left_child=1 2 5 4 -3 10 12 -8 -2 11 -1 -5 13 -6 -13
right_child=8 3 -4 9 6 -7 7 -9 -10 -11 -12 14 -14 -15 -16
leaf_value=0.63478064257999711 -0.89693072458724077 1.3885257776850413 -0.58380416794639778 0.70285983149594389 1.19297181840025 -0.42353172210671136 -0.71833812735398728 0.66780254477026146 -4.8084331665015769 0.034935433097410144 -0.069356659527795822 0.8167960989381351 -0.069212599900063995 0.25252701934685756 1.414983220804243
leaf_weight=64 73 42 77 46 40 65 69 61 69 40 40 61 40 45 44
leaf_count=64 73 42 77 46 40 65 69 61 69 40 40 61 40 45 44
internal_value=-0.000456621 0.00613079 -0.00742188 0.0128514 0.00555556 0.00443787 0.000588235 -0.01 -0.034507 0.0248691 0.0163462 0.0307947 0.0116 0.0182353 0.037619
internal_weight=876 734 246 488 297 169 255 130 142 191 104 151 125 85 105
internal_count=876 734 246 488 297 169 255 130 142 191 104 151 125 85 105
cat_boundaries=0 1
cat_threshold=32196
is_linear=0
shrinkage=0.05


Tree=21
num_leaves=18
num_cat=2
split_feature=12 10 19 51 55 5 43 10 42 18 49 31 29 45 62 8 10
split_gain=89.8549 19.2196 17.8727 16.9961 17.4966 15.364 16.588 11.8286 8.84469 12.2051 7.6214 6.62905 12.4008 5.4688 3.96 2.80111 0.532653
threshold=276.79000000000002 439.17500000000001 735.00000000000011 0 1 0.77591973244147172 0.99958185224749319 384.95000000000005 0.73733591385722208 3965.0000000000005 1.0000000180025095e-35 -212.11500000000069 151.57999999999996 0.0079992830001319026 4113.0850000000009 7558.4126984126988 411.53500000000003
decision_type=2 2 2 1 1 2 2 2 2 2 2 2 2 2 2 2 2
left_child=3 13 -3 7 10 8 -7 -1 -6 15 -5 -8 -13 -2 -12 -10 -15
right_child=1 2 -4 4 5 6 11 -9 9 -11 14 12 -14 16 -16 -17 -18
leaf_value=0.072452664602446731 -0.62467941315889464 -0.68296479603400118 0.047640906313021959 1.9417301539058593 1.6961394220258548 0.80734145015155045 -0.73379482150166475 -0.83873543242578141 0.17342223155441483 0.75099380015435591 0.71025338271471949 0.34232678360553587 -1.0533214235662791 -2.1836842815682593 0.36161755584169442 -0.2061863092848702 -1.7328983756909677
leaf_weight=70 40 45 41 53 42 43 47 45 41 60 45 42 48 40 55 40 58
leaf_count=70 40 45 41 53 42 43 47 45 41 60 45 42 48 40 55 40 58
internal_value=-0.00181287 -0.0290179 -0.0104651 0.00784469 0.011597 0.00522788 -0.005 -0.0092 0.0155738 0.00957447 0.0254601 -0.0135036 -0.00555556 -0.0405797 0.019 -0.00308642 -0.0469388
internal_weight=855 224 86 631 516 363 180 115 183 141 153 137 90 138 100 81 98
internal_count=855 224 86 631 516 363 180 115 183 141 153 137 90 138 100 81 98
cat_boundaries=0 1 2
cat_threshold=7936 32
is_linear=0
shrinkage=0.05


Tree=22
num_leaves=17
num_cat=2
split_feature=13 51 22 55 10 44 29 10 44 59 38 13 34 16 42 15
split_gain=70.7512 21.3223 20.5648 20.4299 14.9812 11.6842 10.905 10.3619 9.96971 10.1866 8.82426 7.87559 6.96356 6.78527 4.84036 0.809877
threshold=143.61500000000004 0 150.00000000000003 1 255.50500000000002 0.024241565069464104 -177.39499999999995 390.39000000000004 0.039552027218599302 2917.7700000000004 303.21854875283481 98.750000000000014 0.97632359259767176 0.46515863032812549 0.74464974547140217 427.00500000000005
decision_type=2 1 2 1 2 2 2 2 2 2 2 2 2 2 2 2
left_child=1 7 10 6 -5 15 -4 -1 9 -6 14 -11 -10 -8 -3 -2
right_child=5 2 3 4 8 -7 13 -9 12 11 -12 -13 -14 -15 -16 -17
leaf_value=-0.085606494417638068 -2.3897753490604869 5.7386207461043739 0.0021773349153944468 0.74446371063795658 0.64727592438459158 -0.57561258037962448 0.11120088425736441 -0.46398751596902027 -0.11906624130911664 0.24736716305920192 0.23231620772334055 -0.46321240124704438 -0.62909372638469119 1.1498954905611878 0.14000148558098485 -3.0273800470908756
leaf_weight=60 40 43 64 51 60 78 68 42 61 45 46 46 40 43 42 41
leaf_count=60 40 43 64 51 60 78 68 42 61 45 46 46 40 43 42 41
internal_value=-0.0016092 0.00513361 0.00864297 0.0039749 -0.00399361 -0.031761 0.017027 -0.0151786 -0.00912698 -0.000993377 0.0263359 -0.0115385 -0.0212871 0.0274775 0.0358824 -0.0450617
internal_weight=870 711 609 478 303 159 175 102 252 151 131 91 101 111 85 81
internal_count=870 711 609 478 303 159 175 102 252 151 131 91 101 111 85 81
cat_boundaries=0 1 2
cat_threshold=6464 32
is_linear=0
shrinkage=0.05


Tree=23
num_leaves=17
num_cat=1
split_feature=12 10 12 10 51 25 14 62 14 8 5 5 29 12 45 38
split_gain=78.3128 30.2901 17.3778 18.8731 29.6349 19.3566 16.2079 13.1696 11.2834 18.4451 9.22276 11.2304 5.73946 5.00267 4.21228 0.521053
threshold=276.79000000000002 439.17500000000001 213.93500000000003 333.24500000000006 0 935.00000000000011 138.21000000000004 2839.7300000000005 58.720000000000006 5995.1020408163276 0.26201372997711675 0.60769230769230786 -60.840000000000025 243.75500000000002 0.0079992830001319026 329.1272335600907
decision_type=2 2 2 2 1 2 2 2 2 2 2 2 2 2 2 2
left_child=2 14 12 8 13 7 -3 -6 9 -4 -9 -12 -1 -5 -2 -16
right_child=1 6 3 4 5 -7 -8 10 -10 -11 11 -13 -14 -15 15 -17
leaf_value=0.82490308499780773 -0.57198778658660243 0.046465524971648978 -1.1783720066386383 0.63086038944152578 0.56021077679545173 -0.35080851706662863 -0.66205668643958271 -0.38677578811738766 -0.93752813640185451 0.77526342362682443 0.6345251817780464 -0.08122099537749855 2.2130924560571401 1.9311455183757726 -1.2222143943299664 -1.5942825140370041
leaf_weight=52 40 42 42 66 64 72 46 61 63 54 41 47 40 43 55 40
leaf_count=52 40 42 42 66 64 72 46 61 63 54 41 47 40 43 55 40
internal_value=-0.000691244 -0.0262332 0.00813953 0.00479204 0.0106599 0.00152542 -0.00340909 0.00915493 -0.00974843 0.00104167 0.00100671 0.0113636 0.0282609 0.0315126 -0.0411111 -0.0468421
internal_weight=868 223 645 553 394 285 88 213 159 96 149 88 92 109 135 95
internal_count=868 223 645 553 394 285 88 213 159 96 149 88 92 109 135 95
cat_boundaries=0 1
cat_threshold=163843
is_linear=0
shrinkage=0.05


Tree=24
num_leaves=17
num_cat=0
split_feature=12 10 61 10 9 17 29 61 59 8 13 11 44 39 22 12
split_gain=81.9489 25.9195 13.3019 20.4707 14.2741 13.9182 14.9564 13.5561 10.21 9.29176 8.89749 8.86367 7.35088 6.35867 3.7919 0.222222
threshold=276.79000000000002 446.02500000000003 3220.9100000000003 373.24500000000006 3725.1450000000004 5640.0000000000009 -227.55999999999989 6201.1750000000011 325.00000000000006 5940.6349206349214 149.68500000000003 3604.4850000000001 0.024241565069464104 -37.161545558467012 545.00000000000011 298.51000000000005
decision_type=2 2 2 2 2 2 2 2 2 2 2 2 2 2 2 2
left_child=2 10 3 11 12 6 -6 -7 -5 -8 -2 -1 -4 -10 -11 -12
right_child=1 -3 4 8 5 7 9 -9 13 14 15 -13 -14 -15 -16 -17
leaf_value=3.8951283632722102 -0.32383683566133503 -0.0016304616964525566 -0.88560055514876979 -0.23019950920134083 -0.12252606902242409 -0.90950413751340786 0.036557516839470332 0.60005733480635803 0.098186624302315909 1.3262831578537826 -1.2424195013180175 0.46276519660106152 -0.00099143312448832796 0.53963889153531996 0.72651780273269106 -4.5063222442713826
leaf_weight=66 69 69 46 43 42 60 42 43 54 57 40 41 53 51 42 50
leaf_count=66 69 69 46 43 42 60 42 43 54 57 40 41 53 51 42 50
internal_value=-0.000576037 -0.0263158 0.00859375 0.017451 0.00272727 0.00839161 0.0166667 -0.00631068 0.00540541 0.0244681 -0.0374214 0.0341121 -0.0136364 0.0138095 0.0328283 -0.0477778
internal_weight=868 228 640 255 385 286 183 103 148 141 159 107 99 105 99 90
internal_count=868 228 640 255 385 286 183 103 148 141 159 107 99 105 99 90
is_linear=0
shrinkage=0.05


Tree=25
num_leaves=16
num_cat=1
split_feature=13 51 16 10 13 16 34 45 57 30 4 60 23 31 13
split_gain=68.4791 26.9677 17.1513 20.2647 20.5975 15.1594 10.7817 9.76615 9.5568 8.2072 8.68365 7.70343 6.39323 5.01682 1.29518
threshold=158.05500000000004 0 0.41459202083770874 446.02500000000003 134.07500000000002 0.45902553673031726 0.99294807595781964 0.010070009594667301 224.49000000000004 416.11500000000029 5.5000000000000009 2129.4150000000004 2810.0000000000005 -376.815 188.715
decision_type=2 1 2 2 2 2 2 2 2 2 2 2 2 2 2
left_child=1 6 -3 4 5 7 -1 8 -4 10 13 -7 -13 -9 -2
right_child=14 2 3 -5 -6 11 -8 9 -10 -11 -12 12 -14 -15 -16
leaf_value=0.025300783698151721 -1.1802985262521168 -0.48939650960523251 0.0083320614959589544 0.31451649638005241 -0.54369238894540362 1.7613371234180388 -0.82027630580537725 0.15226433159421307 0.70630975116281025 -0.79904906919553798 0.50929666653038097 0.21337992792668606 1.0525700787266803 -0.29827375298674091 -5.9120791104391799
leaf_weight=41 40 74 67 56 51 67 73 40 63 40 57 42 44 58 43
leaf_count=41 40 74 67 56 51 67 73 40 63 40 57 42 44 58 43
internal_value=-0.000817757 0.0038163 0.00769806 0.0106838 0.00765595 0.0108787 -0.0177419 0.00476923 0.0153846 -0.00230769 0.00290323 0.0238562 0.0139535 -0.00612245 -0.0439759
internal_weight=856 773 659 585 529 478 114 325 130 195 155 153 86 98 83
internal_count=856 773 659 585 529 478 114 325 130 195 155 153 86 98 83
cat_boundaries=0 1
cat_threshold=5440
is_linear=0
shrinkage=0.05


Tree=26
num_leaves=16
num_cat=0
split_feature=13 43 16 57 5 13 38 45 34 9 13 61 34 39 13
split_gain=68.0969 17.3579 14.7245 14.1648 12.8371 8.65761 8.47149 12.4531 7.4328 8.40838 6.7368 6.56242 5.98084 4.32523 3.92163
threshold=150.95500000000004 0.19899438075438439 0.41459202083770874 224.76000000000002 0.25543478260869573 163.14500000000001 295.85569160997744 0.011264411474733352 0.65459055619770667 2828.8750000000005 94.445000000000007 3801.7700000000004 0.99998887425807104 -35.869951495468136 98.215000000000018
decision_type=2 2 2 2 2 2 2 2 2 2 2 2 2 2 2
left_child=1 -1 10 6 -5 -2 7 -4 -6 -10 -3 -11 -9 -13 -8
right_child=5 2 3 4 8 -7 14 12 9 11 -12 13 -14 -15 -16
leaf_value=1.2358121751562878 -1.1585670463098687 -0.24883767578755106 0.88653933748481151 -0.32504055121876052 0.55028546504069786 -3.7575271499672009 -0.013808131897110165 0.17396221023051642 0.32055357909435866 -0.089008717639165902 -0.5849930087736489 0.46203387278660774 -0.20328371649387372 0.046691336692880864 -0.64616858026784696
leaf_weight=51 46 41 79 49 50 73 40 53 75 55 40 41 60 40 62
leaf_count=51 46 41 79 49 50 73 40 53 75 55 40 41 60 40 62
internal_value=-0.00146199 0.00421196 0.00211679 0.00480132 0.0122581 -0.0365546 -0.00306122 0.003125 0.0166667 0.0125592 -0.0179012 0.00514706 -0.00752212 0.0141975 -0.0147059
internal_weight=855 736 685 604 310 119 294 192 261 211 81 136 113 81 102
internal_count=855 736 685 604 310 119 294 192 261 211 81 136 113 81 102
is_linear=0
shrinkage=0.05


Tree=27
num_leaves=17
num_cat=1
split_feature=12 16 19 43 51 57 42 12 45 61 13 14 16 13 10 12
split_gain=65.9246 21.1507 16.1863 13.1391 13.7531 14.7338 15.0113 11.607 7.54726 9.25183 9.33333 6.71746 4.62427 8.76174 4.59049 1.86828
threshold=276.79000000000002 0.48263867945710043 1180.0000000000002 0.17329513092580326 0 232.19500000000002 0.78875159247572191 243.14000000000001 0.010016670448052852 3400.6950000000006 97.420000000000016 153.18500000000003 0.45861393577626813 96.625000000000014 352.76500000000004 293.87500000000006
decision_type=2 2 2 2 1 2 2 2 2 2 2 2 2 2 2 2
left_child=3 2 -2 -1 11 8 -7 -8 9 -6 -11 -5 13 -10 -15 -3
right_child=1 15 -4 4 5 6 7 -9 12 10 -12 -13 -14 14 -16 -17
leaf_value=1.413690908572363 -0.44307786368801061 -1.0183813457881825 0.059438173647269825 0.75926406239537014 0.57891406908306975 1.238903501582689 0.60214319744599121 -0.35518041237177894 -0.051208679574095722 0.56793047877444969 -0.78652705206844975 0.058008051847985326 0.032753324384002448 -1.0375648801394817 -0.1429836182303931 -3.4881153659174076
leaf_weight=49 68 45 49 72 45 51 41 42 78 42 42 40 60 41 42 55
leaf_count=49 68 45 49 72 45 51 41 42 78 42 42 40 60 41 42 55
internal_value=-0.0012761 -0.0251152 -0.0106838 0.00674419 0.00469799 0.000809717 0.0149254 0.00180723 -0.00457143 0.00503876 -0.0047619 0.0196721 -0.010181 -0.0145963 -0.0259036 -0.042
internal_weight=862 217 117 645 596 484 134 83 350 129 84 112 221 161 83 100
internal_count=862 217 117 645 596 484 134 83 350 129 84 112 221 161 83 100
cat_boundaries=0 1
cat_threshold=163878
is_linear=0
shrinkage=0.05


Tree=28
num_leaves=17
num_cat=0
split_feature=10 10 59 60 59 20 14 13 12 29 45 9 58 9 44 10
split_gain=54.6928 33.6212 22.5167 22.1869 16.7183 13.244 9.97452 9.18731 8.71747 10.3005 11.834 10.3363 9.24819 6.05 5.8998 2.4179
threshold=388.26000000000005 446.46500000000009 2525.3950000000004 2681.0000000000005 1973.0400000000002 2185.0000000000005 123.09000000000002 104.52500000000002 213.93500000000003 235.71500000000017 0.017426121405285704 4271.4400000000014 226.61500000000004 3907.3650000000002 0.033597958605046753 416.22500000000008
decision_type=2 2 2 2 2 2 2 2 2 2 2 2 2 2 2 2
left_child=2 4 6 -3 5 -2 -1 -8 13 10 11 12 -10 -4 -13 -6
right_child=1 3 8 -5 15 -7 7 -9 9 -11 -12 14 -14 -15 -16 -17
leaf_value=6.5909568620626828 -0.53250071368849639 0.2895026865516841 0.044728848293366388 -0.47178233075784953 -2.6279436476844156 0.42633286486836719 0.012576525051501621 0.59137681671227471 -0.32040210179218198 -1.0590275877244661 -0.39690577693613727 0.65872688154258796 0.34751262781516901 0.98031570896904308 0.064862964040323864 -0.34654815816262574
leaf_weight=45 51 41 40 46 79 40 57 79 69 41 53 44 40 40 59 53
leaf_count=45 51 41 40 46 79 40 57 79 69 41 53 44 40 40 59 53
internal_value=-0.000855188 -0.0177419 0.00837743 0.00862069 -0.0280269 -0.0115385 0.0229282 0.0161765 0.0015544 -0.00228758 0.00132075 0.00660377 -0.00412844 0.01625 0.0179612 -0.0393939
internal_weight=877 310 567 87 223 91 181 136 386 306 265 212 109 80 103 132
internal_count=877 310 567 87 223 91 181 136 386 306 265 212 109 80 103 132
is_linear=0
shrinkage=0.05


Tree=29
num_leaves=17
num_cat=4
split_feature=13 51 55 43 13 12 24 3 9 4 52 44 5 10 10 24
split_gain=66.5413 21.4917 20.3454 19.3612 13.9411 13.2114 11.76 11.6129 11.2041 6.49962 6.43993 6.07637 5.49232 4.02631 11.2845 6.94855
threshold=150.95500000000004 0 1 0.17329513092580326 120.45000000000002 233.32500000000002 4195.0000000000009 2 4188.4700000000003 17.500000000000004 3 0.018287496455911503 0.95119047619047625 440.71000000000009 380.77000000000004 4570.0000000000009
decision_type=2 1 1 2 2 2 2 1 2 2 1 2 2 2 2 2
left_child=1 4 13 -4 5 6 -1 12 10 -10 -9 -2 -5 14 15 -3
right_child=11 2 3 7 -6 -7 -8 8 9 -11 -12 -13 -14 -15 -16 -17
leaf_value=0.089893160044901776 -2.9129002218325328 1.2708889992350763 1.3710003185007735 -0.090617690824361052 -0.5146126403897846 0.36440713082990173 -0.92695171884310279 0.08197130973972673 0.58748998248500317 0.19762273537949185 -0.36542096067400714 -0.98911972621690158 -0.48528457777398837 0.12508203069444157 0.01194769879892661 0.52843007546498899
leaf_weight=60 46 43 47 42 75 40 40 72 50 43 65 68 41 47 49 46
leaf_count=60 46 43 47 42 75 40 40 72 50 43 65 68 41 47 49 46
internal_value=-0.000343249 0.005 0.0101802 0.00297297 -0.00822222 0.000714286 -0.009 -0.0014377 0.00434783 0.0177419 -0.00474453 -0.0359649 -0.0174699 0.0233333 0.0202899 0.0308989
internal_weight=874 760 545 360 215 140 100 313 230 93 137 114 83 185 138 89
internal_count=874 760 545 360 215 140 100 313 230 93 137 114 83 185 138 89
cat_boundaries=0 1 2 3 4
cat_threshold=24388 32 1 2
is_linear=0
shrinkage=0.05


Tree=30
num_leaves=16
num_cat=1
split_feature=13 51 13 16 12 12 57 38 4 13 60 57 38 14 36
split_gain=54.7388 16.2469 21.2697 19.4099 19.2222 16.2096 14.9355 14.9585 8.91973 8.71249 7.26575 6.97467 6.38893 5.84067 3.11849
threshold=150.95500000000004 0 118.47000000000001 0.43071097776882727 225.51000000000002 228.73500000000004 228.55000000000004 295.85569160997744 2.5000000000000004 166.85500000000002 2214.3350000000005 281.49000000000007 144.68392290249497 85.634999999999991 0.0071117903572912007
decision_type=2 1 2 2 2 2 2 2 2 2 2 2 2 2 2
left_child=1 2 4 5 -1 -3 7 13 -6 -2 -7 -8 -13 -5 -9
right_child=9 3 -4 6 8 10 11 14 -10 -11 -12 12 -14 -15 -16
leaf_value=-0.56055306465265853 -0.4973841656689203 0.48436524326248798 -0.51591566086316409 0.08746194095213547 -0.0099012097470771998 -1.0059532135555276 1.2656929097406531 -0.46049322613063171 0.24035524142948234 -3.6701829113618509 -0.23206348650871186 0.12533021429776312 0.19882285607554309 0.76843721258415132 0.0019710995858594595
leaf_weight=40 58 74 59 40 54 45 66 42 59 57 61 45 53 79 44
leaf_count=40 58 74 59 40 54 45 66 42 59 57 61 45 53 79 44
internal_value=-0.000456621 0.0044021 -0.00720721 0.0088551 0.00228758 -0.00444444 0.0155827 0.00658537 0.0128319 -0.0326087 -0.0169811 0.0268293 0.0183673 0.0180672 -0.00930233
internal_weight=876 761 212 549 153 180 369 205 113 115 106 164 98 119 86
internal_count=876 761 212 549 153 180 369 205 113 115 106 164 98 119 86
cat_boundaries=0 1
cat_threshold=32576
is_linear=0
shrinkage=0.05


Tree=31
num_leaves=18
num_cat=1
split_feature=12 25 21 55 38 59 29 25 12 9 5 13 19 14 15 42 45
split_gain=39.0699 22.4688 12.6865 17.9303 16.2228 14.7539 10.3401 9.36101 10.8518 11.3202 8.70823 9.76391 7.87849 7.36029 6.33075 3.06038 2.46866
threshold=276.79000000000002 1185.0000000000002 1945.0000000000002 0 9.7201927437643025 3961.0000000000005 527.6600000000002 455.00000000000006 226.21000000000001 3859.8900000000008 0.24500000000000002 155.13000000000002 485.00000000000006 146.20000000000005 319.99500000000006 0.98536430245422546 0.011355838665777851
decision_type=2 2 2 1 2 2 2 2 2 2 2 2 2 2 2 2 2
left_child=2 10 -1 5 15 14 -3 -6 9 -9 -2 -12 -10 -14 -4 -5 -15
right_child=1 6 3 4 7 -7 -8 8 12 -11 11 -13 13 16 -16 -17 -18
leaf_value=3.0499481021982646 -0.79634285749338396 0.091554560589714395 -0.13277743921120636 -0.64979889606386765 0.54864134648152418 0.48566984123558155 -0.36057996773263779 -0.26791100071489993 6.1531499454758892e-06 0.24266678335271621 -0.18848912558085154 -3.3457190676342083 0.092406785547675341 0.61893676039376588 -0.94267815811837785 0.012978649422504419 0.85428351323721152
leaf_weight=48 46 41 51 46 53 67 40 46 45 44 54 40 47 41 62 43 42
leaf_count=48 46 41 51 46 53 67 40 46 45 44 54 40 47 41 62 43 42
internal_value=0.000233645 -0.0178733 0.00653543 0.00451448 0.0101918 -0.00842105 0.00308642 0.0157233 0.0118868 -0.00222222 -0.03 -0.0212766 0.0191429 0.0253846 -0.0199115 -0.00842697 0.0343373
internal_weight=856 221 635 587 407 180 81 318 265 90 140 94 175 130 113 89 83
internal_count=856 221 635 587 407 180 81 318 265 90 140 94 175 130 113 89 83
cat_boundaries=0 1
cat_threshold=13
is_linear=0
shrinkage=0.05


Tree=32
num_leaves=17
num_cat=1
split_feature=13 43 51 38 16 39 13 14 44 40 10 23 61 11 44 10
split_gain=39.1615 17.6322 16.4649 10.8636 11.7978 19.7573 12.6881 10.7999 10.6831 9.63674 7.97575 6.91364 9.27403 6.11897 6.42483 5.85415
threshold=151.94500000000002 0.19899438075438439 0 2.2364739229024058 0.43561391532207744 -30.107831452667284 85.140000000000015 53.845000000000034 0.018287496455911503 -24.013578721233092 386.47000000000008 4435.0000000000009 4243.5200000000013 5026.7350000000015 0.025092146299971602 380.53500000000003
decision_type=2 2 1 2 2 2 2 2 2 2 2 2 2 2 2 2
left_child=1 -1 10 -4 6 7 -5 -6 -2 -7 -3 12 -8 14 -9 -16
right_child=8 2 3 4 5 9 11 13 -10 -11 -12 -13 -14 -15 15 -17
leaf_value=2.3534810652010067 -2.5194751301861569 0.69368755709979624 -0.35398763295292346 0.58225478079830217 -0.080818062231302168 -0.783371241308633 -0.38167992135670731 0.38555169736165368 -0.93848420135531763 0.0076687246144485858 0.028413592637230069 -0.9557978108335462 0.087381639415260184 0.71806288013817654 0.55230505068321545 -0.012022209369910719
leaf_weight=49 46 70 54 45 58 42 59 46 64 46 41 45 40 43 51 59
leaf_count=49 46 70 54 45 58 42 59 46 64 46 41 45 40 43 51 59
internal_value=0.000582751 0.00467914 0.00264664 -0.00083612 0.00131086 0.00681159 -0.00873016 0.0138132 -0.0272727 -0.0136364 0.0194215 -0.0159722 -0.00858586 0.0193467 0.0147436 0.00818182
internal_weight=858 748 699 588 534 345 189 257 110 88 111 144 99 199 156 110
internal_count=858 748 699 588 534 345 189 257 110 88 111 144 99 199 156 110
cat_boundaries=0 1
cat_threshold=131114
is_linear=0
shrinkage=0.05


Tree=33
num_leaves=17
num_cat=1
split_feature=13 51 39 28 57 10 11 62 59 61 14 44 30 41 57 49
split_gain=35.8582 18.0845 21.0912 16.4172 11.8534 10.5788 8.23246 9.39846 14.961 9.13268 8.78049 7.85869 8.66749 4.46263 4.21191 3.35043
threshold=153.82000000000002 0 -30.107831452667284 2405.0000000000005 229.76500000000001 414.55500000000001 3117.5800000000004 3989.4700000000007 3980.3550000000005 4049.1700000000005 150.29500000000004 0.034165012758718409 398.18000000000035 0.017246462264150903 120.27000000000002 1.0000000180025095e-35
decision_type=2 1 2 2 2 2 2 2 2 2 2 2 2 2 2 2
left_child=1 2 3 -1 6 -2 10 8 -8 -9 -3 13 -13 -6 -11 -5
right_child=5 4 -4 15 11 -7 7 9 -10 14 -12 12 -14 -15 -16 -17
leaf_value=-0.16010758025142949 -3.2670020991997299 2.9660271621438943 -0.72030332739540637 0.29999201159207667 0.79915009994152175 -0.51404101792324963 -0.41950498892213306 0.48167295479824568 0.065327704869512712 -0.31186194776836357 -0.0068237387333288883 -0.039370453138553613 0.40935772847141128 0.17876063544594042 0.31424705697011213 0.1736981091127163
leaf_weight=62 56 41 74 42 55 52 77 41 77 40 40 47 42 44 47 41
leaf_count=62 56 41 74 42 55 52 77 41 77 40 40 47 42 44 47 41
internal_value=-0.000797267 0.00298701 -0.00895197 0.00172414 0.00775401 -0.0277778 0.00261708 -0.00141844 -0.00974026 0.00859375 0.0166667 0.0180851 0.00730337 0.0277778 -0.000574713 0.0162651
internal_weight=878 770 219 145 551 108 363 282 154 128 81 188 89 99 87 83
internal_count=878 770 219 145 551 108 363 282 154 128 81 188 89 99 87 83
cat_boundaries=0 1
cat_threshold=14164
is_linear=0
shrinkage=0.05


Tree=34
num_leaves=18
num_cat=0
split_feature=12 10 39 20 57 21 38 34 13 10 5 14 12 34 39 10 25
split_gain=33.0986 18.1348 14.7978 18.8034 12.9996 11.6496 10.9669 10.8224 9.81326 19.8688 11.969 7.42444 7.31719 6.90433 5.62542 5.19609 3.91919
threshold=272.23500000000007 418.36500000000007 -22.011015796812831 2415.0000000000005 229.76500000000001 1945.0000000000002 7.9740249433104973 0.76929515650635028 97.690000000000012 345.54000000000002 0.2752525252525253 51.690000000000005 230.71000000000001 0.99998887425807104 -37.161545558467012 409.4550000000001 545.00000000000011
decision_type=2 2 2 2 2 2 2 2 2 2 2 2 2 2 2 2 2
left_child=4 15 3 -3 5 -1 -6 -8 11 -10 -11 16 -12 -13 -9 -2 -7
right_child=1 2 -4 -5 6 8 7 14 9 10 12 13 -14 -15 -16 -17 -18
leaf_value=5.0057999399182087 -0.86638777689479485 -0.13702599232095025 -0.66439945636886155 0.14903930937263113 -0.19454070215419317 0.33156084298126087 0.83949498457998473 0.085960919051864731 -0.81302030200482678 -0.4376794697497941 -0.034548852960568602 0.120846309139365 0.76941155451115151 -0.16827682281339645 0.58703134206711904 -2.7663504644540904 0.61771846006636799
leaf_weight=40 41 59 40 40 50 40 46 50 63 68 42 54 40 40 65 45 43
leaf_count=40 41 59 40 40 50 40 46 50 63 68 42 54 40 40 65 45 43
internal_value=-0.00150115 -0.018 -0.00683453 0.00353535 0.00429017 -0.000697674 0.014455 0.0208075 -0.00333333 -0.0105634 -0.000666667 0.00536723 0.0121951 -0.00425532 0.0126087 -0.0360465 0.0162651
internal_weight=866 225 139 99 641 430 211 161 390 213 150 177 82 94 115 86 83
internal_count=866 225 139 99 641 430 211 161 390 213 150 177 82 94 115 86 83
is_linear=0
shrinkage=0.05


Tree=35
num_leaves=17
num_cat=3
split_feature=12 51 55 22 34 13 13 57 57 57 51 14 4 58 45 57
split_gain=41.1642 21.9177 19.5604 14.2261 12.3839 7.62502 18.2562 7.22318 14.195 7.03324 14.4378 7.84391 6.48294 5.50418 3.70408 2.81258
threshold=350.06500000000005 0 1 30.000000000000345 0.79686768102768346 120.45000000000002 104.73500000000001 170.39000000000001 89.860000000000014 107.11500000000001 2 47.939999999999991 3.5000000000000004 66.310000000000016 0.010340357968081951 226.40000000000001
decision_type=2 1 1 2 2 2 2 2 2 2 1 2 2 2 2 2
left_child=1 4 9 -4 -1 6 -6 8 -5 11 15 -3 -12 -9 -7 -11
right_child=-2 2 3 7 5 14 -8 13 -10 10 12 -13 -14 -15 -16 -17
leaf_value=0.19513507442446373 -3.2334430967335126 0.25038386187073414 0.88978560902468873 -0.35636794827914803 -0.49663729906177112 -0.26523287368360154 0.2143864220748796 -2.4222485877317328 0.93904509638756906 0.60616512358247521 -0.023330784990086784 -0.082396082304083157 0.10244868941883851 -0.084763296430154789 -0.64428645455245648 2.3977800151818971
leaf_weight=46 53 46 44 60 40 42 47 47 41 42 61 49 72 46 56 68
leaf_count=46 53 46 44 60 40 42 47 47 41 42 61 49 72 46 56 68
internal_value=0.000232558 0.00303594 0.00819113 -0.00282258 -0.00975104 -0.0159459 -0.00517241 -0.00876289 0.00049505 0.0158046 0.0207819 0.00473684 0.00734266 -0.0188172 -0.0255102 0.0333333
internal_weight=860 807 576 238 231 185 87 194 101 338 243 95 133 93 98 110
internal_count=860 807 576 238 231 185 87 194 101 338 243 95 133 93 98 110
cat_boundaries=0 1 2 3
cat_threshold=71508 34 131105
is_linear=0
shrinkage=0.05


Tree=36
num_leaves=17
num_cat=3
split_feature=12 51 34 55 57 16 24 12 44 2 39 20 31 44 18 8
split_gain=39.4915 22.621 21.1154 15.6495 13.7106 13.973 12.8893 12.2975 7.83427 7.7229 7.43301 6.98812 14.1664 6.89959 5.77412 5.63223
threshold=350.06500000000005 0 0.9652957642556167 1 96.315000000000012 0.50564904982509229 4405.0000000000009 233.66000000000003 0.026793308760986602 2 -37.687217457692867 2300.0000000000005 -174.73999999999975 0.04890842075418201 4675.0000000000009 5921.3378684807258
decision_type=2 1 2 1 2 2 2 2 2 1 2 2 2 2 2 2
left_child=1 2 10 6 8 9 -3 -8 -5 14 -1 -4 -13 -10 15 -6
right_child=-2 3 11 4 5 -7 7 -9 13 -11 -12 12 -14 -15 -16 -17
leaf_value=0.25124619320208863 -3.0407697426823845 -0.82175120582201444 -0.47231103632598065 0.37981507096348777 0.59795537295795798 -0.095540522370087727 1.0018447407961499 -0.41917082581583848 -0.27390143117111049 2.0578393754092401 -0.015844058100046965 -0.79575512344326249 0.017623890397089958 0.18557283277900646 0.063036678291634562 0.10811514753399365
leaf_weight=45 48 54 60 60 40 40 45 42 76 74 41 40 49 41 56 65
leaf_count=45 48 54 60 60 40 40 45 42 76 74 41 40 49 41 56 65
internal_value=0.000342466 0.00289855 -0.01 0.00804312 0.0125541 0.0198182 -0.00629139 0.00517241 0.0019774 0.0244681 0.00930233 -0.0218121 -0.0129213 -0.00555556 0.018323 0.0252381
internal_weight=876 828 235 593 452 275 141 87 177 235 86 149 89 117 161 105
internal_count=876 828 235 593 452 275 141 87 177 235 86 149 89 117 161 105
cat_boundaries=0 1 2 3
cat_threshold=21956 24 2
is_linear=0
shrinkage=0.05


Tree=37
num_leaves=18
num_cat=1
split_feature=12 51 22 57 60 20 8 60 59 39 4 15 49 17 13 14 36
split_gain=29.5629 19.1556 13.2508 12.2694 12.6608 10.948 10.922 10.6509 8.74879 7.408 7.34015 7.2918 6.91502 5.75549 3.24954 2.65201 2.45
threshold=350.06500000000005 0 65.000000000000014 230.09500000000003 4271.4400000000014 1405.0000000000002 7558.4126984126988 3110.2300000000005 3945.6600000000003 -39.674970281334502 16.500000000000004 290.2050000000001 1.0000000180025095e-35 4025.0000000000009 120.98 140.48500000000004 0.010300618409328303
decision_type=2 1 2 2 2 2 2 2 2 2 2 2 2 2 2 2 2
left_child=1 2 -1 5 9 -3 11 8 12 -5 13 -4 -7 16 -8 -11 -9
right_child=-2 3 6 4 -6 7 14 10 -10 15 -12 -13 -14 -15 -16 -17 -18
leaf_value=0.15987272827151672 -2.8887312555482652 1.5198884353444937 -0.24460435513577272 0.18295045639229812 -0.18092840679993838 -0.54916131127352052 -0.5241295866097565 0.06772030128025941 0.018542126966294783 0.26396746156969469 -0.2950968950741078 0.10800044778691949 -0.17062047743198666 0.47584193388571433 -0.70972949443861788 0.33366186502780559 -0.11924553344312668
leaf_weight=47 48 40 43 73 47 54 44 40 74 43 40 42 41 49 47 45 40
leaf_count=47 48 40 43 73 47 54 44 40 74 43 40 42 41 49 47 45 40
internal_value=-0.00145858 0.000803461 -0.0113734 0.00553691 0.0153846 0.00026455 -0.0181818 -0.00266272 -0.0115385 0.0220497 0.00621302 -0.00529412 -0.0215789 0.0120155 -0.0302198 0.0318182 0.00375
internal_weight=857 809 223 586 208 378 176 338 169 161 169 85 95 129 91 88 80
internal_count=857 809 223 586 208 378 176 338 169 161 169 85 95 129 91 88 80
cat_boundaries=0 1
cat_threshold=71492
is_linear=0
shrinkage=0.05


Tree=38
num_leaves=17
num_cat=3
split_feature=12 51 16 10 10 55 34 21 14 12 13 51 4 45 8 33
split_gain=35.6912 16.2331 14.5304 13.0559 15.8601 11.6223 11.2728 9.45566 8.54533 7.58794 9.80436 7.33906 8.55757 7.8478 6.44197 1.8
threshold=350.06500000000005 0 0.41459202083770874 446.02500000000003 392.55000000000001 1 0.99384154495737065 4595.0000000000009 76.554999999999993 213.93500000000003 114.98500000000001 2 3.5000000000000004 0.010423192081014653 7558.4126984126988 0.00073031487210095008
decision_type=2 1 2 2 2 1 2 2 2 2 2 1 2 2 2 2
left_child=1 6 15 4 5 9 -1 8 -7 -4 11 13 -13 -11 -6 -3
right_child=-2 2 3 -5 14 7 -8 -9 -10 10 -12 12 -14 -15 -16 -17
leaf_value=0.041919697990011967 -2.903489698200429 -0.27060051240187788 1.9031351555296994 0.15711104289153682 -0.015519669376729795 -1.6112263588186295 -0.54663030090683973 0.37315770520772795 0.031721289116664587 0.11443269337039333 0.93755297780393088 0.05411482134054886 0.26130752541734065 -0.21848390726064251 -0.74160730988621426 -0.30344258150416081
leaf_weight=44 42 40 55 47 50 43 75 59 44 52 49 47 59 60 49 40
leaf_count=44 42 40 55 47 50 43 75 59 44 52 49 47 59 60 49 40
internal_value=-0.000292398 0.00202952 0.00497159 0.00765472 0.00555556 0.00940171 -0.0143411 -0.0025641 -0.0132184 0.0144578 0.0114232 0.00688073 0.0155172 -0.00245902 -0.0126263 -0.015
internal_weight=855 813 694 614 567 468 119 146 87 322 267 218 106 112 99 80
internal_count=855 813 694 614 567 468 119 146 87 322 267 218 106 112 99 80
cat_boundaries=0 1 2 3
cat_threshold=5440 35 83969
is_linear=0
shrinkage=0.05


Tree=39
num_leaves=17
num_cat=0
split_feature=13 20 5 14 16 16 60 14 30 21 4 36 35 30 34 16
split_gain=29.2688 16.1192 17.9529 15.3619 16.2164 15.151 11.647 9.7166 9.35612 7.38693 5.88098 7.0609 5.77832 5.18571 3.11849 1.7561
threshold=172.72000000000003 1100.0000000000002 0.12132352941176471 159.13000000000005 0.49382647679449415 0.46515863032812549 2044.8200000000002 139.41000000000003 413.30000000000024 4195.0000000000009 15.500000000000002 0.0096256042856778523 -1.0000000180025095e-35 58.065000000000062 0.89649994332104699 0.45861393577626813
decision_type=2 2 2 2 2 2 2 2 2 2 2 2 2 2 2 2
left_child=1 -1 15 4 5 6 8 10 12 -7 11 14 -4 -9 -8 -3
right_child=-2 2 3 -5 -6 9 7 13 -10 -11 -12 -13 -14 -15 -16 -17
leaf_value=1.0739895066630483 -2.7583152132904076 -0.57398724796447032 0.12804808149885938 0.57823289975447911 -0.43432767939242911 0.85656708960866779 0.31543720605855052 0.02512524495818802 -1.8654531508364993 0.070329558408302267 -0.073916816395418833 0.090626780979437174 -0.26581190353759548 -0.29693778838020041 0.16153498285000506 -0.17888424636695605
leaf_weight=54 44 41 54 42 78 51 53 56 44 43 43 69 48 40 43 41
leaf_count=54 44 41 54 42 78 51 53 56 44 43 43 69 48 40 43 41
internal_value=0.00106635 0.00325 0.00134048 0.00406627 0.00209003 0.00514706 0.00133333 0.00690789 -0.010274 0.0234043 0.0129808 0.0172727 -0.00196078 -0.00625 0.0260417 -0.0207317
internal_weight=844 800 746 664 622 544 450 304 146 94 208 165 102 96 96 82
internal_count=844 800 746 664 622 544 450 304 146 94 208 165 102 96 96 82
is_linear=0
shrinkage=0.05


Tree=40
num_leaves=16
num_cat=0
split_feature=13 34 10 14 33 35 8 13 14 13 25 25 33 57 57
split_gain=31.8148 13.0466 24.7848 14.7847 15.687 13.8986 12.636 10.6465 10.5067 10.1979 8.91746 7.4483 5.77563 5.24422 4.78511
threshold=177.26500000000001 0.97514940153556007 391.36500000000007 154.23500000000004 0.00037121627177720003 -0.017604282289751347 7558.4126984126988 97.77500000000002 142.55000000000004 106.39500000000002 1035.0000000000002 725.00000000000011 8.9704047463860249e-06 230.09500000000003 216.01000000000002
decision_type=2 2 2 2 2 2 2 2 2 2 2 2 2 2 2
left_child=1 5 3 4 -3 7 -4 -1 12 -7 -11 -8 -9 14 -6
right_child=-2 2 6 -5 13 9 11 8 -10 10 -12 -13 -14 -15 -16
leaf_value=0.47986201220954428 -2.4922056464107629 -0.16987206555864121 -0.020322082853488868 -0.28602441984575133 0.6092785294708758 0.090644575224663099 -0.8796367599091397 -0.066077919053271719 0.43690839652846974 0.64554436831099249 0.039847409595141242 -0.33609478414083932 -0.59869152947049631 0.92727874971177282 0.0085449197765137264
leaf_weight=77 45 66 72 52 74 78 42 46 42 48 42 44 40 53 48
leaf_count=77 45 66 72 52 74 78 42 46 42 48 42 44 40 53 48
internal_value=-0.000172612 0.00206311 -0.00365854 0.00494881 0.010166 0.00898123 -0.0196203 0.000243902 -0.00859375 0.0196429 0.0311111 -0.0325581 -0.0186047 0.018 0.0122951
internal_weight=869 824 451 293 241 373 158 205 128 168 90 86 86 175 122
internal_count=869 824 451 293 241 373 158 205 128 168 90 86 86 175 122
is_linear=0
shrinkage=0.05


Tree=41
num_leaves=17
num_cat=2
split_feature=12 19 51 12 16 29 55 21 16 13 16 4 20 42 59 10
split_gain=37.4616 16.4741 13.8931 13.5285 13.4676 12.8929 11.3084 12.4756 9.8905 11.413 8.8458 8.79246 6.36308 5.60477 4.72101 4.2971
threshold=276.79000000000002 735.00000000000011 0 225.20500000000001 0.45861393577626813 -215.32499999999979 1 4055.0000000000005 0.48826743962653923 106.39500000000002 0.4272301085715664 4.5000000000000009 3005.0000000000005 0.70844783071224393 3602.9950000000003 384.35500000000008
decision_type=2 2 1 2 2 2 1 2 2 2 2 2 2 2 2 2
left_child=2 11 4 -4 6 -6 13 -8 9 -5 -9 -2 -3 -1 -15 -7
right_child=1 12 3 8 5 15 7 10 -10 -11 -12 -13 -14 14 -16 -17
leaf_value=0.011484459096946864 -0.31962806796641208 -0.078401604555479315 -1.0353357813591895 -0.057666938198160628 -0.063775285808753246 1.8238924562871828 -1.0815388270967226 -0.29228125107630076 -0.27438646947342704 0.30581436631688785 0.56279070086287142 -1.5067186857810286 0.081563097897367959 0.2011968062472157 0.39614824857208836 1.0370819777688498
leaf_weight=53 77 53 40 45 40 64 56 50 43 57 47 57 42 41 53 49
leaf_count=53 77 53 40 45 40 64 56 50 43 57 47 57 42 41 53 49
internal_value=-0.00121107 -0.018559 0.00501567 -0.00641026 0.00961123 0.0218954 0.00366667 -0.00582822 0.000344828 0.00882353 0.00463918 -0.0298507 -0.00263158 0.0130573 0.0212766 0.030531
internal_weight=867 229 638 185 453 153 300 153 145 102 97 134 95 147 94 113
internal_count=867 229 638 185 453 153 300 153 145 102 97 134 95 147 94 113
cat_boundaries=0 1 2
cat_threshold=173223 34
is_linear=0
shrinkage=0.05


Tree=42
num_leaves=16
num_cat=1
split_feature=12 51 16 8 14 11 34 14 14 13 19 22 22 16 8
split_gain=27.1899 16.0849 16.3207 14.3183 17.4343 12.5097 11.7328 8.4823 11.4082 9.21299 7.60259 8.51683 7.26808 7.00076 6.42457
threshold=364.39000000000004 0 0.41459202083770874 7723.4013605442187 55.620000000000005 5430.7000000000016 0.97514940153556007 153.21000000000006 52.169999999999995 97.925000000000011 505.00000000000006 635.00000000000011 444.99999999999983 0.44878766583640251 5921.3378684807258
decision_type=2 1 2 2 2 2 2 2 2 2 2 2 2 2 2
left_child=1 6 -3 5 -5 7 12 8 -4 -10 -8 -12 -1 -11 -15
right_child=-2 2 3 4 -6 -7 10 -9 9 13 11 -13 -14 14 -16
leaf_value=0.13957605558395589 -2.2612582305867206 -0.30557645666921379 -0.10430321352038661 0.15064261805487009 -0.73956493335836626 0.57678923704155682 -0.60602359210153678 -0.14551182761007689 1.2175831010098443 -0.059370322495613692 0.0405815666581546 -0.2815638751444311 -0.033330834783056144 0.7599562475716054 0.17070439374694149
leaf_weight=42 48 70 73 59 61 58 48 78 42 41 41 51 47 57 64
leaf_count=42 48 70 73 59 61 58 48 78 42 41 41 51 47 57 64
internal_value=-0.000909091 0.00120192 0.00546493 0.00853659 -0.00666667 0.012954 -0.00983264 0.00943662 0.0135379 0.0196078 -0.0192857 -0.0108696 0.00393258 0.0141975 0.0202479
internal_weight=880 832 603 533 120 413 229 355 277 204 140 92 89 162 121
internal_count=880 832 603 533 120 413 229 355 277 204 140 92 89 162 121
cat_boundaries=0 1
cat_threshold=21968
is_linear=0
shrinkage=0.05


Tree=43
num_leaves=15
num_cat=3
split_feature=12 51 55 39 44 39 10 10 4 4 12 3 38 60
split_gain=30.1773 18.4081 16.8481 16.6083 13.6991 11.1111 10.7052 12.9227 16.2926 9.7503 14.0953 9.09578 6.7269 3.21599
threshold=364.39000000000004 0 1 -31.961554351238863 0.026509781684150805 -38.261528407715296 441.54500000000002 380.53500000000003 3.5000000000000004 3.5000000000000004 228.70500000000001 2 283.45434240362835 3628.7800000000002
decision_type=2 1 1 2 2 2 2 2 2 2 2 1 2 2
left_child=1 2 6 4 -3 -6 7 8 -1 -4 -11 -10 -5 -13
right_child=-2 3 9 12 5 -7 -8 -9 11 10 -12 13 -14 -15
leaf_value=3.578310966118845 -2.1791965182718371 0.12584317366663594 0.5352409278987732 -0.61981960745452869 -0.20602207233660225 0.062585186390734654 0.22756624657407631 -0.17432252633389655 -0.12449863482990686 0.019549897688204611 -1.4413280635423704 0.2365429684024079 -0.14857667633814817 0.5531135653816438
leaf_weight=56 49 73 40 61 63 49 44 74 59 75 53 51 60 44
leaf_count=56 49 73 40 61 63 49 44 74 59 75 53 51 60 44
internal_value=-0.00170388 0.000623441 0.00652174 -0.00886076 0.00027027 -0.0107143 0.0130178 0.00985915 0.0161905 -0.00617978 -0.0132813 0.00779221 -0.0235537 0.0173684
internal_weight=851 802 496 306 185 112 328 284 210 168 128 154 121 95
internal_count=851 802 496 306 185 112 328 284 210 168 128 154 121 95
cat_boundaries=0 1 2 3
cat_threshold=173101 35 1
is_linear=0
shrinkage=0.05


Tree=44
num_leaves=16
num_cat=2
split_feature=12 51 55 24 16 13 12 16 24 35 29 15 58 32 21
split_gain=31.7846 17.9931 12.3808 13.4573 13.1603 10.4757 14.8781 10.1461 8.21452 9.58494 8.39007 11.7869 6.54863 5.75411 3.83901
threshold=364.39000000000004 0 1 4215.0000000000009 0.43541190746087527 118.47000000000001 234.48000000000002 0.4593159847505946 3340.0000000000005 -0.10159405320254009 236.73499999999993 411.67000000000007 306.56000000000006 0.77506118707798 3855.0000000000005
decision_type=2 1 1 2 2 2 2 2 2 2 2 2 2 2 2
left_child=1 2 8 -4 -5 6 7 13 -1 -10 11 -11 14 -3 -7
right_child=-2 5 3 4 -6 12 -8 -9 9 10 -12 -13 -14 -15 -16
leaf_value=1.0485714725050712 -2.4140309797441248 -0.70464711445880068 -0.36151590242480491 -0.35614090105407059 0.45768714145979267 -0.58882862708180217 0.28431384844040641 0.45898924443235745 0.24285195481005248 0.40287757615611475 -0.12920884768744567 -0.049884250538051414 0.0033784317683533517 -0.012746727206002006 -0.15963028107221239
leaf_weight=71 50 41 66 51 52 53 41 64 57 71 48 70 40 49 40
leaf_count=71 50 41 66 51 52 53 41 64 57 71 48 70 40 49 40
internal_value=0.000694444 0.00307125 0.00907258 -0.00195531 0.0092233 -0.00591716 0.00128205 -0.00584416 0.0148318 0.0109756 0.00555556 0.0117021 -0.0169173 -0.0166667 -0.0241935
internal_weight=864 814 486 169 103 328 195 154 317 246 189 141 133 90 93
internal_count=864 814 486 169 103 328 195 154 317 246 189 141 133 90 93
cat_boundaries=0 1 2
cat_threshold=164025 35
is_linear=0
shrinkage=0.05


Tree=45
num_leaves=17
num_cat=1
split_feature=13 51 42 14 17 14 5 14 5 60 10 8 57 5 13 44
split_gain=26.3698 11.4116 10.61 9.91607 8.86741 9.28811 8.1144 14.3422 10.5145 10.3484 8.18082 9.65539 8.09772 7.87751 4.88057 4.58611
threshold=186.11000000000004 0 0.26374207999337229 132.51500000000001 2300.0000000000005 150.25500000000002 0.57738095238095244 81.545000000000016 0.95119047619047625 2863.6850000000009 376.93500000000006 7800.0000000000009 170.39000000000001 0.19615384615384618 106.39500000000002 0.031896796144031701
decision_type=2 1 2 2 2 2 2 2 2 2 2 2 2 2 2 2
left_child=1 2 -1 15 -5 -6 10 9 -9 12 11 -4 -8 -12 -7 -3
right_child=-2 3 6 4 5 14 7 8 -10 -11 13 -13 -14 -15 -16 -17
leaf_value=1.1206352732449365 -2.3213815748218183 0.061284533447272763 0.95197496882628352 -0.29633486101557338 -0.29110252632247652 -0.052172144149255396 -0.096287866533639924 -0.081459759152729655 0.66132367456581975 0.10030956982145903 -0.33089111971522223 0.027432989174504742 -2.2574359470376422 0.13019250654169881 0.18361661043288643 -0.029515721552387266
leaf_weight=50 47 74 58 75 65 45 47 47 46 67 41 48 46 45 41 40
leaf_count=50 47 74 58 75 65 45 47 47 46 67 41 48 46 45 41 40
internal_value=-0.000793651 0.00125749 0.0060396 -0.00571429 -0.0119469 -0.00496689 0.00370787 -0.00217391 0.0134409 -0.01125 0.0114583 0.0207547 -0.022043 0 0.00581395 0.00614035
internal_weight=882 835 495 340 226 151 445 253 93 160 192 106 93 86 86 114
internal_count=882 835 495 340 226 151 445 253 93 160 192 106 93 86 86 114
cat_boundaries=0 1
cat_threshold=140837
is_linear=0
shrinkage=0.05


Tree=46
num_leaves=16
num_cat=1
split_feature=12 12 16 51 39 30 35 35 45 44 16 58 15 33 14
split_gain=20.4455 13.7887 9.67073 17.9096 12.0024 11.2653 10.8062 8.01002 7.93175 12.9521 7.19009 7.15117 9.08568 6.04772 5.54173
threshold=364.39000000000004 216.01000000000002 0.4571726914382454 0 -30.247027571619309 21.924999999999958 -1.0000000180025095e-35 0.0028000359338302503 0.014444099945119951 0.026509781684150805 0.43491619232166029 231.17000000000004 314.49000000000007 2.7085259057822915e-05 134.19000000000003
decision_type=2 2 2 1 2 2 2 2 2 2 2 2 2 2 2
left_child=1 7 5 4 -4 14 8 -1 9 -7 -8 12 -5 -11 -3
right_child=-2 2 3 11 -6 6 10 -9 -10 13 -12 -13 -14 -15 -16
leaf_value=1.5983402867227032 -1.9913371362904375 0.28071554740964838 0.061876032843799326 0.98780619409109149 -0.45218889953244279 0.13615795543611783 -0.12565677518372756 0.028717488843341243 -0.42014043360156106 -0.41820066981073012 -0.31703333689408447 0.00011046454035645858 0.044003691580027753 0.038848912165144966 -0.030016056716267059
leaf_weight=50 48 40 64 79 56 43 50 42 55 46 62 68 63 57 41
leaf_count=50 48 40 64 79 56 43 50 42 55 46 62 68 63 57 41
internal_value=-0.00162037 0.000245098 -0.00207182 0.00424242 -0.0107692 -0.00736041 -0.0116613 0.0184783 -0.00472637 0.00136986 -0.0241071 0.0127273 0.0197183 -0.00825243 0.00925926
internal_weight=864 816 724 330 120 394 313 92 201 146 112 210 142 103 81
internal_count=864 816 724 330 120 394 313 92 201 146 112 210 142 103 81
cat_boundaries=0 1
cat_threshold=6994
is_linear=0
shrinkage=0.05


Tree=47
num_leaves=15
num_cat=2
split_feature=12 51 5 4 55 57 57 22 12 13 13 38 57 38
split_gain=18.7356 15.7533 15.4259 14.642 14.1578 12.2182 10.823 9.57958 8.72305 7.99318 7.48459 7.10406 5.24702 4.49867
threshold=369.37500000000006 0 0.19615384615384618 6.5000000000000009 1 170.39000000000001 237.23000000000005 53.934999999999953 233.32500000000002 122.02000000000002 87.490000000000023 47.426439909297081 211.80500000000004 227.19778911564643
decision_type=2 1 2 2 1 2 2 2 2 2 2 2 2 2
left_child=1 4 13 8 7 -6 -7 -1 -4 -10 -9 -12 -13 -3
right_child=-2 2 3 -5 5 6 -8 10 9 -11 11 12 -14 -15
leaf_value=0.73936627138392164 -2.049641351136406 -0.48219094540244289 -0.022288017916627736 -0.42596581583318316 0.41868358312358595 -0.89950462261872122 0.13576269156354162 1.6267552496578928 0.24284521289743594 0.0147311615829409 -0.17517625209739265 0.0088508754596603456 0.45997770736966093 -0.12649482784706248
leaf_weight=56 45 55 64 75 66 67 42 45 41 74 63 78 67 42
leaf_count=56 45 55 64 75 66 67 42 45 41 74 63 78 67 42
internal_value=-0.000795455 0.000898204 -0.00706371 -0.000787402 0.00668016 -0.00459459 -0.0151376 0.0130094 0.00698324 0.0152174 0.00928854 0.00528846 0.0113793 -0.0242268
internal_weight=880 835 351 254 484 175 109 309 179 115 253 208 145 97
internal_count=880 835 351 254 484 175 109 309 179 115 253 208 145 97
cat_boundaries=0 1 2
cat_threshold=229419 35
is_linear=0
shrinkage=0.05


Tree=48
num_leaves=16
num_cat=0
split_feature=13 12 12 30 42 5 59 12 29 57 29 62 39 60 58
split_gain=18.2744 15.4693 10.7755 9.06563 10.2339 9.75721 8.05534 7.47591 8.24314 7.04255 8.71916 9.39563 12.2716 9.30006 2.98667
threshold=186.11000000000004 216.01000000000002 172.61000000000004 28.345000000000031 0.33512307704049998 0.25543478260869573 3286.2050000000004 310.04000000000008 482.51500000000016 89.860000000000014 -186.5799999999999 3735.0550000000007 -37.855460480191589 4591.7000000000007 222.67500000000004
decision_type=2 2 2 2 2 2 2 2 2 2 2 2 2 2 2
left_child=1 2 -1 5 -5 -3 -7 8 9 14 -11 12 -12 -13 -6
right_child=-2 3 -4 4 7 6 -8 -9 -10 10 11 13 -14 -15 -16
leaf_value=-0.0090688023106274777 -1.5694147418296993 -0.3641794172069987 1.831894964341926 0.30060927658179148 -0.31949414277867239 0.20589811410912798 0.046081820749203223 0.026249078571552256 -0.44932306556449081 -0.19565237434019878 -0.46757289948071279 0.33046744817528373 0.056123671169607904 -0.024609297878272953 -0.16207914164979212
leaf_weight=44 43 53 54 71 46 51 65 44 49 51 75 54 62 50 68
leaf_count=44 43 53 54 71 46 51 65 44 49 51 75 54 62 50 68
internal_value=-0.00193182 -0.000298686 0.0183673 -0.00277402 -0.00578947 0.00739645 0.0155172 -0.00831663 -0.0102198 -0.00788177 -0.00376712 0.000207469 -0.00839416 0.0115385 -0.0184211
internal_weight=880 837 98 739 570 169 116 499 455 406 292 241 137 104 114
internal_count=880 837 98 739 570 169 116 499 455 406 292 241 137 104 114
is_linear=0
shrinkage=0.05


end of trees

feature_importances:
base_pre=81
base_cons=58
base_ovl=54
prev_base_pre=43
base_cons_gap=41
base_ovl_ratio=35
vowel_class=33
spectral_flux_mean=24
curr_vowel_len_ms=21
db_mean=21
row_ratio_in_wav=20
zcr_mean=19
row_index_in_wav=18
base_offset_to_expected_ms=17
energy_max=17
next_base_offset=16
wav_duration_ms=15
valley_dist_from_cutoff_ms=14
next_base_pre=13
base_pre_to_expected_ms=12
prev_alias_type=11
prev_base_offset=11
base_offset=10
syllable_len_ms=10
energy_slope_pre=9
curr_vowel_start_ms=8
energy_min=8
prev_base_cutoff_abs=8
base_cut_gap=7
curr_phone_len_ms=7
curr_vowel_end_ms=7
f0_voicing_mean=7
base_cutoff_abs=6
db_min=6
mora_position=6
next_base_cutoff_abs=6
curr_phone_end_ms=5
syllable_end_ms=5
base_cutoff_to_next_anchor_ms=5
f0_voicing_near_pre=5
curr_phone_start_ms=4
energy_mean=4
energy_slope_post=4
is_diphthong=4
alias_group=3
syllable_start_ms=3
expected_anchor_ms=2
alias_type=1
valley_energy=1
db_silence_ratio=1

parameters:
[boosting: gbdt]
[objective: regression_l1]
[metric: l1]
[tree_learner: serial]
[device_type: cpu]
[data_sample_strategy: bagging]
[data: ]
[valid: ]
[num_iterations: 500]
[learning_rate: 0.05]
[num_leaves: 31]
[num_threads: 0]
[seed: 0]
[deterministic: 0]
[force_col_wise: 0]
[force_row_wise: 0]
[histogram_pool_size: -1]
[max_depth: -1]
[min_data_in_leaf: 40]
[min_sum_hessian_in_leaf: 0.001]
[bagging_fraction: 0.85]
[pos_bagging_fraction: 1]
[neg_bagging_fraction: 1]
[bagging_freq: 1]
[bagging_seed: 3]
[bagging_by_query: 0]
[feature_fraction: 0.85]
[feature_fraction_bynode: 1]
[feature_fraction_seed: 2]
[extra_trees: 0]
[extra_seed: 6]
[early_stopping_round: 0]
[early_stopping_min_delta: 0]
[first_metric_only: 0]
[max_delta_step: 0]
[lambda_l1: 0]
[lambda_l2: 0]
[linear_lambda: 0]
[min_gain_to_split: 0]
[drop_rate: 0.1]
[max_drop: 50]
[skip_drop: 0.5]
[xgboost_dart_mode: 0]
[uniform_drop: 0]
[drop_seed: 4]
[top_rate: 0.2]
[other_rate: 0.1]
[min_data_per_group: 100]
[max_cat_threshold: 32]
[cat_l2: 10]
[cat_smooth: 10]
[max_cat_to_onehot: 4]
[top_k: 20]
[monotone_constraints: ]
[monotone_constraints_method: basic]
[monotone_penalty: 0]
[feature_contri: ]
[forcedsplits_filename: ]
[refit_decay_rate: 0.9]
[cegb_tradeoff: 1]
[cegb_penalty_split: 0]
[cegb_penalty_feature_lazy: ]
[cegb_penalty_feature_coupled: ]
[path_smooth: 0]
[interaction_constraints: ]
[verbosity: -1]
[saved_feature_importance_type: 0]
[use_quantized_grad: 0]
[num_grad_quant_bins: 4]
[quant_train_renew_leaf: 0]
[stochastic_rounding: 1]
[linear_tree: 0]
[max_bin: 255]
[max_bin_by_feature: ]
[min_data_in_bin: 3]
[bin_construct_sample_cnt: 200000]
[data_random_seed: 1]
[is_enable_sparse: 1]
[enable_bundle: 1]
[use_missing: 1]
[zero_as_missing: 0]
[feature_pre_filter: 1]
[pre_partition: 0]
[two_round: 0]
[header: 0]
[label_column: ]
[weight_column: ]
[group_column: ]
[ignore_column: ]
[categorical_feature: 0,1,2,3,46,47,50,51,52,53,55,56]
[forcedbins_filename: ]
[precise_float_parser: 0]
[parser_config_file: ]
[objective_seed: 5]
[num_class: 1]
[is_unbalance: 0]
[scale_pos_weight: 1]
[sigmoid: 1]
[boost_from_average: 1]
[reg_sqrt: 0]
[alpha: 0.9]
[fair_c: 1]
[poisson_max_delta_step: 0.7]
[tweedie_variance_power: 1.5]
[lambdarank_truncation_level: 30]
[lambdarank_norm: 1]
[label_gain: ]
[lambdarank_position_bias_regularization: 0]
[eval_at: ]
[multi_error_top_k: 1]
[auc_mu_weights: ]
[num_machines: 1]
[local_listen_port: 12400]
[time_out: 120]
[machine_list_filename: ]
[machines: ]
[gpu_platform_id: -1]
[gpu_device_id: -1]
[gpu_use_dp: 0]
[num_gpu: 1]

end of parameters

pandas_categorical:[["korean"], ["cvvc"], ["vc", "vv"], ["vc_sonorant", "vc_stop", "vv"], ["other", "sonorant"], ["unknown", "voiced"], ["liquid", "nasal", "none", "stop"], ["", "a", "e", "eo", "eu", "eui", "i", "o", "u", "wa", "we", "weo", "wi", "ya", "ye", "yeo", "yo", "yu"], ["head", "mid", "tail"], ["vc", "vv"], ["", "cv", "cv_head", "vc", "vcv", "vv"], [""]]
