tree
version=v4
num_class=1
num_tree_per_iteration=1
label_index=0
max_feature_idx=61
objective=regression_l1
feature_names=language format_type alias_type row_index_in_wav row_ratio_in_wav is_head_row is_tail_row wav_duration_ms base_offset base_cons base_cutoff_abs base_pre base_ovl base_cons_gap base_cut_gap base_ovl_ratio curr_phone_start_ms curr_phone_end_ms curr_phone_len_ms curr_vowel_start_ms curr_vowel_end_ms curr_vowel_len_ms syllable_start_ms syllable_end_ms syllable_len_ms prev_phone_gap_ms next_phone_gap_ms expected_anchor_ms base_offset_to_expected_ms base_pre_to_expected_ms base_cutoff_to_next_anchor_ms energy_mean energy_min energy_max energy_slope_pre energy_slope_post valley_energy valley_dist_from_cutoff_ms db_mean db_min db_silence_ratio f0_voicing_mean f0_voicing_near_pre zcr_mean spectral_flux_mean onset_class voicing_class is_tense is_diphthong coda_type vowel_class mora_position bridge_type is_nasal_or_sonorant prev_alias_type next_alias_type prev_base_pre next_base_pre prev_base_offset next_base_offset prev_base_cutoff_abs next_base_cutoff_abs
feature_infos=none none -1:2:1:4:3:5 [0:20] [0:1] [0:1] [0:1] [1828.5714285714289:11276.190476190475] [391.16000000000003:10953.969999999999] [91.879999999999995:442.18000000000001] [887.75999999999999:11240.459999999999] [47.350000000000001:260.39999999999998] [14.84:183.25] [8.160000000000025:311.23000000000002] [11.999999999999972:220.00000000000003] [0.1108581436077057:0.70374423963133648] [30:10530] [60:11133.969999999999] [9.9999999999995435:5650] [0:10530] [0:11133.969999999999] [0:1090] [30:10030] [60:11133.969999999999] [30:5650] [0:1860] [0:560] [30:10530] [-1368.8399999999999:3585.9400000000001] [-1237.8900000000001:3713.0599999999999] [-1354.8899999999994:3916.4299999999998] [0:1] [0:1] [0:1] [-0.75679044663494843:0.88738459131129566] [-0.5793291578236216:0.999946609383496] [0:1] [0:399.96775510204128] [-83.711279460848644:0] [-91.168690943174482:0] [0:1] [0:1] [0:1] [0:0.44400340232492203] [0:0.1233808638319685] -1:1:0:3:2 -1:0:1:2 [0:1] [0:1] -1:2:3:4:0:1 -1:0:1:2:3:4:6:7:8:5:9:10:11:12:13:14:15:16:17 -1:1:0:2 -1:0:1 [0:1] -1:1:2:4:0:3 none [0:260.39999999999998] [0:260.39999999999998] [0:10953.969999999999] [0:10953.969999999999] [0:11240.459999999999] [0:11240.459999999999]
tree_sizes=948 1166 1057 1133 1149 1246 1139 1254 1212 1237 1303 1296 1319 1315 1325 1302 1398 1321 1405 1302 1306 1311 1319 1232 1390 1310 1318 1310 1394 1229 1482 1231 1318 1312 1309 1343 1339 1475 1261 1329 1350 1323 1329 1241 1327 1242 1250 1344 1266 1323 1327

Tree=0
num_leaves=10
num_cat=3
split_feature=45 46 9 28 12 52 11 29 9
split_gain=258.584 154.613 25.3324 13.3284 8.33012 28.5602 1.0186 0.619844 0.292617
threshold=0 1 285.63000000000005 -115.68999999999993 26.180000000000003 2 173.58500000000001 16.71000000000004 187.62500000000003
decision_type=1 1 2 2 2 9 2 2 2
left_child=1 3 4 -1 8 6 -6 -2 -3
right_child=7 2 -4 -5 5 -7 -8 -9 -10
leaf_value=-14.555499649047851 -15.035499668121338 -13.651999640464783 -14.031999635696412 -14.269499683380127 -10.971999645233154 -14.109999656677246 -11.762999629974365 -15.24249963760376 -13.686499643325806
leaf_weight=61 139 40 76 51 77 57 41 69 109
leaf_count=61 139 40 76 51 77 57 41 69 109
internal_value=-14.1501 -14.131 -14.1161 -14.1826 -14.11 -14.1174 -14.1034 -14.1959 -14.1013
internal_weight=720 512 400 112 324 175 118 208 149
internal_count=720 512 400 112 324 175 118 208 149
cat_boundaries=0 1 2 3
cat_threshold=3 2 2
is_linear=0
shrinkage=1


Tree=1
num_leaves=12
num_cat=1
split_feature=45 9 14 12 30 21 41 58 29 31 13
split_gain=229.046 83.0429 38.2479 31.8936 19.5009 12.629 4.05 1.91694 0.763623 0.072028 0.0685039
threshold=0 247.53500000000003 12.129999999999997 29.935000000000006 -84.419999999999604 190.00000000000003 0.92860411142859955 5831.5000000000009 11.154999999999747 0.13841604377435049 111.62000000000002
decision_type=1 2 2 2 2 2 2 2 2 2 2
left_child=1 2 -1 -3 6 -4 -5 -7 10 -9 -2
right_child=8 3 5 4 -6 7 -8 9 -10 -11 -12
leaf_value=-0.0047625088691711339 -1.0209750127792359 0.26079998135566712 0.16499996185302734 -0.31097499847412113 0.062974972724914577 0.65166248202323918 -0.24156251788139343 2.1198499917984011 -0.94137500286102294 0.85482498645782479 -0.84072503566741941
leaf_weight=74 40 42 55 40 41 76 40 40 68 103 87
leaf_count=74 40 42 55 40 41 76 40 40 68 103 87
internal_value=0.000141643 0.0177543 0.0318966 -0.0113497 -0.0243802 0.0405109 -0.03875 0.0458904 -0.0446341 0.0493007 -0.0492126
internal_weight=706 511 348 163 121 274 80 219 195 143 127
internal_count=706 511 348 163 121 274 80 219 195 143 127
cat_boundaries=0 1
cat_threshold=3
is_linear=0
shrinkage=0.05


Tree=2
num_leaves=11
num_cat=3
split_feature=45 46 9 28 15 12 52 11 11 24
split_gain=236.906 168.911 34.8904 11.8802 8.06148 4.16357 22.7284 0.866188 1.01171 0.29404
threshold=0 1 285.63000000000005 -115.68999999999993 0.44872498604250594 26.510000000000002 2 129.08000000000004 109.75500000000001 985.5550000000004
decision_type=1 1 2 2 2 2 9 2 2 2
left_child=1 3 4 -1 5 9 -7 8 -2 -3
right_child=7 2 -4 -5 -6 6 -8 -9 -10 -11
leaf_value=-0.38568031769990929 -0.64043878579139712 0.48585873651504524 0.043451214075088541 -0.097976311683654782 0.89315747141838076 3.4738587634563447 0.029999971389770508 -1.1054386999607086 -0.65693873429298399 0.31953499072790148
leaf_weight=72 52 111 69 49 48 94 40 114 40 40
leaf_count=72 52 111 69 49 48 94 40 114 40 40
internal_value=-0.000754458 0.017167 0.0330846 -0.0342975 0.0397898 0.0429825 0.0365672 -0.0449074 -0.0434783 0.0486755
internal_weight=729 523 402 121 333 285 134 206 92 151
internal_count=729 523 402 121 333 285 134 206 92 151
cat_boundaries=0 1 2 3
cat_threshold=3 2 2
is_linear=0
shrinkage=0.05


Tree=3
num_leaves=12
num_cat=3
split_feature=45 46 9 28 12 52 11 11 29 43 11
split_gain=215.814 123.703 38.3957 14.2158 10.4533 26.6065 2.16851 0.781284 1.43223 0.259649 0.0666667
threshold=0 1 286.71000000000009 -119.54000000000029 24.455000000000002 2 173.58500000000001 129.08000000000004 3.7949999999998458 0.063198153443958474 88.260000000000005
decision_type=1 1 2 2 2 9 2 2 2 2 2
left_child=1 3 4 -1 10 6 -6 8 -2 -9 -3
right_child=7 2 -4 -5 5 -7 -8 9 -10 -11 -12
leaf_value=-0.36570288766324527 -0.6886668712973596 0.52126511043608204 -0.012612555098533651 -0.0645427613437176 2.7616658023953438 0.061757551164925144 2.1853739039659503 -1.1704693434119224 -0.58963431714773185 -0.81116682599782952 0.28028049150705342
leaf_weight=65 47 80 69 40 79 78 43 74 40 40 40
leaf_count=65 47 80 69 40 79 78 43 74 40 40 40
internal_value=-0.000935252 0.0168651 0.0302057 -0.0309524 0.0375 0.0305 0.045082 -0.0433649 -0.041954 -0.0482456 0.0491667
internal_weight=695 494 389 105 320 200 122 201 87 114 120
internal_count=695 494 389 105 320 200 122 201 87 114 120
cat_boundaries=0 1 2 3
cat_threshold=3 2 2
is_linear=0
shrinkage=0.05


Tree=4
num_leaves=12
num_cat=2
split_feature=45 46 9 29 15 18 33 11 43 34 9
split_gain=221.24 137.744 22.5475 12.5228 9.23687 6.34321 2.37431 1.70939 3.24 0.249057 0.0738562
threshold=0 1 285.63000000000005 -2.2900000000004179 0.45012557164059824 44.99999999999978 0.45930200013613626 142.34000000000003 0.041536716756450202 0.0012979633658634501 233.05500000000004
decision_type=1 1 2 2 2 2 2 2 2 2 2
left_child=1 3 4 -1 5 -3 -7 8 -2 -9 -8
right_child=7 2 -4 -5 -6 6 10 9 -10 -11 -12
leaf_value=-0.33298221298366787 -0.68757099087297913 0.21777347655735904 0.10279956162117419 -0.14421400846920909 1.0551175864142182 0.39965022165916858 0.81972754907891177 -1.0856958953148126 -0.49161806446373463 -0.80286347631275656 0.416223941574134
leaf_weight=55 50 57 67 60 47 67 113 66 50 40 40
leaf_count=55 50 57 67 60 47 67 113 66 50 40 40
internal_value=0.000842697 0.0186047 0.0331202 -0.0291304 0.0385802 0.0420578 0.0459091 -0.0416667 -0.039 -0.0481132 0.0493464
internal_weight=712 506 391 115 324 277 220 206 100 106 153
internal_count=712 506 391 115 324 277 220 206 100 106 153
cat_boundaries=0 1 2
cat_threshold=3 2
is_linear=0
shrinkage=0.05


Tree=5
num_leaves=13
num_cat=1
split_feature=46 12 9 39 12 18 12 29 12 12 33 9
split_gain=205.755 186.957 24.9372 7.15698 6.26702 5.44772 3.98637 6.72801 0.445633 1.20448 0.270841 0.0607843
threshold=0 30.400000000000002 254.24000000000004 -80.540528246515208 24.660000000000004 60.000000000000462 47.57500000000001 -4.0799999999999264 56.835000000000008 52.07500000000001 0.53845893159901592 295.43000000000006
decision_type=1 2 2 2 2 2 2 2 2 2 2 2
left_child=2 4 3 -1 -2 -5 7 -3 9 -8 -7 -10
right_child=1 6 -4 5 -6 10 8 -9 11 -11 -12 -13
leaf_value=0.26272069335494563 0.43672832311213772 -0.33076863263089962 0.070233722176108557 0.2962821845090427 0.14091663584892081 2.1278487509255894 -0.58472172868010419 -0.19236674149620905 -0.83672821033802625 -0.52699671637770551 0.81074116494924597 -1.1034881146755517
leaf_weight=40 54 67 56 47 44 41 43 72 40 42 93 62
leaf_count=40 54 67 56 47 44 41 43 72 40 42 93 62
internal_value=-0.00192582 -0.0238208 0.0315884 0.0391403 0.0367347 0.0433702 -0.0420245 -0.0356115 -0.0467914 -0.0441176 0.0485075 -0.0490196
internal_weight=701 424 277 221 98 181 326 139 187 85 134 102
internal_count=701 424 277 221 98 181 326 139 187 85 134 102
cat_boundaries=0 1
cat_threshold=1
is_linear=0
shrinkage=0.05


Tree=6
num_leaves=12
num_cat=3
split_feature=45 46 9 15 29 12 52 12 31 30 43
split_gain=199.095 136.364 31.7573 14.1416 10.8051 5.66059 31.9639 2.3741 0.66 0.558405 0.251852
threshold=0 1 285.63000000000005 0.44872498604250594 -2.2900000000004179 26.180000000000003 2 50.015000000000008 0.42190731263406017 -297.7249999999994 0.063198153443958474
decision_type=1 1 2 2 2 2 9 2 2 2 2
left_child=1 4 3 5 -1 8 -7 -2 -3 -9 -11
right_child=7 2 -4 -5 -6 6 -8 9 -10 10 -12
leaf_value=-0.2973248677783959 -0.44621672177800686 0.21046221739651597 0.048044934137596543 0.74308257338440764 -0.19938494999010326 2.9229524851552955 -0.010072295850455638 -0.75599530266264248 0.39788402842643267 -0.77687238423092808 -0.75607059256030018
leaf_weight=56 40 40 76 47 62 95 42 48 110 68 40
leaf_count=56 40 40 76 47 62 95 42 48 110 68 40
internal_value=0.000552486 0.0165428 0.0304878 0.0371257 -0.0305085 0.0412892 0.0339416 -0.0412621 0.048 -0.0461538 -0.0481481
internal_weight=724 528 410 334 118 287 137 196 150 156 108
internal_count=724 528 410 334 118 287 137 196 150 156 108
cat_boundaries=0 1 2 3
cat_threshold=3 2 2
is_linear=0
shrinkage=0.05


Tree=7
num_leaves=13
num_cat=1
split_feature=45 9 21 15 40 30 36 4 12 60 34 9
split_gain=196.455 63.2113 37.8772 29.6634 19.0893 14.4186 5.32631 2.72216 1.99776 2.46126 0.29404 0.243137
threshold=0 247.53500000000003 190.00000000000003 0.17495614145893928 0.76388888888888895 -94.935000000000159 0.12069899680714506 0.16228070175438594 57.285000000000004 10209.920000000002 0.051794222914618958 293.38000000000005
decision_type=1 2 2 2 2 2 2 2 2 2 2 2
left_child=1 2 -1 -3 7 6 -5 -4 9 -2 -9 -10
right_child=8 3 4 5 -6 -7 -8 10 11 -11 -12 -13
leaf_value=-0.011684520697672608 -0.40735266804180648 0.20735540456179216 0.33146807620482632 -0.21105328353912275 0.094122962765066598 0.10411793665854191 -0.1894010221348108 1.215569604241014 -0.75708827019311009 -0.48470537342212783 0.33141022346536664 -1.081849701379443
leaf_weight=79 60 41 46 43 68 44 40 111 40 41 40 62
leaf_count=79 60 41 46 43 68 44 40 111 40 41 40 62
internal_value=-0.000629371 0.0159004 0.0284884 -0.00892857 0.0375472 -0.0208661 -0.0331325 0.0454315 -0.0410798 -0.0381188 0.0486755 -0.0480392
internal_weight=715 512 344 168 265 127 83 197 203 101 151 102
internal_count=715 512 344 168 265 127 83 197 203 101 151 102
cat_boundaries=0 1
cat_threshold=3
is_linear=0
shrinkage=0.05


Tree=8
num_leaves=13
num_cat=3
split_feature=45 46 2 12 41 42 21 12 21 34 21 18
split_gain=186.578 126.665 30.1911 38.755 18.2373 10.3282 7.60346 4.22035 3.41282 2.6251 3.2 0.0669421
threshold=0 1 2 33.795000000000009 0.97132820855962654 0.76391031895479711 305.00000000000006 57.285000000000004 414.99999999999983 8.3599288395108891e-06 470.00000000000017 404.99999999999983
decision_type=1 1 9 2 2 2 2 2 2 2 2 2
left_child=1 5 6 4 -4 -1 -3 8 -2 11 -11 -8
right_child=7 2 3 -5 -6 -7 9 -9 -10 10 -12 -13
leaf_value=-0.2987797315755511 -0.47809656155952979 0.24077333589943387 0.00039916273834417204 -0.16213563849496782 0.42100706510986685 -0.15680938765146896 1.5517911507318443 -0.85449810363826095 -0.32597136449732944 0.21439803913442407 1.4256429745886736 1.0444787471391821
leaf_weight=59 60 52 40 47 61 61 81 99 44 40 40 40
leaf_count=59 60 52 40 47 61 61 81 99 44 40 40 40
internal_value=-0.00110497 0.0147834 0.0285536 0.00822785 0.0262376 -0.03 0.0385932 -0.0406103 -0.0355769 0.0445274 0.0375 0.0491736
internal_weight=724 521 401 148 101 120 253 203 104 201 80 121
internal_count=724 521 401 148 101 120 253 203 104 201 80 121
cat_boundaries=0 1 2 3
cat_threshold=3 2 18
is_linear=0
shrinkage=0.05


Tree=9
num_leaves=13
num_cat=2
split_feature=46 9 12 8 17 23 12 52 12 32 24 9
split_gain=178.139 65.6766 68.4992 19.8964 24.6801 12.2834 11.6373 9.00066 17.0213 2.95757 0.602479 0.560377
threshold=0 238.23500000000004 32.510000000000012 9993.2900000000027 10025.000000000002 8010.0000000000009 33.980000000000011 1 24.660000000000004 0.31816416819206367 635.00000000000011 202.12000000000003
decision_type=1 2 2 2 2 2 2 9 2 2 2 2
left_child=6 3 -3 4 7 -4 -1 -2 -9 10 -8 -5
right_child=1 2 5 11 -6 -7 9 8 -10 -11 -12 -13
leaf_value=-0.098560387946501044 2.5166515588335816 0.1578764876674896 -0.17395066134026657 1.5076887181874086 -0.051768101590783377 -0.40727499702318914 -0.42248594543478257 0.26712125167634326 -0.0033051765294226602 -0.41689244790016322 -0.64711493419496202 0.46074539811053428
leaf_weight=41 60 63 44 66 45 77 40 47 47 72 81 40
leaf_count=41 60 63 44 66 45 77 40 47 47 72 81 40
internal_value=-0.00172891 0.0154397 -0.00815217 0.0296721 0.0203518 -0.0301653 -0.0376068 0.0298701 0.0202128 -0.0427461 -0.0475207 0.0471698
internal_weight=723 489 184 305 199 121 234 154 94 193 121 106
internal_count=723 489 184 305 199 121 234 154 94 193 121 106
cat_boundaries=0 1 2
cat_threshold=2 2
is_linear=0
shrinkage=0.05


Tree=10
num_leaves=14
num_cat=3
split_feature=45 46 52 12 28 33 57 11 12 8 15 31 37
split_gain=184.31 93.2403 22.1546 43.2891 12.3856 10.964 9.6543 3.47758 2.76887 3.96825 2.6002 0.864368 0.426335
threshold=0 1 2 28.500000000000004 -119.54000000000029 0.58675290698074256 111.75500000000001 173.58500000000001 57.285000000000004 8982.3150000000005 0.23524511408504653 0.93354429349596579 154.94816326530602
decision_type=1 1 9 2 2 2 2 2 2 2 2 2 2
left_child=1 4 7 5 -1 -4 -5 -3 9 -2 -7 -12 -10
right_child=8 2 3 6 -6 10 -8 -9 12 -11 11 -13 -14
leaf_value=-0.26392036607741504 -0.29490171854145208 2.2477098694000115 0.12008134895635508 0.049383202158617356 -0.031015474200866058 0.15501258618399916 -0.12530225876745177 1.7944802713740124 -0.81411971560102792 -0.40129049999343835 0.21310189053823347 0.3575966339961989 -0.77941745174659971
leaf_weight=70 42 83 48 40 48 40 46 47 47 63 40 47 59
leaf_count=70 42 83 48 40 48 40 46 47 47 63 40 47 59
internal_value=-0.00138889 0.0149326 0.0269821 0.0185824 -0.0237288 0.0328571 -0.0104651 0.0438462 -0.0395928 -0.0357143 0.0405512 0.0454023 -0.0471698
internal_weight=720 509 391 261 118 175 86 130 211 105 127 87 106
internal_count=720 509 391 261 118 175 86 130 211 105 127 87 106
cat_boundaries=0 1 2 3
cat_threshold=3 2 2
is_linear=0
shrinkage=0.05


Tree=11
num_leaves=14
num_cat=3
split_feature=45 46 52 12 42 33 4 12 19 10 56 16 7
split_gain=168.768 84.6318 21.1073 43.7843 8.98246 8.97224 7.92043 6.3493 3.20599 2.2853 3.39953 0.925523 0.056044
threshold=0 1 2 29.020000000000003 0.71615493755476545 0.60575958895379245 0.60769230769230786 71.930000000000021 7075.0000000000009 10351.815000000001 89.340000000000018 10045.000000000002 11083.174603174606
decision_type=1 1 9 2 2 2 2 2 2 2 2 2 2
left_child=1 4 7 5 -1 -4 -5 12 -2 10 -7 -10 -3
right_child=8 2 3 6 -6 9 -8 -9 11 -11 -12 -13 -14
leaf_value=-0.24952042942116376 -0.51924975474299229 2.2784334874219021 0.11359034266488598 0.011224703277232618 -0.059428247052438543 0.17518038365427194 -0.1435287381005228 1.4045241473343282 -0.60564492485498234 0.42451958921198119 0.1632024879280512 -0.47276979562728044 2.1353243759300109
leaf_weight=57 71 40 56 46 57 41 41 40 73 43 44 62 51
leaf_count=57 71 40 56 46 57 41 41 40 73 43 44 62 51
internal_value=-0.00124654 0.0140684 0.0251244 0.0171587 -0.0236842 0.0309783 -0.012069 0.0416031 -0.0384259 0.0382813 0.0335294 -0.0448148 0.0489011
internal_weight=722 516 402 271 114 184 87 131 206 128 85 135 91
internal_count=722 516 402 271 114 184 87 131 206 128 85 135 91
cat_boundaries=0 1 2 3
cat_threshold=3 2 2
is_linear=0
shrinkage=0.05


Tree=12
num_leaves=14
num_cat=2
split_feature=46 52 11 17 11 11 31 11 11 11 29 56 57
split_gain=129.878 50.9392 53.3603 21.9487 14.9033 14.4352 11.7224 6.58762 6.27231 5.33556 4.05 2.37537 3.51579
threshold=0 1 92.180000000000021 10035.000000000002 120.89500000000002 128.16500000000002 0.91850611672687943 174.18500000000003 173.58500000000001 172.83500000000004 1.0399999999999638 187.81500000000003 162.31000000000003
decision_type=1 9 2 2 2 2 2 2 2 2 2 2 2
left_child=4 8 6 5 10 -4 -3 -7 -2 -5 -1 12 -6
right_child=1 2 3 9 11 7 -8 -9 -10 -11 -12 -13 -14
leaf_value=-0.25685025716814158 1.9557146652905169 0.10815036951604001 -0.15164583290616906 -0.12488745585158725 -0.34236263139662032 0.19164879995765327 0.28251480545000524 -0.00091935269858760553 1.6530557284778546 -0.23826653900716585 -0.0058254002283843146 -0.78372418367664887 -0.35641719159484753
leaf_weight=40 79 47 42 50 58 53 63 41 48 40 40 45 52
leaf_count=40 79 47 42 50 58 53 63 41 48 40 40 45 52
internal_value=-0.00100287 0.0143629 0.00416667 -0.00973451 -0.0312766 0.00294118 0.0327273 0.0138298 0.0413386 -0.0288889 -0.01375 -0.0403226 -0.0363636
internal_weight=698 463 336 226 235 136 110 94 127 90 80 155 110
internal_count=698 463 336 226 235 136 110 94 127 90 80 155 110
cat_boundaries=0 1 2
cat_threshold=2 2
is_linear=0
shrinkage=0.05


Tree=13
num_leaves=14
num_cat=2
split_feature=45 46 59 14 12 11 38 10 18 10 13 28 3
split_gain=168.978 95.0136 20.3761 15.5087 31.035 9.43904 7.98611 7.67916 3.97354 3.86219 1.77007 1.2718 0.0574468
threshold=0 1 10179.000000000002 89.345000000000013 23.965000000000003 124.42000000000002 -70.01758091747233 7324.7650000000003 124.9999999999998 10349.035000000002 49.089999999999996 -104.44000000000048 8.5000000000000018
decision_type=1 1 2 2 2 2 2 2 2 2 2 2 2
left_child=1 5 3 6 9 -1 -3 -6 11 -5 -8 12 -2
right_child=8 2 -4 4 7 -7 10 -9 -10 -11 -12 -13 -14
leaf_value=-0.0078546033530250362 -0.56310540780308571 0.25853390936095438 -0.049949977030131536 0.13220945072988233 0.12831400563744386 -0.21969479260999006 1.8043252121703917 -0.16140645064066161 -0.4812906741722966 0.36327648501969512 0.15905901093815961 -0.46556474840780998 -0.54951512517630607
leaf_weight=40 40 42 45 49 40 79 97 41 61 44 40 44 54
leaf_count=40 40 42 45 49 40 79 97 41 61 44 40 44 54
internal_value=-0.000977654 0.0141366 0.0261307 0.03017 0.0195402 -0.0247899 0.0405028 -0.00308642 -0.0389952 0.0392473 0.0463504 -0.0456522 -0.0489362
internal_weight=716 517 398 353 174 119 179 81 199 93 137 138 94
internal_count=716 517 398 353 174 119 179 81 199 93 137 138 94
cat_boundaries=0 1 2
cat_threshold=3 2
is_linear=0
shrinkage=0.05


Tree=14
num_leaves=14
num_cat=2
split_feature=45 46 61 14 12 11 31 38 18 15 37 4 10
split_gain=138.723 77.4941 22.3784 12.5344 21.0477 9.97271 9.50693 8.99836 5.70024 2.93023 2.87257 0.0587629 0.054023
threshold=0 1 10407.905000000001 66.340000000000003 33.795000000000009 122.34500000000001 0.0030709911781422504 -37.648015094591294 124.9999999999998 0.47937558150587728 301.13879818594074 0.48684210526315791 10176.170000000002
decision_type=1 1 2 2 2 2 2 2 2 2 2 2 2
left_child=1 5 3 6 7 -1 -3 -5 9 12 -9 -8 -2
right_child=8 2 -4 4 -6 -7 11 10 -10 -11 -12 -13 -14
leaf_value=-0.0047765333874367766 -0.65502507886996486 0.37452331190074062 -0.067761998868353809 0.093173599722897432 -0.0077805230216847938 -0.21557497104062354 1.7284104136174196 0.30714166634071582 -0.41954597177973157 -0.35102376440877842 0.1547252366349858 1.7677126714174713 -0.48248320087005353
leaf_weight=40 47 40 44 54 59 73 40 53 60 40 41 57 40
leaf_count=40 47 40 44 54 59 73 40 53 60 40 41 57 40
internal_value=-0.000145349 0.0136008 0.0244845 0.0287791 0.0210145 -0.0225664 0.0405109 0.0310811 -0.0357868 -0.0437008 0.0404255 0.0489691 -0.0488506
internal_weight=688 501 388 344 207 113 137 148 187 127 94 97 87
internal_count=688 501 388 344 207 113 137 148 187 127 94 97 87
cat_boundaries=0 1 2
cat_threshold=3 2
is_linear=0
shrinkage=0.05


Tree=15
num_leaves=14
num_cat=3
split_feature=45 46 2 12 32 12 33 12 9 18 10 44 10
split_gain=139.551 86.2266 19.6231 37.1271 18.0822 9.32258 5.38012 5.11318 4.10871 6.28574 3.23154 2.16276 0.0565217
threshold=0 1 2 33.980000000000011 0.17095801379629658 24.455000000000002 0.73915126288555089 71.635000000000019 307.00500000000005 94.999999999999787 10351.815000000001 0.0098987911757612516 9423.6750000000011
decision_type=1 1 9 2 2 2 2 2 2 2 2 2 2
left_child=1 6 7 4 5 -4 -1 12 9 11 -6 -2 -3
right_child=8 2 3 -5 10 -7 -8 -9 -10 -11 -12 -13 -14
leaf_value=-0.2119313387597348 -0.43577892504823146 1.8407650816636865 0.12589389032053755 -0.14449120794819917 0.13201583101336017 -0.015614016179985903 -0.072372517455121785 1.2109612106565601 -0.82784391830359927 -0.2249556263618101 0.35639357888790407 -0.31909813327146497 1.8734885200838052
leaf_weight=45 55 40 62 44 44 62 69 40 59 46 51 43 52
leaf_count=45 55 40 62 44 44 62 69 40 59 46 51 43 52
internal_value=-0.00140449 0.0126204 0.0239241 0.0141026 0.0230594 0.0104839 -0.0254386 0.0394366 -0.035446 -0.0326389 0.0394737 -0.0397959 0.048913
internal_weight=712 509 395 263 219 124 114 132 203 144 95 98 92
internal_count=712 509 395 263 219 124 114 132 203 144 95 98 92
cat_boundaries=0 1 2 3
cat_threshold=3 2 16
is_linear=0
shrinkage=0.05


Tree=16
num_leaves=15
num_cat=2
split_feature=45 52 12 42 33 12 15 42 9 9 4 11 32 21
split_gain=125.506 50.8134 85.3828 13.1262 9.03628 12.0409 8.59109 5.60196 5.32141 6.47008 5.14205 2.56746 2.22718 0.224176
threshold=0 1 28.825000000000006 0.97365663661374591 0.58369985672231783 33.980000000000011 0.43374076984348203 0.18505431931660418 308.18000000000006 285.63000000000005 0.60769230769230786 73.705000000000013 0.22801083641019579 395.00000000000006
decision_type=1 9 2 2 2 2 2 2 2 2 2 2 2 2
left_child=1 6 3 7 -4 -6 13 -3 9 12 -7 -5 -2 -1
right_child=8 2 4 11 5 10 -8 -9 -10 -11 -12 -13 -14 -15
leaf_value=1.369003032743314 -0.50079581457189626 0.15262071306752334 -0.19951458904156444 0.42050013752284088 0.028782976782230386 -0.10300946321758993 0.97780889245707536 0.022509184150897889 -0.77198587418608866 -0.19522781326494112 -0.2140846280031366 0.13227512197178101 -0.26119259386725968 2.5987746159668563
leaf_weight=40 59 46 52 43 53 44 40 57 57 41 42 60 41 51
leaf_count=40 59 46 52 43 53 44 40 57 57 41 42 60 41 51
internal_value=-0.000688705 0.0120818 0.0034005 0.0257282 -0.0206806 -0.0140288 0.039313 0.0131068 -0.0336538 -0.0301418 -0.0255814 0.0383495 -0.037 0.0478022
internal_weight=726 528 397 206 191 139 131 103 198 141 86 103 100 91
internal_count=726 528 397 206 191 139 131 103 198 141 86 103 100 91
cat_boundaries=0 1 2
cat_threshold=3 2
is_linear=0
shrinkage=0.05


Tree=17
num_leaves=14
num_cat=2
split_feature=45 46 15 15 29 15 29 34 33 9 24 39 35
split_gain=126.217 76.3825 13.9194 18.1063 33.1069 13.6748 9.00767 7.33202 3.95122 3.21881 2.86625 2.3185 0.478049
threshold=0 1 0.49126643635685141 0.31845816498348029 76.880000000000123 0.284459294216861 15.300000000000411 0.17580016015593145 0.73915126288555089 224.32000000000002 1076.1899999999994 -43.439324628560357 0.14950636842413212
decision_type=1 1 2 2 2 2 2 2 2 2 2 2 2
left_child=1 5 3 4 6 8 9 11 -1 -3 -5 12 -2
right_child=7 2 -4 10 -6 -7 -8 -9 -10 -11 -12 -13 -14
leaf_value=-0.19978671627633135 -0.58127912753429845 0.091552160926018367 -0.14003087290711452 1.252283589478516 -0.10062458365264729 0.0074646774187879577 0.31347512921618736 -0.26480852580705172 -0.083060856858419116 0.11575535903056333 1.7516591144884481 -0.35252340132032567 -0.59280596420643017
leaf_weight=41 41 53 40 53 59 41 53 58 41 58 68 55 49
leaf_count=41 41 53 40 53 59 41 53 58 41 58 68 55 49
internal_value=-0.00169014 0.0117021 0.0229167 0.0261628 0.017713 -0.0223577 0.0292683 -0.0340376 -0.0341463 0.0211712 0.0417355 -0.0417241 -0.0466667
internal_weight=710 507 384 344 223 123 164 203 82 111 121 145 90
internal_count=710 507 384 344 223 123 164 203 82 111 121 145 90
cat_boundaries=0 1 2
cat_threshold=3 2
is_linear=0
shrinkage=0.05


Tree=18
num_leaves=15
num_cat=2
split_feature=45 52 12 10 33 30 14 15 9 18 35 44 44 31
split_gain=120.188 56.3208 71.9412 12.1238 11.5957 12.0163 10.5093 8.67731 6.70024 7.97854 6.48669 7.84 2.77234 0.227957
threshold=0 1 29.020000000000003 10351.815000000001 0.58369985672231783 -94.935000000000159 115.14999999999999 0.45012557164059824 316.21500000000009 110.00000000000024 0.017704067111960351 0.009571999350748003 0.0098987911757612516 0.13841604377435049
decision_type=1 9 2 2 2 2 2 2 2 2 2 2 2 2
left_child=1 7 3 10 -4 6 -6 13 9 12 11 -3 -2 -1
right_child=8 2 4 -5 5 -7 -8 -9 -10 -11 -12 -13 -14 -15
leaf_value=1.233679887702428 -0.38527263625864727 -0.020712792297933637 -0.19125189891979533 0.31542289883697538 -0.14324743779690507 0.05523672644406466 -0.057438555143705376 0.87796678734917855 -0.73346214572758228 -0.15096664982643571 0.15327158398372173 0.10438088740948213 -0.30646762879983974 2.4452679258879244
leaf_weight=40 48 50 53 44 47 40 45 40 56 41 61 50 53 53
leaf_count=40 48 50 53 44 47 40 45 40 56 41 61 50 53 53
internal_value=-0.00145631 0.0111632 0.00179487 0.0221951 -0.0208108 -0.0128788 -0.0228261 0.0394737 -0.0336538 -0.0295775 0.0158385 0.008 -0.0371287 0.0478495
internal_weight=721 523 390 205 185 132 92 133 198 142 161 100 101 93
internal_count=721 523 390 205 185 132 92 133 198 142 161 100 101 93
cat_boundaries=0 1 2
cat_threshold=3 2
is_linear=0
shrinkage=0.05


Tree=19
num_leaves=14
num_cat=3
split_feature=45 46 52 12 36 11 15 18 35 37 61 14 24
split_gain=111.071 60.8919 28.6786 35.7931 16.3286 14.2481 7.25256 5.304 4.58289 5.27147 3.27543 3.02619 0.521053
threshold=0 1 2 33.795000000000009 0.52056691979613046 122.34500000000001 0.45012557164059824 124.9999999999998 0.017704067111960351 249.31129251700671 10381.080000000002 140.72500000000002 1080.0000000000007
decision_type=1 1 9 2 2 2 2 2 2 2 2 2 2
left_child=1 5 6 4 8 -1 12 10 9 -4 11 -2 -3
right_child=7 2 3 -5 -6 -7 -8 -9 -10 -11 -12 -13 -14
leaf_value=0.013346911873227452 -0.22826403157471803 2.0837251860149832 -0.02531178429706964 -0.13387859391138407 0.18526805341893385 -0.15682245838263162 0.89762630000461729 -0.30363349062838751 0.12153843371054283 0.070090349501799584 -0.46615149591629079 -0.360083270548891 1.7051252640788719
leaf_weight=43 40 40 53 49 69 79 43 58 54 45 55 46 55
leaf_count=43 40 40 53 49 69 79 43 58 54 45 55 46 55
internal_value=-0.000891632 0.0111111 0.0205882 0.0111111 0.0196833 -0.0196721 0.0391304 -0.0318182 0.0105263 0.00408163 -0.0386525 -0.0325581 0.0468421
internal_weight=729 530 408 270 221 122 138 199 152 98 141 86 95
internal_count=729 530 408 270 221 122 138 199 152 98 141 86 95
cat_boundaries=0 1 2 3
cat_threshold=3 2 2
is_linear=0
shrinkage=0.05


Tree=20
num_leaves=14
num_cat=3
split_feature=45 46 52 29 29 15 15 15 18 15 44 33 58
split_gain=120.238 70.5627 20.3072 22.6034 18.5611 9.16128 7.54985 6.38544 4.85975 3.05241 2.91082 1.47959 1.01655
threshold=0 1 2 78.975000000000492 8.8499999999994561 0.2765008303799753 0.45012557164059824 0.2765008303799753 110.00000000000024 0.47937558150587728 0.011670312366248301 0.49359404492219611 9763.5050000000028
decision_type=1 1 9 2 2 2 2 2 2 2 2 2 2
left_child=1 7 6 4 5 10 11 -1 9 12 -4 -3 -2
right_child=8 2 3 -5 -6 -7 -8 -9 -10 -11 -12 -13 -14
leaf_value=-0.14949471011882984 -0.5034421087021127 0.96082523272334019 0.04543416305441255 -0.071658529264565021 0.24106243618422943 -0.028230339694934693 0.85574505366893716 -0.030274262431765564 -0.34145130799006512 -0.21981450784560172 0.12387051172314419 2.1314038898108585 -0.38898359348555672
leaf_weight=69 47 40 44 69 75 43 43 40 70 47 40 58 43
leaf_count=69 47 40 44 69 75 43 43 40 70 47 40 58 43
internal_value=-0.000686813 0.0121469 0.0218447 0.0138376 0.0222772 0.0106299 0.037234 -0.0233945 -0.0320276 -0.0390511 0.0202381 0.044898 -0.0444444
internal_weight=728 521 412 271 202 127 141 109 207 137 84 98 90
internal_count=728 521 412 271 202 127 141 109 207 137 84 98 90
cat_boundaries=0 1 2 3
cat_threshold=3 2 2
is_linear=0
shrinkage=0.05


Tree=21
num_leaves=14
num_cat=2
split_feature=46 52 12 12 39 42 11 15 15 15 12 9 33
split_gain=106.859 39.6218 65.1409 16.369 10.075 7.98792 6.99306 6.05 5.81302 5.52273 3.37687 3.20261 0.996014
threshold=0 1 33.980000000000011 35.205000000000005 -46.726972474354987 0.18505431931660418 170.96000000000001 0.44438179948060802 0.42046178470300116 0.46493511396578879 50.920000000000009 226.96500000000003 0.49359404492219611
decision_type=1 9 2 2 2 2 2 2 2 2 2 2 2
left_child=3 8 4 -1 5 -3 7 -4 12 10 -5 -6 -2
right_child=1 2 6 9 11 -7 -8 -9 -10 -11 -12 -13 -14
leaf_value=-0.020281631172624871 1.0151788773600938 0.11048165610104199 -0.0037406720025368934 -0.19838412789351401 0.2847396464451632 0.0046206474480434247 -0.26324993283513187 -0.2155892943393635 0.80995773232093959 -0.13041551481464753 -0.58389277760238689 0.09395693754107759 2.0248336953203157
leaf_weight=55 40 53 40 63 40 75 54 40 41 44 69 45 51
leaf_count=55 40 53 40 63 40 75 54 40 41 44 69 45 51
internal_value=-0.000422535 0.013048 0.00417867 -0.028355 0.0213615 0.0125 -0.0231343 -0.01375 0.0363636 -0.0357955 -0.0409091 0.0347059 0.0434066
internal_weight=710 479 347 231 213 128 134 80 132 176 132 85 91
internal_count=710 479 347 231 213 128 134 80 132 176 132 85 91
cat_boundaries=0 1 2
cat_threshold=2 2
is_linear=0
shrinkage=0.05


Tree=22
num_leaves=14
num_cat=1
split_feature=46 15 11 3 11 9 24 11 33 11 22 59 43
split_gain=97.3565 33.405 30.8821 24.9061 15.0978 9.95197 6.90484 9.1087 4.2958 4.18316 3.69078 2.45078 1.99315
threshold=0 0.45512621253082275 172.42500000000004 8.5000000000000018 120.89500000000002 192.86500000000004 615.00000000000011 142.34000000000003 0.64806054760911436 88.260000000000005 9975.0000000000018 8840.0000000000018 0.05174369152254036
decision_type=1 2 2 2 2 2 2 2 2 2 2 2 2
left_child=4 2 5 -4 -1 8 9 -8 12 -7 11 -6 -2
right_child=1 -3 3 -5 10 6 7 -9 -10 -11 -12 -13 -14
leaf_value=-0.078745281246544438 0.44075860839815117 -0.2724320087998679 0.10332774182416855 -0.20811661914364438 -0.25327511781990264 0.157692096864151 -0.027049855082590127 0.080951738612863186 0.70097672864050742 0.11247741244648335 -0.13416730423064216 -0.4878035153016102 0.21847312522901741
leaf_weight=77 42 71 64 46 50 54 41 40 43 41 45 63 40
leaf_count=77 42 71 64 46 50 54 41 40 43 41 45 63 40
internal_value=-0.000209205 0.0126556 0.0181265 -0.00454545 -0.0265957 0.026412 0.01875 0.00802469 0.0372 0.0278947 -0.035443 -0.0402655 0.0304878
internal_weight=717 482 411 110 235 301 176 81 125 95 158 113 82
internal_count=717 482 411 110 235 301 176 81 125 95 158 113 82
cat_boundaries=0 1
cat_threshold=2
is_linear=0
shrinkage=0.05


Tree=23
num_leaves=13
num_cat=2
split_feature=46 2 12 11 12 41 43 24 21 22 29 59
split_gain=88.8746 28.9476 47.6434 19.299 15.7297 11.0547 8.14815 6.29933 6.01409 5.74929 5.27554 1.75545
threshold=0 1 22.875000000000004 120.89500000000002 47.57500000000001 0.96701590035596807 0.049175441796649608 645.00000000000011 404.99999999999983 9975.0000000000018 9.8000000000001837 8807.5000000000018
decision_type=1 9 2 2 2 2 2 2 2 2 2 2
left_child=3 8 10 -1 5 6 -4 -6 -2 11 -3 -5
right_child=1 2 4 9 7 -7 -8 -9 -10 -11 -12 -13
leaf_value=-0.074808017184217243 0.65274239428866621 0.034285762025502153 -0.08337205155652852 -0.25579472204372639 -0.30752330770269493 0.16972334324295313 0.0035859030965822215 -0.19124595205239567 1.9307595335540766 -0.1293999089028274 0.2457540700617683 -0.48210915581402036
leaf_weight=79 71 44 47 50 42 47 60 47 60 42 57 65
leaf_count=79 71 44 47 50 42 47 60 47 60 42 57 65
internal_value=-0.00203938 0.0104211 0.00225989 -0.0271186 -0.00967078 0 -0.0088785 -0.0264045 0.0294326 -0.0372611 0.0311881 -0.0430435
internal_weight=711 475 344 236 243 154 107 89 131 157 101 115
internal_count=711 475 344 236 243 154 107 89 131 157 101 115
cat_boundaries=0 1 2
cat_threshold=2 16
is_linear=0
shrinkage=0.05


Tree=24
num_leaves=15
num_cat=3
split_feature=45 2 12 10 12 9 46 15 3 57 24 39 39 9
split_gain=73.0093 33.5979 49.7706 11.8539 9.75745 13.243 8.03307 6.48376 6.07016 4.31109 7.41575 4.93633 1.97712 1.75523
threshold=0 1 29.020000000000003 10354.835000000001 58.125000000000007 285.96500000000003 2 0.41637040291045885 6.5000000000000009 95.080000000000013 635.00000000000011 -78.675232806965212 -72.803018437125303 316.21500000000009
decision_type=1 9 2 2 2 2 1 2 2 2 2 2 2 2
left_child=1 7 3 6 5 -2 8 12 -3 -4 -11 -12 -1 -6
right_child=4 2 9 -5 13 -7 -8 -9 -10 10 11 -13 -14 -15
leaf_value=1.0254842815761465 -0.23065798071227148 0.059276360022746881 -0.094622154754811394 0.26346793427099213 -0.41903970072620728 0.017214042216701843 0.12388281015391406 0.53726228355499428 -0.015506516399898107 -0.16576331806182287 -0.10657676526668212 -0.025089817426743901 1.9090125979475567 -0.55509204968218284
leaf_weight=45 69 46 44 47 46 40 71 40 41 50 43 52 40 51
leaf_count=45 69 46 44 47 46 40 71 40 41 50 43 52 40 51
internal_value=-0.00241379 0.00765595 0.000247525 0.0173171 -0.0268519 -0.0178899 0.0107595 0.0292593 0.000574713 -0.018254 -0.0224138 -0.0142105 0.0394118 -0.0396907
internal_weight=725 519 394 205 206 109 158 125 87 189 145 95 85 97
internal_count=725 519 394 205 206 109 158 125 87 189 145 95 85 97
cat_boundaries=0 1 2 3
cat_threshold=3 16 1
is_linear=0
shrinkage=0.05


Tree=25
num_leaves=14
num_cat=3
split_feature=45 46 52 12 12 11 32 15 56 34 35 37 38
split_gain=88.2373 34.8664 17.4656 26.2021 11.2273 10.9959 9.52754 6.60144 5.65153 4.83399 4.2898 5.3275 1.60504
threshold=0 1 2 33.980000000000011 62.405000000000008 124.42000000000002 0.59545251444944813 0.45012557164059824 113.49000000000001 0.013215253808235402 0.019635919194531403 249.31129251700671 -55.970936813166936
decision_type=1 1 9 2 2 2 2 2 2 2 2 2 2
left_child=1 5 7 6 8 -1 10 12 -2 -10 11 -4 -3
right_child=4 2 3 -5 -6 -7 -8 -9 9 -11 -12 -13 -14
leaf_value=0.029455628946454038 -0.31587636488584608 0.74594354806124752 -0.022836984374917258 -0.10931569253884343 -0.52733744719807374 -0.12806484787010747 0.18596678436244951 0.62646125784295781 -0.22909494404917963 -0.049852508754651838 0.11126247204592565 0.053851084405670102 1.9566918149414159
leaf_weight=44 49 44 47 48 73 75 67 42 40 45 54 50 43
leaf_count=44 49 44 47 48 73 75 67 42 40 45 54 50 43
internal_value=-0.000624133 0.0104962 0.0178481 0.0105263 -0.0274194 -0.0130252 0.0178899 0.0329457 -0.0201493 -0.0123529 0.0109272 0.00463918 0.0408046
internal_weight=721 514 395 266 207 119 218 129 134 85 151 97 87
internal_count=721 514 395 266 207 119 218 129 134 85 151 97 87
cat_boundaries=0 1 2 3
cat_threshold=3 2 2
is_linear=0
shrinkage=0.05


Tree=26
num_leaves=14
num_cat=3
split_feature=46 52 45 15 41 43 53 35 34 22 15 30 39
split_gain=78.2089 25.9396 19.997 8.22857 7.89318 11.278 7.81728 8.8307 7.31588 6.63589 5.79812 4.2441 2.3439
threshold=0 1 2 0.45012557164059824 0.99792054523811824 0.046640204139495302 1.0000000180025095e-35 0.0086126753713231027 0.052855739276456107 9915.0000000000018 0.16082299967086477 -84.419999999999604 -72.60380400794989
decision_type=1 9 1 2 2 2 2 2 2 2 2 2 2
left_child=6 3 4 12 10 -6 7 -1 -8 -4 -3 -12 -2
right_child=1 2 9 -5 5 -7 8 -9 -10 -11 11 -13 -14
leaf_value=-0.10446113567316427 0.87637547675026828 0.091084949446518779 -0.11234041857957494 0.25985734580304615 0.040299993753937141 0.2238445769443107 -0.40888371709324434 0.0022444271437553455 -0.11241609642513098 -0.28385068345872533 -0.023798242942064098 0.058825314556164715 1.5713148410688753
leaf_weight=66 41 55 79 45 49 41 73 40 45 41 49 41 40
leaf_count=66 41 55 79 45 49 41 73 40 45 41 49 41 40
internal_value=-0.00148936 0.00987526 0.00295775 0.0293651 0.0112245 0.0233333 -0.0258929 -0.0160377 -0.0347458 -0.0130769 0.00448276 -0.00333333 0.0388889
internal_weight=705 481 355 126 235 90 224 106 118 120 145 90 81
internal_count=705 481 355 126 235 90 224 106 118 120 145 90 81
cat_boundaries=0 1 2 3
cat_threshold=2 2 2
is_linear=0
shrinkage=0.05


Tree=27
num_leaves=14
num_cat=3
split_feature=45 52 12 12 15 43 20 22 46 9 14 12 38
split_gain=71.8627 30.1067 34.1414 11.5819 8.20155 8.07264 14.0072 7.66259 6.70119 6.01982 5.08322 3.46937 2.01901
threshold=0 1 29.020000000000003 63.110000000000007 0.45012557164059824 0.040969662602778505 10375.000000000002 9915.0000000000018 2 260.01000000000005 122.74999999999997 21.355000000000004 -55.970936813166936
decision_type=1 9 2 2 2 2 2 2 1 2 2 2 2
left_child=1 4 8 7 12 -4 9 -2 11 -7 -10 -3 -1
right_child=3 2 5 -5 -6 6 -8 -9 10 -11 -12 -13 -14
leaf_value=0.68659097616342213 -0.092495439657560755 0.095801218168710955 -0.12577765536061777 -0.47263682920902217 0.48824872106133688 -0.036030811540286665 -0.16584608537994161 -0.20710697180249033 0.1330505870651936 0.042688974556689678 0.16547621629711148 -0.0079506408713544193 1.7408252044255974
leaf_weight=45 77 44 59 63 43 46 40 70 53 40 45 51 41
leaf_count=45 77 44 59 63 43 46 40 70 53 40 45 51 41
internal_value=-0.000627615 0.00957447 0.0026455 -0.0245455 0.0306202 -0.0127027 -0.00555556 -0.0180272 0.0173575 0.00581395 0.0265306 0.00789474 0.0395349
internal_weight=717 507 378 210 129 185 126 147 193 86 98 95 86
internal_count=717 507 378 210 129 185 126 147 193 86 98 95 86
cat_boundaries=0 1 2 3
cat_threshold=3 2 1
is_linear=0
shrinkage=0.05


Tree=28
num_leaves=15
num_cat=3
split_feature=52 12 41 29 42 9 50 15 13 21 12 9 46 39
split_gain=66.0183 62.5866 11.0365 8.9472 7.38462 9.13846 6.85775 6.69515 6.23854 5.42067 5.04568 8.19405 2.57144 2.5347
threshold=0 35.205000000000005 0.96692836194822795 -94.005000000000109 0.12403335788709056 208.54500000000004 1 0.45012557164059824 148.42000000000004 424.99999999999983 58.125000000000007 279.50000000000006 2 -75.958530990845233
decision_type=9 2 2 2 2 2 1 2 2 2 2 2 1 2
left_child=7 2 4 -3 -2 -6 12 13 9 -4 11 -8 -5 -1
right_child=1 3 8 6 5 -7 10 -9 -10 -11 -12 -13 -14 -15
leaf_value=0.67185877963520235 0.084235319561620836 -0.30486885953634729 0.074919450541347563 -0.28292586534884112 -0.088801300578181988 0.0069208500487574209 -0.14248521752509832 0.34314416373404849 0.022137068702157037 0.23288889448298647 -0.36883160565736584 0.022175471817122629 -0.11096646284710161 2.1363927708745343
leaf_weight=44 52 53 42 65 44 60 43 42 41 46 40 50 47 50
leaf_count=44 52 53 42 65 44 60 43 42 41 46 40 50 47 50
internal_value=-0.000486787 -0.00780446 0.00894737 -0.0238255 0 -0.00769231 -0.0197959 0.0308824 0.0197674 0.0272727 -0.00944056 -0.00376344 -0.0286885 0.0382979
internal_weight=719 583 285 298 156 104 245 136 129 88 133 93 112 94
internal_count=719 583 285 298 156 104 245 136 129 88 133 93 112 94
cat_boundaries=0 1 2 3
cat_threshold=2 52758 2
is_linear=0
shrinkage=0.05


Tree=29
num_leaves=13
num_cat=3
split_feature=45 52 12 22 10 12 46 21 33 4 24 20
split_gain=64.7992 33.1361 32.1144 10.8469 8.50029 7.46746 5.52339 5.32138 4.95453 7.40513 3.95977 2.18788
threshold=0 1 29.020000000000003 9915.0000000000018 10354.835000000001 61.685000000000009 2 335.00000000000006 0.60750948163951823 0.67543859649122817 1109.9999999999998 10105.000000000002
decision_type=1 9 2 2 2 2 1 2 2 2 2 2
left_child=1 7 4 5 6 -2 -3 -1 -4 -10 -9 -5
right_child=3 2 8 11 -6 -7 -8 10 9 -11 -12 -13
leaf_value=0.35192566707008482 -0.051167398342069341 0.0057858699355503255 -0.12868183463891053 -0.16071945824904629 0.17375550918875571 -0.32632134627423143 0.10502495780581525 1.3634175463471798 0.0017488730497229545 -0.088046599653028412 0.77709811702507392 -0.43114390574222239
leaf_weight=43 72 79 55 40 45 40 67 50 78 52 45 48
leaf_count=43 72 79 55 40 45 40 67 50 78 52 45 48
internal_value=-0.000840336 0.00858779 0.00106383 -0.0242857 0.015445 -0.0151786 0.00958904 0.0297101 -0.0137838 -0.00846154 0.0363158 -0.0386364
internal_weight=714 514 376 200 191 112 146 138 185 130 95 88
internal_count=714 514 376 200 191 112 146 138 185 130 95 88
cat_boundaries=0 1 2 3
cat_threshold=3 2 1
is_linear=0
shrinkage=0.05


Tree=30
num_leaves=16
num_cat=2
split_feature=46 52 12 41 12 35 11 11 18 29 37 56 21 38 11
split_gain=62.1589 28.9225 23.8492 12.2764 12.0221 14.6262 9.7663 10.8663 7.13499 6.06061 5.84382 4.5873 5.7619 2.90909 1.65648
threshold=0 1 47.57500000000001 0.96692836194822795 63.110000000000007 0.018690349027909451 172.42500000000004 116.38000000000001 110.00000000000024 9.8000000000001837 293.04893424036351 176.93000000000004 404.99999999999983 -35.258349974753138 166.95500000000001
decision_type=1 9 2 2 2 2 2 2 2 2 2 2 2 2 2
left_child=4 11 3 6 5 10 7 -3 -4 -5 14 12 -2 -11 -1
right_child=1 2 8 9 -6 -7 -8 -9 -10 13 -12 -13 -14 -15 -16
leaf_value=-0.13194843000290729 0.20534954948517969 -0.034858150540949227 -0.23298930029950418 0.0082416405799608187 -0.41562031059069615 0.0076368872847877968 -0.059863429861219376 0.10676476988481808 -0.18932184850288342 0.11065348116519398 -0.03742303207724449 1.6864582702375757 1.2596741571211696 0.23326501641808878 -0.1238640146622963
leaf_weight=47 42 47 46 44 51 52 40 44 41 44 43 42 42 44 41
leaf_count=47 42 47 46 44 51 52 40 44 41 44 43 42 42 44 41
internal_value=-0.0015493 0.00882353 0.00142857 0.00893536 -0.0226496 -0.0166667 -0.0019084 0.00714286 -0.0212644 0.019697 -0.0255725 0.0293651 0.022619 0.0272727 -0.0329545
internal_weight=710 476 350 263 234 183 131 91 87 132 131 126 84 88 88
internal_count=710 476 350 263 234 183 131 91 87 132 131 126 84 88 88
cat_boundaries=0 1 2
cat_threshold=2 2
is_linear=0
shrinkage=0.05


Tree=31
num_leaves=13
num_cat=3
split_feature=45 52 12 12 46 22 29 42 13 43 38 29
split_gain=62.193 30.1651 26.5144 9.35295 8.37371 7.92674 7.45336 7.03977 5.40312 5.44877 5.39431 4.20733
threshold=0 1 29.020000000000003 64.065000000000012 2 9915.0000000000018 9.8000000000001837 0.8142375945389797 141.33500000000001 0.050466313556849003 -37.965900890213511 6.6799999999996098
decision_type=1 9 2 2 1 2 2 2 2 2 2 2
left_child=1 7 4 5 6 -2 -3 -1 9 10 -4 -6
right_child=3 2 8 -5 11 -7 -8 -9 -10 -11 -12 -13
leaf_value=0.84815923186315034 -0.070450699145001225 -0.017233697563082861 -0.095940179694028419 -0.42251233508140196 0.047803604071624907 -0.16798750233566323 0.10147391439030747 0.52451946509731451 -0.15199413166172607 0.0061761444347045117 -0.011590483071593872 0.20446721554994782
leaf_weight=66 75 51 52 54 56 76 48 58 43 54 40 41
leaf_count=66 75 51 52 54 56 76 48 58 43 54 40 41
internal_value=-0.00280112 0.0066474 -0.00012987 -0.0253488 0.0127551 -0.0201987 0.00252525 0.0282258 -0.0134921 -0.00890411 -0.0163043 0.0231959
internal_weight=714 509 385 205 196 151 99 124 189 146 92 97
internal_count=714 509 385 205 196 151 99 124 189 146 92 97
cat_boundaries=0 1 2 3
cat_threshold=3 2 1
is_linear=0
shrinkage=0.05


Tree=32
num_leaves=14
num_cat=3
split_feature=45 52 11 50 11 22 43 59 9 22 43 44 20
split_gain=62.3898 20.4832 14.6109 16.6814 11.5689 10.0856 9.14808 8.21031 8.18713 7.45938 7.65758 7.35614 2.95529
threshold=0 1 69.450000000000003 2 173.69500000000002 9915.0000000000018 0.049342827768466609 10034.095000000003 279.84500000000008 5455.0000000000009 0.045705535826412708 0.012668314706778202 10105.000000000002
decision_type=1 9 2 1 2 2 2 2 2 2 2 2 2
left_child=1 9 -3 6 7 8 -4 11 -2 -1 -11 -5 -7
right_child=5 2 3 4 -6 12 -8 -9 -10 10 -12 -13 -14
leaf_value=2.0751062324866965 -0.24340557126284532 0.20932219209472358 -0.10156335608237353 -0.04425024524198902 -0.035923130652114658 -0.13040664212897629 -1.6053175476660187e-05 0.090390363070790458 -0.06577571079077478 0.065272511595811447 0.85210338392968132 0.093032475212274701 -0.37109647555734554
leaf_weight=41 42 46 66 55 69 41 40 41 72 44 40 61 51
leaf_count=41 42 46 66 55 69 41 40 41 72 44 40 61 51
internal_value=-0.00204513 0.00750487 0.00185185 -0.00180723 0.0059322 -0.024537 -0.0172414 0.0136943 -0.0157895 0.0252 0.0166667 0.00689655 -0.0380435
internal_weight=709 503 378 332 226 206 106 157 114 125 84 116 92
internal_count=709 503 378 332 226 206 106 157 114 125 84 116 92
cat_boundaries=0 1 2 3
cat_threshold=3 2 3936
is_linear=0
shrinkage=0.05


Tree=33
num_leaves=14
num_cat=2
split_feature=45 46 12 9 18 11 12 28 11 30 30 43 34
split_gain=42.6619 17.2165 12.0074 13.6575 10.4079 14.7818 9.96379 8.8804 6.40146 10.4818 6.03827 5.19579 3.90961
threshold=0 1 62.405000000000008 288.33000000000004 570.00000000000023 173.58500000000001 35.205000000000005 -120.73 129.08000000000004 -266.72500000000031 -263.48999999999972 0.049342827768466609 0.098706140850202753
decision_type=1 1 2 2 2 2 2 2 2 2 2 2 2
left_child=1 6 3 10 5 8 -1 -7 9 -3 -2 -10 -11
right_child=2 4 -4 -5 -6 7 -8 -9 11 12 -12 -13 -14
leaf_value=0.029948152641600157 -0.25313158714917616 0.20807749338907128 -0.37182842744723016 0.033831180149439533 1.9150318815123364 0.020699682338307036 -0.13310687435889684 -0.14916632584534831 0.13921203662975909 -0.030756712120132937 -0.10075571362107266 0.17186723098743403 0.028293754995796807
leaf_weight=45 45 42 68 45 41 42 69 44 54 47 43 71 59
leaf_count=45 45 42 68 45 41 42 69 44 54 47 43 71 59
internal_value=-0.00118881 0.00648855 -0.0201422 -0.012406 0.0115 0.00877437 -0.0105263 -0.00930233 0.0144689 0.00743243 -0.0238636 0.0228 -0.000943396
internal_weight=715 514 201 133 400 359 114 86 273 148 88 125 106
internal_count=715 514 201 133 400 359 114 86 273 148 88 125 106
cat_boundaries=0 1 2
cat_threshold=3 2
is_linear=0
shrinkage=0.05


Tree=34
num_leaves=14
num_cat=3
split_feature=45 52 12 12 22 46 15 38 29 43 24 8 29
split_gain=40.0944 17.7397 16.7783 9.57742 9.51998 7.68085 7.56755 5.41339 4.61497 4.43734 5.3079 5.27143 3.37191
threshold=0 1 28.500000000000004 64.065000000000012 9915.0000000000018 2 0.45012557164059824 -58.486549043699341 9.8000000000001837 0.03990897764202616 1015.0000000000001 9756.2300000000014 6.6799999999996098
decision_type=1 9 2 2 2 1 2 2 2 2 2 2 2
left_child=1 6 5 4 -2 8 7 -1 -3 -4 11 -11 -7
right_child=3 2 9 -5 -6 12 -8 -9 -10 10 -12 -13 -14
leaf_value=0.40264141564361539 -0.016249406850020076 -0.018952235733159229 -0.062549673784956017 -0.35323700607486874 -0.14257312852414536 0.06795491311328794 0.30152752917367365 1.5294603383206669 0.073697795098958602 0.043911376462254292 -0.052302695815077453 -0.054039039052988437 0.19679082478447896
leaf_weight=47 76 54 60 52 66 49 42 49 40 42 53 41 45
leaf_count=47 76 54 60 52 66 49 42 49 40 42 53 41 45
internal_value=-0.00027933 0.00695489 0.0015625 -0.0191176 -0.0133803 0.012234 0.0224638 0.0302083 0.00212766 -0.00867347 -0.00367647 0.00421687 0.0223404
internal_weight=716 522 384 194 142 188 138 96 94 196 136 83 94
internal_count=716 522 384 194 142 188 138 96 94 196 136 83 94
cat_boundaries=0 1 2 3
cat_threshold=3 2 1
is_linear=0
shrinkage=0.05


Tree=35
num_leaves=14
num_cat=1
split_feature=52 12 12 32 43 56 7 22 33 37 9 31 43
split_gain=54.1368 47.1114 8.94485 9.91842 8.03308 4.88816 4.48447 4.97986 6.99345 4.27886 4.91556 6.18595 2.33333
threshold=0 28.500000000000004 46.685000000000009 0.36902867252042465 0.045705535826412708 169.65500000000003 11062.857142857143 9940.0000000000018 0.94293964206327507 56.871984126983996 207.83000000000001 0.8387321238808142 0.046395552195399405
decision_type=9 2 2 2 2 2 2 2 2 2 2 2 2
left_child=4 9 3 5 -1 12 -4 8 -8 -2 -11 -12 -3
right_child=1 2 6 -5 -6 -7 7 -9 -10 10 11 -13 -14
leaf_value=0.37110711782568195 0.090881701484443578 -0.11263885106544591 -0.32677875764700526 0.010659310876320173 1.038343438458148 -0.10990674021153951 -0.1713126979778842 -0.31291315619368859 -0.026887010074942985 -0.014615554082450632 0.10090856870500692 0.038820727688608753 -0.0023157647204220754
leaf_weight=64 42 42 46 58 70 47 51 55 55 56 40 52 42
leaf_count=64 42 42 46 58 70 47 51 55 55 56 40 52 42
internal_value=-0.00180556 -0.00836177 -0.0181818 -0.0103175 0.0268657 -0.0179389 -0.0253623 -0.0214286 -0.0150943 0.0121053 0.00810811 0.0152174 -0.0107143
internal_weight=720 586 396 189 134 131 207 161 106 190 148 92 84
internal_count=720 586 396 189 134 131 207 161 106 190 148 92 84
cat_boundaries=0 1
cat_threshold=2
is_linear=0
shrinkage=0.05


Tree=36
num_leaves=14
num_cat=2
split_feature=46 42 15 56 50 44 38 9 56 57 10 12 30
split_gain=31.606 14.8862 18.0093 12.123 11.7934 11.262 10.2866 11.5346 6.74801 4.41818 3.9828 3.54716 2.69199
threshold=0 0.016426638391197703 0.45512621253082275 183.21000000000001 1 0.016249058684541452 -53.255727810513214 228.45000000000002 185.18000000000004 127.02500000000002 10298.960000000001 47.305000000000007 -149.57499999999979
decision_type=1 2 2 2 1 2 2 2 2 2 2 2 2
left_child=5 -2 3 4 10 8 -6 -8 11 -9 -3 12 -1
right_child=1 2 -4 -5 6 -7 7 9 -10 -11 -12 -13 -14
leaf_value=-5.2404647383852426e-05 -0.094387262599967242 0.021059652340677151 -0.14237085672481498 0.38378865751426033 -0.0048609024188929432 0.0011197834622174163 0.35949029988971792 -0.0018204118065174857 -0.24106706316454876 0.13892333208737945 -0.029495172201675569 -0.1832950248476756 -0.076554648627165822
leaf_weight=40 54 52 66 51 66 56 66 48 44 40 55 55 41
leaf_count=40 54 52 66 51 66 56 66 48 44 40 55 55 41
internal_value=-0.0027248 0.00441767 0.00743243 0.0116402 0.00810398 -0.0177966 0.0143478 0.0220779 -0.0238889 0.0102273 -0.00555556 -0.0183824 -0.0117284
internal_weight=734 498 444 378 327 236 220 154 180 88 107 136 81
internal_count=734 498 444 378 327 236 220 154 180 88 107 136 81
cat_boundaries=0 1 2
cat_threshold=2 19576
is_linear=0
shrinkage=0.05


Tree=37
num_leaves=16
num_cat=3
split_feature=52 12 47 30 9 19 12 14 29 46 15 56 30 46 28
split_gain=31.8843 30.1666 16.6507 14.4393 12.5668 8.74576 7.65512 6.80851 8.68147 5.88672 5.32903 3.11176 2.4283 2.303 1.25
threshold=0 29.935000000000006 1.0000000180025095e-35 -277.98999999999882 316.21500000000009 5525.0000000000009 52.530000000000008 150.56500000000003 -5.8700000000003447 1 0.29302913675276937 87.575000000000017 -167.71000000000092 2 -94.014999999999858
decision_type=9 2 2 2 2 2 2 2 2 1 2 2 2 1 2
left_child=5 3 4 -2 7 -1 -7 8 10 11 -3 -5 -6 -10 -11
right_child=1 2 -4 9 12 6 -8 -9 13 14 -12 -13 -14 -15 -16
leaf_value=1.2323524400533434 0.22051807770768841 -0.057849989133492666 0.045551340506720453 0.0024918797005803795 -0.31788867238220819 1.0642506422179452 -0.056527856791712329 -0.22891642860888908 -0.019511864007292171 0.088957009991384298 -0.13741975244563118 -0.021765911132700655 -0.16675438205095522 0.027910561066193475 0.053061073159669549
leaf_weight=47 40 46 51 40 47 41 42 47 41 40 58 45 44 43 40
leaf_count=47 40 46 51 40 47 41 42 47 41 40 58 45 44 43 40
internal_value=-0.00238764 -0.00738832 -0.0157825 0.00804878 -0.0199387 0.02 0.010241 -0.0138298 -0.00957447 0.00151515 -0.0192308 -0.00764706 -0.0357143 0.00238095 0.01125
internal_weight=712 582 377 205 326 130 83 235 188 165 104 85 91 84 80
internal_count=712 582 377 205 326 130 83 235 188 165 104 85 91 84 80
cat_boundaries=0 1 2 3
cat_threshold=2 1 4
is_linear=0
shrinkage=0.05


Tree=38
num_leaves=13
num_cat=2
split_feature=53 15 52 11 50 57 28 12 32 9 29 15
split_gain=30.1107 13.9326 19.0932 13.6721 12.1093 7.75983 6.11217 5.50234 4.73683 4.60221 6.91911 4.35374
threshold=1.0000000180025095e-35 0.45512621253082275 0 175.25500000000002 1 156.96500000000003 -81.740000000000109 35.205000000000005 0.00018771798646795003 245.97500000000005 12.855000000000361 0.44438179948060802
decision_type=2 2 9 2 1 2 2 2 2 2 2 2
left_child=1 2 8 4 6 -5 -4 9 -1 10 -6 -2
right_child=11 -3 3 5 7 -7 -8 -9 -10 -11 -12 -13
leaf_value=0.15850580282896554 -0.31541783741694407 -0.1734607731029513 0.055907089643861686 -0.14811137066399782 -0.024654240079662739 0.0039731399313664541 0.13398397361726566 -0.083032757456511244 1.149639219401891 0.048305631174040631 0.10211395886780505 -0.045739590479398733
leaf_weight=45 56 67 63 60 74 43 45 59 61 43 40 49
leaf_count=45 56 67 63 60 74 43 45 59 61 43 40 49
internal_value=-0.00148936 0.00283333 0.00553471 0.000819672 0.0058642 -0.0150485 0.0186441 -0.00132743 0.0245283 0.00350318 -0.00175439 -0.0261905
internal_weight=705 600 533 427 324 103 108 216 106 157 114 105
internal_count=705 600 533 427 324 103 108 216 106 157 114 105
cat_boundaries=0 1 2
cat_threshold=2 241666
is_linear=0
shrinkage=0.05


Tree=39
num_leaves=14
num_cat=2
split_feature=52 11 15 50 14 19 9 13 33 13 15 32 38
split_gain=31.769 21.5954 14.2017 13.0414 10.454 10.1663 9.69055 6.62751 6.59929 6.81786 5.91247 4.64113 5.4796
threshold=0 184.61500000000004 0.41904306058509849 1 139.74000000000004 5525.0000000000009 186.72000000000006 123.09 0.53935364553946663 152.58000000000001 0.28700329165992838 0.45042504440868297 -39.121587110296367
decision_type=9 2 2 1 2 2 2 2 2 2 2 2 2
left_child=5 2 3 7 -4 -1 -7 -2 -5 11 -3 12 -10
right_child=1 10 4 8 -6 6 -8 -9 9 -11 -12 -13 -14
leaf_value=1.3936279467304136 0.0039056045221805393 -0.079223898878169774 -0.0072199411825604187 -0.054611500230743994 -0.19853682961643246 0.73140757458885375 -0.037306708170550353 0.082533478769242219 0.05235367975436836 -0.034484032530967823 -0.30522532257582607 0.089504035074614227 -0.04120837159748101
leaf_weight=42 40 50 57 65 73 41 45 61 52 40 51 55 40
leaf_count=42 40 50 57 65 73 41 45 61 52 40 51 55 40
internal_value=-0.00224719 -0.00719178 -0.00279503 0.00240793 -0.0169231 0.0203125 0.0104651 0.0166667 -0.00381679 0.000802139 -0.0282178 0.00578231 -0.00108696
internal_weight=712 584 483 353 130 128 86 101 252 187 101 147 92
internal_count=712 584 483 353 130 128 86 101 252 187 101 147 92
cat_boundaries=0 1 2
cat_threshold=2 168066
is_linear=0
shrinkage=0.05


Tree=40
num_leaves=14
num_cat=1
split_feature=52 12 43 43 30 10 9 9 28 30 12 37 12
split_gain=23.2104 23.7517 11.9639 11.5209 9.85788 7.84168 10.8164 7.41766 5.63703 8.64594 4.45714 4.33513 3.98593
threshold=0 29.290000000000003 0.045705535826412708 0.040402608449106862 -279.95999999999907 10423.685000000003 275.61000000000007 311.55000000000007 -91.479999999999947 -10.120000000000344 47.57500000000001 126.79744897959223 51.210000000000008
decision_type=9 2 2 2 2 2 2 2 2 2 2 2 2
left_child=2 4 -1 11 -2 6 10 -8 -6 -10 -5 -3 -13
right_child=1 3 -4 5 8 -7 7 -9 9 -11 -12 12 -14
leaf_value=0.057762338058051199 0.20736048333030094 -0.16236913463667088 0.99286310454497273 -0.021361050606202081 0.048620924626875797 -0.18810181908436002 0.059433518748948269 -0.072261537133140943 -0.02198370065534784 0.080912478643070648 -0.13495095758878498 -0.018118816973374943 -0.26176464230822649
leaf_weight=62 40 43 67 60 77 40 50 57 50 41 52 43 44
leaf_count=62 40 43 67 60 77 40 50 57 50 41 52 43 44
internal_value=-0.00179063 -0.0059464 0.0174419 -0.0132391 0.00769231 -0.00714286 -0.00342466 0.00794393 0.00238095 -0.00604396 -0.0142857 -0.0253846 -0.0189655
internal_weight=726 597 129 389 208 259 219 107 168 91 112 130 87
internal_count=726 597 129 389 208 259 219 107 168 91 112 130 87
cat_boundaries=0 1
cat_threshold=2
is_linear=0
shrinkage=0.05


Tree=41
num_leaves=14
num_cat=0
split_feature=9 18 9 24 30 9 30 32 58 38 12 56 13
split_gain=18.3926 18.6774 13.9247 9.72616 7.79441 11.5646 10.142 6.77195 8.46082 6.67794 5.20795 4.67678 3.87516
threshold=319.54500000000002 464.9999999999996 177.94500000000002 565.00000000000011 -161.40999999999983 275.61000000000007 54.004999999999889 0.64783088313677395 6430.6150000000007 -37.699588203674544 51.88000000000001 93.725000000000009 138.96500000000003
decision_type=2 2 2 2 2 2 2 2 2 2 2 2 2
left_child=1 2 -1 11 9 6 -6 8 -3 -5 -2 -4 -11
right_child=10 7 3 4 5 -7 -8 -9 -10 12 -12 -13 -14
leaf_value=0.17971053118765801 -0.05479747150787944 0.26127887041398756 -0.012046588548179572 -0.11981314287891527 -0.097614708394352476 0.046831958151612167 0.024412679407773821 0.23173730107071436 -0.010830879449429754 -0.0022921082181863285 -0.31150743382700469 0.045067254252983371 -0.13845505280981882
leaf_weight=69 53 49 41 56 58 45 62 41 46 51 60 46 45
leaf_count=69 53 49 41 56 58 45 62 41 46 51 60 46 45
internal_value=-0.00138504 0.00205255 -0.00264271 -0.00618812 -0.0102524 -0.00272727 -0.0108333 0.0183824 0.0110526 -0.0184211 -0.0199115 0.00862069 -0.0104167
internal_weight=722 609 473 404 317 165 120 136 95 152 113 87 96
internal_count=722 609 473 404 317 165 120 136 95 152 113 87 96
is_linear=0
shrinkage=0.05


Tree=42
num_leaves=14
num_cat=2
split_feature=45 50 11 11 20 23 61 43 43 30 14 30 43
split_gain=19.1849 14.4535 9.55401 8.02213 10.81 8.63507 6.7681 6.01158 5.55582 5.43255 5.27625 3.38205 2.22365
threshold=0 1 154.08000000000001 157.83500000000001 10435.000000000002 5005.0000000000009 10370.365000000002 0.050466313556849003 0.057555996597675053 -113.21000000000002 149.97499999999999 124.88999999999989 0.035156803763821902
decision_type=1 1 2 2 2 2 2 2 2 2 2 2 2
left_child=1 6 10 4 9 -5 -1 12 -4 -3 -2 -11 -7
right_child=2 3 8 5 -6 7 -8 -9 -10 11 -12 -13 -14
leaf_value=-0.0045023031998788548 0.0082757966648753008 -0.0052421405766345242 -0.31502859576386832 0.22015043601717865 0.28362366497110697 -0.0097990856616295488 -0.041850517977111604 0.051036363240164029 -0.07922121336128668 0.14536489537350225 -0.12233513982528557 0.0732128525695388 -0.10078815919547504
leaf_weight=76 66 66 53 49 46 41 44 47 46 44 41 45 52
leaf_count=76 66 66 53 49 46 41 44 47 46 44 41 45 52
internal_value=-0.00139665 0.00384615 -0.0138889 0.0085 0.0156716 0.00132275 -0.0107692 -0.005 -0.0257576 0.00935484 -0.00420561 0.0174157 -0.0123656
internal_weight=716 510 206 390 201 189 120 140 99 155 107 89 93
internal_count=716 510 206 390 201 189 120 140 99 155 107 89 93
cat_boundaries=0 1 2
cat_threshold=3 3368
is_linear=0
shrinkage=0.05


Tree=43
num_leaves=13
num_cat=0
split_feature=9 29 14 15 58 11 38 12 13 14 14 22
split_gain=25.2992 15.5725 14.6522 13.9295 9.83016 13.214 7.50766 6.67709 6.65722 6.24815 6.20772 2.57428
threshold=314.98500000000007 11.154999999999747 140.24500000000003 0.24662476000441982 5775.6950000000006 92.620000000000019 -55.970936813166936 52.930000000000007 135.12500000000003 48.025000000000013 98.190000000000012 9925.0000000000018
decision_type=2 2 2 2 2 2 2 2 2 2 2 2
left_child=1 4 3 -3 8 -6 -5 9 -1 -7 -2 -8
right_child=10 2 -4 6 5 7 11 -9 -10 -11 -12 -13
leaf_value=0.13470832391057344 -0.020818102453510789 -0.015199688418739919 -0.048250839331193701 0.069552209941061885 -0.04016092776380642 -0.048632540012902584 0.31554008365115838 -0.10970176851730323 -0.027896918473260968 0.028366653538947829 -0.21858417501319247 0.31905742700624579
leaf_weight=51 51 52 77 47 46 49 61 47 53 64 71 43
leaf_count=51 51 52 77 47 46 49 61 47 53 64 71 43
internal_value=-0.00140449 0.00288136 0.0114286 0.0184729 -0.00483871 -0.011165 0.0261589 -0.004375 0.00769231 0.00221239 -0.0221311 0.0336538
internal_weight=712 590 280 203 310 206 151 160 104 113 122 104
internal_count=712 590 280 203 310 206 151 160 104 113 122 104
is_linear=0
shrinkage=0.05


Tree=44
num_leaves=14
num_cat=0
split_feature=9 18 9 9 24 29 15 35 43 56 32 30 33
split_gain=24.8496 16.7871 14.8618 9.45624 8.04239 6.78034 6.54178 5.80579 8.55501 5.36904 4.45747 3.8191 3.44797
threshold=317.65500000000003 445.00000000000006 179.10000000000005 293.63000000000005 565.00000000000011 10.629999999999997 0.22801796395667523 0.13960953905365997 0.045847299364830653 95.100000000000009 0.46853830649250877 -228.11999999999986 0.80189711599187763
decision_type=2 2 2 2 2 2 2 2 2 2 2 2 2
left_child=1 2 -1 4 9 -3 -2 8 11 -4 -7 -6 -10
right_child=6 5 3 -5 7 10 -8 -9 12 -11 -12 -13 -14
leaf_value=0.13357607625519249 -0.019777197330835251 0.0085609063715574862 -0.017530311690315849 0.049946314889856104 -0.21422467943695198 0.28568536969967367 -0.26251442843642886 -0.10421668009143802 -0.034447155544547137 0.12354775882974828 0.22170450698583119 -0.034625248861262219 0.017318985406813536
leaf_weight=74 45 49 42 40 55 50 68 71 41 41 42 57 42
leaf_count=74 45 49 42 40 55 50 68 71 41 41 42 57 42
internal_value=-0.00104603 0.00298013 -0.00161987 -0.00552699 -0.00816619 0.0180851 -0.0225664 -0.012406 -0.00794872 0.00542169 0.026087 -0.0169643 0.00421687
internal_weight=717 604 463 389 349 141 113 266 195 83 92 112 83
internal_count=717 604 463 389 349 141 113 266 195 83 92 112 83
is_linear=0
shrinkage=0.05


Tree=45
num_leaves=13
num_cat=2
split_feature=46 42 18 28 29 11 40 50 37 25 14 37
split_gain=14.6686 10.0794 11.0715 9.78407 10.4668 12.1293 11.8559 8.42258 9.13232 5.27512 4.57255 3.82275
threshold=0 0.004182369373071401 39.99999999999978 -128.59999999999988 9.8000000000001837 172.42500000000004 0.48999599839935976 1 226.81109977324198 345.00000000000006 122.93500000000002 190.71836734693809
decision_type=1 2 2 2 2 2 2 1 2 2 2 2
left_child=7 -2 -3 9 -5 6 11 10 -9 -4 -1 -6
right_child=1 2 3 4 5 -7 -8 8 -10 -11 -12 -13
leaf_value=0.02137949796119365 -0.083868765393101619 -0.037589244442784865 0.39691918258431053 -0.021424424578146129 0.26378853339138458 -0.074068871718197649 -0.043696671205396956 -0.14498193788141764 -0.0564806018788655 0.04762222231435214 -0.041678458016392028 0.099390604020430082
leaf_weight=51 40 79 40 58 60 55 49 49 75 55 55 47
leaf_count=51 40 79 40 58 60 55 49 49 75 55 55 47
internal_value=-0.000911641 0.00403727 0.00620767 0.00989011 0.00501859 0.0101896 0.0173077 -0.0113043 -0.019403 0.0236842 0 0.0266355
internal_weight=713 483 443 364 269 211 156 230 124 95 106 107
internal_count=713 483 443 364 269 211 156 230 124 95 106 107
cat_boundaries=0 1 2
cat_threshold=2 94448
is_linear=0
shrinkage=0.05


Tree=46
num_leaves=13
num_cat=1
split_feature=45 13 12 9 43 56 15 15 57 43 36 9
split_gain=19.5458 13.684 9.53817 13.1339 8.63832 9.58782 7.07728 10.0179 9.57274 7.16464 5.95553 1.80934
threshold=0 153.05000000000004 62.405000000000008 288.33000000000004 0.029941288291437006 181.49500000000003 0.32100279583456254 0.25218533440930552 166.09 0.048057839523674456 0.45042504440868297 265.38500000000005
decision_type=1 2 2 2 2 2 2 2 2 2 2 2
left_child=1 4 3 11 -1 6 7 8 9 -6 -9 -2
right_child=2 -3 -4 -5 5 -7 -8 10 -10 -11 -12 -13
leaf_value=-0.026030920227930035 -0.13291239449603368 -0.043504656460435956 -0.25753327677687371 0.064163837153011369 -0.062798613775592399 0.44970549463051629 -0.044387195304609328 0.10950566515439118 0.040951054941930215 0.029412376589994873 0.18140593288529183 -0.03930039440340316
leaf_weight=68 47 57 68 46 41 61 64 67 52 51 44 40
leaf_count=68 47 57 68 46 41 61 64 67 52 51 44 40
internal_value=-0.000708215 0.00456311 -0.0135071 -0.00639098 0.00758929 0.0105263 0.00705329 0.0107843 0.00208333 -0.0076087 0.0220721 -0.0178161
internal_weight=706 505 201 133 448 380 319 255 144 92 111 87
internal_count=706 505 201 133 448 380 319 255 144 92 111 87
cat_boundaries=0 1
cat_threshold=3
is_linear=0
shrinkage=0.05


Tree=47
num_leaves=14
num_cat=1
split_feature=2 12 12 15 47 30 35 37 12 37 58 11 41
split_gain=20.7086 17.1034 9.49308 7.76853 7.02801 6.30154 6.07373 5.3008 4.9241 4.1179 4.78618 3.64243 3.63788
threshold=0 28.500000000000004 66.035000000000011 0.43374076984348203 1.0000000180025095e-35 -266.72500000000031 0.017704067111960351 16.868582766440344 36.300000000000004 280.59035147392336 9809.9850000000024 88.660000000000011 0.71430489423725652
decision_type=9 2 2 2 2 2 2 2 2 2 2 2 2
left_child=3 5 4 12 7 -2 11 -3 -9 10 -10 -7 -1
right_child=1 2 -4 -5 -6 6 -8 8 9 -11 -12 -13 -14
leaf_value=0.36857390438226112 0.09511064757442704 -0.16775637433034218 -0.21228460475418079 0.047627745329734773 0.045750944799151053 -0.023631755242404573 0.093335432452226919 -0.025469644793348678 0.068059278968718662 -0.066028763588091094 -0.046061840073778719 0.015768941831474859 0.91862134426054731
leaf_weight=40 45 62 46 42 45 55 48 65 42 75 40 47 48
leaf_count=40 45 62 46 42 45 55 48 65 42 75 40 47 48
internal_value=-0.000857143 -0.005 -0.0113333 0.0164286 -0.00835866 0.00692308 0.002 -0.0112676 -0.00765766 -0.00286624 0.00487805 -0.00490196 0.0261364
internal_weight=700 570 375 130 329 195 150 284 222 157 82 102 88
internal_count=700 570 375 130 329 195 150 284 222 157 82 102 88
cat_boundaries=0 1
cat_threshold=16
is_linear=0
shrinkage=0.05


Tree=48
num_leaves=13
num_cat=1
split_feature=9 17 30 14 50 12 9 31 22 30 56 35
split_gain=16.1099 15.8609 8.56233 10.4564 7.77777 6.40701 5.17712 4.73098 5.54067 5.03353 6.36961 3.85467
threshold=314.98500000000007 10525.000000000002 200.0300000000002 150.56500000000003 0 51.88000000000001 210.95000000000002 0.13841604377435049 6965.0000000000009 -153.47499999999988 118.31000000000002 1.3976412139817188e-05
decision_type=2 2 2 2 1 2 2 2 2 2 2 2
left_child=1 2 3 4 11 -2 -3 8 -6 10 -9 -1
right_child=5 6 -4 -5 7 -7 -8 9 -10 -11 -12 -13
leaf_value=-0.026907122919077965 -0.012795064462786067 0.29789300702046939 0.17998178412193228 -0.14521743627553771 0.023274986137883813 -0.29045315028251295 0.020653180025416752 -0.01558457448808408 -0.065415816121959833 0.13316724744802352 0.024807186808272388 -0.055526274189062891
leaf_weight=42 59 45 71 65 41 62 40 63 63 54 49 64
leaf_count=42 59 45 71 65 41 62 40 63 63 54 49 64
internal_value=-0.00278552 0.000586265 -0.00273438 -0.0053288 -0.00212766 -0.0194215 0.0205882 0.0025 -0.00576923 0.00783133 0.00178571 -0.012931
internal_weight=718 597 512 441 376 121 85 270 104 166 112 106
internal_count=718 597 512 441 376 121 85 270 104 166 112 106
cat_boundaries=0 1
cat_threshold=132200
is_linear=0
shrinkage=0.05


Tree=49
num_leaves=14
num_cat=3
split_feature=52 12 46 12 50 37 56 13 44 9 56 16 30
split_gain=16.7276 19.2148 10.3993 7.66308 7.61805 7.36568 7.11136 5.66578 5.12678 4.65089 4.20489 3.87891 4.25606
threshold=0 29.935000000000006 1 62.405000000000008 2 56.714410430839969 174.18500000000003 22.639999999999997 0.012448194251211952 287.39500000000004 97.115000000000023 10035.000000000002 -158.83999999999955
decision_type=9 2 1 2 1 2 2 2 2 2 2 2 2
left_child=6 2 8 4 9 -6 7 -1 -2 -3 -4 12 -7
right_child=1 3 10 -5 5 11 -8 -9 -10 -11 -12 -13 -14
leaf_value=0.28299835666944589 -0.028802849768028983 -0.021910947750605647 0.022126255619814364 -0.23629497782732686 -0.14075742977815295 -0.11038108658523577 0.91488930968213689 -0.13279798196150275 0.032693423329926578 0.047249700020145016 0.08161341642466112 -0.00055013724194186153 -0.021094213667856111
leaf_weight=43 57 56 52 68 43 48 51 41 49 45 50 63 40
leaf_count=43 57 56 52 68 43 48 51 41 49 45 50 63 40
internal_value=-0.00212465 -0.0058669 0.00625 -0.0128099 -0.00932203 -0.0147059 0.0137037 0.0047619 -0.00471698 0.00225225 0.0176471 -0.0102649 -0.0170455
internal_weight=706 571 208 363 295 194 135 84 106 101 102 151 88
internal_count=706 571 208 363 295 194 135 84 106 101 102 151 88
cat_boundaries=0 1 2 3
cat_threshold=2 1 217352
is_linear=0
shrinkage=0.05


Tree=50
num_leaves=14
num_cat=2
split_feature=52 12 15 47 30 37 11 11 56 11 46 8 21
split_gain=19.4544 15.7897 8.07668 6.57557 6.47833 6.31003 6.05116 8.25973 4.51683 4.51447 4.49973 5.23261 4.00845
threshold=0 29.635000000000002 0.40760674034689109 1.0000000180025095e-35 -272.19499999999965 14.346099773242715 137.27500000000003 164.33000000000004 166.09 105.86000000000001 1 6430.6150000000007 409.99999999999983
decision_type=9 2 2 2 2 2 2 2 2 2 1 2 2
left_child=2 4 12 5 -2 -3 9 -8 -9 -7 11 -6 -1
right_child=1 3 -4 -5 10 6 7 8 -10 -11 -12 -13 -14
leaf_value=0.21456253267861758 0.095452517785219293 -0.19953889179927187 -0.034174435267454763 0.0098373546105336562 0.01169524225179437 -0.077220132135630684 -0.099047279369404079 -0.086153950810175683 -0.003008036902057221 0.019906398185465513 0.058165035104286701 -0.024157517554186572 1.4303552640525241
leaf_weight=44 43 66 44 56 41 52 40 53 60 60 74 50 41
leaf_count=44 43 66 44 56 41 52 40 53 60 60 74 50 41
internal_value=-0.00248619 -0.00630252 0.0151163 -0.0122739 0.00480769 -0.0149547 -0.0115094 -0.0179739 -0.0110619 -0.00267857 0.00030303 -0.00714286 0.0241176
internal_weight=724 595 129 387 208 331 265 153 113 112 165 91 85
internal_count=724 595 129 387 208 331 265 153 113 112 165 91 85
cat_boundaries=0 1 2
cat_threshold=2 1
is_linear=0
shrinkage=0.05


end of trees

feature_importances:
base_ovl=73
base_cons=47
base_pre=42
base_ovl_ratio=39
voicing_class=36
onset_class=29
bridge_type=29
base_pre_to_expected_ms=23
base_cutoff_to_next_anchor_ms=22
zcr_mean=22
energy_max=15
prev_base_pre=15
base_cut_gap=14
curr_phone_len_ms=14
valley_dist_from_cutoff_ms=13
syllable_start_ms=12
base_cutoff_abs=11
curr_vowel_len_ms=11
syllable_len_ms=11
db_mean=11
base_cons_gap=10
base_offset_to_expected_ms=10
energy_min=9
energy_slope_post=9
f0_voicing_near_pre=9
vowel_class=9
energy_mean=8
energy_slope_pre=7
db_min=7
f0_voicing_mean=7
spectral_flux_mean=7
next_base_pre=6
alias_type=5
row_ratio_in_wav=5
prev_base_offset=5
base_offset=4
curr_vowel_end_ms=4
next_base_offset=4
row_index_in_wav=3
curr_phone_end_ms=3
curr_vowel_start_ms=3
valley_energy=3
is_tense=3
next_base_cutoff_abs=3
wav_duration_ms=2
curr_phone_start_ms=2
syllable_end_ms=2
db_silence_ratio=2
is_nasal_or_sonorant=2
prev_phone_gap_ms=1
prev_base_cutoff_abs=1

parameters:
[boosting: gbdt]
[objective: regression_l1]
[metric: l1]
[tree_learner: serial]
[device_type: cpu]
[data_sample_strategy: bagging]
[data: ]
[valid: ]
[num_iterations: 500]
[learning_rate: 0.05]
[num_leaves: 31]
[num_threads: 0]
[seed: 0]
[deterministic: 0]
[force_col_wise: 0]
[force_row_wise: 0]
[histogram_pool_size: -1]
[max_depth: -1]
[min_data_in_leaf: 40]
[min_sum_hessian_in_leaf: 0.001]
[bagging_fraction: 0.85]
[pos_bagging_fraction: 1]
[neg_bagging_fraction: 1]
[bagging_freq: 1]
[bagging_seed: 3]
[bagging_by_query: 0]
[feature_fraction: 0.85]
[feature_fraction_bynode: 1]
[feature_fraction_seed: 2]
[extra_trees: 0]
[extra_seed: 6]
[early_stopping_round: 0]
[early_stopping_min_delta: 0]
[first_metric_only: 0]
[max_delta_step: 0]
[lambda_l1: 0]
[lambda_l2: 0]
[linear_lambda: 0]
[min_gain_to_split: 0]
[drop_rate: 0.1]
[max_drop: 50]
[skip_drop: 0.5]
[xgboost_dart_mode: 0]
[uniform_drop: 0]
[drop_seed: 4]
[top_rate: 0.2]
[other_rate: 0.1]
[min_data_per_group: 100]
[max_cat_threshold: 32]
[cat_l2: 10]
[cat_smooth: 10]
[max_cat_to_onehot: 4]
[top_k: 20]
[monotone_constraints: ]
[monotone_constraints_method: basic]
[monotone_penalty: 0]
[feature_contri: ]
[forcedsplits_filename: ]
[refit_decay_rate: 0.9]
[cegb_tradeoff: 1]
[cegb_penalty_split: 0]
[cegb_penalty_feature_lazy: ]
[cegb_penalty_feature_coupled: ]
[path_smooth: 0]
[interaction_constraints: ]
[verbosity: -1]
[saved_feature_importance_type: 0]
[use_quantized_grad: 0]
[num_grad_quant_bins: 4]
[quant_train_renew_leaf: 0]
[stochastic_rounding: 1]
[linear_tree: 0]
[max_bin: 255]
[max_bin_by_feature: ]
[min_data_in_bin: 3]
[bin_construct_sample_cnt: 200000]
[data_random_seed: 1]
[is_enable_sparse: 1]
[enable_bundle: 1]
[use_missing: 1]
[zero_as_missing: 0]
[feature_pre_filter: 1]
[pre_partition: 0]
[two_round: 0]
[header: 0]
[label_column: ]
[weight_column: ]
[group_column: ]
[ignore_column: ]
[categorical_feature: 0,1,2,45,46,49,50,51,52,54,55]
[forcedbins_filename: ]
[precise_float_parser: 0]
[parser_config_file: ]
[objective_seed: 5]
[num_class: 1]
[is_unbalance: 0]
[scale_pos_weight: 1]
[sigmoid: 1]
[boost_from_average: 1]
[reg_sqrt: 0]
[alpha: 0.9]
[fair_c: 1]
[poisson_max_delta_step: 0.7]
[tweedie_variance_power: 1.5]
[lambdarank_truncation_level: 30]
[lambdarank_norm: 1]
[label_gain: ]
[lambdarank_position_bias_regularization: 0]
[eval_at: ]
[multi_error_top_k: 1]
[auc_mu_weights: ]
[num_machines: 1]
[local_listen_port: 12400]
[time_out: 120]
[machine_list_filename: ]
[machines: ]
[gpu_platform_id: -1]
[gpu_device_id: -1]
[gpu_use_dp: 0]
[num_gpu: 1]

end of parameters

pandas_categorical:[["korean"], ["cvc"], ["br", "cv", "cv_head", "mono", "vc", "vcv"], ["other", "plosive", "sibilant", "sonorant"], ["unknown", "voiced", "voiceless"], ["liquid", "nasal", "none", "other", "stop"], ["", "a", "e", "eo", "eu", "eui", "i", "o", "u", "wa", "we", "weo", "wi", "ya", "ye", "yeo", "yo", "yu"], ["head", "mid", "tail"], ["", "vc", "vcv"], ["", "cv", "cv_head", "mono", "vc", "vcv"], [""]]
